9.745017 0.115644 1.746855 9.745017 0.115644 1.746855 1.353906 -0.247985 0.962457 13.128360 -158.574766 342.084460
10.559724 -0.061690 2.385904 10.559724 -0.061690 2.385904 1.361783 -0.343129 1.167708 13.128360 -158.574766 342.084460
11.377487 -0.290676 3.148602 11.377487 -0.290676 3.148602 1.361311 -0.411099 1.375448 -14.701939 -67.990742 350.383432
12.186225 -0.542696 4.036712 12.186225 -0.542696 4.036712 1.325480 -0.417507 1.584537 -104.736098 46.632258 346.579250
12.956076 -0.779204 5.044542 12.956076 -0.779204 5.044542 1.229714 -0.361513 1.766099 -214.482477 140.012594 258.627754
13.648766 -0.967381 6.143270 13.648766 -0.967381 6.143270 1.068369 -0.259864 1.883855 -323.335286 198.816736 133.892729
14.226839 -1.085032 7.288238 14.226839 -1.085032 7.288238 0.850628 -0.128171 1.916962 -402.466048 240.162676 -23.537025
14.660468 -1.119396 8.422594 14.660468 -1.119396 8.422594 0.587630 0.012473 1.844917 -474.194272 228.648752 -216.613331
14.927244 -1.074752 9.480316 14.927244 -1.074752 9.480316 0.300876 0.129681 1.663760 -481.652472 162.046395 -387.242355
15.024366 -0.974046 10.399274 15.024366 -0.974046 10.399274 0.028355 0.195550 1.383439 -426.752391 57.516710 -547.160959
14.970367 -0.853079 11.124289 14.970367 -0.853079 11.124289 -0.198679 0.196481 1.022344 -330.025526 -54.415223 -656.489646
14.799966 -0.751223 11.616190 14.799966 -0.751223 11.616190 -0.355639 0.132643 0.611762 -193.174541 -158.377254 -712.118109
14.562732 -0.706526 11.856204 14.562732 -0.706526 11.856204 -0.416942 0.005711 0.190186 -11.169404 -264.731176 -693.135225
14.322876 -0.754773 11.852624 14.322876 -0.754773 11.852624 -0.362045 -0.173238 -0.190333 194.158937 -331.765124 -575.261085
14.151774 -0.919822 11.643250 14.151774 -0.919822 11.643250 -0.189668 -0.379235 -0.493628 380.430652 -354.890089 -435.720888
14.114838 -1.209263 11.280801 14.114838 -1.209263 11.280801 0.080525 -0.582271 -0.694270 520.212148 -321.897955 -233.088503
14.262536 -1.610663 10.836741 14.262536 -1.610663 10.836741 0.421377 -0.745887 -0.761835 615.961985 -223.487929 7.872485
14.628308 -2.091527 10.395072 14.628308 -2.091527 10.395072 0.801322 -0.845501 -0.687036 650.522295 -108.559088 241.457633
15.224500 -2.608670 10.038304 15.224500 -2.608670 10.038304 1.183158 -0.862143 -0.482205 622.264660 53.085569 441.314240
16.038729 -3.106887 9.837658 16.038729 -3.106887 9.837658 1.518148 -0.782723 -0.171215 494.366987 211.649801 595.318145
17.027936 -3.528896 9.847246 17.027936 -3.528896 9.847246 1.761428 -0.608097 0.211776 316.568698 370.436195 681.319754
18.129396 -3.820618 10.098572 18.129396 -3.820618 10.098572 1.889474 -0.353544 0.628681 110.250772 478.072128 708.362261
19.268458 -3.943360 10.598502 19.268458 -3.943360 10.598502 1.883283 -0.050048 1.029777 -130.889100 533.583829 628.625261
20.360522 -3.876719 11.321454 20.360522 -3.876719 11.321454 1.733025 0.273227 1.366617 -369.970965 543.996394 494.173675
21.322366 -3.618132 12.219712 21.322366 -3.618132 12.219712 1.454162 0.583284 1.609808 -559.572147 489.527667 316.463309
22.086474 -3.187862 13.230406 22.086474 -3.187862 13.230406 1.080087 0.837923 1.738912 -687.343219 359.268789 113.883914
22.605954 -2.630118 14.281197 22.605954 -2.630118 14.281197 0.643429 1.005096 1.741964 -768.184060 197.976879 -103.709828
22.854286 -2.003025 15.294904 22.854286 -2.003025 15.294904 0.185254 1.065877 1.615718 -759.065439 4.626210 -317.111743
22.834607 -1.374939 16.198961 22.834607 -1.374939 16.198961 -0.241181 1.007290 1.383985 -662.386539 -199.918152 -455.333156
22.578117 -0.814770 16.942244 22.578117 -0.814770 16.942244 -0.601371 0.846242 1.085045 -538.245872 -336.908526 -541.133531
22.120410 -0.367668 17.495866 22.120410 -0.367668 17.495866 -0.924319 0.644097 0.760364 -538.245872 -336.908526 -541.133531
