4.183997 -2.746767 -3.500904 4.183997 -2.746767 -3.500904 2.663692 0.061700 -0.474620 -178.170179 -327.379592 -46.411448
5.750141 -2.768676 -3.794030 5.750141 -2.768676 -3.794030 2.556790 -0.134728 -0.502467 -178.170179 -327.379592 -46.411448
7.242378 -2.902212 -4.098886 7.242378 -2.902212 -4.098886 2.401053 -0.300014 -0.505421 -340.954196 -223.575090 36.563552
8.609406 -3.114531 -4.391350 8.609406 -3.114531 -4.391350 2.135323 -0.394493 -0.462446 -544.812564 -91.353787 106.689203
9.784259 -3.357560 -4.648247 9.784259 -3.357560 -4.648247 1.767060 -0.398752 -0.391600 -682.732173 77.155463 129.464206
10.717033 -3.573379 -4.860627 10.717033 -3.573379 -4.860627 1.334574 -0.304739 -0.317541 -758.887790 236.221045 117.399358
11.382074 -3.704788 -5.033240 11.382074 -3.704788 -5.033240 0.883722 -0.118432 -0.263203 -743.952100 384.802904 63.727003
11.782802 -3.699393 -5.182447 11.782802 -3.699393 -5.182447 0.459383 0.148397 -0.238748 -670.509961 504.627481 17.789096
11.947506 -3.517425 -5.326101 11.947506 -3.517425 -5.326101 0.105907 0.461660 -0.246113 -507.744612 539.584111 -42.340811
11.931901 -3.143332 -5.484796 11.931901 -3.143332 -5.484796 -0.137516 0.785268 -0.288544 -303.663943 539.106604 -99.094244
11.808079 -2.579012 -5.676629 11.808079 -2.579012 -5.676629 -0.252977 1.089335 -0.352352 -81.205415 474.450956 -113.601169
11.655430 -1.848055 -5.906370 11.655430 -1.848055 -5.906370 -0.232932 1.333778 -0.409919 148.021589 340.360556 -78.286242
11.555204 -0.997293 -6.164532 11.555204 -0.997293 -6.164532 -0.079669 1.484143 -0.447488 362.853461 160.854289 -46.944628
11.583307 -0.089197 -6.435823 11.583307 -0.089197 -6.435823 0.190995 1.523939 -0.447394 539.362139 -28.199765 47.257681
11.800743 0.808103 -6.686879 11.800743 0.808103 -6.686879 0.543382 1.447081 -0.374669 635.261585 -227.993955 195.158459
12.241371 1.626409 -6.870384 12.241371 1.626409 -6.870384 0.925795 1.265768 -0.226735 639.446634 -376.384489 297.953916
12.911948 2.318120 -6.952794 12.911948 2.318120 -6.952794 1.309463 1.039937 -0.047963 639.446634 -376.384489 297.953916
