5.658599 4.179738 5.790540 5.658599 4.179738 5.790540 0.246416 1.168590 -0.020067 15.699670 -535.851871 317.763835
5.809274 4.784439 5.835697 5.809274 4.784439 5.835697 0.255836 0.847079 0.170591 15.699670 -535.851871 317.763835
5.962378 5.193961 5.996134 5.962378 5.193961 5.996134 0.249138 0.514204 0.365672 -38.025615 -573.730791 332.505162
6.102775 5.399209 6.274178 6.102775 5.399209 6.274178 0.215114 0.169951 0.559127 -75.388214 -573.778533 312.347112
6.218913 5.403042 6.661596 6.218913 5.403042 6.661596 0.173081 -0.148603 0.725134 -64.719754 -488.069717 241.010538
6.312785 5.235187 7.133171 6.312785 5.235187 7.133171 0.142612 -0.395649 0.835301 -36.846419 -335.417261 126.212039
6.395000 4.946688 7.647222 6.395000 4.946688 7.647222 0.136907 -0.550571 0.861788 17.832426 -180.987874 -37.923854
6.485233 4.594830 8.147317 6.485233 4.594830 8.147317 0.171999 -0.603850 0.788278 99.139232 3.389514 -207.109863
6.610646 4.244335 8.572304 6.610646 4.244335 8.572304 0.253323 -0.545791 0.610512 171.942645 190.140165 -385.441825
6.796055 3.960023 8.859673 6.796055 3.960023 8.859673 0.368819 -0.387020 0.331453 213.043984 339.096408 -544.755086
7.056641 3.793925 8.954497 7.056641 3.793925 8.954497 0.501375 -0.158180 -0.025360 228.808539 423.703732 -644.620682
7.397090 3.778095 8.821551 7.397090 3.778095 8.821551 0.630851 0.110102 -0.420622 202.776593 470.569220 -672.921646
7.808265 3.926716 8.448231 7.808265 3.926716 8.448231 0.733342 0.381733 -0.823481 138.862488 434.867145 -669.939503
8.267194 4.229982 7.839596 8.267194 4.229982 7.839596 0.786299 0.622403 -1.195229 37.660695 367.366996 -569.220479
8.737142 4.662691 7.030738 8.737142 4.662691 7.030738 0.765845 0.808528 -1.483070 -105.842806 253.050426 -390.250671
9.168051 5.183975 6.082772 9.168051 5.183975 6.082772 0.654609 0.913449 -1.656612 -264.944019 96.686079 -188.222287
9.505580 5.740354 5.068403 9.505580 5.740354 5.068403 0.457910 0.925991 -1.702156 -390.719047 -54.879676 36.410319
9.703407 6.278781 4.067727 9.703407 6.278781 4.067727 0.190531 0.856617 -1.609991 -500.543396 -176.367782 270.806435
9.722615 6.755021 3.163159 9.722615 6.755021 3.163159 -0.134862 0.720877 -1.384103 -584.098631 -276.097685 482.153113
9.536537 7.134542 2.428798 9.536537 7.134542 2.428798 -0.485435 0.538683 -1.048247 -584.480438 -331.214367 637.365289
9.144605 7.398449 1.919939 9.144605 7.398449 1.919939 -0.813447 0.341531 -0.639006 -508.893738 -325.961240 726.770903
8.571960 7.547365 1.668371 8.571960 7.547365 1.668371 -1.083662 0.159308 -0.197861 -391.821372 -281.447565 743.713801
7.861486 7.596481 1.679885 7.861486 7.596481 1.679885 -1.267498 0.011397 0.230180 -220.964351 -211.587841 683.089583
7.074514 7.572654 1.932330 7.074514 7.572654 1.932330 -1.333574 -0.078453 0.596935 0.708701 -87.912855 539.425160
6.287995 7.515773 2.376620 6.287995 7.515773 2.376620 -1.265658 -0.101126 0.865754 225.679857 12.335734 356.638374
5.582031 7.463188 2.948050 5.582031 7.463188 2.948050 -1.066210 -0.064374 1.018654 439.146937 110.169629 153.030634
5.031700 7.447972 3.573978 5.031700 7.447972 3.573978 -0.750981 0.019619 1.046420 611.615281 169.809267 -60.479672
4.698243 7.491935 4.179192 4.698243 7.491935 4.179192 -0.348807 0.129632 0.951373 728.964655 196.897933 -256.340858
4.622547 7.604476 4.693994 4.622547 7.604476 4.693994 0.100448 0.244373 0.748165 768.553207 185.572451 -421.018994
4.819159 7.780156 5.061717 4.819159 7.780156 5.061717 0.551596 0.333984 0.468590 735.273202 113.131721 -510.899525
5.276560 7.995681 5.249603 5.276560 7.995681 5.249603 0.963230 0.375716 0.155522 636.840428 25.975184 -532.658743
5.958626 8.218655 5.248425 5.958626 8.218655 5.248425 1.292818 0.355649 -0.157137 461.785390 -92.865634 -509.541087
6.804073 8.408944 5.066948 6.804073 8.408944 5.066948 1.503064 0.268004 -0.440250 239.033772 -199.282324 -434.167108
7.734684 8.528178 4.733069 7.734684 8.528178 4.733069 1.575218 0.119947 -0.658643 1.481691 -294.242275 -293.808249
8.668858 8.544494 4.292555 8.668858 8.544494 4.292555 1.519988 -0.070043 -0.797145 -185.581905 -339.056306 -167.866732
9.547446 8.441438 3.784052 9.547446 8.441438 3.784052 1.408639 -0.273476 -0.897865 -185.581905 -339.056306 -167.866732
