1.379922 -0.246663 9.240600 1.379922 -0.246663 9.240600 0.619768 -0.004451 0.926646 96.641026 -386.166959 -527.377839
1.769178 -0.318844 9.701660 1.769178 -0.318844 9.701660 0.677753 -0.236151 0.610220 96.641026 -386.166959 -527.377839
2.186452 -0.525457 9.979281 2.186452 -0.525457 9.979281 0.701871 -0.444912 0.325879 -16.247375 -309.702528 -420.423956
2.595701 -0.840566 10.107545 2.595701 -0.840566 10.107545 0.647379 -0.592813 0.115693 -165.393390 -183.299466 -280.197659
2.946935 -1.221794 10.134722 2.946935 -1.221794 10.134722 0.511030 -0.665525 -0.011442 -289.103822 -59.074526 -143.584173
3.193503 -1.623489 10.109644 3.193503 -1.623489 10.109644 0.297513 -0.659699 -0.059429 -422.619612 78.495178 -16.373609
3.290497 -1.998584 10.077034 3.290497 -1.998584 10.077034 0.016729 -0.579627 -0.039279 -513.325558 188.411792 83.543022
3.206320 -2.308220 10.072587 3.206320 -2.308220 10.072587 -0.300347 -0.445452 0.031256 -543.593428 258.836879 151.571158
2.929412 -2.527482 10.120137 2.929412 -2.527482 10.120137 -0.620765 -0.283058 0.129770 -524.469043 282.476666 176.810895
2.467668 -2.648669 10.228764 2.467668 -2.648669 10.228764 -0.909852 -0.124560 0.230549 -439.152326 245.851520 159.116908
1.851570 -2.682300 10.392794 1.851570 -2.682300 10.392794 -1.129041 0.007207 0.311319 -291.477940 193.371175 110.116197
1.133065 -2.648279 10.595218 1.133065 -2.648279 10.595218 -1.246996 0.097683 0.356447 -101.705832 108.215139 40.311461
0.379307 -2.576947 10.812576 0.379307 -2.576947 10.812576 -1.244287 0.128825 0.361802 110.736224 -4.408986 -22.461300
-0.333705 -2.506803 11.022396 -0.333705 -2.506803 11.022396 -1.109709 0.094394 0.332237 337.855385 -110.362122 -76.088776
-0.926853 -2.473925 11.206644 -0.926853 -2.473925 11.206644 -0.847674 0.008711 0.279593 535.596469 -175.246055 -99.391620
-1.330322 -2.502983 11.357066 -1.330322 -2.502983 11.357066 -0.482679 -0.110139 0.222742 681.053942 -220.921284 -90.111297
-1.492418 -2.608696 11.476422 -1.492418 -2.608696 11.476422 -0.049439 -0.242008 0.178326 763.079471 -218.642855 -57.940812
-1.384912 -2.789352 11.577974 -1.384912 -2.789352 11.577974 0.407486 -0.353668 0.168491 760.004279 -153.557333 25.156268
-1.007484 -3.024180 11.688312 -1.007484 -3.024180 11.688312 0.844162 -0.420740 0.207163 695.582229 -70.016145 103.750086
-0.383759 -3.282482 11.836165 -0.383759 -3.282482 11.836165 1.221626 -0.429020 0.293813 562.630474 42.416895 185.084053
0.438939 -3.524132 12.050374 0.438939 -3.524132 12.050374 1.501449 -0.362938 0.427892 370.112168 177.856258 261.845263
1.392044 -3.703526 12.357779 1.392044 -3.703526 12.357779 1.651597 -0.224449 0.602687 130.381036 283.774169 320.805489
2.392648 -3.781486 12.776253 2.392648 -3.781486 12.776253 1.660712 -0.026032 0.790755 -99.998575 377.615491 306.086553
3.358963 -3.726550 13.303129 3.358963 -3.726550 13.303129 1.540147 0.213456 0.961044 -301.882858 420.678496 261.544672
4.218118 -3.523296 13.920706 4.218118 -3.523296 13.920706 1.306048 0.463155 1.087336 -478.448434 411.651877 159.428580
4.909033 -3.175889 14.592914 4.909033 -3.175889 14.592914 0.986014 0.687229 1.138538 -588.331535 335.261870 11.244957
5.392156 -2.709726 15.267682 5.392156 -2.709726 15.267682 0.620085 0.855778 1.093389 -631.431866 226.566858 -161.743253
5.652449 -2.163914 15.884844 5.652449 -2.163914 15.884844 0.250727 0.949534 0.947556 -599.759741 85.953388 -324.367174
5.702501 -1.590176 16.384677 5.702501 -1.590176 16.384677 -0.071266 0.943838 0.701366 -473.551622 -104.938202 -496.264595
5.581500 -1.051557 16.708954 5.581500 -1.051557 16.708954 -0.320410 0.836900 0.367533 -356.929545 -251.522360 -616.510964
5.325006 -0.594691 16.818502 5.325006 -0.594691 16.818502 -0.534568 0.685987 -0.002373 -356.929545 -251.522360 -616.510964
