-0.068444 0.429629 -0.956023 -0.068444 0.429629 -0.956023 1.167417 0.728859 0.570142 64.360035 72.334523 -656.906235
0.643591 0.879965 -0.732181 0.643591 0.879965 -0.732181 1.206033 0.772260 0.175998 64.360035 72.334523 -656.906235
1.375399 1.347372 -0.747687 1.375399 1.347372 -0.747687 1.227669 0.770815 -0.232451 7.758785 -77.149030 -704.592744
2.109986 1.784912 -1.013909 2.109986 1.784912 -1.013909 1.215268 0.669215 -0.654833 -49.095615 -261.517964 -703.346548
2.826257 2.130960 -1.526294 2.826257 2.130960 -1.526294 1.165549 0.470267 -1.041254 -116.633076 -401.642971 -584.724335
3.501181 2.336577 -2.245847 3.501181 2.336577 -2.245847 1.078512 0.208042 -1.339837 -173.490095 -472.440213 -410.551176
4.117221 2.375948 -3.111129 4.117221 2.375948 -3.111129 0.975224 -0.077494 -1.523570 -170.804585 -479.344516 -201.892044
4.672023 2.245556 -4.047669 4.672023 2.245556 -4.047669 0.874807 -0.353171 -1.574993 -163.919089 -439.581094 30.481967
5.170005 1.960346 -4.972465 5.170005 1.960346 -4.972465 0.789472 -0.587834 -1.483138 -120.527743 -342.629572 275.701612
5.629198 1.554332 -5.801315 5.629198 1.554332 -5.801315 0.753177 -0.751611 -1.260682 -0.458354 -203.291974 465.818457
6.088092 1.075278 -6.464929 6.088092 1.075278 -6.464929 0.788255 -0.831063 -0.936455 117.386718 -61.548244 614.937331
6.589105 0.573818 -6.911608 6.589105 0.573818 -6.911608 0.893340 -0.826707 -0.544961 232.895149 76.068724 690.042786
7.174437 0.099083 -7.113214 7.174437 0.099083 -7.113214 1.070108 -0.743082 -0.125121 356.330833 202.680106 709.426400
7.886564 -0.305657 -7.064515 7.886564 -0.305657 -7.064515 1.313523 -0.598338 0.280906 455.053205 279.799337 643.994240
8.760090 -0.611897 -6.787178 8.760090 -0.611897 -6.787178 1.604069 -0.418463 0.631677 513.433722 319.784669 525.243302
9.813529 -0.806933 -6.322958 9.813529 -0.806933 -6.322958 1.905028 -0.234193 0.900171 489.761993 294.448135 369.736553
11.041070 -0.897806 -5.727886 11.041070 -0.897806 -5.727886 2.180722 -0.074312 1.064100 429.221102 238.487811 176.692164
12.418462 -0.904978 -5.067959 12.418462 -0.904978 -5.067959 2.396745 0.041222 1.118425 290.853989 146.625713 4.392875
13.897830 -0.860189 -4.404785 13.897830 -0.860189 -4.404785 2.516094 0.097512 1.077703 106.975615 41.009995 -140.133788
15.414215 -0.801545 -3.790868 15.414215 -0.801545 -3.790868 2.517649 0.085891 0.956222 -101.792909 -79.749023 -264.800753
16.894796 -0.768688 -3.268461 16.894796 -0.768688 -3.268461 2.398142 0.016430 0.779029 -296.563612 -151.787444 -325.842439
18.268337 -0.788744 -2.860412 18.268337 -0.788744 -2.860412 2.160394 -0.087603 0.579940 -495.929010 -194.988447 -337.787474
19.465000 -0.877482 -2.570471 19.465000 -0.877482 -2.570471 1.811305 -0.209984 0.391159 -667.700637 -212.949419 -291.484023
20.425867 -1.039157 -2.384189 20.425867 -1.039157 -2.384189 1.382035 -0.324521 0.236535 -763.199247 -168.837932 -223.929202
21.118219 -1.258442 -2.277343 21.118219 -1.258442 -2.277343 0.926647 -0.396732 0.128337 -754.760600 -71.867199 -136.729696
21.540834 -1.504854 -2.219624 21.540834 -1.504854 -2.219624 0.486212 -0.417038 0.072941 -713.357563 4.182538 -47.923381
21.704157 -1.754324 -2.184485 21.704157 -1.754324 -2.184485 0.058197 -0.414528 0.044187 -713.357563 4.182538 -47.923381
