-6.390616 2.147926 -10.315880 -6.390616 2.147926 -10.315880 1.275769 0.750317 -0.452066 -356.825328 435.653036 764.982670
-5.689383 2.676534 -10.449422 -5.689383 2.676534 -10.449422 1.061674 1.011709 0.006924 -356.825328 435.653036 764.982670
-5.123218 3.353602 -10.312116 -5.123218 3.353602 -10.312116 0.814522 1.231228 0.443186 -467.013779 296.076005 689.225786
-4.725374 4.134521 -9.928301 -4.725374 4.134521 -9.928301 0.500281 1.353318 0.825937 -580.458543 110.889282 586.610869
-4.531640 4.956042 -9.337246 -4.531640 4.956042 -9.337246 0.142245 1.367703 1.127417 -612.993296 -62.937877 418.320115
-4.554381 5.753110 -8.597005 -4.554381 5.753110 -8.597005 -0.214297 1.268813 1.320874 -575.480697 -266.694452 226.536402
-4.780470 6.457062 -7.777123 -4.780470 6.457062 -7.777123 -0.529207 1.062141 1.389704 -474.217359 -422.214177 2.897502
-5.172857 7.012548 -6.953075 -5.172857 7.012548 -6.953075 -0.761257 0.779813 1.339960 -299.284903 -518.879465 -168.710212
-5.670879 7.382831 -6.188125 -5.670879 7.382831 -6.188125 -0.877810 0.447457 1.195443 -89.225779 -588.972336 -313.012242
-6.199363 7.546771 -5.532126 -6.199363 7.546771 -5.532126 -0.860029 0.101476 0.983010 148.497538 -564.297326 -395.098173
-6.675063 7.511246 -5.015581 -6.675063 7.511246 -5.015581 -0.702994 -0.211290 0.735234 374.952846 -478.254759 -430.823414
-7.017969 7.305720 -4.651341 -7.017969 7.305720 -4.651341 -0.421024 -0.461574 0.479982 564.944836 -356.028071 -420.014249
-7.160171 6.974753 -4.433677 -7.160171 6.974753 -4.433677 -0.038445 -0.624876 0.254361 710.320153 -188.309224 -332.056943
-7.050503 6.576501 -4.335256 -7.050503 6.576501 -4.335256 0.412135 -0.685015 0.082998 791.613755 -12.156352 -239.152780
-6.660816 6.172971 -4.321050 -6.660816 6.172971 -4.321050 0.886680 -0.643973 -0.023219 790.201595 148.963303 -114.905657
-5.991043 5.821325 -4.348892 -5.991043 5.821325 -4.348892 1.338443 -0.514974 -0.058301 715.675693 281.032465 -2.032496
-5.068828 5.567908 -4.379153 -5.068828 5.567908 -4.379153 1.719489 -0.321445 -0.034095 554.476139 364.064433 82.717659
-3.950400 5.442023 -4.380729 -3.950400 5.442023 -4.380729 1.986821 -0.095754 0.035498 336.630833 388.240412 149.259203
-2.707649 5.454169 -4.331278 -2.707649 5.454169 -4.331278 2.139122 0.135765 0.131482 171.040940 383.488714 170.686525
-1.393388 5.604656 -4.221665 -1.393388 5.604656 -4.221665 2.241747 0.365858 0.233893 171.040940 383.488714 170.686525
