7.142422 -2.397743 5.736135 7.142422 -2.397743 5.736135 0.551119 -0.564517 1.896685 636.814612 -345.863288 139.060099
7.587720 -2.798709 6.899177 7.587720 -2.798709 6.899177 0.933208 -0.772034 1.980121 636.814612 -345.863288 139.060099
8.257376 -3.316558 8.101477 8.257376 -3.316558 8.101477 1.290820 -0.941418 2.009540 555.226215 -218.748986 -40.997402
9.123504 -3.909925 9.286175 9.123504 -3.909925 9.286175 1.582430 -1.018372 1.916708 416.807498 -37.764481 -268.443963
10.135141 -4.516339 10.376911 10.135141 -4.516339 10.376911 1.768282 -0.983999 1.700799 202.698872 152.340998 -451.249955
11.218486 -5.069070 11.308900 11.218486 -5.069070 11.308900 1.819351 -0.841355 1.393720 -32.467822 323.139543 -572.348443
12.290615 -5.506983 12.039218 12.290615 -5.506983 12.039218 1.731686 -0.603797 1.035856 -259.749680 468.720520 -620.529704
13.270281 -5.779283 12.549688 13.270281 -5.779283 12.549688 1.512881 -0.294523 0.666798 -469.600038 562.192833 -609.665269
14.083490 -5.852490 12.843610 14.083490 -5.852490 12.843610 1.181160 0.054353 0.318912 -636.137265 600.727723 -549.953893
14.671535 -5.714105 12.942853 14.671535 -5.714105 12.942853 0.768748 0.403001 0.023378 -738.569888 561.432935 -435.158598
14.998229 -5.376731 12.887495 14.998229 -5.376731 12.887495 0.317545 0.712435 -0.193004 -765.438410 470.012895 -286.115548
15.054136 -4.874310 12.729274 15.054136 -4.874310 12.729274 -0.125925 0.946230 -0.319261 -712.797198 309.305228 -134.740895
14.857551 -4.261282 12.521747 14.857551 -4.261282 12.521747 -0.517233 1.079890 -0.358692 -591.563000 136.226867 3.304668
14.451060 -3.599892 12.313384 14.451060 -3.599892 12.313384 -0.820521 1.106303 -0.325424 -419.397402 -48.185004 107.587608
13.895288 -2.955921 12.141547 13.895288 -2.955921 12.141547 -1.011998 1.021702 -0.240612 -218.857350 -233.815679 175.118434
13.260546 -2.393375 12.030309 13.260546 -2.393375 12.030309 -1.084056 0.839472 -0.127501 -21.335303 -373.618329 201.917051
12.618200 -1.962424 11.988887 12.618200 -1.962424 11.988887 -1.037217 0.587895 -0.012681 177.465347 -464.971447 180.817962
12.036610 -1.694976 12.010785 12.036610 -1.694976 12.010785 -0.886756 0.300940 0.080603 324.070517 -491.546697 130.127964
11.569115 -1.600446 12.078785 11.569115 -1.600446 12.078785 -0.661184 0.018232 0.139757 427.835477 -450.813437 67.054140
11.252085 -1.665095 12.170639 11.252085 -1.665095 12.170639 -0.391132 -0.224465 0.159637 472.338524 -358.175277 -0.788005
11.101068 -1.857007 12.262968 11.101068 -1.857007 12.262968 -0.114523 -0.403174 0.142610 449.690985 -237.521478 -55.970441
11.109581 -2.132244 12.336064 11.109581 -2.132244 12.336064 0.136704 -0.498583 0.097051 387.733350 -80.507621 -95.893612
11.254658 -2.436688 12.377171 11.254658 -2.436688 12.377171 0.335655 -0.500902 0.040201 275.436901 72.774744 -93.604417
11.498999 -2.715927 12.387380 11.498999 -2.715927 12.387380 0.467764 -0.416223 -0.001275 164.923924 209.490963 -44.648647
11.802843 -2.921521 12.382440 11.802843 -2.921521 12.382440 0.534216 -0.258373 -0.008757 56.583402 316.673414 19.706854
12.126998 -3.016958 12.384878 12.126998 -3.016958 12.384878 0.535369 -0.055439 0.023792 -52.739249 359.775103 88.792308
12.435016 -2.985449 12.420314 12.435016 -2.985449 12.420314 0.485176 0.160490 0.102959 -114.572304 359.986674 175.096882
12.703269 -2.827661 12.518401 12.703269 -2.827661 12.518401 0.405281 0.359964 0.231988 -151.742088 304.928967 254.997617
12.920505 -2.562264 12.705481 12.920505 -2.562264 12.705481 0.321144 0.515578 0.394928 -128.714019 213.781465 288.135606
13.092314 -2.220008 12.993993 13.092314 -2.220008 12.993993 0.255371 0.615989 0.566263 -90.531401 120.924783 282.982345
13.232003 -1.835839 13.381927 13.232003 -1.835839 13.381927 0.214860 0.652592 0.722249 -44.503325 1.083526 236.971960
13.356916 -1.450495 13.851941 13.356916 -1.450495 13.851941 0.208198 0.621209 0.834479 22.295353 -105.692905 137.127221
13.489412 -1.101086 14.369006 13.489412 -1.101086 14.369006 0.239395 0.536336 0.875230 81.695551 -177.216543 -1.290379
13.649262 -0.813409 14.884118 13.649262 -0.813409 14.884118 0.295948 0.418874 0.825486 106.814682 -214.324072 -164.523476
13.845411 -0.598885 15.339160 13.845411 -0.598885 15.339160 0.356803 0.299172 0.673595 96.033316 -184.683198 -341.779266
14.074636 -0.448886 15.672807 14.074636 -0.448886 15.672807 0.403713 0.207055 0.423578 60.335849 -122.373249 -491.611477
14.323199 -0.342100 15.831992 14.323199 -0.342100 15.831992 0.417287 0.156532 0.096254 -15.091009 -46.036185 -599.467992
14.564948 -0.250294 15.777910 14.564948 -0.250294 15.777910 0.378695 0.159777 -0.283075 -113.547135 56.851793 -664.961454
14.764875 -0.137204 15.488512 14.764875 -0.137204 15.488512 0.276310 0.228841 -0.681355 -227.738152 173.360818 -662.638344
14.884276 0.036237 14.965348 14.884276 0.036237 14.965348 0.112709 0.357518 -1.054319 -317.597260 255.562275 -580.577055
14.890500 0.300162 14.236524 14.890500 0.300162 14.236524 -0.099018 0.527918 -1.361304 -388.161531 312.439466 -442.705607
14.758698 0.674331 13.351494 14.758698 0.674331 13.351494 -0.344527 0.721277 -1.569730 -430.201959 332.091582 -252.047751
14.476020 1.162911 12.378143 14.476020 1.162911 12.378143 -0.595272 0.900718 -1.651683 -405.614503 266.044992 -21.127268
14.052587 1.744768 11.398732 14.052587 1.744768 11.398732 -0.804940 1.028034 -1.587349 -293.276716 158.341742 235.573986
13.523919 2.385209 10.499218 13.523919 2.385209 10.499218 -0.945473 1.098636 -1.393547 -175.166541 76.995510 410.432673
12.925106 3.058250 9.736968 12.925106 3.058250 9.736968 -1.050573 1.144833 -1.147287 -175.166541 76.995510 410.432673
