-3.878667 3.234035 -9.426067 -3.878667 3.234035 -9.426067 1.489694 0.717859 0.705455 -347.495598 219.293305 572.583720
-3.047400 3.704223 -8.899729 -3.047400 3.704223 -8.899729 1.281196 0.849435 1.049005 -347.495598 219.293305 572.583720
-2.350785 4.244377 -8.169385 -2.350785 4.244377 -8.169385 1.024928 0.936110 1.381935 -506.732532 69.623482 537.181058
-1.836170 4.806311 -7.248667 -1.836170 4.806311 -7.248667 0.675241 0.916561 1.678569 -658.889855 -134.789346 451.598948
-1.553361 5.322939 -6.167477 -1.553361 5.322939 -6.167477 0.261228 0.790455 1.913333 -721.154800 -285.563900 330.949754
-1.524642 5.739112 -4.971577 -1.524642 5.739112 -4.971577 -0.162514 0.585625 2.053549 -691.319291 -397.201718 136.435006
-1.741131 6.014867 -3.727434 -1.741131 6.014867 -3.727434 -0.550018 0.326688 2.072689 -600.360272 -465.922831 -72.634687
-2.169703 6.126320 -2.509848 -2.169703 6.126320 -2.509848 -0.862717 0.043664 1.964342 -441.968672 -477.488148 -288.520319
-2.754291 6.069867 -1.394237 -2.754291 6.069867 -1.394237 -1.064914 -0.226344 1.735923 -232.021075 -422.539619 -472.875551
-3.421583 5.864341 -0.446382 -3.421583 5.864341 -0.446382 -1.137027 -0.448183 1.409292 -8.355024 -316.922458 -615.897114
-4.091303 5.545987 0.283002 -4.091303 5.545987 0.283002 -1.072037 -0.600326 1.013107 224.986410 -190.222534 -704.719250
-4.681505 5.159432 0.763250 -4.681505 5.159432 0.763250 -0.874433 -0.675059 0.586440 433.696018 -58.885703 -717.503160
-5.119170 4.751762 0.990969 -5.119170 4.751762 0.990969 -0.569571 -0.670567 0.180969 582.510267 73.857858 -634.067101
-5.350765 4.369548 0.994097 -5.350765 4.369548 0.994097 -0.193583 -0.592095 -0.156079 670.781996 187.713550 -489.425674
-5.344703 4.052138 0.823355 -5.344703 4.052138 0.823355 0.216239 -0.459172 -0.394726 695.292549 255.365707 -306.064190
-5.093331 3.823749 0.545296 -5.093331 3.823749 0.545296 0.615793 -0.300209 -0.509021 636.553561 274.510449 -74.921122
-4.615126 3.690870 0.240025 -4.615126 3.690870 0.240025 0.968474 -0.146331 -0.485837 539.047888 238.416224 152.203465
-3.946190 3.641221 -0.010961 -3.946190 3.641221 -0.010961 1.246018 -0.027111 -0.328916 386.099342 158.982214 370.864521
-3.139499 3.648462 -0.130540 -3.139499 3.648462 -0.130540 1.425591 0.042736 -0.051324 212.477789 73.840674 554.442232
-2.255704 3.681479 -0.055297 -2.255704 3.681479 -0.055297 1.504051 0.057459 0.312533 49.055525 -24.762864 658.415173
-1.352888 3.705072 0.252520 -1.352888 3.705072 0.252520 1.491259 0.010481 0.716495 -91.696172 -131.830744 688.125356
-0.481840 3.682799 0.804929 -0.481840 3.682799 0.804929 1.400235 -0.092778 1.122618 -211.716908 -212.366342 665.618358
0.316238 3.587455 1.592232 0.316238 3.587455 1.592232 1.253434 -0.227454 1.491592 -277.617993 -236.553501 564.293174
1.018594 3.409362 2.578882 1.018594 3.409362 2.578882 1.088195 -0.364589 1.780779 -273.178190 -220.563091 399.665886
1.624062 3.154563 3.708411 1.624062 3.154563 3.708411 0.932903 -0.478649 1.966184 -244.462534 -159.636069 218.348000
2.142472 2.843319 4.918106 2.142472 2.843319 4.918106 0.799580 -0.551031 2.050603 -199.948398 -81.637840 63.051334
2.586229 2.498006 6.159817 2.586229 2.498006 6.159817 0.679611 -0.600014 2.088434 -199.948398 -81.637840 63.051334
