8.431761 1.014769 0.881293 8.431761 1.014769 0.881293 1.547350 -0.595772 1.228128 -771.957309 174.111843 -171.976987
9.221218 0.688646 1.587213 9.221218 0.688646 1.587213 1.084176 -0.491305 1.124942 -771.957309 174.111843 -171.976987
9.737118 0.433304 2.234096 9.737118 0.433304 2.234096 0.642736 -0.346336 1.036120 -699.508467 309.118970 -124.095105
10.005385 0.290583 2.838208 10.005385 0.290583 2.838208 0.265716 -0.113669 0.985551 -557.225490 466.434965 -44.467308
10.075738 0.310210 3.425186 10.075738 0.310210 3.425186 -0.012501 0.185544 0.977129 -370.162701 530.943517 16.392449
10.015076 0.516329 4.016169 10.015076 0.516329 4.016169 -0.167257 0.500224 0.995736 -145.689818 517.988192 45.630112
9.902742 0.906794 4.620864 9.902742 0.906794 4.620864 -0.183449 0.796477 1.018316 91.713846 469.524487 29.639205
9.820710 1.462238 5.234091 9.820710 1.462238 5.234091 -0.070778 1.043409 1.020609 283.858577 353.582071 -21.998554
9.838745 2.142130 5.838508 9.838745 2.142130 5.838508 0.146574 1.206567 0.987470 440.648317 190.277614 -88.465092
10.012751 2.890626 6.411539 10.012751 2.890626 6.411539 0.444684 1.272261 0.916757 553.050617 28.700154 -147.242707
10.380687 3.649381 6.929942 10.380687 3.649381 6.929942 0.784400 1.240645 0.802673 579.336470 -134.086418 -233.037262
10.953774 4.361439 7.365428 10.953774 4.361439 7.365428 1.122832 1.119228 0.641993 548.769567 -270.637382 -302.564402
11.720462 4.978792 7.694387 11.720462 4.978792 7.694387 1.423143 0.929499 0.451579 452.266637 -361.791332 -332.149067
12.647911 5.468918 7.908051 12.647911 5.468918 7.908051 1.655283 0.700171 0.264809 321.532473 -402.636086 -290.416346
13.689825 5.817197 8.017103 13.689825 5.817197 8.017103 1.802544 0.461843 0.102766 169.339038 -391.788559 -249.726815
14.790970 6.027808 8.040716 14.790970 6.027808 8.040716 1.849836 0.246903 -0.012547 -11.700555 -324.679404 -134.651267
15.891108 6.123283 8.018105 15.891108 6.123283 8.018105 1.804527 0.080974 -0.047566 -139.328088 -228.416124 17.923692
16.941908 6.138219 8.001995 16.941908 6.138219 8.001995 1.686745 -0.018744 0.009203 -253.277489 -103.977742 171.305086
17.904241 6.115881 8.048133 17.904241 6.115881 8.048133 1.514157 -0.043008 0.160893 -322.017041 23.098038 334.329500
18.753951 6.100020 8.213184 18.753951 6.100020 8.213184 1.316842 -0.000223 0.403167 -335.701143 119.517630 473.248796
19.484995 6.125120 8.545769 19.484995 6.125120 8.545769 1.122246 0.090092 0.714618 -312.950501 181.531116 564.921521
20.105470 6.213905 9.077766 20.105470 6.213905 9.077766 0.951772 0.209283 1.061271 -255.296584 215.772127 590.588507
20.634691 6.377491 9.819013 20.634691 6.377491 9.819013 0.819149 0.334633 1.406521 -186.778088 202.061110 560.243973
21.097767 6.610875 10.757894 21.097767 6.610875 10.757894 0.733114 0.437037 1.713289 -100.007186 139.285551 462.316034
21.522681 6.892250 11.859146 21.522681 6.892250 11.859146 0.688344 0.491019 1.940990 -49.224264 40.654768 296.688294
21.928893 7.188095 13.064925 21.928893 7.188095 13.064925 0.669139 0.484988 2.057906 -14.794358 -60.755829 93.033051
22.328745 7.462338 14.302006 22.328745 7.462338 14.302006 0.665418 0.419468 2.041684 2.390490 -157.646454 -147.108798
22.726505 7.680999 15.487114 22.726505 7.680999 15.487114 0.657248 0.301662 1.886303 -29.623898 -235.039800 -370.828097
23.111790 7.816127 16.541027 23.111790 7.816127 16.541027 0.620817 0.142831 1.608209 -91.812152 -294.396007 -556.150543
23.463149 7.848781 17.396900 23.463149 7.848781 17.396900 0.542704 -0.034074 1.229790 -168.563028 -295.286011 -705.244972
23.753631 7.778720 18.002645 23.753631 7.778720 18.002645 0.417573 -0.193573 0.780718 -248.540808 -236.379908 -791.663056
23.956700 7.625289 18.328886 23.956700 7.625289 18.328886 0.254760 -0.309095 0.307271 -294.168644 -148.691703 -786.491925
24.055344 7.419746 18.377352 24.055344 7.419746 18.377352 0.071951 -0.364916 -0.136266 -315.195928 -37.379555 -691.967581
24.041345 7.202753 18.178685 24.041345 7.202753 18.178685 -0.119340 -0.343922 -0.513215 -322.440081 107.359873 -564.526188
23.915043 7.023761 17.780976 23.915043 7.023761 17.780976 -0.296099 -0.239322 -0.792755 -266.758848 241.306844 -367.274962
23.697026 6.929437 17.252344 23.697026 6.929437 17.252344 -0.417856 -0.065369 -0.947468 -139.095455 338.536266 -148.434922
23.428610 6.954960 16.671183 23.428610 6.954960 16.671183 -0.464644 0.156792 -0.966342 -16.864036 402.001303 85.519570
23.155786 7.122548 16.119104 23.155786 7.122548 16.119104 -0.429769 0.403755 -0.853362 133.113057 421.208094 291.081219
22.932038 7.437452 15.668253 22.932038 7.437452 15.668253 -0.299137 0.640649 -0.634860 302.326756 368.440112 437.260055
22.815669 7.880661 15.371672 22.815669 7.880661 15.371672 -0.074268 0.824214 -0.344363 447.236327 243.440586 531.061799
22.856668 8.412441 15.262517 22.856668 8.412441 15.262517 0.219357 0.937441 -0.016366 531.514258 133.983617 562.260817
23.083955 8.999022 15.353904 23.083955 8.999022 15.353904 0.538266 1.017831 0.320990 531.514258 133.983617 562.260817
