3.818728 -3.398296 -3.419630 3.818728 -3.398296 -3.419630 1.615617 0.483338 1.041636 -151.591243 339.713013 686.221764
4.760812 -3.047144 -2.671128 4.760812 -3.047144 -2.671128 1.524663 0.687166 1.453369 -151.591243 339.713013 686.221764
5.642889 -2.578937 -1.681738 5.642889 -2.578937 -1.681738 1.406533 0.864792 1.834347 -242.172632 252.371633 583.704073
6.438794 -2.023832 -0.486456 6.438794 -2.023832 -0.486456 1.239110 0.970228 2.132605 -315.906591 99.083116 410.489363
7.121527 -1.431425 0.852997 7.121527 -1.431425 0.852997 1.030221 0.991855 2.308908 -380.390057 -26.994680 177.185315
7.670373 -0.848364 2.257105 7.670373 -0.848364 2.257105 0.797906 0.939695 2.349569 -393.993624 -146.868872 -41.647420
8.081221 -0.315738 3.646189 8.081221 -0.315738 3.646189 0.576626 0.827799 2.258776 -343.604780 -226.119477 -260.994971
8.371191 0.138757 4.943817 8.371191 0.138757 4.943817 0.399681 0.684715 2.048885 -246.212716 -250.827142 -438.642701
8.574315 0.505015 6.086957 8.574315 0.505015 6.086957 0.290120 0.537105 1.749521 -118.989131 -241.207278 -559.237232
8.736401 0.786746 7.032889 8.736401 0.786746 7.032889 0.265885 0.406810 1.398391 38.203520 -193.108096 -611.196255
8.914538 1.001576 7.762458 8.914538 1.001576 7.762458 0.347458 0.318460 1.034420 233.708772 -101.391932 -602.039107
9.174659 1.180432 8.278197 9.174659 1.180432 8.278197 0.535573 0.287777 0.690466 393.341754 -0.883289 -544.476534
9.574735 1.358897 8.602913 9.574735 1.358897 8.602913 0.811232 0.317037 0.405995 525.519276 98.416102 -403.759180
10.161952 1.572095 8.781967 10.161952 1.572095 8.781967 1.155964 0.402391 0.204407 623.588488 186.095612 -268.199099
10.968333 1.850061 8.865134 10.968333 1.850061 8.865134 1.532899 0.529220 0.087480 632.861742 236.668205 -121.560268
11.998366 2.210211 8.905324 11.998366 2.210211 8.905324 1.894508 0.671309 0.062455 572.502180 236.963277 38.144321
13.231121 2.652209 8.955722 13.231121 2.652209 8.955722 2.203010 0.796282 0.115639 455.835815 179.611774 139.137706
14.624712 3.158561 9.054408 14.624712 3.158561 9.054408 2.425182 0.885310 0.220409 284.738974 117.147523 210.094698
16.117346 3.704409 9.226350 16.117346 3.704409 9.226350 2.527385 0.923476 0.355864 55.936100 10.073751 241.420861
17.628981 4.251367 9.481678 17.628981 4.251367 9.481678 2.486624 0.884817 0.492487 -191.803657 -138.938598 213.988699
19.073452 4.750645 9.813590 19.073452 4.750645 9.813590 2.306650 0.768440 0.610390 -408.111537 -248.982293 179.021844
20.372634 5.160596 10.208168 20.372634 5.160596 10.208168 2.005045 0.587570 0.698405 -597.236337 -353.917761 114.360401
21.460709 5.446238 10.642121 21.460709 5.446238 10.642121 1.609452 0.359243 0.738645 -721.409705 -407.172967 19.773427
22.292922 5.588822 11.085084 22.292922 5.588822 11.085084 1.158586 0.116587 0.731595 -781.477500 -401.681886 -43.274160
22.847618 5.589589 11.514415 22.847618 5.589589 11.514415 0.690752 -0.108837 0.696449 -777.966457 -349.728936 -73.878678
23.128109 5.467146 11.918612 23.128109 5.467146 11.918612 0.254339 -0.289621 0.650248 -676.742993 -252.887256 -80.122708
23.167987 5.255899 12.296317 23.167987 5.255899 12.296317 -0.106264 -0.401127 0.612068 -525.269593 -118.797806 -47.144166
23.021416 5.004569 12.657764 23.021416 5.004569 12.657764 -0.362747 -0.418758 0.597241 -329.673687 60.027357 -2.280968
22.758197 4.773454 13.020083 22.758197 4.773454 13.020083 -0.491700 -0.336066 0.617800 -100.168462 215.614204 70.813152
22.457475 4.619901 13.408117 22.457475 4.619901 13.408117 -0.490156 -0.160321 0.683326 105.314168 370.202586 147.606300
22.193446 4.597176 13.849516 22.193446 4.597176 13.849516 -0.371428 0.095958 0.796060 290.446622 484.058923 228.172552
22.029823 4.744756 14.370511 22.029823 4.744756 14.370511 -0.162393 0.400765 0.944401 406.335045 531.963185 266.296990
22.005527 5.080968 14.985085 22.005527 5.080968 14.985085 0.081408 0.719942 1.104179 406.335045 531.963185 266.296990
