-6.515309 -3.980995 -10.655444 -6.515309 -3.980995 -10.655444 0.638026 -0.072736 0.229852 -150.072439 -132.531269 641.744802
-6.159506 -4.048493 -10.402018 -6.159506 -4.048493 -10.402018 0.547983 -0.152255 0.614899 -150.072439 -132.531269 641.744802
-5.850588 -4.157522 -9.920640 -5.850588 -4.157522 -9.920640 0.493643 -0.200878 0.984570 -31.059251 -29.545309 590.493458
-5.552676 -4.276636 -9.230170 -5.552676 -4.276636 -9.230170 0.511592 -0.184952 1.306063 90.886362 82.633315 481.148608
-5.225312 -4.367756 -8.371539 -5.225312 -4.367756 -8.371539 0.586371 -0.110483 1.536685 158.379041 165.594762 287.591395
-4.842676 -4.400127 -7.410648 -4.842676 -4.400127 -7.410648 0.692923 0.009432 1.644810 196.794501 234.120968 72.824600
-4.390674 -4.351072 -6.423080 -4.390674 -4.351072 -6.423080 0.815126 0.156175 1.626373 210.549304 255.025166 -134.281008
-3.866154 -4.214038 -5.484754 -3.866154 -4.214038 -5.484754 0.929183 0.296309 1.479171 169.640584 212.086938 -356.390964
-3.281968 -4.002037 -4.672518 -3.281968 -4.002037 -4.672518 1.011669 0.403760 1.209754 105.310814 146.083172 -541.664386
-2.659872 -3.738886 -4.051308 -2.659872 -3.738886 -4.051308 1.055548 0.464410 0.849041 40.952759 56.084662 -660.712476
-2.022881 -3.457879 -3.663619 -2.022881 -3.457879 -3.663619 1.061577 0.459389 0.438576 -20.855097 -72.822660 -707.504810
-1.390701 -3.201183 -3.525697 -1.390701 -3.201183 -3.525697 1.043999 0.386551 0.024706 -37.738144 -169.972353 -672.062401
-0.771585 -3.004602 -3.626382 -0.771585 -3.004602 -3.626382 1.018905 0.260797 -0.351215 -45.909173 -249.205317 -581.006881
-0.167209 -2.896871 -3.931628 -0.167209 -2.896871 -3.931628 0.997844 0.091819 -0.649501 -24.294743 -314.056278 -413.279643
0.431241 -2.897688 -4.381859 0.431241 -2.897688 -4.381859 1.003852 -0.093504 -0.828168 44.320969 -303.687397 -182.276924
1.047050 -3.004706 -4.899197 1.047050 -3.004706 -4.899197 1.058044 -0.256975 -0.875672 136.318616 -241.215742 23.930834
1.712590 -3.197295 -5.406737 1.712590 -3.197295 -5.406737 1.170715 -0.376630 -0.793536 239.254228 -157.632675 249.852921
2.463433 -3.443336 -5.826037 2.463433 -3.443336 -5.826037 1.341009 -0.429656 -0.584383 328.390922 -19.122820 447.325428
3.330854 -3.694719 -6.087824 3.330854 -3.694719 -6.087824 1.556570 -0.391862 -0.274369 390.146093 145.105537 586.052650
4.336479 -3.895308 -6.143180 4.336479 -3.895308 -6.143180 1.797941 -0.262757 0.096142 414.423933 285.244345 648.986708
5.488855 -3.994003 -5.967752 5.488855 -3.994003 -5.967752 2.041670 -0.053532 0.490159 398.005918 412.169915 664.402811
6.781496 -3.947042 -5.558026 6.781496 -3.947042 -5.558026 2.260462 0.218218 0.868992 331.300971 493.665945 598.374715
8.188764 -3.725438 -4.935784 8.188764 -3.725438 -4.935784 2.416027 0.523483 1.193713 187.250129 523.881400 484.028707
9.662717 -3.318489 -4.141010 9.662717 -3.318489 -4.141010 2.481535 0.830614 1.441232 31.107511 499.889212 341.031754
11.146107 -2.736397 -3.225061 11.146107 -2.736397 -3.225061 2.444546 1.099270 1.594976 -154.401775 395.630170 171.448360
12.573331 -2.014056 -2.246615 12.573331 -2.014056 -2.246615 2.293347 1.294476 1.650845 -349.595546 255.057552 14.784260
13.876326 -1.201683 -1.262003 13.876326 -1.201683 -1.262003 2.033163 1.396397 1.616933 -517.685919 84.678902 -127.825115
14.995927 -0.360881 -0.320685 14.995927 -0.360881 -0.320685 1.686985 1.385812 1.511071 -636.240293 -119.960158 -225.047812
15.890630 0.437808 0.543922 15.890630 0.437808 0.543922 1.290416 1.257808 1.368405 -685.655717 -306.721401 -250.504832
16.542550 1.130385 1.318664 16.542550 1.130385 1.318664 0.884463 1.039285 1.212050 -667.521063 -421.688301 -270.680483
16.953074 1.678052 1.997171 16.953074 1.678052 1.997171 0.483950 0.786272 1.049642 -667.521063 -421.688301 -270.680483
