-9.969516 -4.314357 -11.128838 -9.969516 -4.314357 -11.128838 0.860325 -0.082771 -0.588660 0.188614 398.022547 758.756387
-9.453287 -4.292376 -11.345458 -9.453287 -4.292376 -11.345458 0.860438 0.156042 -0.133406 0.188614 398.022547 758.756387
-8.933988 -4.129408 -11.288475 -8.933988 -4.129408 -11.288475 0.875567 0.383350 0.324097 50.239889 359.669199 766.256361
-8.395977 -3.839156 -10.957891 -8.395977 -3.839156 -10.957891 0.923846 0.576657 0.774850 110.690383 284.687566 736.252134
-7.818893 -3.449506 -10.368225 -7.818893 -3.449506 -10.368225 1.004522 0.709533 1.177753 158.229192 158.231436 606.759670
-7.185699 -3.004828 -9.563974 -7.185699 -3.004828 -9.563974 1.109462 0.756855 1.483723 191.570825 -0.491534 413.139328
-6.485725 -2.561098 -8.611650 -6.485725 -2.561098 -8.611650 1.223472 0.705088 1.670229 188.464112 -172.064953 208.546601
-5.721328 -2.177776 -7.585357 -5.721328 -2.177776 -7.585357 1.318505 0.558054 1.728443 128.311067 -318.046568 -14.499254
-4.912329 -1.907496 -6.562472 -4.912329 -1.907496 -6.562472 1.369491 0.330702 1.661893 41.644916 -439.792876 -207.335178
-4.089247 -1.791715 -5.611753 -4.089247 -1.791715 -5.611753 1.363934 0.049441 1.492009 -60.170076 -497.744206 -358.944186
-3.289744 -1.852058 -4.788050 -3.289744 -1.852058 -4.788050 1.287697 -0.251276 1.242181 -193.953445 -504.647537 -473.816877
-2.558060 -2.091002 -4.130693 -2.558060 -2.091002 -4.130693 1.141213 -0.540774 0.944569 -294.326943 -460.345627 -518.222391
-1.931967 -2.490882 -3.655397 -1.931967 -2.490882 -3.655397 0.936340 -0.779746 0.642808 -388.583489 -336.225692 -487.645599
-1.444041 -3.008542 -3.352740 -1.444041 -3.008542 -3.352740 0.683529 -0.927942 0.373962 -454.119406 -157.762050 -408.508428
-1.114298 -3.583465 -3.195512 -1.114298 -3.583465 -3.195512 0.417890 -0.971404 0.160765 -431.341958 12.888147 -302.148755
-0.937964 -4.152030 -3.145275 -0.937964 -4.152030 -3.145275 0.175295 -0.903884 0.020299 -377.309953 212.178901 -166.072753
-0.893745 -4.645570 -3.153747 -0.893745 -4.645570 -3.153747 -0.016305 -0.723582 -0.033132 -261.355623 388.828407 -12.028139
-0.939713 -5.003074 -3.169702 -0.939713 -5.003074 -3.169702 -0.118819 -0.457008 -0.009904 -80.357309 499.750905 89.454340
-1.013914 -5.182575 -3.153653 -1.013914 -5.182575 -3.153653 -0.109264 -0.133411 0.073217 112.205743 578.905558 187.614403
-1.046804 -5.157082 -3.073270 -1.046804 -5.157082 -3.073270 0.020417 0.220615 0.199193 320.065007 601.180812 232.306550
-0.965705 -4.921112 -2.911832 -0.965705 -4.921112 -2.911832 0.268643 0.558263 0.339115 507.356284 524.311929 234.100381
-0.705095 -4.499251 -2.667903 -0.705095 -4.499251 -2.667903 0.613555 0.835489 0.471183 642.350721 399.776556 206.124602
-0.214957 -3.934391 -2.351540 -0.214957 -3.934391 -2.351540 1.030877 1.033387 0.577610 748.719982 259.883008 148.633623
0.539282 -3.278853 -1.982627 0.539282 -3.278853 -1.982627 1.484827 1.132952 0.644756 764.449162 71.999352 75.185291
1.563227 -2.596529 -1.585217 1.563227 -2.596529 -1.585217 1.920731 1.124114 0.674981 688.564688 -101.459106 25.565377
2.831864 -1.950023 -1.177883 2.831864 -1.950023 -1.177883 2.295153 1.014742 0.679041 559.506236 -263.113563 -12.030665
4.298607 -1.395438 -0.774579 4.298607 -1.395438 -0.774579 2.575561 0.822375 0.662047 375.189353 -378.110861 -44.616676
5.898384 -0.972213 -0.383860 5.898384 -0.972213 -0.383860 2.735204 0.584811 0.642884 156.953052 -413.768918 -19.261300
7.552604 -0.696011 0.002061 7.552604 -0.696011 0.002061 2.753607 0.335516 0.649613 -95.610782 -417.213076 41.692750
9.173783 -0.566179 0.404257 9.173783 -0.566179 0.404257 2.627365 0.103294 0.699248 -325.194332 -356.860591 123.756233
10.681386 -0.562729 0.851151 10.681386 -0.562729 0.851151 2.380841 -0.082282 0.798846 -496.553949 -261.725294 208.236507
12.012180 -0.651810 1.372423 12.012180 -0.651810 1.372423 2.041253 -0.202326 0.946197 -635.405872 -138.421317 282.934724
13.119548 -0.788937 1.996280 13.119548 -0.788937 1.996280 1.644958 -0.239456 1.142010 -685.577302 14.654835 369.775357
13.985349 -0.922205 2.749247 13.985349 -0.922205 2.749247 1.244760 -0.191827 1.369883 -648.417128 144.107791 389.801355
14.618556 -1.006725 3.639235 14.618556 -1.006725 3.639235 0.871043 -0.082179 1.593230 -597.305984 221.385710 354.688996
15.033666 -1.016183 4.659017 15.033666 -1.016183 4.659017 0.512659 0.050653 1.806044 -597.305984 221.385710 354.688996
