3.105986 3.869494 0.395393 3.105986 3.869494 0.395393 -0.254161 0.356372 1.550471 -516.481971 192.796619 525.959350
2.860523 4.118021 1.420348 2.860523 4.118021 1.420348 -0.564050 0.472050 1.866047 -516.481971 192.796619 525.959350
2.438119 4.428096 2.625956 2.438119 4.428096 2.625956 -0.828975 0.548435 2.138158 -366.598847 61.820713 381.077524
1.885896 4.759979 3.965569 1.885896 4.759979 3.965569 -0.993185 0.543996 2.307423 -180.768071 -76.619126 183.140716
1.268397 5.066240 5.368313 1.268397 5.066240 5.368313 -1.046894 0.466302 2.343933 1.735456 -182.359392 -61.440611
0.650239 5.308920 6.749941 0.650239 5.308920 6.749941 -0.997524 0.335501 2.238703 162.833516 -253.645556 -289.326023
0.089097 5.463366 8.028801 0.089097 5.463366 8.028801 -0.859510 0.177325 2.003689 297.211031 -273.606328 -494.056966
-0.367767 5.521292 9.132280 -0.367767 5.521292 9.132280 -0.654463 0.017060 1.658238 386.281240 -260.610151 -657.445749
-0.689332 5.488561 10.003015 -0.689332 5.488561 10.003015 -0.414785 -0.119594 1.234433 412.643684 -194.903316 -755.236262
-0.865995 5.387139 10.606206 -0.865995 5.387139 10.606206 -0.177538 -0.209450 0.773660 378.181710 -104.618230 -780.675925
-0.907909 5.248559 10.934092 -0.907909 5.248559 10.934092 0.032048 -0.242617 0.326312 320.435791 -5.936597 -710.482331
-0.835806 5.107988 11.009716 -0.835806 5.107988 11.009716 0.200289 -0.215838 -0.061357 240.368034 95.197784 -581.749386
-0.678612 5.001409 10.878713 -0.678612 5.001409 10.878713 0.313284 -0.129777 -0.357777 136.284114 191.674018 -406.316940
-0.470980 4.960216 10.603201 -0.470980 4.960216 10.603201 0.370705 -0.003918 -0.540108 55.117076 227.856186 -201.452808
-0.242917 4.997874 10.256738 -0.242917 4.997874 10.256738 0.382373 0.127772 -0.591665 -16.221577 211.109588 29.597148
-0.017527 5.110456 9.919295 -0.017527 5.110456 9.919295 0.367065 0.244034 -0.512762 -34.805895 176.429613 233.411275
0.196523 5.283991 9.663253 0.196523 5.283991 9.663253 0.346563 0.326677 -0.324710 -33.535875 99.047621 393.431252
0.400444 5.490176 9.546217 0.400444 5.490176 9.546217 0.336542 0.347857 -0.053787 0.133086 -28.447710 509.644482
0.605706 5.685497 9.607174 0.605706 5.685497 9.607174 0.353186 0.289426 0.259465 55.348818 -166.323176 534.527189
0.831707 5.823040 9.857881 0.831707 5.823040 9.857881 0.407027 0.158760 0.574249 124.121463 -269.227378 514.753489
1.102034 5.864542 10.291174 1.102034 5.864542 10.291174 0.500345 -0.029245 0.863537 186.936171 -357.458628 449.542073
1.437465 5.778768 10.882250 1.437465 5.778768 10.882250 0.620385 -0.263140 1.093447 213.197035 -422.191824 316.822488
1.847992 5.544837 11.586604 1.847992 5.544837 11.586604 0.747905 -0.516715 1.239828 211.871110 -423.057165 171.115426
2.333502 5.162658 12.352617 2.333502 5.162658 12.352617 0.868177 -0.750546 1.299072 189.034786 -356.380141 26.364658
2.883720 4.655709 13.128951 2.883720 4.655709 13.128951 0.958024 -0.926738 1.275618 110.454623 -230.926886 -104.545253
3.470846 4.066410 13.869027 3.470846 4.066410 13.869027 0.986447 -1.023744 1.180508 -15.711154 -92.424478 -212.486576
4.052483 3.445230 14.536167 4.052483 3.445230 14.536167 0.940005 -1.030684 1.038428 -139.094712 69.289495 -261.115392
4.584203 2.850198 15.111708 4.584203 2.850198 15.111708 0.820319 -0.934578 0.879185 -259.858956 251.063591 -269.695266
5.021783 2.343360 15.591591 5.021783 2.343360 15.591591 0.625223 -0.740353 0.721955 -390.461884 396.355834 -254.402793
5.322035 1.976058 15.981379 5.322035 1.976058 15.981379 0.367953 -0.474712 0.581348 -467.103310 489.112527 -214.287971
5.458729 1.779271 16.291616 5.458729 1.779271 16.291616 0.087691 -0.181245 0.452775 -467.103310 489.112527 -214.287971
