-9.021124 3.486768 9.997531 -9.021124 3.486768 9.997531 1.470853 -0.415289 1.204716 118.557565 474.836673 -672.594314
-8.117271 3.323065 10.599294 -8.117271 3.323065 10.599294 1.541988 -0.130387 0.801160 118.557565 474.836673 -672.594314
-7.179478 3.332537 10.954722 -7.179478 3.332537 10.954722 1.569422 0.165683 0.376597 -27.109133 512.065465 -742.615908
-6.254462 3.525107 11.044255 -6.254462 3.525107 11.044255 1.494370 0.477864 -0.082743 -223.067089 528.537754 -788.515730
-5.409244 3.901859 10.856312 -5.409244 3.901859 10.856312 1.304268 0.769472 -0.537673 -410.604171 443.487607 -727.917972
-4.708554 4.435428 10.411310 -4.708554 4.435428 10.411310 1.018099 0.995853 -0.931291 -543.293980 311.115116 -584.142986
-4.200592 5.078038 9.757968 -4.200592 5.078038 9.757968 0.666596 1.128011 -1.228882 -628.380336 129.414013 -407.827797
-3.915009 5.766362 8.959720 -3.915009 5.766362 8.959720 0.283237 1.146773 -1.411130 -649.484517 -66.875030 -199.662930
-3.856780 6.430716 8.091842 -3.856780 6.430716 8.091842 -0.080485 1.048283 -1.457233 -562.921234 -261.423841 45.985164
-3.999912 7.004130 7.236607 -3.999912 7.004130 7.236607 -0.385811 0.848930 -1.375505 -454.832708 -403.087873 226.441034
-4.313268 7.440932 6.452063 -4.313268 7.440932 6.452063 -0.658711 0.607077 -1.239640 -454.832708 -403.087873 226.441034
