0.918437 5.898232 7.447306 0.918437 5.898232 7.447306 1.064305 -0.157840 -0.521307 127.319237 -317.324212 118.677627
1.579937 5.746410 7.155884 1.579937 5.746410 7.155884 1.140696 -0.348234 -0.450100 127.319237 -317.324212 118.677627
2.276865 5.487327 6.913331 2.276865 5.487327 6.913331 1.165050 -0.503748 -0.348169 -46.139156 -201.055685 221.093588
2.955451 5.158342 6.752507 2.955451 5.158342 6.752507 1.076672 -0.577111 -0.174112 -248.455847 -43.485736 359.095238
3.549605 4.811120 6.718069 3.549605 4.811120 6.718069 0.891963 -0.568840 0.068307 -367.241026 71.055007 448.967525
4.014981 4.488865 6.841910 4.014981 4.488865 6.841910 0.653127 -0.494915 0.347904 -428.880024 175.362264 483.024283
4.328411 4.227361 7.136924 4.328411 4.227361 7.136924 0.389560 -0.370296 0.634350 -449.676061 240.034176 471.794217
4.483396 4.048980 7.597844 4.483396 4.048980 7.597844 0.130708 -0.223324 0.894367 -413.162055 249.873293 394.928742
4.492055 3.958545 8.196443 4.492055 3.958545 8.196443 -0.094174 -0.080493 1.085778 -336.445377 226.228805 243.109453
4.381376 3.945650 8.880698 4.381376 3.945650 8.880698 -0.264113 0.028645 1.176787 -230.018722 137.564282 60.254040
4.189114 3.982275 9.585706 4.189114 3.982275 9.585706 -0.364077 0.084566 1.153393 -103.194627 48.840077 -138.236223
3.958439 4.034992 10.240092 3.958439 4.034992 10.240092 -0.394262 0.079800 1.006614 2.577668 -64.727283 -351.026441
3.725778 4.066717 10.770267 3.725778 4.066717 10.770267 -0.375552 0.018445 0.742956 59.790317 -139.791046 -527.833442
3.511209 4.052622 11.121031 3.511209 4.052622 11.121031 -0.339678 -0.065430 0.426256 59.790317 -139.791046 -527.833442
