4.894504 1.883993 8.489660 4.894504 1.883993 8.489660 0.438078 0.582503 -0.071420 -605.775758 -14.887804 -125.092043
5.048311 2.230815 8.424291 5.048311 2.230815 8.424291 0.074613 0.573570 -0.146475 -605.775758 -14.887804 -125.092043
4.981184 2.564737 8.316620 4.981184 2.564737 8.316620 -0.303128 0.526934 -0.207880 -653.362206 -140.566703 -79.589758
4.683938 2.848461 8.182098 4.683938 2.848461 8.182098 -0.683967 0.406924 -0.232972 -616.099699 -259.468483 -4.050173
4.169742 3.041179 8.046817 4.169742 3.041179 8.046817 -1.018212 0.227584 -0.209246 -498.051814 -338.330629 83.136982
3.479535 3.116182 7.943749 3.479535 3.116182 7.943749 -1.265198 0.021344 -0.121789 -325.232438 -349.134244 208.386353
2.674173 3.067760 7.914603 2.674173 3.067760 7.914603 -1.398843 -0.180060 0.035328 -120.252690 -322.213554 315.336483
1.827295 2.907013 7.995911 1.827295 2.907013 7.995911 -1.400629 -0.346950 0.241285 114.300032 -234.087109 371.186981
1.021533 2.662671 8.208986 1.021533 2.662671 8.208986 -1.261842 -0.457583 0.471447 348.324409 -134.687783 396.019601
0.338211 2.370366 8.562000 0.338211 2.370366 8.562000 -0.997422 -0.505951 0.703371 533.073218 -26.539007 377.061367
-0.155717 2.068838 9.047474 -0.155717 2.068838 9.047474 -0.634720 -0.487781 0.907511 675.935965 87.104693 303.403194
-0.409393 1.797040 9.638463 -0.409393 1.797040 9.638463 -0.201718 -0.409557 1.048899 767.403555 173.641662 167.891131
-0.393417 1.585030 10.287102 -0.393417 1.585030 10.287102 0.253091 -0.293029 1.095031 748.626378 214.786298 -14.116648
-0.111905 1.448102 10.929949 -0.111905 1.448102 10.929949 0.676790 -0.163017 1.028408 663.702195 218.586366 -207.959773
0.405936 1.386541 11.498166 0.405936 1.386541 11.498166 1.036515 -0.047351 0.846654 535.381362 166.967608 -397.887735
1.111699 1.384166 11.925251 1.111699 1.384166 11.925251 1.295175 0.032736 0.561484 326.818370 99.989394 -552.678979
1.934189 1.415856 12.155591 1.934189 1.415856 12.155591 1.424053 0.062984 0.194535 102.776702 0.835896 -670.486678
2.794985 1.446916 12.147769 2.794985 1.446916 12.147769 1.425041 0.029079 -0.227035 -99.484488 -113.852091 -734.744251
3.619970 1.437555 11.880248 3.619970 1.437555 11.880248 1.304687 -0.070808 -0.663110 -301.695308 -219.104256 -718.838639
4.339459 1.351894 11.358663 4.339459 1.351894 11.358663 1.078583 -0.220956 -1.066057 -451.984039 -281.389053 -624.320669
4.900033 1.167808 10.617062 4.900033 1.167808 10.617062 0.781295 -0.394102 -1.388593 -538.974766 -295.765643 -450.798496
5.270954 0.879595 9.716485 5.270954 0.879595 9.716485 0.453710 -0.564133 -1.590460 -552.976436 -271.005270 -222.091011
5.446035 0.495622 8.733398 5.446035 0.495622 8.733398 0.133875 -0.710296 -1.667884 -513.140135 -216.204618 -35.989742
5.433995 0.030527 7.726190 5.433995 0.030527 7.726190 -0.174009 -0.840019 -1.689478 -513.140135 -216.204618 -35.989742
