0.527079 3.747839 7.805858 0.527079 3.747839 7.805858 -1.130969 0.583799 1.571104 250.246884 -304.711838 -234.060127
-0.106458 4.043271 8.706389 -0.106458 4.043271 8.706389 -0.980821 0.400972 1.430668 250.246884 -304.711838 -234.060127
-0.640400 4.231834 9.512868 -0.640400 4.231834 9.512868 -0.783142 0.232288 1.241278 408.684845 -257.569194 -397.237055
-1.026831 4.331644 10.175768 -1.026831 4.331644 10.175768 -0.488476 0.111744 0.951116 573.534015 -144.244372 -569.972437
-1.211229 4.380845 10.638029 -1.211229 4.380845 10.638029 -0.117099 0.065792 0.580063 664.390330 -8.930109 -666.870605
-1.160454 4.424977 10.864300 -1.160454 4.424977 10.864300 0.288755 0.091756 0.171292 688.456572 95.479472 -695.697223
-0.865506 4.501129 10.844629 -0.865506 4.501129 10.844629 0.690688 0.168601 -0.232231 651.317113 160.670867 -649.381480
-0.340991 4.633513 10.595316 -0.340991 4.633513 10.595316 1.045810 0.276514 -0.587290 532.423022 199.038144 -534.145889
0.371915 4.835014 10.155472 0.371915 4.835014 10.155472 1.313180 0.394768 -0.864393 358.811837 195.139925 -389.531405
1.211205 5.104436 9.577211 1.211205 5.104436 9.577211 1.462448 0.499031 -1.045661 138.749501 152.404678 -214.696998
2.099689 5.425752 8.921825 2.099689 5.425752 8.921825 1.475895 0.562799 -1.121198 -93.927200 60.156482 -37.093165
2.954965 5.768256 8.252034 2.954965 5.768256 8.252034 1.352771 0.568874 -1.095432 -316.485583 -39.909091 122.981258
3.698135 6.095438 7.623859 3.698135 6.095438 7.623859 1.105253 0.510136 -0.986904 -508.576325 -155.882195 238.779901
4.261083 6.368011 7.078344 4.261083 6.368011 7.078344 0.756808 0.389357 -0.825403 -652.906528 -246.714985 299.554610
4.594218 6.554249 6.638331 4.594218 6.554249 6.638331 0.347930 0.226487 -0.639126 -710.019430 -296.184901 321.368995
4.676352 6.634949 6.311396 4.676352 6.634949 6.311396 -0.072183 0.039383 -0.452835 -690.358628 -327.494209 299.603016
4.513100 6.601220 6.090104 4.513100 6.601220 6.090104 -0.464785 -0.149161 -0.290670 -618.314290 -300.988260 240.945076
4.132042 6.462818 5.954163 4.132042 6.462818 5.954163 -0.790225 -0.303391 -0.170646 -466.485863 -213.108714 159.135651
3.586269 6.249475 5.875351 3.586269 6.249475 5.875351 -1.008470 -0.396005 -0.100512 -260.997068 -95.607296 74.642458
2.946736 6.003395 5.824003 2.946736 6.003395 5.824003 -1.102427 -0.409707 -0.078106 -52.191030 49.933436 0.044932
2.287885 5.774538 5.773864 2.287885 5.774538 5.773864 -1.073743 -0.339848 -0.094497 147.803796 182.932578 -54.679504
1.681213 5.611257 5.706705 1.681213 5.611257 5.706705 -0.930215 -0.191589 -0.130397 330.620562 311.263280 -64.987076
1.190957 5.558522 5.618098 1.190957 5.558522 5.618098 -0.690037 0.026121 -0.162748 469.975169 414.437955 -42.849398
0.866382 5.650916 5.514987 0.866382 5.650916 5.514987 -0.383793 0.285397 -0.177206 550.835750 449.813089 -5.345585
0.736279 5.902626 5.412060 0.736279 5.902626 5.412060 -0.048177 0.552814 -0.158615 567.884589 441.578754 67.314911
0.806594 6.308894 5.333471 0.806594 6.308894 5.333471 0.277564 0.793239 -0.095912 517.919225 359.836783 141.694139
1.060638 6.841704 5.304603 1.060638 6.841704 5.304603 0.559715 0.969621 0.004978 422.585465 228.102874 194.607655
1.465368 7.454615 5.344335 1.465368 7.454615 5.344335 0.777446 1.056880 0.130319 303.182726 62.762024 223.197038
1.979511 8.088537 5.462164 1.979511 8.088537 5.462164 0.924867 1.037022 0.261550 188.221481 -128.956165 214.238472
2.560965 8.677847 5.654714 2.560965 8.677847 5.654714 1.001067 0.911192 0.375378 65.780036 -290.477881 165.186822
3.166394 9.162961 5.904729 3.166394 9.162961 5.904729 1.005277 0.690330 0.449763 -51.747423 -445.728749 82.762757
3.756632 9.489936 6.182320 3.756632 9.489936 6.182320 0.956163 0.387931 0.463601 -111.967089 -562.266447 -36.635622
4.309770 9.619433 6.444711 4.309770 9.619433 6.444711 0.886951 0.040302 0.395745 -118.740665 -596.498344 -189.551689
4.820962 9.537991 6.639368 4.820962 9.537991 6.639368 0.817682 -0.308860 0.238663 -112.153540 -567.376158 -334.054296
5.293946 9.255408 6.715801 5.293946 9.255408 6.715801 0.763204 -0.624983 0.005055 -69.441242 -486.365385 -444.639465
5.743266 8.801540 6.633354 5.743266 8.801540 6.633354 0.741023 -0.873463 -0.288953 -4.495676 -341.901985 -535.384542
6.190372 8.226854 6.362052 6.190372 8.226854 6.362052 0.754835 -1.023936 -0.617990 50.535680 -159.675195 -561.406037
6.655605 7.596097 5.894334 6.655605 7.596097 5.894334 0.801334 -1.058007 -0.934186 104.462974 46.106355 -492.580656
7.156574 6.978547 5.249893 7.156574 6.978547 5.249893 0.870837 -0.985570 -1.206061 127.211605 195.349792 -413.669263
7.701974 6.422368 4.451796 7.701974 6.422368 4.451796 0.947164 -0.868360 -1.454262 127.211605 195.349792 -413.669263
