0.915032 -1.839869 -6.218237 0.915032 -1.839869 -6.218237 0.440704 -0.882906 1.035208 66.168195 -172.581932 654.988992
1.191364 -2.400678 -5.479215 1.191364 -2.400678 -5.479215 0.480405 -0.986456 1.428201 66.168195 -172.581932 654.988992
1.486724 -3.014485 -4.512019 1.486724 -3.014485 -4.512019 0.496136 -1.044352 1.783080 -13.729411 -20.404881 527.939810
1.775316 -3.632873 -3.358450 1.775316 -3.632873 -3.358450 0.454808 -0.997114 2.043303 -124.031144 177.863598 339.470277
2.019454 -4.190212 -2.083426 2.019454 -4.190212 -2.083426 0.348284 -0.845823 2.186678 -231.049884 326.440472 138.446913
2.179700 -4.632433 -0.759306 2.179700 -4.632433 -0.759306 0.173976 -0.617395 2.205707 -349.976444 434.986714 -75.014876
2.216902 -4.921284 0.539407 2.216902 -4.921284 0.539407 -0.056948 -0.339960 2.104655 -419.770938 489.794777 -261.825309
2.104357 -5.038154 1.747222 2.104357 -5.038154 1.747222 -0.322896 -0.051370 1.908314 -466.720196 472.171729 -392.645750
1.827106 -4.988058 2.816222 1.827106 -4.988058 2.816222 -0.600449 0.211573 1.646162 -458.458953 404.305378 -481.192705
1.389992 -4.794252 3.715433 1.389992 -4.794252 3.715433 -0.847136 0.424590 1.348089 -363.829860 305.751138 -512.384891
0.824307 -4.492732 4.434499 0.824307 -4.492732 4.434499 -1.025005 0.566694 1.052870 -229.066279 167.930222 -471.679763
0.177217 -4.130982 4.986554 0.177217 -4.130982 4.986554 -1.116718 0.624987 0.796040 -76.645759 26.379284 -384.420704
-0.494113 -3.759237 5.401390 -0.494113 -3.759237 5.401390 -1.100219 0.600836 0.597426 131.643774 -106.881612 -277.624986
-1.117535 -3.424100 5.717028 -1.117535 -3.424100 5.717028 -0.956165 0.506074 0.466623 348.536947 -208.991232 -158.385376
-1.617914 -3.160806 5.975654 -1.617914 -3.160806 5.975654 -0.694124 0.367021 0.407403 524.931449 -254.518813 -39.012653
-1.931645 -2.986839 6.219444 -1.931645 -2.986839 6.219444 -0.337888 0.212144 0.415846 662.523054 -261.739879 67.153043
-2.010479 -2.904494 6.484001 -2.010479 -2.904494 6.484001 0.082846 0.065963 0.470947 739.924987 -225.529916 116.517966
-1.826761 -2.900838 6.788591 -1.826761 -2.900838 6.788591 0.530923 -0.045989 0.546101 753.663214 -147.644696 133.995280
-1.377794 -2.949023 7.140162 -1.377794 -2.949023 7.140162 0.956888 -0.104652 0.625458 666.219238 -47.897424 130.527836
-0.691496 -3.013382 7.536000 -0.691496 -3.013382 7.536000 1.317850 -0.098122 0.689114 536.989536 69.666043 81.659720
0.184364 -3.054047 7.960270 0.184364 -3.054047 7.960270 1.582503 -0.027979 0.718624 345.187439 164.141190 16.707319
1.182206 -3.037853 8.390737 1.182206 -3.037853 8.390737 1.720644 0.087685 0.710077 115.282549 221.406344 -45.199156
2.220487 -2.943683 8.805956 2.220487 -2.943683 8.805956 1.715532 0.229056 0.669501 -132.324586 249.831960 -90.051856
3.213574 -2.762312 9.190088 3.213574 -2.762312 9.190088 1.574068 0.373794 0.608674 -339.220987 232.626260 -112.705617
4.086230 -2.499680 9.535796 4.086230 -2.499680 9.535796 1.316911 0.495786 0.545002 -517.968045 174.014006 -99.534058
4.776483 -2.176552 9.847744 4.776483 -2.176552 9.847744 0.972836 0.571864 0.499598 -628.950072 79.578878 -51.813448
5.244887 -1.826309 10.142791 5.244887 -1.826309 10.142791 0.585029 0.583610 0.491579 -663.739909 -40.425409 25.084211
5.477839 -1.490731 10.447897 5.477839 -1.490731 10.447897 0.193826 0.522800 0.534848 -640.270705 -162.273775 119.147164
5.485358 -1.211856 10.796805 5.485358 -1.211856 10.796805 -0.157976 0.397456 0.639101 -532.401366 -255.538399 228.361115
5.304563 -1.023223 11.226820 5.304563 -1.023223 11.226820 -0.428304 0.224915 0.803363 -368.692147 -319.599075 319.178778
4.992177 -0.946817 11.769451 4.992177 -0.946817 11.769451 -0.594714 0.028075 1.010675 -186.008592 -336.533589 371.860855
4.613951 -0.988937 12.443687 4.613951 -0.988937 12.443687 -0.645897 -0.165790 1.238272 15.399579 -309.684040 386.797357
4.240156 -1.138871 13.254539 4.240156 -1.138871 13.254539 -0.581804 -0.325184 1.461679 198.242141 -221.630561 357.890412
3.936417 -1.365054 14.189217 3.936417 -1.365054 14.189217 -0.414559 -0.414056 1.642661 359.240801 -74.607204 245.384088
3.757994 -1.619101 15.211124 3.757994 -1.619101 15.211124 -0.170765 -0.419742 1.750600 453.408079 55.651280 114.411434
3.737149 -1.860929 16.282078 3.737149 -1.860929 16.282078 0.101280 -0.386352 1.819247 453.408079 55.651280 114.411434
