-8.420694 -2.347989 -3.213063 -8.420694 -2.347989 -3.213063 1.477066 -0.064197 0.002235 -348.544326 533.831448 101.492263
-7.597192 -2.290418 -3.193454 -7.597192 -2.290418 -3.193454 1.267939 0.256101 0.063130 -348.544326 533.831448 101.492263
-6.901386 -2.039384 -3.131802 -6.901386 -2.039384 -3.131802 1.047717 0.582820 0.151550 -385.528899 555.231206 193.241713
-6.342976 -1.591253 -3.001321 -6.342976 -1.591253 -3.001321 0.812272 0.908446 0.291331 -399.290689 530.187505 272.695757
-5.924808 -0.956323 -2.775556 -5.924808 -0.956323 -2.775556 0.586084 1.198698 0.464355 -354.667487 437.319990 304.050489
-5.631345 -0.167959 -2.443937 -5.631345 -0.167959 -2.443937 0.401549 1.413229 0.638172 -260.448966 277.784405 275.338306
-5.429682 0.719740 -2.014622 -5.429682 0.719740 -2.014622 0.283349 1.528701 0.787628 -133.552247 107.120148 222.850066
-5.277299 1.643434 -1.505757 -5.277299 1.643434 -1.505757 0.235287 1.528931 0.902212 -26.654337 -106.354347 159.095159
-5.136272 2.531462 -0.941258 -5.136272 2.531462 -0.941258 0.242557 1.414188 0.970341 50.888167 -276.121878 67.999655
-4.977241 3.322010 -0.350506 -4.977241 3.322010 -0.350506 0.294775 1.207201 0.992680 123.172996 -413.833688 6.466853
-4.775635 3.965072 0.243488 -4.775635 3.965072 0.243488 0.381525 0.925061 0.982671 165.992589 -526.633675 -39.832223
-4.518498 4.423297 0.826053 -4.518498 4.423297 0.826053 0.472837 0.598993 0.959432 138.382094 -560.259954 -37.630373
-4.210880 4.684336 1.396344 -4.210880 4.684336 1.396344 0.550903 0.275288 0.943879 121.838301 -518.754493 -14.213056
-3.861858 4.760577 1.962882 -3.861858 4.760577 1.962882 0.606748 -0.013747 0.949195 64.309852 -444.695010 31.934550
-3.491047 4.680984 2.543289 -3.491047 4.680984 2.543289 0.621268 -0.237065 0.994065 -15.910432 -299.698672 117.629312
-3.123746 4.495451 3.165061 -3.123746 4.495451 3.165061 0.598743 -0.363626 1.085441 -59.173352 -122.172592 186.959525
-2.776078 4.264411 3.853298 -2.776078 4.264411 3.853298 0.558609 -0.391296 1.214215 -74.607061 29.940447 242.286122
-2.454243 4.044517 4.627170 -2.454243 4.044517 4.627170 0.514340 -0.325862 1.368242 -72.955526 188.171781 271.138873
-2.155702 3.889506 5.496757 -2.155702 3.889506 5.496757 0.485909 -0.179780 1.530107 -21.811936 298.768136 268.410599
-1.863736 3.840153 6.460117 -1.863736 3.840153 6.460117 0.494555 0.023163 1.676064 50.630747 377.709308 218.110791
-1.557890 3.922039 7.505015 -1.557890 3.922039 7.505015 0.524934 0.249789 1.806930 50.630747 377.709308 218.110791
