2.690438 2.048320 -4.333838 2.690438 2.048320 -4.333838 0.519122 0.464148 0.595338 53.894818 -253.879838 392.006931
3.011612 2.281110 -3.906074 3.011612 2.281110 -3.906074 0.551459 0.311820 0.830542 53.894818 -253.879838 392.006931
3.359529 2.422601 -3.333176 3.359529 2.422601 -3.333176 0.620494 0.159978 1.085803 176.222977 -252.261282 458.863000
3.773418 2.477365 -2.597583 3.773418 2.477365 -2.597583 0.775592 0.029545 1.368699 340.769625 -182.514367 484.124068
4.308097 2.469109 -1.689775 4.308097 2.469109 -1.689775 1.019978 -0.045617 1.656407 473.849157 -68.025663 474.900621
5.010049 2.437661 -0.615881 5.010049 2.437661 -0.615881 1.327652 -0.045596 1.914187 551.730225 68.095224 384.366890
5.907408 2.429557 0.592408 5.907408 2.429557 0.592408 1.665971 0.030240 2.097762 576.002217 184.693705 227.549014
7.008573 2.487575 1.882545 7.008573 2.487575 1.882545 2.001081 0.174204 2.186895 541.028330 295.185179 69.562986
8.300208 2.650236 3.194438 8.300208 2.650236 3.194438 2.293707 0.376340 2.164805 434.394445 378.599640 -143.198553
9.743991 2.947407 4.454728 9.743991 2.947407 4.454728 2.501182 0.619597 2.014803 257.186942 432.257584 -356.808300
11.277405 3.392952 5.588236 11.277405 3.392952 5.588236 2.587552 0.858854 1.744976 30.713063 365.267056 -542.612130
12.824204 3.970988 6.531679 12.824204 3.970988 6.531679 2.549677 1.062890 1.390046 -156.961991 314.851745 -640.490029
14.325757 4.665395 7.250418 14.325757 4.665395 7.250418 2.455500 1.251801 1.005752 -156.961991 314.851745 -640.490029
