3.260845 -4.669513 -4.623755 3.260845 -4.669513 -4.623755 -0.312191 -0.263038 2.337407 -300.419500 -90.940874 -97.406374
3.019456 -4.843706 -3.238844 3.019456 -4.843706 -3.238844 -0.492442 -0.317603 2.278963 -300.419500 -90.940874 -97.406374
2.672648 -5.043675 -1.898414 2.672648 -5.043675 -1.898414 -0.659028 -0.337358 2.173446 -254.864877 25.090556 -254.316045
2.235953 -5.232743 -0.651227 2.235953 -5.232743 -0.651227 -0.788959 -0.278151 1.965335 -178.239808 172.264006 -439.386831
1.737550 -5.360432 0.441902 1.737550 -5.360432 0.441902 -0.860625 -0.133826 1.666791 -60.646598 308.819311 -555.760156
1.219086 -5.378996 1.339963 1.219086 -5.378996 1.339963 -0.852879 0.082191 1.323452 86.465661 411.237442 -588.702926
0.733524 -5.251410 2.030117 0.733524 -5.251410 2.030117 -0.747992 0.350179 0.980479 263.157727 482.055547 -554.539452
0.341353 -4.954488 2.523474 0.341353 -4.954488 2.523474 -0.543817 0.639635 0.672186 417.426068 482.799578 -473.106590
0.097227 -4.486721 2.848920 0.097227 -4.486721 2.848920 -0.258221 0.914726 0.424791 534.559270 434.169964 -351.540350
0.043035 -3.866658 3.049037 0.043035 -3.866658 3.049037 0.085112 1.140611 0.256466 609.884425 318.781472 -209.545983
0.204680 -3.133565 3.174542 0.204680 -3.133565 3.174542 0.455036 1.288607 0.177458 623.195472 174.537761 -53.812224
0.587529 -2.339876 3.279891 0.587529 -2.339876 3.279891 0.817218 1.338870 0.187968 584.079884 -6.996292 88.846783
1.175216 -1.549682 3.414065 1.175216 -1.549682 3.414065 1.128772 1.275331 0.268282 454.432077 -204.799950 178.866094
1.923287 -0.830609 3.610561 1.923287 -0.830609 3.610561 1.346481 1.106142 0.392255 271.264120 -359.162159 234.374493
2.767461 -0.238293 3.889190 2.767461 -0.238293 3.889190 1.446532 0.857044 0.538321 62.238550 -471.164990 252.515007
3.632762 0.185990 4.255886 3.632762 0.185990 4.255886 1.414768 0.548675 0.681086 -168.117348 -556.729993 223.365748
4.439008 0.415299 4.701147 4.439008 0.415299 4.701147 1.252134 0.216213 0.797121 -373.997206 -551.477956 163.419438
5.112010 0.450326 5.204892 5.112010 0.450326 5.204892 0.972939 -0.091849 0.875458 -556.651122 -475.394855 97.701907
5.588378 0.316383 5.743232 5.588378 0.316383 5.743232 0.602958 -0.343394 0.911474 -676.619641 -363.090066 22.351252
5.825268 0.054759 6.290849 5.825268 0.054759 6.290849 0.181520 -0.512404 0.908433 -728.174119 -200.277115 -32.485909
5.805431 -0.277426 6.828084 5.805431 -0.277426 6.828084 -0.243772 -0.576037 0.879055 -689.465747 -11.830396 -65.441466
5.541259 -0.613035 7.343741 5.541259 -0.613035 7.343741 -0.626472 -0.522419 0.839810 -586.200681 190.555058 -65.375456
5.069552 -0.882660 7.838564 5.069552 -0.882660 7.838564 -0.929733 -0.360454 0.814105 -424.667342 349.327993 -20.306927
4.447811 -1.029789 8.327467 4.447811 -1.029789 8.327467 -1.121840 -0.119535 0.822399 -215.691458 453.737670 47.953495
3.750160 -1.015749 8.833791 3.750160 -1.015749 8.833791 -1.179865 0.173150 0.872435 22.274336 521.877434 118.831775
3.059385 -0.817418 9.383498 3.059385 -0.817418 9.383498 -1.100828 0.488789 0.968017 241.183534 530.252040 199.776489
2.453875 -0.432500 10.004016 2.453875 -0.432500 10.004016 -0.898248 0.787936 1.106620 434.083447 466.904602 262.231770
2.001692 0.117109 10.716631 2.001692 0.117109 10.716631 -0.594647 1.032104 1.271166 577.920533 346.991033 286.257328
1.752582 0.789900 11.529913 1.752582 0.789900 11.529913 -0.229628 1.195651 1.438204 638.807588 198.164311 270.533736
1.730222 1.533577 12.437449 1.730222 1.533577 12.437449 0.155811 1.267629 1.580113 645.991090 41.763904 202.497005
1.936872 2.291514 13.415892 1.936872 2.291514 13.415892 0.527833 1.241899 1.671240 594.080349 -127.531108 101.258781
2.354104 3.006636 14.428253 2.354104 3.006636 14.428253 0.852268 1.130069 1.688946 487.371752 -245.235147 -42.237946
2.943669 3.636369 15.422724 2.943669 3.636369 15.422724 1.097079 0.962097 1.607138 328.662681 -314.672245 -230.455261
3.652386 4.153713 16.336913 3.652386 4.153713 16.336913 1.250827 0.756927 1.425803 183.831928 -369.229327 -373.994388
4.435972 4.541408 17.125076 4.435972 4.541408 17.125076 1.361126 0.535389 1.201406 183.831928 -369.229327 -373.994388
