-1.701813 -2.445678 6.467435 -1.701813 -2.445678 6.467435 0.211109 -0.207896 0.328171 -445.135201 202.979315 601.987010
-1.655272 -2.533880 6.772695 -1.655272 -2.533880 6.772695 -0.055972 -0.086108 0.689363 -445.135201 202.979315 601.987010
-1.771405 -2.551460 7.291056 -1.771405 -2.551460 7.291056 -0.335180 0.023418 1.032478 -485.559095 162.107565 541.728121
-2.057732 -2.513341 7.999810 -2.057732 -2.513341 7.999810 -0.615609 0.095128 1.316296 -449.203379 76.925499 404.330277
-2.501615 -2.449585 8.850759 -2.501615 -2.449585 8.850759 -0.853432 0.105444 1.500859 -343.541662 -42.538543 210.881071
-3.067550 -2.400028 9.775726 -3.067550 -2.400028 9.775726 -1.019752 0.049659 1.559852 -210.856546 -143.410583 -14.237600
-3.706235 -2.400077 10.695252 -3.706235 -2.400077 10.695252 -1.090664 -0.056541 1.482198 -25.518327 -210.589759 -244.609990
-4.351647 -2.475007 11.527759 -4.351647 -2.475007 11.527759 -1.038075 -0.198393 1.271521 200.815470 -262.250498 -457.644302
-4.926443 -2.641330 12.197595 -4.926443 -2.641330 12.197595 -0.858071 -0.356150 0.943431 399.198125 -263.608061 -635.989021
-5.359010 -2.899471 12.641872 -5.359010 -2.899471 12.641872 -0.566452 -0.499322 0.525320 572.864879 -213.630861 -757.715927
-5.588058 -3.231757 12.819390 -5.588058 -3.231757 12.819390 -0.184198 -0.598697 0.064265 701.317357 -117.618413 -779.135470
-5.568315 -3.604323 12.720343 -5.568315 -3.604323 12.720343 0.256717 -0.630150 -0.390026 768.398591 12.774355 -735.165525
-5.277173 -3.972525 12.360113 -5.277173 -3.972525 12.360113 0.711754 -0.584544 -0.800546 748.390404 139.244254 -633.234833
-4.720668 -4.289097 11.776148 -4.720668 -4.289097 11.776148 1.134502 -0.455543 -1.128766 660.770539 290.759205 -460.831098
-3.929875 -4.503680 11.028550 -3.929875 -4.503680 11.028550 1.486726 -0.249055 -1.342207 513.309498 397.536871 -250.639133
-2.958315 -4.577233 10.191343 -2.958315 -4.577233 10.191343 1.730356 0.011081 -1.426431 298.789703 469.582411 -30.109768
-1.880659 -4.484889 9.343104 -1.880659 -4.484889 9.343104 1.837930 0.298683 -1.379298 59.790030 489.091476 187.220190
-0.780957 -4.220727 8.558921 -0.780957 -4.220727 8.558921 1.804713 0.576714 -1.218485 -170.513455 437.676291 348.823745
0.259328 -3.802179 7.898225 0.259328 -3.802179 7.898225 1.643155 0.808011 -0.971157 -368.014187 333.313247 475.603722
1.168964 -3.265626 7.404970 1.168964 -3.265626 7.404970 1.372273 0.966751 -0.666644 -534.923446 195.820503 539.438121
1.890278 -2.661301 7.101570 1.890278 -2.661301 7.101570 1.022503 1.029377 -0.345543 -630.979234 12.935370 530.898967
2.388794 -2.051975 6.985989 2.388794 -2.051975 6.985989 0.636870 0.983994 -0.046086 -654.463509 -164.211873 467.290554
2.656482 -1.500782 7.035567 2.656482 -1.500782 7.035567 0.261037 0.837242 0.199873 -598.312458 -324.963761 352.574197
2.712103 -1.064781 7.210973 2.712103 -1.064781 7.210973 -0.064473 0.603006 0.371514 -486.721810 -455.822523 219.563439
2.595374 -0.789967 7.465257 2.595374 -0.789967 7.465257 -0.308683 0.304809 0.462519 -327.309455 -538.166056 83.785481
2.362950 -0.704252 7.750527 2.362950 -0.704252 7.750527 -0.446563 -0.019597 0.476181 -132.290899 -543.189389 -38.247135
2.082722 -0.809841 8.022789 2.082722 -0.809841 8.022789 -0.468325 -0.325793 0.420420 59.750365 -477.462130 -147.619905
1.822372 -1.085295 8.244085 1.822372 -1.085295 8.244085 -0.383023 -0.582444 0.309925 224.590409 -378.042862 -220.696743
1.641489 -1.492613 8.390067 1.641489 -1.492613 8.390067 -0.205748 -0.758291 0.176268 366.325546 -208.113930 -224.829315
1.589212 -1.973351 8.456859 1.589212 -1.973351 8.456859 0.040215 -0.824670 0.048874 453.552234 -13.149121 -199.817732
1.696346 -2.459677 8.453105 1.696346 -2.459677 8.453105 0.319172 -0.778345 -0.056574 476.304770 167.564964 -151.673597
1.971725 -2.885656 8.395545 1.971725 -2.885656 8.395545 0.595658 -0.623475 -0.129146 445.315310 348.670174 -90.233814
2.406254 -3.190125 8.305601 2.406254 -3.190125 8.305601 0.847731 -0.379995 -0.164359 394.926908 462.928812 -27.141634
2.979728 -3.330530 8.206153 2.979728 -3.330530 8.206153 1.053431 -0.080913 -0.160380 290.739230 534.013128 40.403115
3.656863 -3.281595 8.118137 3.656863 -3.281595 8.118137 1.191591 0.246293 -0.131441 169.793553 556.673661 56.059610
4.397493 -3.036950 8.048640 4.397493 -3.036950 8.048640 1.269034 0.563635 -0.101418 88.349558 501.132535 44.017018
5.170548 -2.616264 7.993750 5.170548 -2.616264 7.993750 1.300698 0.825820 -0.084817 17.199020 372.815286 11.319836
5.950450 -2.061768 7.941002 5.950450 -2.061768 7.941002 1.292957 1.009000 -0.097503 -43.002370 237.786299 -53.603570
6.717743 -1.422663 7.867274 6.717743 -1.422663 7.867274 1.263448 1.106185 -0.157553 -55.362031 86.164699 -146.563967
7.468119 -0.753220 7.740871 7.468119 -0.753220 7.740871 1.241596 1.108997 -0.272939 -17.476237 -76.791584 -238.057706
8.213122 -0.109938 7.530635 8.213122 -0.109938 7.530635 1.247061 1.021452 -0.433888 35.690809 -215.027407 -298.436871
8.970182 0.458687 7.214385 8.970182 0.458687 7.214385 1.280472 0.864730 -0.623942 75.679861 -307.377409 -335.077200
9.756054 0.919578 6.779459 9.756054 0.919578 6.779459 1.345715 0.667208 -0.826221 141.796810 -351.029143 -339.187292
10.591990 1.257457 6.226314 10.591990 1.257457 6.226314 1.445711 0.460286 -1.011527 191.522770 -338.713138 -278.500061
11.493962 1.476469 5.575782 11.493962 1.476469 5.575782 1.560980 0.276105 -1.146057 192.708629 -275.222233 -169.933024
12.461778 1.599295 4.866892 12.461778 1.599295 4.866892 1.659306 0.144487 -1.201353 135.045110 -163.502799 -14.385026
13.478787 1.662188 4.152299 13.478787 1.662188 4.152299 1.725917 0.074539 -1.165946 86.991621 -69.660152 132.407542
14.529996 1.694372 3.476565 14.529996 1.694372 3.476565 1.778112 0.032742 -1.086502 86.991621 -69.660152 132.407542
