-0.108746 -3.669884 -6.104193 -0.108746 -3.669884 -6.104193 1.027317 -0.551909 0.580062 125.563565 327.737093 85.869641
0.530245 -3.942037 -5.740699 0.530245 -3.942037 -5.740699 1.102655 -0.355267 0.631584 125.563565 327.737093 85.869641
1.210928 -4.092520 -5.350478 1.210928 -4.092520 -5.350478 1.160435 -0.140201 0.662180 67.035829 389.150136 16.116509
1.916120 -4.104787 -4.953074 1.916120 -4.104787 -4.953074 1.184976 0.102324 0.657828 14.766735 419.265601 -30.622262
2.626412 -3.968869 -4.565015 2.626412 -3.968869 -4.565015 1.177079 0.349160 0.633825 -41.088100 403.522503 -49.385565
3.322117 -3.690640 -4.193961 3.322117 -3.690640 -4.193961 1.136694 0.571771 0.602434 -93.531071 338.514162 -55.253185
3.985240 -3.294936 -3.839779 3.985240 -3.294936 -3.839779 1.070289 0.733425 0.582618 -127.818767 200.331121 -10.800009
4.604340 -2.828965 -3.487090 4.604340 -2.828965 -3.487090 0.993266 0.802905 0.601449 -128.922493 31.270053 73.569619
5.179978 -2.351577 -3.108188 5.179978 -2.351577 -3.108188 0.930332 0.771749 0.669544 -80.858000 -135.125073 153.413101
5.727516 -1.921946 -2.672414 5.727516 -1.921946 -2.672414 0.901285 0.645194 0.793756 -15.966643 -286.721829 260.629652
6.271900 -1.594855 -2.143366 6.271900 -1.594855 -2.143366 0.924140 0.431085 0.979539 92.150549 -426.977788 358.644137
6.850353 -1.417747 -1.488278 6.850353 -1.417747 -1.488278 1.016340 0.151464 1.208771 215.184071 -505.091251 405.464212
7.504448 -1.419201 -0.689594 7.504448 -1.419201 -0.689594 1.173237 -0.158671 1.454240 307.804415 -528.690607 412.766314
8.269692 -1.607797 0.255382 8.269692 -1.607797 0.255382 1.387409 -0.467031 1.692566 406.101013 -499.178072 381.654020
9.177329 -1.971040 1.334651 9.177329 -1.971040 1.334651 1.641535 -0.732402 1.896716 440.988714 -385.391430 298.845126
10.241136 -2.469790 2.518005 10.241136 -2.469790 2.518005 1.903667 -0.913324 2.033685 432.784147 -217.679956 157.718704
11.458067 -3.046489 3.755631 11.458067 -3.046489 3.755631 2.147483 -0.991549 2.073443 379.935642 -43.070297 -25.191434
12.806960 -3.637386 4.983850 12.806960 -3.637386 4.983850 2.335521 -0.958466 2.001769 246.857840 153.347237 -213.723679
14.242847 -4.174811 6.135416 14.242847 -4.174811 6.135416 2.434332 -0.816199 1.818406 82.511902 320.873523 -397.485742
15.706774 -4.597577 7.145347 15.706774 -4.597577 7.145347 2.426220 -0.577692 1.532091 -109.554301 474.152090 -556.896481
17.129995 -4.853284 7.958223 17.129995 -4.853284 7.958223 2.296531 -0.265398 1.167263 -322.740311 566.826225 -659.197722
18.438452 -4.909547 8.537592 18.438452 -4.909547 8.537592 2.046047 0.079433 0.760078 -512.208408 582.612395 -698.085613
19.566394 -4.760274 8.870020 19.566394 -4.760274 8.870020 1.701277 0.412718 0.351410 -637.022009 528.335509 -664.141682
20.466227 -4.423262 8.967326 20.466227 -4.423262 8.967326 1.287720 0.701120 -0.017043 -741.502962 433.005239 -564.035680
21.104172 -3.932445 8.865889 21.104172 -3.932445 8.865889 0.836733 0.921946 -0.303891 -761.786724 303.082351 -392.124519
21.473116 -3.335735 8.626145 21.473116 -3.335735 8.626145 0.399792 1.048733 -0.473299 -694.683676 119.539233 -172.568850
21.596246 -2.695667 8.324983 21.596246 -2.695667 8.324983 0.024469 1.067011 -0.507438 -556.392866 -58.611257 58.774861
21.522142 -2.074996 8.044065 21.522142 -2.074996 8.044065 -0.252536 0.986916 -0.407347 -366.956094 -208.374194 274.860502
21.316999 -1.527054 7.861093 21.316999 -1.527054 7.861093 -0.410559 0.828390 -0.182627 -159.786431 -320.045860 474.206215
21.056709 -1.091473 7.846434 21.056709 -1.091473 7.846434 -0.432398 0.617141 0.149695 86.989719 -384.115729 633.534357
20.826951 -0.790741 8.054927 20.826951 -0.790741 8.054927 -0.310091 0.384612 0.553014 320.700192 -390.980093 710.861213
20.709005 -0.627808 8.514648 20.709005 -0.627808 8.514648 -0.065761 0.162734 0.979322 493.730733 -348.613082 710.166211
20.765250 -0.586694 9.224085 20.765250 -0.586694 9.224085 0.264628 -0.015314 1.375490 607.565617 -244.881591 610.394859
21.036987 -0.633389 10.151590 21.036987 -0.633389 10.151590 0.647160 -0.129383 1.703423 667.542165 -135.346602 482.713788
21.545440 -0.735381 11.260532 21.545440 -0.735381 11.260532 1.047685 -0.210590 1.993051 667.542165 -135.346602 482.713788
