2.600002 -0.407684 -2.678530 2.600002 -0.407684 -2.678530 0.636371 0.683392 0.274729 374.233083 -211.875607 576.463627
3.049186 -0.035786 -2.409929 3.049186 -0.035786 -2.409929 0.860911 0.556267 0.620607 374.233083 -211.875607 576.463627
3.627696 0.259471 -1.929157 3.627696 0.259471 -1.929157 1.058459 0.427314 0.989704 284.260509 -217.967704 653.858300
4.303518 0.476741 -1.216746 4.303518 0.476741 -1.216746 1.176913 0.297112 1.386487 110.588325 -216.037587 668.753247
5.018341 0.620602 -0.268811 5.018341 0.620602 -0.268811 1.187116 0.189893 1.766078 -76.581155 -141.361668 596.546902
5.705754 0.715257 0.890254 5.705754 0.715257 0.890254 1.085807 0.135894 2.084202 -261.114403 -38.633159 463.869543
6.298100 0.796587 2.213148 6.298100 0.796587 2.213148 0.868450 0.146452 2.306907 -463.408886 73.826825 278.479665
6.727376 0.904914 3.633471 6.727376 0.904914 3.633471 0.548501 0.226584 2.404255 -603.087335 193.279119 46.012247
6.942390 1.080893 5.070236 6.942390 1.080893 5.070236 0.158995 0.368744 2.361514 -695.266202 280.586579 -188.482255
6.911352 1.356075 6.440241 6.911352 1.356075 6.440241 -0.264599 0.554246 2.183539 -716.712516 337.752347 -404.765999
6.627307 1.750820 7.666100 6.627307 1.750820 7.666100 -0.676012 0.763908 1.883646 -654.666384 361.122829 -594.877150
6.110984 2.271652 8.681850 6.110984 2.271652 8.681850 -1.033194 0.968005 1.489921 -535.939612 319.198811 -717.540657
5.406191 2.903924 9.444119 5.406191 2.903924 9.444119 -1.296791 1.129595 1.046768 -342.717729 219.435818 -759.637454
4.580640 3.614013 9.936798 4.580640 3.614013 9.936798 -1.431357 1.225422 0.597751 -105.834248 99.989080 -737.085811
3.716126 4.357347 10.169576 3.716126 4.357347 10.169576 -1.428106 1.235830 0.189512 116.670925 -65.295558 -623.710183
2.893774 5.077159 10.179961 2.893774 5.077159 10.179961 -1.290548 1.146986 -0.139983 341.854525 -230.854084 -474.607264
2.192905 5.715064 10.022871 2.192905 5.715064 10.022871 -1.025809 0.964808 -0.363101 540.611521 -376.403862 -269.116726
1.682932 6.220103 9.769590 1.682932 6.220103 9.769590 -0.660428 0.708504 -0.459470 677.323997 -477.942752 -52.114057
1.412023 6.555583 9.496775 1.412023 6.555583 9.496775 -0.236888 0.403772 -0.429501 734.476972 -537.831410 152.011092
1.401006 6.701098 9.276956 1.401006 6.701098 9.276956 0.198348 0.081379 -0.285698 716.309780 -536.811474 327.332855
1.644184 6.657199 9.171872 1.644184 6.657199 9.171872 0.604298 -0.221207 -0.052226 636.855429 -471.810282 450.904462
2.113292 6.447816 9.225821 2.113292 6.447816 9.225821 0.945889 -0.462957 0.238927 501.782387 -334.020761 519.605720
2.759063 6.120073 9.462857 2.759063 6.120073 9.462857 1.186539 -0.612595 0.551446 300.384066 -164.773186 522.126755
3.513027 5.734016 9.883127 3.513027 5.734016 9.883127 1.306628 -0.655666 0.841818 99.911463 21.203137 445.779279
4.303958 5.355583 10.462196 4.303958 5.355583 10.462196 1.311425 -0.587192 1.077977 -83.922423 207.043989 341.415209
5.065854 5.050143 11.163193 5.065854 5.050143 11.163193 1.211808 -0.414929 1.246604 -248.134257 367.165796 220.676393
5.740911 4.875009 11.942805 5.740911 4.875009 11.942805 1.026111 -0.155962 1.338648 -370.854217 496.056279 86.136803
6.286743 4.873371 12.752509 6.286743 4.873371 12.752509 0.788191 0.154916 1.345386 -422.212804 540.204908 -63.678201
6.683406 5.062876 13.542597 6.683406 5.062876 13.542597 0.533600 0.475633 1.278774 -426.425043 528.851592 -158.360689
6.928624 5.439929 14.277417 6.928624 5.439929 14.277417 0.286818 0.775344 1.164058 -396.179852 470.183218 -224.024880
7.035271 5.982175 14.934732 7.035271 5.982175 14.934732 0.078448 1.019488 1.025668 -298.387097 343.631382 -237.277317
7.036504 6.644893 15.508384 7.036504 6.644893 15.508384 -0.061215 1.171522 0.888104 -167.157783 163.148336 -221.267918
6.975570 7.366347 16.003098 6.975570 7.366347 16.003098 -0.132091 1.215286 0.763745 -69.094175 -17.269204 -193.261181
6.890106 8.082127 16.430700 6.890106 8.082127 16.430700 -0.142410 1.153509 0.668497 34.698663 -188.653209 -124.233725
6.816054 8.731438 16.814088 6.816054 8.731438 16.814088 -0.095850 0.996130 0.617218 120.498350 -335.941573 -46.695805
6.783243 9.262933 17.178924 6.783243 9.262933 17.178924 -0.008505 0.766000 0.603753 170.654219 -431.159706 1.811880
6.808266 9.640946 17.541976 6.808266 9.640946 17.541976 0.090929 0.487409 0.607209 160.792594 -497.476848 9.708387
6.889593 9.845530 17.907090 6.889593 9.845530 17.907090 0.176541 0.197348 0.608239 124.579100 -469.393991 -6.275715
7.016072 9.884014 18.269792 7.016072 9.884014 18.269792 0.241940 -0.061459 0.598916 93.417033 -393.293972 -24.800831
7.178051 9.776346 18.624677 7.178051 9.776346 18.624677 0.297990 -0.297435 0.584035 93.417033 -393.293972 -24.800831
