2.006476 -1.626123 -3.901259 2.006476 -1.626123 -3.901259 2.005006 -0.363636 0.256138 186.329349 246.183115 441.604445
3.243019 -1.799992 -3.668087 3.243019 -1.799992 -3.668087 2.116804 -0.215927 0.521101 186.329349 246.183115 441.604445
4.541366 -1.877907 -3.278247 4.541366 -1.877907 -3.278247 2.202224 -0.031575 0.774519 98.404077 368.320864 403.122796
5.871451 -1.823122 -2.745076 5.871451 -1.823122 -2.745076 2.216458 0.226577 0.995879 -50.956970 492.187935 334.742967
7.182295 -1.595675 -2.092657 7.182295 -1.595675 -2.092657 2.136593 0.536426 1.169915 -215.259619 540.639682 245.377293
8.416235 -1.177180 -1.353362 8.416235 -1.177180 -1.353362 1.961089 0.857432 1.283033 -369.753376 529.382624 131.683146
9.518467 -0.572371 -0.566210 9.518467 -0.572371 -0.566210 1.699910 1.150364 1.330192 -500.842416 447.057468 25.512011
10.442340 0.189925 0.232552 10.442340 0.189925 0.232552 1.369794 1.376635 1.325770 -599.546146 307.177420 -40.249408
11.153563 1.060935 1.018643 11.153563 1.060935 1.018643 0.996394 1.509629 1.290992 -645.120685 136.137875 -75.678218
11.637722 1.979743 1.779045 11.637722 1.979743 1.779045 0.621541 1.533939 1.242727 -604.388405 -55.106314 -85.203703
11.907184 2.878353 2.509919 11.907184 2.878353 2.509919 0.285547 1.441706 1.194478 -515.592346 -252.337940 -75.626445
11.994663 3.688715 3.217142 11.994663 3.688715 3.217142 0.020980 1.244097 1.169846 -366.297196 -406.356516 -6.481127
11.953951 4.355160 3.920929 11.953951 4.355160 3.920929 -0.135631 0.965938 1.181184 -155.740330 -520.841962 44.273767
11.858410 4.838330 4.640584 11.858410 4.838330 4.640584 -0.159720 0.640230 1.222627 75.445063 -564.851630 93.870152
11.788880 5.120645 5.393316 11.788880 5.120645 5.393316 -0.050846 0.300572 1.290245 287.466327 -567.339853 131.524279
11.821479 5.203989 6.192134 11.821479 5.203989 6.192134 0.178449 -0.014223 1.374139 476.852490 -481.975969 148.119888
12.023864 5.117450 7.040483 12.023864 5.117450 7.040483 0.511972 -0.259660 1.449032 634.888740 -336.147171 101.526039
12.449485 4.909872 7.923601 12.449485 4.909872 7.923601 0.913695 -0.417724 1.487068 704.187984 -190.734680 25.257545
13.124289 4.635793 8.814370 13.124289 4.635793 8.814370 1.335378 -0.477729 1.472134 701.423922 -9.283005 -75.034332
14.047330 4.357915 9.677595 14.047330 4.357915 9.677595 1.734019 -0.431142 1.394363 627.380531 164.573277 -184.202935
15.189996 4.137722 10.471683 15.189996 4.137722 10.471683 2.057076 -0.288053 1.236976 449.474539 312.392182 -340.422733
16.496100 4.025345 11.146340 16.496100 4.025345 11.146340 2.281529 -0.079499 1.001462 298.701441 382.787002 -444.621672
17.918784 4.046547 11.667186 17.918784 4.046547 11.667186 2.460750 0.150173 0.734689 298.701441 382.787002 -444.621672
