-6.972107 3.607464 8.350874 -6.972107 3.607464 8.350874 1.710739 -0.666181 0.250808 -86.996033 139.041591 -40.365582
-5.961323 3.232782 8.494093 -5.961323 3.232782 8.494093 1.658542 -0.582757 0.226589 -86.996033 139.041591 -40.365582
-4.992733 2.916763 8.626688 -4.992733 2.916763 8.626688 1.551961 -0.456294 0.221906 -268.271835 282.499574 24.756560
-4.123696 2.702118 8.769009 -4.123696 2.702118 8.769009 1.321747 -0.245388 0.260364 -499.110296 420.521813 103.434407
-3.428828 2.634778 8.944257 -3.428828 2.634778 8.944257 0.980577 0.027918 0.324483 -638.123273 490.495902 110.295644
-2.958329 2.740504 9.156885 -2.958329 2.740504 9.156885 0.582782 0.325645 0.381085 -687.860274 501.930354 78.379441
-2.731504 3.022994 9.396549 -2.731504 3.022994 9.396549 0.174917 0.610581 0.412638 -671.687050 447.854774 26.797266
-2.742068 3.463056 9.645595 -2.742068 3.463056 9.645595 -0.201148 0.844791 0.411912 -581.863036 332.845745 -29.218715
-2.958666 4.022039 9.883540 -2.958666 4.022039 9.883540 -0.506137 1.005480 0.374667 -434.766998 202.784350 -94.929343
-3.329679 4.651876 10.088546 -3.329679 4.651876 10.088546 -0.712361 1.077391 0.304174 -252.648587 36.919279 -140.049103
-3.789977 5.294802 10.246376 -3.789977 5.294802 10.246376 -0.800973 1.048771 0.222817 -42.725186 -132.321589 -131.139370
-4.265071 5.893082 10.357753 -4.265071 5.893082 10.357753 -0.760706 0.933552 0.150593 176.949685 -251.740638 -109.608522
-4.679186 6.402737 10.431274 -4.679186 6.402737 10.431274 -0.602247 0.756697 0.099303 351.248327 -337.776098 -61.357845
-4.970221 6.793107 10.485804 -4.970221 6.793107 10.485804 -0.356057 0.539788 0.092450 469.382360 -385.253060 38.515017
-5.095280 7.048856 10.554340 -5.095280 7.048856 10.554340 -0.053992 0.314743 0.146224 537.501795 -364.898538 140.730862
-5.030073 7.176099 10.673792 -5.030073 7.176099 10.673792 0.272771 0.116199 0.262593 551.708342 -296.912971 247.167190
-4.769192 7.197013 10.881396 -4.769192 7.197013 10.881396 0.593348 -0.038755 0.438687 516.881250 -219.600643 339.812277
-4.325719 7.141665 11.208377 -4.325719 7.141665 11.208377 0.875605 -0.133347 0.655587 423.977218 -95.707838 383.185720
-3.731464 7.052106 11.671523 -3.731464 7.052106 11.671523 1.092872 -0.152386 0.889599 300.244087 32.246298 396.855180
-3.029748 6.971658 12.272235 -3.029748 6.971658 12.272235 1.232766 -0.107143 1.105304 166.070044 118.562827 322.163458
-2.266337 6.932140 12.987713 -2.266337 6.932140 12.987713 1.301701 -0.018876 1.270135 63.715291 175.661241 227.273203
-1.473847 6.952433 13.790704 -1.473847 6.952433 13.790704 1.339931 0.086521 1.406499 63.715291 175.661241 227.273203
