12.011492 6.039416 -2.902310 12.011492 6.039416 -2.902310 0.139284 -0.224697 1.650442 -651.026377 -387.911552 -553.638431
11.977878 5.834774 -2.011700 11.977878 5.834774 -2.011700 -0.251331 -0.457444 1.318259 -651.026377 -387.911552 -553.638431
11.717542 5.495951 -1.318781 11.717542 5.495951 -1.318781 -0.603708 -0.662854 0.994168 -523.562879 -296.786430 -526.665157
11.272707 5.054287 -0.813720 11.272707 5.054287 -0.813720 -0.859691 -0.793575 0.694971 -329.714587 -138.952455 -470.656904
10.710719 4.562776 -0.473185 10.710719 4.562776 -0.473185 -0.991641 -0.828717 0.453931 -110.118811 21.814340 -332.808287
10.108696 4.079264 -0.252964 10.108696 4.079264 -0.252964 -0.993795 -0.766671 0.293084 102.941395 185.004848 -203.350938
9.540509 3.662521 -0.104537 9.540509 3.662521 -0.104537 -0.884228 -0.605875 0.216971 262.281895 350.983681 -50.357170
9.065715 3.368817 0.023423 9.065715 3.368817 0.023423 -0.684199 -0.362064 0.220967 404.479377 461.717426 63.678185
8.731496 3.237730 0.173481 8.731496 3.237730 0.173481 -0.424041 -0.069826 0.289251 462.716610 512.411231 163.935094
8.560935 3.288615 0.380288 8.560935 3.288615 0.380288 -0.143540 0.240355 0.406349 472.284569 521.523177 226.390832
8.556942 3.522764 0.665018 8.556942 3.522764 0.665018 0.125431 0.533577 0.543035 424.287663 455.885616 229.227422
8.704239 3.917795 1.030821 8.704239 3.917795 1.030821 0.358334 0.771237 0.674180 352.054946 336.314777 207.923142
8.975065 4.430879 1.469991 8.975065 4.430879 1.469991 0.531846 0.922047 0.785112 226.318591 166.384862 161.849862
9.326699 5.002039 1.966120 9.326699 5.002039 1.966120 0.626578 0.961792 0.861869 89.454744 -33.902917 94.008205
9.711968 5.561593 2.494287 9.711968 5.561593 2.494287 0.646355 0.884356 0.888894 -23.531310 -224.215821 -3.924685
10.090461 6.042444 3.025240 10.090461 6.042444 3.025240 0.606813 0.702807 0.878153 -108.276619 -380.948830 -31.879207
10.435059 6.395557 3.546394 10.435059 6.395557 3.546394 0.541847 0.474238 0.859026 -108.276619 -380.948830 -31.879207
