-11.140421 -1.651663 0.798468 -11.140421 -1.651663 0.798468 0.865037 0.223226 -1.142493 608.571508 -293.865815 -346.964353
-10.511856 -1.570624 0.050519 -10.511856 -1.570624 0.050519 1.230179 0.046906 -1.350671 608.571508 -293.865815 -346.964353
-9.674215 -1.590810 -0.813246 -9.674215 -1.590810 -0.813246 1.545275 -0.106584 -1.513388 441.747006 -217.768722 -195.425608
-8.681103 -1.686001 -1.743794 -8.681103 -1.686001 -1.743794 1.742487 -0.197454 -1.567340 215.625784 -85.131339 15.588286
-7.609987 -1.811737 -2.668221 -7.609987 -1.811737 -2.668221 1.805918 -0.208232 -1.492130 -4.187736 49.207152 235.110570
-6.538997 -1.918521 -3.508329 -6.538997 -1.918521 -3.508329 1.744370 -0.132221 -1.286811 -200.971779 204.159800 449.287013
-5.539065 -1.953324 -4.189532 -5.539065 -1.953324 -4.189532 1.571209 0.029178 -0.967180 -376.232059 333.838898 616.149903
-4.670293 -1.868599 -4.652230 -4.670293 -1.868599 -4.652230 1.314310 0.265117 -0.563978 -480.100179 452.623163 727.854498
-3.970879 -1.625205 -4.857565 -3.970879 -1.625205 -4.857565 1.012482 0.550953 -0.117073 -525.993095 500.163962 761.829893
-3.456991 -1.205352 -4.793548 -3.456991 -1.205352 -4.793548 0.702275 0.847310 0.325681 -508.029136 487.691776 714.016516
-3.122618 -0.612715 -4.475623 -3.122618 -0.612715 -4.475623 0.419723 1.122257 0.724058 -433.810581 428.800614 613.905842
-2.941533 0.130342 -3.940821 -2.941533 0.130342 -3.940821 0.196120 1.342129 1.041724 -311.533021 304.106148 444.982875
-2.871499 0.980284 -3.249802 -2.871499 0.980284 -3.249802 0.051392 1.474222 1.238149 -170.895128 136.201045 209.767281
-2.862597 1.876918 -2.484351 -2.862597 1.876918 -2.484351 -0.007006 1.493864 1.288029 -23.761946 -70.726163 -43.502189
-2.863612 2.751567 -1.729974 -2.863612 2.751567 -1.729974 0.016066 1.406735 1.208877 100.666269 -219.704878 -220.337946
-2.835853 3.556061 -1.044309 -2.835853 3.556061 -1.044309 0.076465 1.274912 1.076674 100.666269 -219.704878 -220.337946
