-0.496176 0.795330 5.256162 -0.496176 0.795330 5.256162 -0.135446 1.027619 -0.676713 260.318731 -381.012828 13.270001
-0.530586 1.343319 4.852523 -0.530586 1.343319 4.852523 0.020745 0.799011 -0.668751 260.318731 -381.012828 13.270001
-0.461712 1.749640 4.455885 -0.461712 1.749640 4.455885 0.224785 0.547886 -0.649669 419.814818 -456.070895 50.339272
-0.239674 1.994279 4.077963 -0.239674 1.994279 4.077963 0.534676 0.264245 -0.605372 613.153533 -489.398804 97.315976
0.197011 2.066774 3.732663 0.197011 2.066774 3.732663 0.930124 -0.019191 -0.544952 705.007089 -455.386054 104.085739
0.881735 1.979483 3.421523 0.881735 1.979483 3.421523 1.351873 -0.261462 -0.497024 700.823021 -352.184676 55.674220
1.815805 1.768459 3.130120 1.815805 1.768459 3.130120 1.756356 -0.426538 -0.479670 647.455074 -198.070021 2.169983
2.978395 1.486956 2.839874 2.978395 1.486956 2.839874 2.106000 -0.495018 -0.492539 518.024084 -30.196233 -45.066542
4.324779 1.195960 2.532285 4.324779 1.195960 2.532285 2.364514 -0.455885 -0.539344 343.689750 160.638573 -110.947439
5.793487 0.961457 2.187654 5.793487 0.961457 2.187654 2.511405 -0.308933 -0.611185 145.946076 329.202238 -128.524134
7.314671 0.843134 1.799086 7.314671 0.843134 1.799086 2.539325 -0.072511 -0.681914 -52.880133 458.871039 -107.240422
8.818252 0.887677 1.372783 8.818252 0.887677 1.372783 2.455120 0.230077 -0.735514 -227.803854 549.757798 -71.424371
10.241755 1.125567 0.924583 10.241755 1.125567 0.924583 2.275618 0.564368 -0.748543 -370.534472 564.544537 27.993521
11.534556 1.562700 0.486162 11.534556 1.562700 0.486162 2.023928 0.887566 -0.703418 -468.432797 512.780484 122.422165
12.663481 2.181353 0.093218 12.663481 2.181353 0.093218 1.737298 1.164296 -0.594611 -487.000660 409.652711 240.268331
13.620119 2.943833 -0.213552 13.620119 2.943833 -0.213552 1.454696 1.360917 -0.416706 -455.006460 245.751655 352.750408
14.414964 3.793192 -0.394159 14.414964 3.793192 -0.394159 1.201335 1.451234 -0.175448 -389.529943 55.304189 451.440089
15.071107 4.663160 -0.415972 15.071107 4.663160 -0.415972 0.994904 1.430779 0.106400 -298.572830 -123.484922 488.053152
15.621777 5.488516 -0.265888 15.621777 5.488516 -0.265888 0.853113 1.302270 0.391205 -174.063869 -304.881384 461.297039
16.108943 6.207663 0.047986 16.108943 6.207663 0.047986 0.781823 1.082659 0.648573 -63.568953 -427.153583 396.598617
16.571562 6.775629 0.501692 16.571562 6.775629 0.501692 0.768522 0.802660 0.852400 19.232185 -506.177202 282.822956
17.038895 7.164513 1.053437 17.038895 7.164513 1.053437 0.793850 0.490954 0.969079 65.193178 -532.841097 106.108014
17.527409 7.366331 1.642412 17.527409 7.366331 1.642412 0.835310 0.187034 0.974886 73.007862 -480.227194 -86.752208
18.041279 7.398561 2.199711 18.041279 7.398561 2.199711 0.876832 -0.068851 0.862749 65.397344 -372.722791 -287.038148
18.576194 7.297257 2.654124 18.576194 7.297257 2.654124 0.901289 -0.257001 0.632680 16.127766 -254.442444 -479.857520
19.115989 7.107428 2.940091 19.115989 7.107428 2.940091 0.891562 -0.358811 0.308431 -48.551446 -84.924825 -600.973774
19.638985 6.885914 3.012167 19.638985 6.885914 3.012167 0.846417 -0.364471 -0.076185 -101.932211 66.058381 -681.079082
20.125399 6.686065 2.844001 20.125399 6.686065 2.844001 0.769818 -0.290120 -0.484137 -153.397507 181.776699 -678.760231
20.558874 6.550518 2.435418 20.558874 6.550518 2.435418 0.673758 -0.152031 -0.871015 -166.802824 278.522694 -610.832830
20.934310 6.511979 1.811059 20.934310 6.511979 1.811059 0.579704 0.027809 -1.196516 -146.709460 320.943297 -474.169823
21.259660 6.584907 1.019617 21.259660 6.584907 1.019617 0.511355 0.212742 -1.421927 -81.122518 295.499764 -277.202354
21.557195 6.762558 0.130951 21.557195 6.762558 0.130951 0.489305 0.374118 -1.516313 7.623238 242.418357 -37.417169
21.858478 7.025611 -0.771088 21.858478 7.025611 -0.771088 0.525515 0.494308 -1.466344 113.075951 158.215869 203.982565
22.201119 7.343166 -1.601689 22.201119 7.343166 -1.601689 0.628255 0.551693 -1.281512 229.393621 33.067504 412.122041
22.625368 7.673319 -2.285553 22.625368 7.673319 -2.285553 0.795917 0.537459 -0.979931 329.478344 -80.513683 593.149308
23.166723 7.976480 -2.759419 23.166723 7.976480 -2.759419 1.016098 0.465042 -0.587415 404.457448 -160.877424 715.238441
23.850288 8.222884 -2.980908 23.850288 8.222884 -2.980908 1.264290 0.350196 -0.147186 422.848795 -221.940564 752.188933
24.684975 8.393052 -2.933826 24.684975 8.393052 -2.933826 1.517999 0.217032 0.304127 422.848795 -221.940564 752.188933
