1.211135 3.776655 2.585144 1.211135 3.776655 2.585144 0.541608 0.107731 -0.596744 -316.933667 -341.024045 -446.641793
1.479051 3.779909 2.146702 1.479051 3.779909 2.146702 0.351447 -0.096883 -0.864729 -316.933667 -341.024045 -446.641793
1.641511 3.667912 1.549887 1.641511 3.667912 1.549887 0.204482 -0.263909 -1.120623 -172.949698 -215.726938 -406.340571
1.746403 3.481277 0.811698 1.746403 3.481277 0.811698 0.167381 -0.340643 -1.327797 49.279364 -40.054255 -284.237195
1.867349 3.279198 -0.025416 1.867349 3.279198 -0.025416 0.255184 -0.317092 -1.444708 243.395486 118.556275 -105.467045
2.072640 3.117736 -0.899646 2.072640 3.117736 -0.899646 0.443067 -0.208693 -1.450090 382.880834 242.775500 87.528361
2.412577 3.040635 -1.741847 2.412577 3.040635 -1.741847 0.698688 -0.040951 -1.337086 469.190120 316.362122 289.149381
2.917030 3.075176 -2.481318 2.917030 3.075176 -2.481318 0.984132 0.159698 -1.109927 482.288707 352.469192 468.048605
3.593037 3.233863 -3.054218 3.593037 3.233863 -3.054218 1.267085 0.368298 -0.785063 460.889585 342.865888 614.830874
4.431617 3.512080 -3.408227 4.431617 3.512080 -3.408227 1.520465 0.551628 -0.384367 383.710213 268.231027 720.822384
5.405520 3.884440 -3.508864 5.405520 3.884440 -3.508864 1.713471 0.678080 0.049305 259.644585 153.276284 724.752546
6.473588 4.312068 -3.352130 6.473588 4.312068 -3.352130 1.835507 0.735996 0.467631 147.140130 39.776832 669.665866
7.594435 4.754352 -2.958310 7.594435 4.754352 -2.958310 1.889076 0.727498 0.832939 31.422422 -68.103246 548.028283
8.727024 5.171957 -2.371170 8.727024 5.171957 -2.371170 1.875369 0.653457 1.105412 -77.109996 -178.698159 360.214429
9.834087 5.528626 -1.656474 9.834087 5.528626 -1.656474 1.807711 0.530041 1.254591 -148.418378 -232.689183 137.047845
10.890851 5.804041 -0.893905 10.890851 5.804041 -0.893905 1.712924 0.386800 1.262551 -167.538920 -244.781114 -110.513969
11.889471 5.993152 -0.169615 11.889471 5.993152 -0.169615 1.617512 0.245392 1.129501 -150.499663 -226.580376 -332.986206
12.835299 6.103489 0.438311 12.835299 6.103489 0.438311 1.539269 0.128876 0.880528 -110.311370 -161.805079 -496.923603
13.741692 6.157885 0.868984 13.741692 6.157885 0.868984 1.486519 0.062767 0.541385 -65.520504 -58.558185 -633.551504
14.625782 6.191446 1.076133 14.625782 6.191446 1.076133 1.467068 0.059839 0.143040 0.683183 48.799546 -694.265732
15.509154 6.241347 1.039291 15.509154 6.241347 1.039291 1.482517 0.115187 -0.262014 50.812658 135.693021 -655.913830
16.408160 6.339763 0.768656 16.408160 6.339763 0.768656 1.514753 0.220996 -0.632372 56.643034 217.001921 -578.614237
17.327032 6.514239 0.294437 17.327032 6.514239 0.294437 1.547861 0.365291 -0.932764 53.716116 263.981950 -422.690655
18.262694 6.780235 -0.329476 18.262694 6.780235 -0.329476 1.566474 0.520202 -1.127232 8.327369 252.387313 -225.536792
19.198186 7.134021 -1.035125 19.198186 7.134021 -1.035125 1.542010 0.652811 -1.206119 -89.874969 189.644025 -37.421292
20.101476 7.554164 -1.753082 20.101476 7.554164 -1.753082 1.459393 0.738203 -1.166320 -185.514774 94.995554 170.084908
20.937584 8.005977 -2.413231 20.937584 8.005977 -2.413231 1.317409 0.754158 -1.019132 -287.763716 -41.813186 320.540827
21.669783 8.442955 -2.959749 21.669783 8.442955 -2.959749 1.112507 0.689119 -0.790486 -395.245163 -174.981656 441.614963
22.262747 8.817366 -3.351091 22.262747 8.817366 -3.351091 0.858379 0.546312 -0.508222 -451.847720 -301.043163 499.263473
22.694390 9.083663 -3.566494 22.694390 9.083663 -3.566494 0.577013 0.329176 -0.210352 -486.040266 -422.741642 493.636286
22.955295 9.202272 -3.606438 22.955295 9.202272 -3.606438 0.296312 0.061514 0.072896 -449.626740 -469.466801 450.526160
23.058176 9.154714 -3.486718 23.058176 9.154714 -3.486718 0.056668 -0.219979 0.317649 -349.187441 -468.841093 365.316078
23.036802 8.940430 -3.237251 23.036802 8.940430 -3.237251 -0.115455 -0.490807 0.502440 -224.555520 -433.920738 250.652276
22.937486 8.574732 -2.897422 22.937486 8.574732 -2.897422 -0.198303 -0.716702 0.619071 -51.604374 -319.060739 138.118942
22.821373 8.096896 -2.506651 22.821373 8.096896 -2.506651 -0.168480 -0.860058 0.674279 151.013082 -158.794615 45.906267
22.758380 7.562950 -2.099318 22.758380 7.562950 -2.099318 -0.023306 -0.901975 0.674336 332.901832 19.072559 -45.715437
22.814537 7.035985 -1.705088 22.814537 7.035985 -1.705088 0.227527 -0.836594 0.636192 503.206939 198.864968 -81.430294
23.047756 6.579636 -1.336742 23.047756 6.579636 -1.336742 0.560074 -0.668217 0.593776 605.283963 362.389428 -59.955761
23.495321 6.250475 -0.989861 23.495321 6.250475 -0.989861 0.936096 -0.418090 0.564836 648.120350 471.369714 -36.510752
24.173641 6.084468 -0.657531 24.173641 6.084468 -0.657531 1.324968 -0.135268 0.542930 648.120350 471.369714 -36.510752
