9.084976 0.081990 7.145826 9.084976 0.081990 7.145826 1.137301 0.287922 -0.235879 -66.881299 -298.797593 -699.574478
9.755318 0.200959 6.878375 9.755318 0.200959 6.878375 1.097172 0.108643 -0.655624 -66.881299 -298.797593 -699.574478
10.398197 0.216633 6.366228 10.398197 0.216633 6.366228 1.040115 -0.049278 -1.039613 -123.309448 -227.605436 -580.391498
10.997768 0.153281 5.648480 10.997768 0.153281 5.648480 0.954621 -0.149926 -1.335398 -161.670833 -107.890571 -405.558737
11.541863 0.051741 4.787701 11.541863 0.051741 4.787701 0.859731 -0.175478 -1.511428 -154.629363 22.717557 -181.207207
12.031808 -0.040847 3.860792 12.031808 -0.040847 3.860792 0.776653 -0.118798 -1.557329 -122.297467 166.216171 28.205277
12.478458 -0.073298 2.943802 12.478458 -0.073298 2.943802 0.716637 0.025476 -1.478753 -77.755456 314.696881 233.715820
12.899346 0.005344 2.107440 12.899346 0.005344 2.107440 0.694494 0.247848 -1.294419 3.944967 426.542855 380.730399
13.318994 0.234306 1.406040 13.318994 0.234306 1.406040 0.708068 0.521156 -1.032382 41.302784 484.484738 492.725451
13.752829 0.633515 0.878883 13.752829 0.633515 0.878883 0.740647 0.808388 -0.718839 67.293879 472.954767 552.417944
14.209782 1.200728 0.544619 14.209782 1.200728 0.544619 0.783285 1.077402 -0.399370 74.834679 423.759444 512.477928
14.690416 1.917037 0.393437 14.690416 1.917037 0.393437 0.814150 1.299613 -0.110912 28.048707 316.944395 449.050298
15.179810 2.743273 0.401758 15.179810 2.743273 0.401758 0.810255 1.436871 0.128711 -41.034781 140.582264 349.690678
15.652105 3.619791 0.532829 15.652105 3.619791 0.532829 0.753272 1.466669 0.293029 -148.907896 -41.255737 198.036687
16.069935 4.481334 0.736609 16.069935 4.481334 0.736609 0.627283 1.386755 0.373429 -271.055544 -225.124838 69.964239
16.391312 5.262317 0.966499 16.391312 5.262317 0.966499 0.433635 1.198941 0.381606 -374.437165 -400.921357 -42.707471
16.578698 5.902802 1.183055 16.578698 5.902802 1.183055 0.181991 0.924819 0.332378 -464.377013 -512.819560 -121.385991
16.602100 6.361731 1.357460 16.602100 6.361731 1.357460 -0.107659 0.598853 0.243683 -501.122370 -573.732134 -174.265513
16.448008 6.617328 1.471623 16.448008 6.617328 1.471623 -0.404807 0.252401 0.135729 -489.370248 -581.107852 -185.578466
16.122144 6.668536 1.522706 16.122144 6.668536 1.522706 -0.672893 -0.074431 0.039632 -404.249090 -508.332399 -134.746685
15.651153 6.539380 1.524894 15.651153 6.539380 1.524894 -0.887896 -0.344421 -0.027899 -312.427454 -391.634229 -90.354860
15.062179 6.262233 1.491891 15.062179 6.262233 1.491891 -1.075352 -0.579401 -0.082111 -312.427454 -391.634229 -90.354860
