-11.743507 3.399153 -9.315405 -11.743507 3.399153 -9.315405 0.757921 0.497602 1.180628 489.927389 320.637541 266.801072
-11.200568 3.755429 -8.559004 -11.200568 3.755429 -8.559004 1.051878 0.689985 1.340708 489.927389 320.637541 266.801072
-10.486970 4.218885 -7.713086 -10.486970 4.218885 -7.713086 1.317254 0.841118 1.468133 394.660193 183.140511 157.949263
-9.634715 4.746419 -6.815221 -9.634715 4.746419 -6.815221 1.508373 0.900493 1.505674 242.403266 14.776474 -32.814199
-8.694650 5.280136 -5.928375 -8.694650 5.280136 -5.928375 1.610858 0.863166 1.432725 99.214483 -139.199023 -210.349383
-7.718129 5.765165 -5.116419 -7.718129 5.765165 -5.116419 1.631125 0.740572 1.257435 -31.660028 -269.447908 -373.950102
-6.750715 6.155901 -4.437811 -6.750715 6.155901 -4.437811 1.584316 0.553368 0.990356 -124.368063 -354.565985 -516.311866
-5.825348 6.421531 -3.941698 -5.825348 6.421531 -3.941698 1.495513 0.327784 0.654746 -171.643050 -397.382120 -602.390554
-4.958422 6.548160 -3.658871 -4.958422 6.548160 -3.658871 1.395098 0.096793 0.285364 -163.073089 -372.586013 -628.882184
-4.149399 6.543631 -3.597746 -4.149399 6.543631 -3.597746 1.303842 -0.104455 -0.076441 -141.113304 -298.241499 -577.134505
-3.389658 6.432952 -3.740376 -3.389658 6.432952 -3.740376 1.233356 -0.255012 -0.387128 -93.840971 -203.616632 -458.486856
-2.662453 6.250464 -4.045115 -2.662453 6.250464 -4.045115 1.197465 -0.341333 -0.611890 -25.794206 -84.118090 -290.721994
-1.944182 6.036972 -4.451048 -1.944182 6.036972 -4.451048 1.204161 -0.359554 -0.718669 48.113001 23.380472 -65.207430
-1.211100 5.831623 -4.879731 -1.211100 5.831623 -4.879731 1.242655 -0.314652 -0.686517 80.201446 126.295090 172.380624
-0.450448 5.669816 -5.247183 -0.450448 5.669816 -5.247183 1.293892 -0.217621 -0.515937 90.588462 197.139550 396.219040
0.341377 5.575461 -5.474577 0.341377 5.575461 -5.474577 1.344161 -0.095675 -0.223961 76.975874 209.347189 577.034378
1.158484 5.553333 -5.497540 1.158484 5.553333 -5.497540 1.374123 0.017905 0.159994 22.894925 169.253363 702.815750
1.981807 5.591730 -5.270907 1.981807 5.591730 -5.270907 1.361502 0.105399 0.602336 -64.965155 122.391722 771.659350
2.781642 5.671385 -4.770840 2.781642 5.671385 -4.770840 1.295659 0.150760 1.064162 -154.510079 28.811677 767.758704
3.526134 5.760339 -4.000561 3.526134 5.760339 -4.000561 1.177494 0.134610 1.492745 -239.374450 -82.643319 660.850490
4.186170 5.820503 -2.995581 4.186170 5.820503 -2.995581 1.017005 0.056392 1.841158 -295.586740 -178.082636 500.527733
4.741707 5.816782 -1.812115 4.741707 5.816782 -1.812115 0.832350 -0.077968 2.084853 -319.929935 -269.785230 311.789486
5.183831 5.718973 -0.518512 5.183831 5.718973 -0.518512 0.641900 -0.252172 2.204774 -314.904449 -310.894658 87.948048
5.516618 5.513300 0.807460 5.516618 5.513300 0.807460 0.474607 -0.430749 2.193926 -242.739860 -284.363379 -124.109031
5.766015 5.207420 2.090181 5.766015 5.207420 2.090181 0.370593 -0.582595 2.062983 -103.971302 -221.789414 -312.367784
5.978098 4.822583 3.263291 5.978098 4.822583 3.263291 0.350419 -0.692456 1.833294 36.722604 -144.412953 -453.261521
6.194959 4.381115 4.281680 6.194959 4.381115 4.281680 0.372452 -0.779104 1.561337 36.722604 -144.412953 -453.261521
