-5.507859 2.097588 -4.015010 -5.507859 2.097588 -4.015010 1.414648 -0.297579 0.518291 394.643127 -104.485073 -379.176468
-4.588034 1.900234 -3.772287 -4.588034 1.900234 -3.772287 1.651434 -0.360270 0.290785 394.643127 -104.485073 -379.176468
-3.526095 1.673840 -3.670317 -3.526095 1.673840 -3.670317 1.888435 -0.380081 0.042032 395.357553 38.446927 -449.999821
-2.324926 1.463493 -3.731266 -2.324926 1.463493 -3.731266 2.110368 -0.303109 -0.253809 344.420451 218.128373 -536.138270
-1.001660 1.328271 -3.979831 -1.001660 1.328271 -3.979831 2.292270 -0.135332 -0.574364 261.919825 341.126618 -532.379126
0.411475 1.311696 -4.416499 0.411475 1.311696 -4.416499 2.402560 0.085453 -0.874897 105.711880 394.825176 -469.396677
1.861295 1.434649 -5.018268 1.861295 1.434649 -5.018268 2.412265 0.325408 -1.118233 -73.361198 405.023740 -341.721778
3.285370 1.699763 -5.738979 3.285370 1.699763 -5.738979 2.317855 0.553249 -1.264574 -241.336395 354.446131 -146.081142
4.621850 2.089885 -6.511969 4.621850 2.089885 -6.511969 2.119090 0.737778 -1.291976 -421.215822 260.650695 54.738894
5.809206 2.572982 -7.264620 5.809206 2.572982 -7.264620 1.824967 0.861730 -1.195724 -559.195222 152.520640 266.102504
6.797884 3.109761 -7.920719 6.797884 3.109761 -7.920719 1.461213 0.914683 -0.968881 -653.315035 23.990703 490.041503
7.555364 3.655153 -8.403962 7.555364 3.655153 -8.403962 1.060969 0.890395 -0.625467 -680.834493 -104.950022 654.670335
8.072782 4.164483 -8.655757 8.072782 4.164483 -8.655757 0.669402 0.797344 -0.204441 -624.385942 -205.221096 748.750839
8.369306 4.603168 -8.640760 8.369306 4.603168 -8.640760 0.331132 0.660307 0.259241 -503.183159 -251.568748 796.853836
8.488177 4.953044 -8.344800 8.488177 4.953044 -8.344800 0.083045 0.504238 0.722262 -323.771505 -268.660012 746.550032
8.492270 5.209132 -7.784762 8.492270 5.209132 -7.784762 -0.048493 0.352559 1.131704 -114.688402 -236.938842 618.257728
8.457555 5.382544 -7.004830 8.457555 5.382544 -7.004830 -0.042183 0.233025 1.450771 135.721525 -161.507564 445.299753
8.469803 5.499830 -6.066345 8.469803 5.499830 -6.066345 0.104888 0.168834 1.657296 354.514814 -52.461902 243.114734
8.606780 5.597725 -5.043350 8.606780 5.597725 -5.043350 0.368753 0.167545 1.727447 525.035100 48.164359 -9.278902
8.930789 5.712006 -4.021812 8.930789 5.712006 -4.021812 0.725026 0.221870 1.655579 662.542206 132.920119 -230.279918
9.489164 5.873094 -3.080690 9.489164 5.873094 -3.080690 1.143061 0.321823 1.463536 730.906100 200.255531 -409.861996
10.304610 6.104199 -2.284387 10.304610 6.104199 -2.284387 1.571840 0.451805 1.177401 698.356673 233.018434 -543.921616
11.368257 6.415975 -1.679239 11.368257 6.415975 -1.679239 1.965048 0.585362 0.834115 612.339204 212.173025 -600.367304
12.647995 6.801310 -1.287234 12.647995 6.801310 -1.287234 2.284889 0.692301 0.471907 453.796003 144.290802 -606.991986
14.088396 7.236561 -1.109265 14.088396 7.236561 -1.109265 2.496087 0.748366 0.128130 250.196466 42.592630 -538.929792
15.618497 7.685713 -1.120612 15.618497 7.685713 -1.120612 2.583276 0.736246 -0.151320 40.433983 -82.995467 -392.570122
17.162621 8.105094 -1.272435 17.162621 8.105094 -1.272435 2.541935 0.649312 -0.338704 -178.237658 -206.781608 -232.044785
18.644930 8.450348 -1.507686 18.644930 8.450348 -1.507686 2.381150 0.489683 -0.429231 -357.710967 -325.315135 -69.710059
20.001272 8.680707 -1.767942 20.001272 8.680707 -1.767942 2.126724 0.270023 -0.421907 -490.377678 -406.887274 94.123293
21.184354 8.767346 -1.995100 21.184354 8.767346 -1.995100 1.809075 0.015215 -0.320213 -568.450271 -442.472368 244.856395
22.167350 8.698331 -2.137584 22.167350 8.698331 -2.137584 1.467365 -0.242765 -0.145454 -570.584919 -417.460386 337.672127
22.947165 8.482472 -2.161752 22.947165 8.482472 -2.161752 1.135521 -0.468526 0.068767 -535.561854 -335.074517 376.398387
23.538424 8.148334 -2.052423 23.538424 8.148334 -2.052423 0.845922 -0.633115 0.296193 -429.765780 -213.555980 381.688170
23.975958 7.739552 -1.808532 23.975958 7.739552 -1.808532 0.624755 -0.713615 0.512566 -307.457858 -54.779434 339.554306
24.303611 7.311748 -1.445031 24.303611 7.311748 -1.445031 0.480990 -0.695356 0.690507 -171.759901 115.644214 253.585058
24.568749 6.925712 -0.990525 24.568749 6.925712 -0.990525 0.415241 -0.574163 0.815436 -47.402376 288.332249 162.842297
24.815995 6.640935 -0.476640 24.815995 6.640935 -0.476640 0.419968 -0.362056 0.889703 63.159183 418.692347 84.714342
25.082923 6.504099 0.068978 25.082923 6.504099 0.068978 0.475756 -0.085679 0.923270 122.801375 502.563446 27.176021
25.391981 6.544958 0.625324 25.391981 6.544958 0.625324 0.556933 0.224884 0.927040 147.787225 532.645437 -14.607284
25.752118 6.773632 1.178230 25.752118 6.773632 1.178230 0.642483 0.533811 0.914829 137.378841 497.112134 -26.096093
26.160143 7.176817 1.724475 26.160143 7.176817 1.724475 0.713946 0.799166 0.909394 100.830628 387.405047 7.979133
26.601792 7.715278 2.275435 26.601792 7.715278 2.275435 0.750104 0.977751 0.933621 19.698240 207.877599 72.776224
27.052086 8.330671 2.851327 27.052086 8.330671 2.851327 0.745353 1.059103 0.990381 -35.536814 63.296768 116.423894
27.492901 8.977527 3.466511 27.492901 8.977527 3.466511 0.724031 1.097081 1.060235 -35.536814 63.296768 116.423894
