-4.129919 -2.146018 -3.869537 -4.129919 -2.146018 -3.869537 1.475221 -0.147408 2.426716 -113.778809 -366.377959 -80.836991
-3.265267 -2.300411 -2.428058 -3.265267 -2.300411 -2.428058 1.406954 -0.367235 2.378214 -113.778809 -366.377959 -80.836991
-2.451340 -2.584539 -1.026650 -2.451340 -2.584539 -1.026650 1.289861 -0.576256 2.274860 -276.530959 -330.358578 -263.676588
-1.740164 -2.983709 0.276660 -1.740164 -2.983709 0.276660 1.059115 -0.744234 2.045934 -492.621019 -229.567061 -499.408522
-1.201988 -3.465118 1.405326 -1.201988 -3.465118 1.405326 0.720435 -0.849707 1.701285 -636.312937 -122.010990 -649.421429
-0.888957 -3.986790 2.305148 -0.888957 -3.986790 2.305148 0.315181 -0.872342 1.291368 -714.534715 46.560554 -716.969462
-0.828202 -4.491132 2.951550 -0.828202 -4.491132 2.951550 -0.112227 -0.790992 0.864365 -710.158509 224.607331 -706.371942
-1.017782 -4.916870 3.347151 -1.017782 -4.916870 3.347151 -0.510397 -0.614093 0.461184 -617.075216 365.055995 -637.567099
-1.426533 -5.212590 3.517655 -1.426533 -5.212590 3.517655 -0.837841 -0.359928 0.121425 -474.404335 482.161118 -494.960599
-2.003096 -5.337544 3.512567 -2.003096 -5.337544 3.512567 -1.064810 -0.049563 -0.119803 -282.159082 552.385960 -309.135559
-2.678125 -5.268034 3.397289 -2.678125 -5.268034 3.397289 -1.160876 0.280958 -0.244044 -38.062138 549.352952 -105.000423
-3.367196 -5.004201 3.243744 -3.367196 -5.004201 3.243744 -1.112184 0.592442 -0.248134 200.369781 488.926873 91.366944
-3.986420 -4.567416 3.122028 -3.986420 -4.567416 3.122028 -0.931862 0.852363 -0.139724 400.704226 377.476768 270.001911
-4.464162 -3.998691 3.094881 -4.464162 -3.998691 3.094881 -0.645201 1.025658 0.062712 554.833710 200.172492 404.782053
-4.744933 -3.357955 3.209724 -4.744933 -3.357955 3.209724 -0.279902 1.092309 0.327355 662.828852 21.998920 477.363000
-4.790827 -2.709818 3.492337 -4.790827 -2.709818 3.492337 0.131486 1.049470 0.615148 708.463474 -164.797151 481.947179
-4.586956 -2.120300 3.946357 -4.586956 -2.120300 3.946357 0.543845 0.898085 0.895221 666.067774 -339.819470 451.627695
-4.147135 -1.650082 4.559664 -4.147135 -1.650082 4.559664 0.911590 0.656870 1.140604 559.747784 -464.230091 366.317171
-3.507515 -1.344305 5.302701 -3.507515 -1.344305 5.302701 1.206998 0.354411 1.324079 424.944936 -543.968603 245.264613
-2.717216 -1.229493 6.133678 -2.717216 -1.229493 6.133678 1.410013 0.028433 1.433153 251.774207 -542.623754 118.315799
-1.837339 -1.304683 7.007514 -1.837339 -1.304683 7.007514 1.503827 -0.270030 1.467377 60.937214 -452.252966 -4.235423
-0.932164 -1.542232 7.882247 -0.932164 -1.542232 7.882247 1.499943 -0.512011 1.440180 -73.883970 -354.350603 -86.420672
-0.045497 -1.913222 8.730799 -0.045497 -1.913222 8.730799 1.455613 -0.724622 1.388328 -73.883970 -354.350603 -86.420672
