-2.954349 -5.306467 9.500378 -2.954349 -5.306467 9.500378 -0.115467 0.829648 -0.205790 51.320899 190.297008 -281.635304
-3.014392 -4.774424 9.326210 -3.014392 -4.774424 9.326210 -0.084674 0.943826 -0.374771 51.320899 190.297008 -281.635304
-3.058629 -4.183437 9.060470 -3.058629 -4.183437 9.060470 -0.067232 1.010195 -0.494665 6.820036 30.932749 -118.009595
-3.099289 -3.583463 8.754948 -3.099289 -3.583463 8.754948 -0.070882 0.970200 -0.502879 -18.986765 -164.250280 90.627210
-3.145951 -3.041129 8.479417 -3.145951 -3.041129 8.479417 -0.085853 0.820546 -0.399083 -30.917093 -334.596854 255.359234
-3.201998 -2.615768 8.292600 -3.201998 -2.615768 8.292600 -0.099252 0.586092 -0.212529 -13.746323 -446.915597 366.490247
-3.260789 -2.347640 8.234844 -3.260789 -2.347640 8.234844 -0.091324 0.302532 0.026332 40.174429 -498.285225 429.712036
-3.302392 -2.256248 8.328050 -3.302392 -2.256248 8.328050 -0.037422 0.001385 0.284450 139.497987 -505.536805 430.679862
-3.293935 -2.342373 8.573169 -3.293935 -2.342373 8.573169 0.075281 -0.281738 0.527493 236.179504 -438.206467 379.463062
-3.201875 -2.582470 8.952672 -3.201875 -2.582470 8.952672 0.238881 -0.505545 0.728690 309.154848 -307.816996 291.193259
-2.999757 -2.931809 9.435051 -2.999757 -2.931809 9.435051 0.440082 -0.643262 0.867159 361.513026 -151.238503 170.372638
-2.669291 -3.335897 9.978485 -2.669291 -3.335897 9.978485 0.663714 -0.688543 0.931738 383.928800 0.299745 44.888898
-2.203186 -3.739542 10.539748 -2.203186 -3.739542 10.539748 0.887915 -0.641230 0.929376 363.408372 157.409670 -52.762228
-1.609287 -4.088391 11.084239 -1.609287 -4.088391 11.084239 1.084645 -0.509006 0.879531 292.355649 283.339711 -113.386568
-0.913989 -4.337766 11.588447 -0.913989 -4.337766 11.588447 1.219490 -0.313865 0.795994 157.127404 367.130339 -165.069764
-0.163588 -4.457873 12.035678 -0.163588 -4.457873 12.035678 1.265889 -0.082944 0.693689 -2.464343 402.605831 -175.947391
0.585286 -4.436668 12.422972 0.585286 -4.436668 12.422972 1.213335 0.151130 0.601877 -172.715531 377.639326 -130.094183
1.272141 -4.282357 12.763639 1.272141 -4.282357 12.763639 1.059420 0.356000 0.538608 -340.333901 305.262686 -80.800585
1.837149 -4.020394 13.075169 1.837149 -4.020394 13.075169 0.808298 0.506237 0.504672 -496.738033 195.524790 -32.320187
2.227828 -3.688560 13.375911 2.227828 -3.688560 13.375911 0.485822 0.588038 0.504066 -578.181150 77.146507 30.301419
2.412800 -3.328302 13.686288 2.412800 -3.328302 13.686288 0.126670 0.602074 0.534660 -618.992027 -30.360781 71.676583
2.379302 -2.978813 14.019975 2.379302 -2.978813 14.019975 -0.235133 0.552405 0.577611 -587.020641 -135.201382 71.493085
2.138927 -2.675231 14.376856 2.138927 -2.675231 14.376856 -0.555503 0.453656 0.607739 -480.879245 -193.961054 28.933903
1.729313 -2.438784 14.742091 1.729313 -2.438784 14.742091 -0.792801 0.333115 0.602017 -310.111912 -207.844263 -48.005353
1.211295 -2.274491 15.089309 1.211295 -2.274491 15.089309 -0.911453 0.217585 0.546457 -85.395620 -177.253370 -137.194682
0.662400 -2.171968 15.385934 0.662400 -2.171968 15.385934 -0.895953 0.130623 0.431368 137.061247 -112.622414 -246.435662
0.163131 -2.107693 15.593431 0.163131 -2.107693 15.593431 -0.745553 0.093916 0.248679 364.273472 -9.733816 -362.529216
-0.206865 -2.047257 15.672924 -0.206865 -2.047257 15.672924 -0.468158 0.117267 0.008865 560.374959 87.570039 -436.848155
-0.377496 -1.955613 15.596294 -0.377496 -1.955613 15.596294 -0.084954 0.197418 -0.269826 716.973304 179.601292 -492.123132
-0.294804 -1.799274 15.345435 -0.294804 -1.799274 15.345435 0.368278 0.332976 -0.567005 793.800686 272.258394 -498.475121
0.068287 -1.548776 14.920298 0.068287 -1.548776 14.920298 0.840757 0.504859 -0.842131 781.128748 300.683876 -418.608876
0.707764 -1.192999 14.347950 0.707764 -1.192999 14.347950 1.281533 0.678962 -1.051896 688.124893 279.659129 -280.608862
1.593514 -0.738342 13.673169 1.593514 -0.738342 13.673169 1.659245 0.831468 -1.185929 570.913023 228.696534 -166.168715
2.691825 -0.198295 12.931702 2.691825 -0.198295 12.931702 2.001793 0.968686 -1.285630 570.913023 228.696534 -166.168715
