-1.022557 -0.639442 -7.704653 -1.022557 -0.639442 -7.704653 -0.515965 0.608889 1.271666 -483.075357 -304.711489 -159.942287
-1.419090 -0.328956 -6.970443 -1.419090 -0.328956 -6.970443 -0.805811 0.426062 1.175701 -483.075357 -304.711489 -159.942287
-1.978728 -0.132758 -6.301977 -1.978728 -0.132758 -6.301977 -1.041651 0.220279 1.038910 -303.057994 -381.232918 -296.029033
-2.644206 -0.070991 -5.742107 -2.644206 -0.070991 -5.742107 -1.153169 -0.017355 0.810342 -68.668281 -410.882231 -465.862900
-3.336261 -0.151512 -5.346373 -3.336261 -0.151512 -5.346373 -1.133339 -0.244628 0.497746 134.767235 -346.691458 -576.122853
-3.981547 -0.356284 -5.154288 -3.981547 -0.356284 -5.154288 -1.000181 -0.430599 0.137766 309.091059 -273.211771 -623.811834
-4.516642 -0.656416 -5.181877 -4.516642 -0.656416 -5.181877 -0.767838 -0.557499 -0.226331 465.387434 -149.789877 -589.844195
-4.889693 -1.009380 -5.416161 -4.889693 -1.009380 -5.416161 -0.469196 -0.604884 -0.541805 530.084709 -8.160452 -461.735763
-5.074537 -1.367779 -5.817691 -5.074537 -1.367779 -5.817691 -0.144856 -0.579777 -0.785522 551.050706 91.850038 -350.655870
-5.062262 -1.699112 -6.352123 -5.062262 -1.699112 -6.352123 0.185775 -0.524667 -0.995916 551.050706 91.850038 -350.655870
