-7.391147 6.516739 -8.894362 -7.391147 6.516739 -8.894362 0.082516 0.561759 -0.109047 -174.931010 -542.187776 271.128973
-7.373125 6.756201 -8.910987 -7.373125 6.756201 -8.910987 -0.022442 0.236447 0.053631 -174.931010 -542.187776 271.128973
-7.410309 6.801766 -8.833996 -7.410309 6.801766 -8.833996 -0.088554 -0.082414 0.196353 -45.441348 -520.682660 204.611527
-7.460373 6.663214 -8.685396 -7.460373 6.663214 -8.685396 -0.059582 -0.371727 0.288912 142.014607 -443.691224 103.918030
-7.462487 6.368501 -8.497279 -7.462487 6.368501 -8.497279 0.065990 -0.597003 0.331590 276.557667 -307.230583 38.342355
-7.369575 5.964261 -8.293855 -7.369575 5.964261 -8.293855 0.249612 -0.735025 0.342435 335.516735 -152.842132 -2.191034
-7.157803 5.505447 -8.090075 -7.157803 5.505447 -8.090075 0.458980 -0.778168 0.334689 362.375555 9.030754 -23.629839
-6.817471 5.048708 -7.891578 -6.817471 5.048708 -7.891578 0.674992 -0.730066 0.330194 357.664368 151.309080 8.645853
-6.351291 4.645147 -7.688563 -6.351291 4.645147 -7.688563 0.873616 -0.603063 0.352093 304.417272 272.034978 64.350570
-5.777500 4.335487 -7.462255 -5.777500 4.335487 -7.462255 1.030398 -0.423784 0.408049 218.188196 325.561365 122.170936
-5.124724 4.140683 -7.191309 -5.124724 4.140683 -7.191309 1.137628 -0.224122 0.501983 139.245261 339.979308 190.941721
-4.421451 4.064905 -6.852778 -4.421451 4.064905 -6.852778 1.199337 -0.032638 0.631404 66.451306 298.300423 240.461543
-3.693751 4.094520 -6.429498 -3.693751 4.094520 -6.429498 1.219887 0.123861 0.781453 2.047847 223.362838 259.700351
-2.961970 4.202269 -5.915572 -2.961970 4.202269 -5.915572 1.218519 0.224016 0.928815 -6.607604 110.489389 231.507376
-2.231345 4.349695 -5.320130 -2.231345 4.349695 -5.320130 1.218071 0.255951 1.050130 5.116721 -4.040901 172.876578
-1.497566 4.495752 -4.664647 -1.497566 4.495752 -4.664647 1.231216 0.219597 1.125290 38.699115 -117.140103 77.656800
-0.747693 4.601342 -3.983524 -0.747693 4.601342 -3.983524 1.275324 0.123899 1.131740 108.326168 -201.851574 -56.158596
0.040765 4.637420 -3.323073 0.040765 4.637420 -3.323073 1.359146 -0.006856 1.055625 171.081204 -233.999284 -197.556846
0.890793 4.591027 -2.733934 0.890793 4.591027 -2.733934 1.480520 -0.148052 0.893711 233.499038 -236.654326 -342.157613
1.823859 4.462652 -2.265762 1.823859 4.462652 -2.265762 1.634244 -0.274775 0.656086 278.913551 -185.756372 -449.924404
2.853804 4.268654 -1.956496 2.853804 4.268654 -1.956496 1.797562 -0.364711 0.369139 265.481929 -114.027736 -506.565688
3.977898 4.036202 -1.826384 3.977898 4.036202 -1.826384 1.945702 -0.398631 0.064249 228.317075 0.958574 -509.734123
5.180767 3.803984 -1.876597 5.180767 3.803984 -1.876597 2.054445 -0.364117 -0.226640 134.159353 114.090587 -459.896874
6.430461 3.610850 -2.088565 6.430461 3.610850 -2.088565 2.099333 -0.271662 -0.468591 15.466652 194.090744 -346.605753
7.683616 3.486466 -2.421461 7.683616 3.486466 -2.421461 2.062466 -0.136824 -0.623316 -138.357387 255.370265 -169.144540
8.887205 3.452499 -2.813414 8.887205 3.452499 -2.813414 1.934523 0.027205 -0.662387 -288.119437 291.392541 38.907345
9.988105 3.519387 -3.190298 9.988105 3.519387 -3.190298 1.721893 0.192610 -0.571320 -420.647252 259.956453 264.650044
10.938849 3.676572 -3.473158 10.938849 3.676572 -3.473158 1.436125 0.322722 -0.351056 -531.911903 173.752567 469.562812
11.702127 3.894898 -3.589879 11.702127 3.894898 -3.589879 1.103715 0.394057 -0.022358 -576.121206 64.028596 626.097757
12.262076 4.135118 -3.484141 12.262076 4.135118 -3.484141 0.765152 0.393781 0.385577 -552.422642 -64.948054 733.687512
12.626344 4.351146 -3.117593 12.626344 4.351146 -3.117593 0.456764 0.312063 0.841479 -475.535677 -207.445603 785.985423
12.822768 4.493308 -2.473827 12.822768 4.493308 -2.473827 0.211252 0.148915 1.300075 -342.839694 -336.381261 742.666273
12.899294 4.516688 -1.567654 12.899294 4.516688 -1.567654 0.062979 -0.080013 1.707913 -151.402843 -426.709892 616.795427
12.923585 4.389438 -0.441590 12.923585 4.389438 -0.441590 0.040918 -0.348214 2.029456 77.867215 -467.296189 455.013743
12.975106 4.097279 0.844430 12.975106 4.097279 0.844430 0.152406 -0.624176 2.234681 293.760126 -452.576786 229.070235
13.130910 3.646157 2.211984 13.130910 3.646157 2.211984 0.386080 -0.871484 2.299688 485.152413 -371.781286 -12.381746
13.459265 3.065566 3.575826 13.459265 3.065566 3.575826 0.724071 -1.048454 2.223551 641.485200 -218.119901 -241.409096
14.014126 2.406148 4.856099 14.014126 2.406148 4.856099 1.133714 -1.134743 2.026684 723.990746 -69.508954 -414.814362
14.824673 1.712791 5.997442 14.824673 1.712791 5.997442 1.568109 -1.176448 1.777795 723.990746 -69.508954 -414.814362
