1.844698 -4.329463 -7.266127 1.844698 -4.329463 -7.266127 1.325290 -1.123890 1.998125 -183.484377 254.087261 -219.247696
2.606845 -4.958061 -6.106717 2.606845 -4.958061 -6.106717 1.215200 -0.971438 1.866576 -183.484377 254.087261 -219.247696
3.293696 -5.487225 -5.033640 3.293696 -5.487225 -5.033640 1.058903 -0.779172 1.698004 -337.506451 386.799474 -342.660676
3.856198 -5.876202 -4.083028 3.856198 -5.876202 -4.083028 0.795955 -0.502583 1.459853 -538.986109 535.161740 -451.176378
4.229263 -6.078503 -3.289587 4.229263 -6.078503 -3.289587 0.435112 -0.166883 1.182854 -663.822138 583.837989 -472.151513
4.367358 -6.075062 -2.661802 4.367358 -6.075062 -2.661802 0.019396 0.175816 0.914860 -721.898892 558.493424 -421.163627
4.249223 -5.872708 -2.184078 4.249223 -5.872708 -2.184078 -0.412893 0.492593 0.685253 -719.065936 497.430252 -344.190711
3.878248 -5.495575 -1.828478 3.878248 -5.495575 -1.828478 -0.813370 0.751248 0.510747 -615.855434 364.753647 -237.497139
3.290790 -4.990830 -1.557379 3.290790 -4.990830 -1.557379 -1.125794 0.911802 0.405250 -425.557416 170.423614 -114.159449
2.548369 -4.421522 -1.328585 2.548369 -4.421522 -1.328585 -1.332850 0.971808 0.367719 -264.631325 29.596709 -10.945568
1.701025 -3.833110 -1.109924 1.701025 -3.833110 -1.109924 -1.491629 0.989566 0.361151 -264.631325 29.596709 -10.945568
