-7.097039 -3.063645 1.324897 -7.097039 -3.063645 1.324897 0.052808 0.563444 0.850853 -6.000819 -412.937912 330.531401
-7.066434 -2.799907 1.894904 -7.066434 -2.799907 1.894904 0.049208 0.315681 1.049172 -6.000819 -412.937912 330.531401
-7.035719 -2.681343 2.572037 -7.035719 -2.681343 2.572037 0.056957 0.085343 1.188159 31.830459 -354.857355 132.759354
-6.990213 -2.687351 3.293195 -6.990213 -2.687351 3.293195 0.104069 -0.094270 1.189646 125.208649 -243.852140 -127.803213
-6.900823 -2.779078 3.970666 -6.900823 -2.779078 3.970666 0.201251 -0.196936 1.046404 198.733503 -98.366356 -349.667966
-6.739678 -2.907245 4.525287 -6.739678 -2.907245 4.525287 0.343600 -0.217455 0.785197 275.761548 29.968127 -521.023858
-6.479029 -3.024469 4.895316 -6.479029 -3.024469 4.895316 0.533319 -0.160202 0.436061 356.635120 160.875128 -642.760667
-6.093395 -3.086106 5.037382 -6.093395 -3.086106 5.037382 0.754544 -0.036040 0.031034 380.783417 252.997857 -707.331824
-5.572802 -3.059933 4.929496 -5.572802 -3.059933 4.929496 0.979639 0.127045 -0.389298 369.530959 290.621090 -693.772675
-4.921822 -2.931095 4.577202 -4.921822 -2.931095 4.577202 1.184765 0.302916 -0.774743 314.222399 295.614050 -591.046400
-4.161941 -2.699050 4.014756 -4.161941 -2.699050 4.014756 1.335609 0.465706 -1.085430 188.590541 247.020351 -444.574904
-3.335375 -2.379700 3.293725 -3.335375 -2.379700 3.293725 1.405035 0.591234 -1.300920 42.832358 171.405080 -273.727016
-2.494207 -2.000999 2.476529 -2.494207 -2.000999 2.476529 1.382920 0.659617 -1.402022 -116.549711 56.539417 -63.279161
-1.695891 -1.601566 1.635198 -1.695891 -1.601566 1.635198 1.260702 0.660966 -1.383629 -290.845471 -52.043934 124.590339
-1.001428 -1.219619 0.836116 -1.001428 -1.219619 0.836116 1.038168 0.603416 -1.265529 -450.932199 -139.787228 269.076461
-0.466167 -0.886473 0.132015 -0.466167 -0.886473 0.132015 0.735246 0.500834 -1.070170 -558.810296 -202.155355 382.118394
-0.127858 -0.623381 -0.437547 -0.127858 -0.623381 -0.437547 0.388701 0.374443 -0.822105 -596.338361 -219.146579 444.767805
-0.001519 -0.436417 -0.850684 -0.001519 -0.436417 -0.850684 0.033192 0.251676 -0.554907 -588.691221 -190.076185 445.889901
-0.082171 -0.315370 -1.106090 -0.082171 -0.315370 -1.106090 -0.293038 0.158904 -0.300978 -498.740819 -119.163355 400.539297
-0.338861 -0.235993 -1.219645 -0.338861 -0.235993 -1.219645 -0.547752 0.114828 -0.085983 -350.306446 -27.758528 316.112024
-0.717670 -0.165559 -1.220791 -0.717670 -0.165559 -1.220791 -0.693451 0.130841 0.071403 -135.359142 81.137478 208.506759
-1.144986 -0.064677 -1.146753 -1.144986 -0.064677 -1.146753 -0.709069 0.218383 0.164834 83.299830 210.667715 102.932170
-1.541426 0.110223 -1.034627 -1.541426 0.110223 -1.034627 -0.589053 0.374536 0.200083 316.753059 309.841057 14.564610
-1.825558 0.393578 -0.915204 -1.825558 0.393578 -0.915204 -0.337576 0.574754 0.192575 521.502896 357.553524 -39.591927
-1.924344 0.803585 -0.808555 -1.924344 0.803585 -0.808555 0.024773 0.793258 0.159971 686.330227 370.793414 -69.086912
-1.780415 1.343574 -0.724717 -1.780415 1.343574 -0.724717 0.464198 1.002193 0.119975 778.419636 325.657912 -64.236187
-1.360848 1.998026 -0.661996 -1.360848 1.998026 -0.661996 0.935913 1.170175 0.092928 793.962374 234.279500 -25.919160
-0.660109 2.734585 -0.606883 -0.660109 2.734585 -0.606883 1.393679 1.272158 0.097482 731.924021 105.665311 41.100961
0.299812 3.506597 -0.537157 0.299812 3.506597 -0.537157 1.792668 1.284045 0.141338 598.038801 -66.043139 105.084839
1.472528 4.255304 -0.430567 1.472528 4.255304 -0.430567 2.098836 1.195260 0.218745 422.521869 -229.907863 152.936663
2.794677 4.923050 -0.270542 2.794677 4.923050 -0.270542 2.286314 1.017183 0.316758 202.405125 -363.680696 173.772856
4.189621 5.460745 -0.049556 4.189621 5.460745 -0.049556 2.341372 0.763213 0.419281 -18.877298 -482.887192 167.972420
5.579078 5.828674 0.229541 5.579078 5.828674 0.229541 2.270202 0.458088 0.506532 -218.356754 -534.193291 122.864377
6.891429 6.008298 0.550337 6.891429 6.008298 0.550337 2.086858 0.142202 0.554056 -392.790939 -518.761671 35.549542
8.066943 6.003927 0.882907 8.066943 6.003927 0.882907 1.821690 -0.150631 0.544072 -491.102952 -457.346579 -68.832008
9.068650 5.839178 1.189658 9.068650 5.839178 1.189658 1.512486 -0.385281 0.466264 -539.574913 -324.820149 -190.525824
9.880480 5.559673 1.427891 9.880480 5.559673 1.427891 1.196050 -0.529521 0.315795 -515.212967 -155.982309 -311.039159
10.510060 5.225451 1.556173 10.510060 5.225451 1.556173 0.910364 -0.565272 0.103129 -437.073040 36.812327 -397.847993
10.985017 4.904124 1.543372 10.985017 4.904124 1.543372 0.685179 -0.487132 -0.150907 -313.544080 223.654282 -448.937712
11.348062 4.661226 1.371945 11.348062 4.661226 1.371945 0.538931 -0.307321 -0.420639 -173.948021 375.716670 -450.168890
11.648496 4.552291 1.042908 11.648496 4.552291 1.042908 0.476491 -0.042749 -0.668853 -34.188128 506.191074 -377.212266
11.935739 4.620385 0.580696 11.935739 4.620385 0.580696 0.493489 0.274111 -0.860189 90.850843 550.008771 -260.571928
12.254222 4.882981 0.027687 12.254222 4.882981 0.027687 0.578181 0.599751 -0.966498 191.453229 535.458618 -93.791498
12.638951 5.335431 -0.556497 12.638951 5.335431 -0.556497 0.709850 0.902114 -0.959789 247.445732 472.415587 116.152807
13.109574 5.953640 -1.099152 13.109574 5.953640 -1.099152 0.859179 1.145093 -0.828539 250.317593 337.514746 321.349494
13.669360 6.691400 -1.527379 13.669360 6.691400 -1.527379 1.005476 1.297356 -0.580466 237.338526 170.030001 505.558630
14.312155 7.489347 -1.775326 14.312155 7.489347 -1.775326 1.131820 1.344014 -0.230466 183.809011 -14.503744 661.110143
15.018914 8.282007 -1.789803 15.018914 8.282007 -1.789803 1.215012 1.279626 0.190213 93.497633 -200.122719 741.153432
15.761065 9.005771 -1.540699 15.761065 9.005771 -1.540699 1.252683 1.119603 0.642745 32.070303 -333.288946 767.286198
16.518448 9.617541 -1.016940 16.518448 9.617541 -1.016940 1.271925 0.919629 1.103117 32.070303 -333.288946 767.286198
