11.026892 -1.904012 -8.521610 11.026892 -1.904012 -8.521610 -0.069538 0.096292 0.020425 -530.557489 243.479474 593.093895
10.889669 -1.802411 -8.402598 10.889669 -1.802411 -8.402598 -0.387873 0.242379 0.376281 -530.557489 243.479474 593.093895
10.570524 -1.619521 -8.076178 10.570524 -1.619521 -8.076178 -0.660809 0.356645 0.701612 -379.229983 137.406265 491.341905
10.117553 -1.390586 -7.578378 10.117553 -1.390586 -7.578378 -0.829470 0.390164 0.938373 -182.973544 -25.677567 297.863082
9.597968 -1.168619 -6.974173 9.597968 -1.168619 -6.974173 -0.884093 0.337210 1.054922 0.898777 -150.835324 90.632068
9.076948 -0.997904 -6.334611 9.076948 -0.997904 -6.334611 -0.837181 0.224404 1.060776 155.473383 -225.182879 -71.118257
8.610506 -0.906463 -5.720088 8.610506 -0.906463 -5.720088 -0.704495 0.075953 0.972399 286.814461 -269.655151 -223.472889
8.243378 -0.909061 -5.183570 8.243378 -0.909061 -5.183570 -0.512692 -0.083999 0.804834 352.527223 -263.517067 -335.076609
8.000290 -1.003678 -4.763461 8.000290 -1.003678 -4.763461 -0.295815 -0.226034 0.591402 370.395491 -209.934521 -376.361262
7.888162 -1.171856 -4.475402 7.888162 -1.171856 -4.475402 -0.080129 -0.325839 0.370399 348.558511 -122.749691 -360.316041
7.898067 -1.383462 -4.315378 7.898067 -1.383462 -4.315378 0.105218 -0.369528 0.167417 269.264251 -22.880639 -316.291883
8.003841 -1.603271 -4.266740 8.003841 -1.603271 -4.266740 0.237652 -0.353123 0.003241 172.183135 77.564845 -230.960772
8.172481 -1.795431 -4.300368 8.172481 -1.795431 -4.300368 0.316243 -0.277824 -0.105332 89.785904 173.431079 -130.948554
8.373018 -1.926919 -4.380884 8.373018 -1.926919 -4.380884 0.343264 -0.153820 -0.152633 0.285160 239.916694 -26.720801
8.575194 -1.975734 -4.472207 8.575194 -1.975734 -4.472207 0.324265 -0.008408 -0.143334 -63.613729 244.789492 57.716379
8.756589 -1.938927 -4.544494 8.756589 -1.938927 -4.544494 0.277528 0.127414 -0.092082 -92.176395 207.949705 113.124604
8.907710 -1.828366 -4.578745 8.907710 -1.828366 -4.578745 0.228201 0.235593 -0.021029 -72.247019 152.649856 123.716341
9.033494 -1.666054 -4.569946 9.033494 -1.666054 -4.569946 0.194194 0.294581 0.048941 -41.111436 43.974321 109.516785
9.145869 -1.489329 -4.522820 9.145869 -1.489329 -4.522820 0.185817 0.281269 0.104893 13.189765 -88.347813 76.991578
9.263756 -1.342503 -4.450343 9.263756 -1.342503 -4.450343 0.213843 0.198096 0.129504 80.229702 -188.893225 5.044191
9.410116 -1.263172 -4.375723 9.410116 -1.263172 -4.375723 0.280045 0.057132 0.112580 140.443325 -280.988477 -61.456301
9.605769 -1.283462 -4.321172 9.605769 -1.283462 -4.321172 0.376045 -0.131415 0.066031 179.555140 -347.500628 -93.706709
9.863015 -1.424923 -4.299358 9.863015 -1.424923 -4.299358 0.480272 -0.340226 0.005120 167.869503 -348.534549 -109.330640
10.178793 -1.689077 -4.315815 10.178793 -1.689077 -4.315815 0.567988 -0.535761 -0.059731 124.515897 -303.249281 -106.838537
10.537326 -2.058727 -4.367683 10.537326 -2.058727 -4.367683 0.619333 -0.685751 -0.107823 46.633945 -196.717492 -53.470753
10.910661 -2.497348 -4.435747 10.910661 -2.497348 -4.435747 0.614021 -0.762591 -0.108633 -64.338672 -59.417047 50.774035
11.259712 -2.956641 -4.484794 11.259712 -2.956641 -4.484794 0.536512 -0.753459 -0.043201 -194.025966 89.857787 167.330459
11.539106 -3.382378 -4.472941 11.539106 -3.382378 -4.472941 0.382156 -0.648723 0.095469 -320.493556 259.261394 294.902010
11.704050 -3.716325 -4.355135 11.704050 -3.716325 -4.355135 0.156554 -0.450067 0.309623 -431.512260 402.926189 418.944946
11.716411 -3.907339 -4.088920 11.716411 -3.907339 -4.088920 -0.121849 -0.175812 0.586142 -496.499274 511.254931 502.787368
11.552898 -3.918184 -3.643938 11.552898 -3.918184 -3.643938 -0.424915 0.144024 0.901790 -513.719781 554.865278 549.369843
11.208160 -3.733023 -3.004387 11.208160 -3.733023 -3.004387 -0.719743 0.471293 1.229366 -469.041554 536.033761 542.553195
10.698751 -3.358167 -2.173581 10.698751 -3.358167 -2.173581 -0.966850 0.770888 1.532531 -354.645834 462.615136 467.996870
10.064425 -2.820392 -1.177142 10.064425 -2.820392 -1.177142 -1.131535 1.008311 1.776734 -194.304590 328.794991 346.010886
9.361923 -2.166576 -0.059854 9.361923 -2.166576 -0.059854 -1.191149 1.153822 1.929166 -4.410994 156.243303 162.097002
8.659925 -1.457788 1.115155 8.659925 -1.457788 1.115155 -1.126368 1.189421 1.968085 220.350378 -37.583074 -32.366798
8.036395 -0.761653 2.277123 8.036395 -0.761653 2.277123 -0.931021 1.113110 1.883379 430.805098 -216.785095 -249.987874
7.564794 -0.142844 3.349803 7.564794 -0.142844 3.349803 -0.625205 0.932857 1.671642 588.583037 -384.059636 -455.802845
7.303403 0.341280 4.262857 7.303403 0.341280 4.262857 -0.233118 0.670124 1.358726 718.370866 -491.714820 -587.248174
7.296320 0.651151 4.967147 7.296320 0.651151 4.967147 0.215311 0.356624 0.980169 776.394234 -553.287588 -674.609592
7.562259 0.767983 5.432322 7.562259 0.767983 5.432322 0.666151 0.036898 0.567921 726.403846 -512.464051 -699.549098
8.088313 0.702340 5.649977 8.088313 0.702340 5.649977 1.080051 -0.248271 0.162298 653.263036 -438.100772 -652.529740
8.853931 0.474519 5.629900 8.853931 0.474519 5.629900 1.472009 -0.511132 -0.229220 653.263036 -438.100772 -652.529740
