-9.525274 2.985278 -9.367309 -9.525274 2.985278 -9.367309 1.032736 -0.396495 0.100815 703.110833 257.049596 612.717965
-8.779072 2.793651 -9.196531 -8.779072 2.793651 -9.196531 1.454603 -0.242265 0.468446 703.110833 257.049596 612.717965
-7.784748 2.691456 -8.807590 -7.784748 2.691456 -8.807590 1.851484 -0.103556 0.823997 619.826302 205.313013 572.453191
-6.573317 2.662295 -8.217193 -6.573317 2.662295 -8.217193 2.168239 -0.000289 1.132257 436.022852 138.910050 455.080127
-5.205000 2.680966 -7.463093 -5.205000 2.680966 -7.463093 2.374301 0.052259 1.369464 250.849874 36.250885 335.608123
-3.746900 2.713124 -6.591148 -3.746900 2.713124 -6.591148 2.466643 0.045398 1.520112 56.958085 -59.121923 166.552409
-2.268549 2.723284 -5.657365 -2.268549 2.723284 -5.657365 2.441380 -0.022257 1.578727 -141.167313 -166.395114 28.833084
-0.838637 2.676946 -4.712209 -0.838637 2.676946 -4.712209 2.309150 -0.137258 1.559674 -299.600069 -216.940292 -92.345043
0.487267 2.553826 -3.797181 0.487267 2.553826 -3.797181 2.101100 -0.276005 1.483495 -393.901263 -245.549827 -161.584613
1.673897 2.345586 -2.940016 1.673897 2.345586 -2.940016 1.849120 -0.415523 1.367310 -446.030047 -219.511549 -225.698598
2.704242 2.060233 -2.159289 2.704242 2.060233 -2.159289 1.587297 -0.529867 1.236729 -426.715580 -161.633681 -209.569776
3.583111 1.719842 -1.451318 3.583111 1.719842 -1.451318 1.347766 -0.593728 1.129265 -371.718820 -51.235772 -148.646443
4.330368 1.361133 -0.798786 4.330368 1.361133 -0.798786 1.152269 -0.590722 1.048727 -279.937538 61.254804 -119.813790
4.971341 1.017725 -0.191116 4.971341 1.017725 -0.191116 0.984307 -0.553969 0.976838 -279.937538 61.254804 -119.813790
