-8.104109 5.361775 8.178407 -8.104109 5.361775 8.178407 -0.517587 -0.909009 -1.455030 126.195677 -165.467214 -88.780464
-8.391946 4.786585 7.289408 -8.391946 4.786585 7.289408 -0.441870 -1.008290 -1.508298 126.195677 -165.467214 -88.780464
-8.623369 4.162114 6.380457 -8.623369 4.162114 6.380457 -0.311233 -1.056139 -1.501526 309.261112 5.969957 111.355472
-8.740809 3.540983 5.514508 -8.740809 3.540983 5.514508 -0.057515 -0.995166 -1.360100 536.466297 197.273566 360.063829
-8.669361 2.987822 4.774225 -8.669361 2.987822 4.774225 0.311330 -0.834657 -1.089235 693.016266 337.755863 542.820398
-8.354580 2.553171 4.225631 -8.354580 2.553171 4.225631 0.743340 -0.605267 -0.727344 747.015863 426.877770 663.481679
-7.774850 2.269021 3.911479 -7.774850 2.269021 3.911479 1.187868 -0.338278 -0.315115 734.745043 463.083837 710.614640
-6.933691 2.147827 3.848676 -6.933691 2.147827 3.848676 1.609634 -0.068340 0.103029 671.142649 436.709476 683.199509
-5.855295 2.180855 4.027041 -5.855295 2.180855 4.027041 1.971367 0.170809 0.480811 534.631501 360.454225 576.073492
-4.587532 2.341135 4.410248 -4.587532 2.341135 4.410248 2.235696 0.351645 0.781590 346.465286 242.332673 426.523622
-3.195519 2.587400 4.943700 -3.195519 2.587400 4.943700 2.384733 0.455338 0.976124 150.325282 103.310505 221.922611
-1.749766 2.870109 5.556534 -1.749766 2.870109 5.556534 2.414200 0.471877 1.045346 -52.100819 -48.179471 8.819224
-0.321141 3.136896 6.173744 -0.321141 3.136896 6.173744 2.330355 0.404631 0.992709 -227.381311 -175.974775 -184.278451
1.028866 3.342655 6.726155 1.028866 3.342655 6.726155 2.157538 0.272327 0.831925 -348.676118 -265.039080 -351.667835
2.255896 3.455812 7.154934 2.255896 3.455812 7.154934 1.924677 0.100644 0.585542 -427.527334 -307.235243 -469.606649
3.332941 3.461501 7.418610 3.332941 3.461501 7.418610 1.664129 -0.080675 0.288177 -440.968129 -297.161176 -521.611843
4.254551 3.362561 7.497387 4.254551 3.362561 7.497387 1.412082 -0.244198 -0.025984 -399.188249 -247.918126 -525.591368
5.034255 3.176014 7.390706 5.034255 3.176014 7.390706 1.194114 -0.369966 -0.323760 -327.370895 -171.308087 -466.993418
5.698473 2.929741 7.119052 5.698473 2.929741 7.119052 1.031076 -0.440040 -0.570652 -216.090326 -62.270522 -355.981522
6.285204 2.661742 6.719746 6.285204 2.661742 6.719746 0.936327 -0.441231 -0.748428 -99.737204 58.300043 -236.605002
6.834797 2.412432 6.235982 6.834797 2.412432 6.235982 0.905234 -0.381578 -0.850982 -3.906951 140.542767 -105.241172
7.382101 2.212331 5.713537 7.382101 2.212331 5.713537 0.927222 -0.279515 -0.878693 77.201254 199.668017 12.870759
7.955183 2.082635 5.194394 7.955183 2.082635 5.194394 0.987807 -0.149349 -0.842189 124.746395 234.219522 108.808026
8.570514 2.033208 4.711917 8.570514 2.033208 4.711917 1.063615 -0.018703 -0.760649 127.947474 201.266647 162.994732
9.230004 2.052672 4.285275 9.230004 2.052672 4.285275 1.131838 0.074345 -0.660811 99.461905 108.891073 169.798217
9.923513 2.113163 3.918211 9.923513 2.113163 3.918211 1.174033 0.121097 -0.564635 41.189185 46.949285 150.785773
10.635347 2.194272 3.606572 10.635347 2.194272 3.606572 1.198746 0.149266 -0.474164 41.189185 46.949285 150.785773
