-9.487504 -3.331928 6.020661 -9.487504 -3.331928 6.020661 2.357944 0.038771 -0.617873 -214.197726 513.628339 87.840709
-8.111293 -3.216212 5.665748 -8.111293 -3.216212 5.665748 2.229426 0.346948 -0.565169 -214.197726 513.628339 87.840709
-6.820991 -2.917158 5.343851 -6.820991 -2.917158 5.343851 2.056918 0.647284 -0.505504 -360.828573 487.492413 111.039879
-5.661211 -2.445914 5.057011 -5.661211 -2.445914 5.057011 1.793315 0.915404 -0.456500 -517.846106 406.241087 52.308677
-4.682301 -1.832820 4.790283 -4.682301 -1.832820 4.790283 1.463271 1.112787 -0.436335 -582.301393 251.701193 14.908336
-3.908562 -1.127263 4.527416 -3.908562 -1.127263 4.527416 1.116846 1.226704 -0.446139 -572.450356 128.022077 -47.588855
-3.337747 -0.378983 4.248454 -3.337747 -0.378983 4.248454 0.792116 1.249586 -0.488254 -509.981449 -51.749991 -92.793481
-2.946577 0.351940 3.936776 -2.946577 0.351940 3.936776 0.524616 1.170964 -0.554045 -381.683948 -210.322338 -126.509803
-2.692854 1.012441 3.581807 -2.692854 1.012441 3.581807 0.333885 1.023678 -0.628802 -254.088578 -280.630562 -122.680649
-2.538259 1.576135 3.182444 -2.538259 1.576135 3.182444 0.181432 0.855300 -0.702410 -254.088578 -280.630562 -122.680649
