-8.517321 -4.436629 -2.877110 -8.517321 -4.436629 -2.877110 -0.523810 -0.347497 -0.788277 -130.509361 260.150599 520.054853
-8.855099 -4.598301 -3.256467 -8.855099 -4.598301 -3.256467 -0.602116 -0.191407 -0.476244 -130.509361 260.150599 520.054853
-9.228882 -4.662352 -3.452330 -9.228882 -4.662352 -3.452330 -0.625531 -0.015485 -0.182846 52.459982 326.257475 457.936706
-9.580137 -4.610340 -3.485160 -9.580137 -4.610340 -3.485160 -0.520950 0.193151 0.064164 296.141821 369.194370 365.432974
-9.826675 -4.430155 -3.387942 -9.826675 -4.430155 -3.387942 -0.279634 0.403865 0.248129 508.244977 333.184798 247.781140
-9.893513 -4.132494 -3.203434 -9.893513 -4.132494 -3.203434 0.072603 0.580617 0.351947 665.880363 255.990968 98.279551
-9.723348 -3.744792 -2.981124 -9.723348 -3.744792 -2.981124 0.505857 0.700479 0.378177 778.297825 143.549280 -10.847220
-9.278551 -3.307309 -2.760757 -9.278551 -3.307309 -2.760757 0.978783 0.743393 0.348734 798.122954 -0.503566 -87.294583
-8.551298 -2.871186 -2.570682 -8.551298 -2.871186 -2.570682 1.439262 0.693976 0.279093 736.807163 -164.221148 -144.841245
-7.561950 -2.493417 -2.429552 -7.561950 -2.493417 -2.429552 1.847173 0.550160 0.190918 622.896775 -315.165214 -149.077732
-6.352126 -2.226182 -2.339886 -6.352126 -2.226182 -2.339886 2.167901 0.330408 0.111218 446.194235 -417.341978 -116.588865
-4.984382 -2.106157 -2.291678 -4.984382 -2.106157 -2.291678 2.369060 0.064510 0.053582 224.338739 -468.984850 -75.528533
-3.537106 -2.152309 -2.269379 -3.537106 -2.152309 -2.269379 2.430958 -0.219080 0.026989 -18.013176 -476.315588 -13.116286
-2.094356 -2.366577 -2.251064 -2.094356 -2.366577 -2.251064 2.357237 -0.490286 0.041530 -227.723709 -427.704364 61.585414
-0.731518 -2.730714 -2.212768 -0.731518 -2.730714 -2.212768 2.168037 -0.711800 0.089947 -402.942427 -310.674260 99.805306
0.488196 -3.203223 -2.140519 0.488196 -3.203223 -2.140519 1.883378 -0.845742 0.151407 -545.922696 -135.798459 105.061046
1.516538 -3.723600 -2.032408 1.516538 -3.723600 -2.032408 1.538730 -0.869661 0.206224 -602.904135 56.067852 77.662065
2.332790 -4.224710 -1.897389 2.332790 -4.224710 -1.897389 1.184673 -0.783052 0.239348 -577.283801 232.630106 32.752947
2.944102 -4.642701 -1.752787 2.944102 -4.642701 -1.752787 0.860396 -0.593639 0.234487 -503.639789 398.744526 -48.957779
3.376297 -4.919852 -1.626829 3.376297 -4.919852 -1.626829 0.591274 -0.318099 0.175506 -393.434785 519.723545 -147.646602
3.669898 -5.012183 -1.555006 3.669898 -5.012183 -1.555006 0.403489 0.018623 0.052400 -232.515804 602.681462 -262.705898
3.880772 -4.893333 -1.574254 3.880772 -4.893333 -1.574254 0.317147 0.376202 -0.122231 -55.290912 589.250604 -319.395307
4.070050 -4.565834 -1.707235 4.070050 -4.565834 -1.707235 0.328686 0.708313 -0.324626 93.755849 517.783429 -355.254506
4.291952 -4.055029 -1.965611 4.291952 -4.055029 -1.965611 0.424014 0.982066 -0.536053 224.002539 394.729144 -349.504107
4.591433 -3.404119 -2.347134 4.591433 -3.404119 -2.347134 0.582175 1.171999 -0.730655 303.201500 238.380695 -299.170442
4.997194 -2.668784 -2.832585 4.997194 -2.668784 -2.832585 0.773497 1.261163 -0.876193 334.538103 58.831547 -185.955646
5.520918 -1.913506 -3.381676 5.520918 -1.913506 -3.381676 0.971265 1.236415 -0.937284 324.689303 -141.323683 -17.680713
6.159762 -1.205853 -3.936064 6.159762 -1.205853 -3.936064 1.154280 1.107832 -0.892064 285.361768 -287.286427 168.415241
6.899077 -0.599329 -4.430088 6.899077 -0.599329 -4.430088 1.302409 0.903140 -0.736520 208.400453 -395.021364 350.065301
7.712454 -0.132721 -4.799362 7.712454 -0.132721 -4.799362 1.399544 0.645266 -0.478348 115.383832 -464.558486 510.507302
8.568436 0.170776 -4.986082 8.568436 0.170776 -4.986082 1.446206 0.366320 -0.130058 40.153951 -465.261416 650.460047
9.440829 0.311410 -4.942337 9.440829 0.311410 -4.942337 1.457510 0.110111 0.283705 -2.473587 -388.767561 728.749355
10.313163 0.314128 -4.641102 10.313163 0.314128 -4.641102 1.447393 -0.090003 0.720139 -31.249870 -278.280814 726.031627
11.175686 0.217560 -4.083148 11.175686 0.217560 -4.083148 1.427203 -0.219349 1.131682 -36.048534 -152.870160 645.775768
12.028664 0.067252 -3.295565 12.028664 0.067252 -3.295565 1.421301 -0.266983 1.480817 16.375970 -5.910125 518.010132
12.888193 -0.085028 -2.326046 12.888193 -0.085028 -2.326046 1.450127 -0.225663 1.730556 79.708431 143.642061 314.450475
13.776326 -0.188166 -1.244012 13.776326 -0.188166 -1.244012 1.516499 -0.107454 1.854727 141.533346 250.388922 99.454610
14.715788 -0.204329 -0.127981 14.715788 -0.204329 -0.127981 1.621852 0.058973 1.840861 209.643313 304.365692 -145.673545
15.728942 -0.113127 0.936887 15.728942 -0.113127 0.936887 1.759176 0.246758 1.686321 248.103959 321.585979 -369.462572
16.828580 0.091015 1.871884 16.828580 0.091015 1.871884 1.905404 0.430717 1.413183 239.321377 291.609944 -540.997403
18.013544 0.397694 2.616518 18.013544 0.397694 2.616518 2.042218 0.584479 1.059104 216.723906 220.929620 -639.266058
19.277885 0.788149 3.136912 19.277885 0.788149 3.136912 2.172252 0.717037 0.675544 216.723906 220.929620 -639.266058
