-0.792784 2.320165 8.340317 -0.792784 2.320165 8.340317 1.169018 -0.054698 0.014365 61.326689 495.323525 -51.066926
-0.080335 2.376504 8.339744 -0.080335 2.376504 8.339744 1.205814 0.242496 -0.016275 61.326689 495.323525 -51.066926
0.654179 2.606065 8.325690 0.654179 2.606065 8.325690 1.242542 0.514215 -0.022403 61.100079 410.408068 30.640000
1.409219 2.980058 8.324011 1.409219 2.980058 8.324011 1.271786 0.718409 0.027222 36.380146 270.238658 134.777373
2.175867 3.448626 8.371431 2.175867 3.448626 8.371431 1.278756 0.824951 0.142221 -13.145719 84.899117 248.551308
2.936604 3.948246 8.507036 2.936604 3.948246 8.507036 1.250114 0.822733 0.319015 -82.328285 -92.289812 340.763477
3.667454 4.415711 8.762703 3.667454 4.415711 8.762703 1.178722 0.719543 0.538075 -155.644402 -251.677284 389.433664
4.344023 4.795221 9.155906 4.344023 4.795221 9.155906 1.072091 0.533968 0.773039 -199.792234 -366.906913 393.780474
4.950106 5.044172 9.687963 4.950106 5.044172 9.687963 0.946173 0.286890 0.996075 -219.934068 -456.686101 349.672589
5.479508 5.134229 10.342285 5.479508 5.134229 10.342285 0.820640 0.013512 1.174557 -198.511090 -454.572983 245.269877
5.939955 5.063469 11.081309 5.939955 5.063469 11.081309 0.720512 -0.244454 1.272423 -135.247177 -405.313562 80.948784
6.354094 4.848096 11.848875 6.354094 4.848096 11.848875 0.670243 -0.466364 1.268701 -32.315771 -334.386673 -93.354947
6.758876 4.515938 12.581261 6.758876 4.515938 12.581261 0.693116 -0.627747 1.152531 108.557849 -203.557901 -293.880108
7.201812 4.111726 13.209080 7.201812 4.111726 13.209080 0.795879 -0.704501 0.922202 233.984301 -52.289100 -473.883638
7.729931 3.686637 13.668049 7.729931 3.686637 13.668049 0.978645 -0.700756 0.592605 375.237112 64.774395 -624.770765
8.390484 3.283858 13.905244 8.390484 3.283858 13.905244 1.232902 -0.631817 0.188196 472.287041 165.020232 -723.258445
9.219200 2.939576 13.886618 9.219200 2.939576 13.886618 1.536090 -0.507277 -0.252544 538.338349 250.112248 -745.876552
10.237290 2.681538 13.604084 10.237290 2.681538 13.604084 1.856766 -0.350669 -0.683823 530.581747 271.916547 -691.719851
11.442793 2.518167 13.076779 11.442793 2.518167 13.076779 2.154812 -0.197096 -1.061361 462.905523 239.993952 -566.738699
12.811514 2.439325 12.348368 12.811514 2.439325 12.348368 2.395110 -0.072013 -1.349311 338.086075 176.947467 -393.095631
14.298971 2.422364 11.481863 14.298971 2.422364 11.481863 2.545637 0.006136 -1.515975 163.672423 83.549141 -162.450459
15.843378 2.434052 10.556902 15.843378 2.434052 10.556902 2.581659 0.021105 -1.544122 -43.600149 -33.652652 68.626805
17.370800 2.435455 9.656344 17.370800 2.435455 9.656344 2.486873 -0.025103 -1.435133 -272.352291 -120.371369 294.668242
18.801933 2.394512 8.860480 18.801933 2.394512 8.860480 2.263621 -0.118399 -1.197457 -471.820765 -190.615969 497.585573
20.064865 2.286708 8.239626 20.064865 2.286708 8.239626 1.928968 -0.245034 -0.858630 -643.689277 -231.501926 631.837643
21.099628 2.098167 7.841833 21.099628 2.098167 7.841833 1.508981 -0.383187 -0.461257 -756.268222 -229.007816 692.738946
21.867782 1.830140 7.689858 21.867782 1.830140 7.689858 1.049689 -0.505060 -0.045182 -774.703655 -177.236005 694.178092
22.360106 1.500985 7.782384 22.360106 1.500985 7.782384 0.594654 -0.582484 0.344742 -742.082798 -80.843830 605.569774
22.590615 1.144218 8.088680 22.590615 1.144218 8.088680 0.185861 -0.594611 0.660326 -620.560056 40.419188 446.375875
22.600966 0.802169 8.555269 22.600966 0.802169 8.555269 -0.133799 -0.533151 0.878380 -444.972609 164.448282 280.469446
22.453844 0.517812 9.120443 22.453844 0.517812 9.120443 -0.334517 -0.404814 0.984969 -224.085634 263.341655 74.829715
22.226741 0.328239 9.712692 22.226741 0.328239 9.712692 -0.399256 -0.217240 0.968856 8.288827 361.905109 -128.539572
22.001951 0.264736 10.260067 22.001951 0.264736 10.260067 -0.327928 0.008393 0.837725 229.471283 390.205532 -308.566632
21.857493 0.338832 10.700843 21.857493 0.338832 10.700843 -0.135274 0.236633 0.621003 412.706097 370.595621 -413.838706
21.859397 0.544358 10.995063 21.859397 0.544358 10.995063 0.156254 0.443184 0.353243 559.054769 317.905725 -478.694238
22.057362 0.860192 11.119281 22.057362 0.860192 11.119281 0.509603 0.597431 0.058212 618.775164 196.252274 -504.744179
22.473391 1.244024 11.066963 22.473391 1.244024 11.066963 0.875305 0.665425 -0.226588 600.231537 30.393435 -444.588248
23.101855 1.639285 10.855963 23.101855 1.639285 10.855963 1.211642 0.636334 -0.468450 520.892194 -127.363279 -361.616388
23.915900 1.989500 10.517309 23.915900 1.989500 10.517309 1.490676 0.516618 -0.647886 409.221484 -271.688670 -236.503543
24.874055 2.241792 10.093256 24.874055 2.241792 10.093256 1.686655 0.309729 -0.753542 244.042137 -417.941192 -115.683924
25.918997 2.347250 9.626399 25.918997 2.347250 9.626399 1.778189 0.033213 -0.792495 61.070573 -503.780321 -14.159857
26.985819 2.275940 9.153512 26.985819 2.275940 9.153512 1.759411 -0.271842 -0.775196 -123.664972 -513.067993 71.824304
28.011405 2.021741 8.705063 28.011405 2.021741 8.705063 1.646207 -0.573389 -0.713403 -253.680257 -492.089803 134.151267
28.953467 1.589132 8.301168 28.953467 1.589132 8.301168 1.493999 -0.868643 -0.632912 -253.680257 -492.089803 134.151267
