8.540085 -2.255916 8.089827 8.540085 -2.255916 8.089827 -0.361146 0.505163 -0.822327 491.868961 -34.088283 -471.705295
8.411934 -1.958954 7.511524 8.411934 -1.958954 7.511524 -0.066024 0.484710 -1.105350 491.868961 -34.088283 -471.705295
8.467572 -1.679803 6.771112 8.467572 -1.679803 6.771112 0.262680 0.436562 -1.349847 603.810779 -126.406523 -343.285784
8.738885 -1.448333 5.911743 8.738885 -1.448333 5.911743 0.650062 0.322148 -1.494165 687.462725 -254.973483 -137.773587
9.252149 -1.303910 5.003609 9.252149 -1.303910 5.003609 1.059962 0.154311 -1.511009 678.872584 -304.484181 81.628802
10.004011 -1.266233 4.125127 10.004011 -1.266233 4.125127 1.435720 -0.028888 -1.394883 573.654468 -306.176984 305.458043
10.958955 -1.335935 3.354721 10.958955 -1.335935 3.354721 1.731186 -0.198879 -1.153902 411.232247 -260.461625 497.812028
12.059440 -1.496172 2.760912 12.059440 -1.496172 2.760912 1.916683 -0.325288 -0.810582 207.089976 -160.899451 646.588086
13.233354 -1.713815 2.394904 13.233354 -1.713815 2.394904 1.974075 -0.389374 -0.402853 -15.782912 -52.720379 712.505879
14.400955 -1.950906 2.282163 14.400955 -1.950906 2.282163 1.894588 -0.390889 0.028249 -249.175493 47.668420 724.500591
15.479431 -2.171398 2.425530 15.479431 -2.171398 2.425530 1.677958 -0.334980 0.442985 -472.923053 138.695365 657.955400
16.392553 -2.342663 2.800622 16.392553 -2.342663 2.800622 1.351570 -0.227974 0.792102 -615.036076 217.991363 505.767414
17.087001 -2.438580 3.355149 17.087001 -2.438580 3.355149 0.953614 -0.089034 1.036704 -711.483459 245.141761 309.572135
17.529143 -2.449262 4.019084 17.529143 -2.449262 4.019084 0.516925 0.051112 1.153392 -744.148231 222.013005 79.386730
17.709291 -2.382828 4.711738 17.709291 -2.382828 4.711738 0.090134 0.163343 1.132672 -678.487010 152.089992 -148.452142
17.647421 -2.262332 5.352230 17.647421 -2.262332 5.352230 -0.286074 0.230167 0.981651 -575.539785 70.657749 -354.950521
17.382021 -2.118079 5.867802 17.382021 -2.118079 5.867802 -0.582189 0.239731 0.721043 -411.510787 -38.778075 -513.742718
16.970743 -1.987746 6.201513 16.970743 -1.987746 6.201513 -0.768559 0.183837 0.380592 -209.724046 -147.535296 -621.094736
16.482417 -1.910123 6.316102 16.482417 -1.910123 6.316102 -0.841594 0.064703 -0.001911 -33.724076 -249.580294 -653.916088
15.981860 -1.919263 6.199741 15.981860 -1.919263 6.199741 -0.809481 -0.100235 -0.381810 140.765969 -300.213594 -612.413109
15.529584 -2.033777 5.865841 15.529584 -2.033777 5.865841 -0.684650 -0.282034 -0.722156 275.339609 -305.780733 -522.073171
15.173032 -2.255698 5.347076 15.173032 -2.255698 5.347076 -0.496060 -0.453801 -0.992889 353.292365 -266.775958 -380.371102
14.940302 -2.569365 4.694358 14.940302 -2.569365 4.694358 -0.277519 -0.580703 -1.163701 375.178705 -156.232707 -189.001115
14.840741 -2.939649 3.971865 14.840741 -2.939649 3.971865 -0.055320 -0.643143 -1.228365 365.482256 -51.900253 -26.546261
14.873336 -3.334877 3.230068 14.873336 -3.334877 3.230068 0.163969 -0.674283 -1.244293 365.482256 -51.900253 -26.546261
