11.023991 2.597255 1.419101 11.023991 2.597255 1.419101 -0.723548 -0.246242 0.993088 57.948961 -176.384742 39.870486
10.600293 2.417760 2.022131 10.600293 2.417760 2.022131 -0.688779 -0.352073 1.017010 57.948961 -176.384742 39.870486
10.208258 2.183426 2.628613 10.208258 2.183426 2.628613 -0.600000 -0.414607 0.986433 237.980405 -32.062220 -141.793740
9.904214 1.939030 3.180905 9.904214 1.939030 3.180905 -0.391613 -0.383145 0.831128 456.643726 136.935754 -375.890687
9.759247 1.743417 3.601413 9.759247 1.743417 3.601413 -0.078603 -0.252855 0.553056 586.721879 297.366499 -551.015379
9.820537 1.654067 3.826983 9.820537 1.654067 3.826983 0.287638 -0.030252 0.187041 634.081592 444.642115 -669.033020
10.106356 1.720841 3.815017 10.106356 1.720841 3.815017 0.663595 0.260980 -0.233202 619.110094 526.132363 -731.776697
10.611309 1.972791 3.543772 10.611309 1.972791 3.543772 1.011841 0.579950 -0.670288 541.707437 537.099913 -725.178784
11.307888 2.414948 3.016942 11.307888 2.414948 3.016942 1.296703 0.889756 -1.076021 407.834438 495.585354 -627.264949
12.148724 3.031402 2.268428 12.148724 3.031402 2.268428 1.488422 1.154081 -1.402348 231.227280 385.499846 -460.490208
13.071369 3.783864 1.356154 13.071369 3.783864 1.356154 1.567013 1.338501 -1.618526 30.744106 229.232715 -260.102781
14.006642 4.617277 0.352117 14.006642 4.617277 0.352117 1.533119 1.421294 -1.705103 -143.722999 46.743853 -28.487044
14.892140 5.466795 -0.661427 14.892140 5.466795 -0.661427 1.404363 1.390976 -1.648969 -285.463883 -147.804443 215.599932
15.676757 6.264051 -1.599103 15.676757 6.264051 -1.599103 1.200001 1.248674 -1.455119 -395.745169 -326.535583 430.565994
16.322830 6.945799 -2.385817 16.322830 6.945799 -2.385817 0.949085 1.009350 -1.152502 -440.640122 -471.210911 578.156515
16.812754 7.461969 -2.967847 16.812754 7.461969 -2.967847 0.683642 0.703514 -0.778591 -444.169260 -548.239846 668.215772
17.146076 7.783421 -3.313221 17.146076 7.783421 -3.313221 0.432574 0.364703 -0.370157 -392.723957 -581.133101 693.231395
17.339730 7.900593 -3.413002 17.339730 7.900593 -3.413002 0.220942 0.030796 0.033441 -312.717069 -531.889704 652.093903
17.422188 7.829680 -3.281826 17.422188 7.829680 -3.281826 0.064220 -0.256587 0.393369 -209.689125 -426.051494 547.665401
17.429029 7.607471 -2.956673 17.429029 7.607471 -2.956673 -0.031329 -0.470059 0.674726 -108.809604 -285.523521 390.191954
17.395521 7.284112 -2.493032 17.395521 7.284112 -2.493032 -0.072238 -0.591016 0.851698 -27.551930 -117.667659 199.714803
17.350094 6.919084 -1.956898 17.350094 6.919084 -1.956898 -0.074393 -0.607808 0.917359 20.367666 61.697547 19.153907
17.310698 6.574177 -1.412361 17.310698 6.574177 -1.412361 -0.054306 -0.527433 0.882223 46.590976 206.218438 -136.273163
17.285871 6.300940 -0.914347 17.285871 6.300940 -0.914347 -0.029500 -0.373182 0.766507 36.095185 307.950973 -249.444770
17.271689 6.137159 -0.504195 17.271689 6.137159 -0.504195 -0.022741 -0.164927 0.592577 -13.567493 386.230592 -330.322559
17.252327 6.107991 -0.209405 17.252327 6.107991 -0.209405 -0.047252 0.068145 0.387892 -68.135130 390.676527 -351.960086
17.208349 6.216108 -0.038429 17.208349 6.216108 -0.038429 -0.104947 0.287094 0.184684 -124.179226 339.154240 -325.401703
17.119764 6.443674 0.017749 17.119764 6.443674 0.017749 -0.195781 0.461895 0.009143 -178.602000 243.514645 -259.734242
16.968737 6.757195 -0.018017 16.968737 6.757195 -0.018017 -0.309988 0.570760 -0.119199 -202.089209 119.370740 -168.074127
16.747681 7.113900 -0.113892 16.747681 7.113900 -0.113892 -0.424677 0.606197 -0.190555 -180.206490 -1.248934 -69.777539
16.464304 7.470210 -0.235198 16.464304 7.470210 -0.235198 -0.513471 0.569531 -0.204487 -115.772288 -120.968820 23.336881
16.141364 7.784318 -0.350177 16.141364 7.784318 -0.350177 -0.553029 0.467768 -0.172921 -16.088213 -218.240979 81.881803
15.813651 8.022611 -0.438127 15.813651 8.022611 -0.438127 -0.527682 0.321399 -0.118469 100.577709 -269.657689 99.627353
15.522587 8.167033 -0.491387 15.522587 8.167033 -0.491387 -0.430129 0.160211 -0.059251 224.599257 -267.636336 97.765446
15.312798 8.217156 -0.510972 15.312798 8.217156 -0.510972 -0.256066 0.010483 -0.008755 355.610138 -231.454444 70.553312
15.229593 8.186658 -0.507053 15.229593 8.186658 -0.507053 -0.010577 -0.104019 0.015942 462.685648 -150.220169 11.769497
15.309616 8.102873 -0.499638 15.309616 8.102873 -0.499638 0.282464 -0.165825 0.001659 514.117604 -55.800671 -59.377191
15.570667 7.999621 -0.512428 15.570667 7.999621 -0.512428 0.586096 -0.167868 -0.049457 497.988964 48.991410 -111.011545
16.008707 7.913189 -0.564058 16.008707 7.913189 -0.564058 0.868609 -0.111123 -0.125931 443.720712 140.159970 -143.900235
16.602867 7.875895 -0.665537 16.602867 7.875895 -0.665537 1.100467 -0.006272 -0.212360 329.140840 209.341606 -144.196981
17.311223 7.911467 -0.816133 17.311223 7.911467 -0.816133 1.242107 0.127601 -0.285001 142.992219 236.902759 -97.940000
18.070261 8.029079 -1.000037 18.070261 8.029079 -1.000037 1.268074 0.261786 -0.320138 -56.436485 210.378801 -19.183152
18.808917 8.219684 -1.188378 18.808917 8.219684 -1.188378 1.174066 0.366341 -0.295674 -256.923195 138.139873 100.730155
19.455233 8.458426 -1.339473 19.455233 8.458426 -1.339473 0.960528 0.419584 -0.194347 -454.870321 39.334259 237.024741
19.940300 8.709191 -1.405647 19.940300 8.709191 -1.405647 0.640737 0.402858 -0.013278 -611.098739 -95.084519 366.539903
20.209630 8.925844 -1.340083 20.209630 8.925844 -1.340083 0.248509 0.306077 0.244413 -696.326781 -227.521574 492.431944
20.231755 9.063669 -1.101352 20.231755 9.063669 -1.101352 -0.177499 0.145228 0.557099 -723.701286 -308.639511 549.853129
19.994989 9.095251 -0.668119 19.994989 9.095251 -0.668119 -0.611720 -0.039955 0.887011 -723.701286 -308.639511 549.853129
