8.824104 3.744692 6.253383 8.824104 3.744692 6.253383 -0.267578 0.186667 0.120869 -63.624834 294.250386 -43.967938
8.652104 3.909658 6.317990 8.652104 3.909658 6.317990 -0.305753 0.363217 0.094488 -63.624834 294.250386 -43.967938
8.468772 4.176729 6.370689 8.468772 4.176729 6.370689 -0.286068 0.520643 0.087711 129.241488 230.502187 21.377462
8.334758 4.524013 6.430643 8.334758 4.524013 6.430643 -0.136705 0.625983 0.117933 368.635784 120.629534 79.365231
8.330318 4.912761 6.517403 8.330318 4.912761 6.517403 0.140620 0.655585 0.174123 555.780538 -21.953874 107.932856
8.520808 5.292781 6.642458 8.520808 5.292781 6.642458 0.504475 0.595516 0.244652 657.068686 -178.277728 127.163479
8.944492 5.608468 6.809599 8.944492 5.608468 6.809599 0.912350 0.440886 0.308251 702.514667 -337.155944 84.832751
9.615932 5.806420 7.005311 9.615932 5.806420 7.005311 1.321747 0.209140 0.336607 662.143055 -435.331894 9.689432
10.521021 5.848443 7.203349 10.521021 5.848443 7.203349 1.683309 -0.077567 0.314072 543.064087 -520.357500 -84.806561
11.619098 5.708204 7.369321 11.619098 5.708204 7.369321 1.960848 -0.389953 0.227157 382.065626 -520.928023 -204.911762
12.852674 5.383803 7.460998 12.852674 5.383803 7.460998 2.131563 -0.685820 0.065544 186.985488 -465.294398 -333.798497
14.151876 4.894962 7.434954 14.151876 4.894962 7.434954 2.176786 -0.932976 -0.161167 -36.242241 -358.559925 -421.901955
15.438760 4.280043 7.258029 15.438760 4.280043 7.258029 2.091722 -1.101076 -0.435724 -247.306494 -201.772445 -493.291249
16.639080 3.594257 6.906389 16.639080 3.594257 6.906389 1.892347 -1.166248 -0.738762 -417.277108 -15.467070 -516.832834
17.692194 2.902783 6.372981 17.692194 2.902783 6.372981 1.606059 -1.120236 -1.034466 -537.015484 168.839436 -468.849439
18.556857 2.271668 5.675988 18.556857 2.271668 5.675988 1.272305 -0.965753 -1.275380 -575.497886 346.103450 -334.194511
19.217025 1.762392 4.858360 19.217025 1.762392 4.858360 0.928877 -0.718708 -1.437119 -569.262388 477.379944 -204.935622
19.671884 1.417095 3.959201 19.671884 1.417095 3.959201 0.587319 -0.432280 -1.560080 -569.262388 477.379944 -204.935622
