-6.894309 -2.960226 10.793269 -6.894309 -2.960226 10.793269 0.518588 0.143995 0.400357 132.747174 -508.190864 -410.575721
-6.559261 -2.965304 10.959579 -6.559261 -2.965304 10.959579 0.598237 -0.160920 0.154011 132.747174 -508.190864 -410.575721
-6.174163 -3.148070 10.975883 -6.174163 -3.148070 10.975883 0.689194 -0.439535 -0.103329 170.443892 -420.525959 -447.225361
-5.729209 -3.479462 10.832747 -5.729209 -3.479462 10.832747 0.795249 -0.651733 -0.374855 183.073528 -286.800572 -457.860512
-5.220994 -3.911502 10.530088 -5.220994 -3.911502 10.530088 0.895652 -0.770694 -0.626227 151.603696 -109.735359 -380.046248
-4.659080 -4.381998 10.094201 -4.659080 -4.381998 10.094201 0.972784 -0.778174 -0.812968 105.500982 84.801768 -242.424251
-4.060367 -4.822447 9.572573 -4.060367 -4.822447 9.572573 1.016347 -0.671338 -0.909475 39.711013 271.317945 -79.265070
-3.446835 -5.167625 9.022717 -3.446835 -5.167625 9.022717 1.023054 -0.464611 -0.906554 -17.356043 417.770153 89.001449
-2.838710 -5.364787 8.506918 -2.838710 -5.364787 8.506918 0.999725 -0.181918 -0.792586 -60.408368 524.541856 290.893095
-2.249754 -5.376280 8.093967 -2.249754 -5.376280 8.093967 0.963450 0.149010 -0.566851 -60.505423 578.549493 461.556329
-1.681522 -5.184052 7.843922 -1.681522 -5.184052 7.843922 0.932410 0.489554 -0.254993 -42.962860 556.599501 577.967839
-1.126410 -4.794762 7.799708 -1.126410 -4.794762 7.799708 0.923630 0.800363 0.115528 13.697036 479.430086 657.104276
-0.563440 -4.236798 7.986024 -0.563440 -4.236798 7.986024 0.963479 1.045265 0.503391 119.131962 336.908210 635.773298
0.042584 -3.559320 8.398799 0.042584 -3.559320 8.398799 1.067423 1.195785 0.866361 227.347754 164.824671 574.125065
0.729606 -2.821260 9.012820 0.729606 -2.821260 9.012820 1.232061 1.249287 1.165146 321.445140 13.515670 421.825347
1.530827 -2.079826 9.775175 1.530827 -2.079826 9.775175 1.445550 1.204541 1.354933 390.185440 -162.668894 210.799343
2.471084 -1.394303 10.613063 2.471084 -1.394303 10.613063 1.693130 1.067334 1.416333 435.082822 -294.688143 -6.135358
3.565959 -0.811598 11.447418 3.565959 -0.811598 11.447418 1.957591 0.867266 1.340951 446.453518 -372.202572 -245.137850
4.817094 -0.359910 12.194798 4.817094 -0.359910 12.194798 2.206555 0.635568 1.128542 383.424575 -400.125522 -462.891155
6.202855 -0.048479 12.778485 6.202855 -0.048479 12.778485 2.400670 0.406054 0.800219 263.625072 -364.920722 -631.518360
7.681044 0.133645 13.138813 7.681044 0.133645 13.138813 2.510517 0.207990 0.390656 102.533385 -295.291752 -733.693226
9.193486 0.212691 13.240819 9.193486 0.212691 13.240819 2.510416 0.067833 -0.051172 -102.869511 -171.898876 -739.067283
10.670673 0.229302 13.077889 10.670673 0.229302 13.077889 2.395962 -0.001038 -0.490585 -278.644007 -57.670464 -725.640042
12.058094 0.218299 12.652923 12.058094 0.218299 12.652923 2.228776 -0.035640 -0.925969 -278.644007 -57.670464 -725.640042
