-7.375977 3.686772 -4.950220 -7.375977 3.686772 -4.950220 0.731695 0.103837 0.022803 31.760523 -241.538277 42.849221
-6.931243 3.705597 -4.928825 -6.931243 3.705597 -4.928825 0.750752 -0.041086 0.048513 31.760523 -241.538277 42.849221
-6.479584 3.634449 -4.890093 -6.479584 3.634449 -4.890093 0.747264 -0.201108 0.083782 -43.385349 -291.867964 74.716659
-6.046047 3.459788 -4.823807 -6.046047 3.459788 -4.823807 0.686172 -0.383529 0.141447 -160.254544 -316.201970 117.499124
-5.669138 3.175382 -4.718622 -5.669138 3.175382 -4.718622 0.560278 -0.560113 0.207783 -259.393463 -272.411855 103.618907
-5.384504 2.795203 -4.578990 -5.384504 2.795203 -4.578990 0.380430 -0.698945 0.251507 -340.099529 -190.361665 42.130286
-5.220074 2.348460 -4.424600 -5.220074 2.348460 -4.424600 0.163319 -0.778719 0.256299 -383.604837 -75.552703 -26.158957
-5.190859 1.876310 -4.280749 -5.190859 1.876310 -4.280749 -0.065479 -0.780647 0.214507 -379.055098 69.128349 -113.145877
-5.293755 1.428971 -4.178416 -5.293755 1.428971 -4.178416 -0.269808 -0.696138 0.116594 -302.040126 212.567274 -213.230176
-5.503021 1.057333 -4.152198 -5.503021 1.057333 -4.152198 -0.416100 -0.529685 -0.038133 -185.601431 342.274065 -302.528607
-5.777501 0.806478 -4.232216 -5.777501 0.806478 -4.232216 -0.484520 -0.297584 -0.233066 -42.462633 431.396182 -347.246190
-6.064101 0.707471 -4.435633 -6.064101 0.707471 -4.435633 -0.451221 -0.029288 -0.446779 153.458432 462.924286 -365.132693
-6.295167 0.772890 -4.766971 -6.295167 0.772890 -4.766971 -0.298928 0.246796 -0.653588 354.182795 457.355509 -324.228660
-6.400902 0.997827 -5.211528 -6.400902 0.997827 -5.211528 -0.037073 0.493889 -0.818341 518.669920 366.287226 -224.948931
-6.320851 1.351702 -5.733495 -6.320851 1.351702 -5.733495 0.318801 0.671709 -0.905669 667.575413 226.448408 -66.145930
-6.004787 1.786613 -6.279390 -6.004787 1.786613 -6.279390 0.742447 0.763202 -0.898293 744.578292 78.527391 90.733026
-5.425746 2.246948 -6.790289 -5.425746 2.246948 -6.790289 1.186937 0.751715 -0.785129 737.054158 -116.815835 286.480896
-4.585135 2.666245 -7.199225 -4.585135 2.666245 -7.199225 1.608062 0.628097 -0.560365 666.696463 -295.244084 462.731836
-3.507664 2.982015 -7.443018 -3.507664 2.982015 -7.443018 1.971223 0.411226 -0.237055 543.839481 -427.661111 614.970123
-2.238321 3.145551 -7.469250 -2.238321 3.145551 -7.469250 2.241115 0.123527 0.158458 355.802406 -531.333688 703.405484
-0.844208 3.121306 -7.245825 -0.844208 3.121306 -7.245825 2.381596 -0.208879 0.589190 112.466567 -576.686931 732.368717
0.590696 2.894447 -6.763235 0.590696 2.894447 -6.763235 2.377588 -0.543532 1.014860 -125.827462 -538.823576 686.531255
1.981586 2.476848 -6.037813 1.981586 2.476848 -6.037813 2.237022 -0.839285 1.391430 -342.724287 -447.020391 568.700213
3.251423 1.901811 -5.111267 3.251423 1.901811 -5.111267 1.977956 -1.062508 1.679261 -520.828715 -297.056134 390.736507
4.336971 1.222009 -4.046093 4.336971 1.222009 -4.046093 1.628076 -1.184875 1.850125 -645.439903 -110.832919 178.811951
5.195186 0.502123 -2.918648 5.195186 0.502123 -2.918648 1.228558 -1.196432 1.883333 -686.284528 72.308132 -68.117823
5.810671 -0.191493 -1.814896 5.810671 -0.191493 -1.814896 0.826192 -1.096910 1.772530 -654.938493 259.433046 -301.227300
6.194302 -0.794207 -0.816087 6.194302 -0.794207 -0.816087 0.462253 -0.897582 1.539352 -558.190664 404.993943 -476.032365
6.380815 -1.254062 0.012911 6.380815 -1.254062 0.012911 0.175519 -0.625607 1.209098 -397.588454 501.587753 -624.814336
6.426396 -1.537619 0.621740 6.426396 -1.537619 0.621740 -0.003861 -0.317047 0.813392 -200.345728 526.946109 -694.204284
6.399663 -1.634160 0.985513 6.399663 -1.634160 0.985513 -0.065837 -0.006695 0.400339 -6.239423 507.560352 -682.639470
6.371818 -1.552273 1.107771 6.371818 -1.552273 1.107771 -0.005678 0.270555 0.015404 206.769046 416.607839 -600.477409
6.415029 -1.322213 1.018417 6.415029 -1.322213 1.018417 0.165376 0.484211 -0.297433 363.411514 295.576670 -442.314503
6.585774 -0.988295 0.771220 6.585774 -0.988295 0.771220 0.413949 0.612494 -0.508424 465.163780 132.033716 -260.986947
6.921534 -0.606452 0.431583 6.921534 -0.606452 0.431583 0.711354 0.644618 -0.603045 526.186309 -24.953978 -54.415384
7.442395 -0.232394 0.072802 7.442395 -0.232394 0.072802 1.023743 0.588541 -0.571489 515.111942 -161.969858 159.601380
8.146492 0.085036 -0.230931 8.146492 0.085036 -0.230931 1.318465 0.458661 -0.423568 467.294006 -270.960465 333.467172
9.015281 0.308264 -0.416716 9.015281 0.308264 -0.416716 1.566823 0.280102 -0.181830 360.564111 -324.237162 472.325508
10.012322 0.417649 -0.436612 10.012322 0.417649 -0.436612 1.743391 0.083993 0.122484 227.995413 -329.460275 542.054713
11.093107 0.411638 -0.264653 11.093107 0.411638 -0.264653 1.848746 -0.099203 0.452212 123.189412 -281.191826 557.040661
12.217516 0.305969 0.104499 12.217516 0.305969 0.104499 1.887596 -0.245583 0.774221 6.310016 -206.741106 516.321679
13.345842 0.128103 0.656133 13.345842 0.128103 0.656133 1.864546 -0.336140 1.054832 -83.143485 -95.118084 419.048137
14.446886 -0.083470 1.356646 14.446886 -0.083470 1.356646 1.801074 -0.357052 1.267187 -128.429212 25.413971 288.802998
15.503863 -0.286442 2.162088 15.503863 -0.286442 2.162088 1.721263 -0.308382 1.406192 -137.608479 136.818735 174.546644
16.514005 -0.442585 3.028969 16.514005 -0.442585 3.028969 1.649471 -0.204995 1.469658 -101.698423 207.802207 37.006500
17.488285 -0.525804 3.910867 17.488285 -0.525804 3.910867 1.602967 -0.068447 1.459071 -53.313004 247.358786 -72.295989
18.443967 -0.522987 4.770160 18.443967 -0.522987 4.770160 1.588471 0.076776 1.400010 4.992754 236.718465 -124.575456
19.401197 -0.436899 5.586866 19.401197 -0.436899 5.586866 1.607707 0.205870 1.320884 59.126677 193.595551 -139.176034
20.376464 -0.278530 6.354345 20.376464 -0.278530 6.354345 1.643183 0.322028 1.237379 59.126677 193.595551 -139.176034
