-7.843382 -1.357810 -9.530777 -7.843382 -1.357810 -9.530777 0.166420 -0.971734 -0.671822 252.379267 512.167224 364.270224
-7.698102 -1.848661 -9.868301 -7.698102 -1.848661 -9.868301 0.317847 -0.664434 -0.453260 252.379267 512.167224 364.270224
-7.466753 -2.152357 -10.068106 -7.466753 -2.152357 -10.068106 0.445339 -0.343264 -0.201786 172.591950 558.399433 473.978265
-7.174399 -2.258106 -10.097399 -7.174399 -2.258106 -10.097399 0.519311 -0.009740 0.114916 73.983597 553.345334 581.694917
-6.853506 -2.169531 -9.920194 -6.853506 -2.169531 -9.920194 0.543646 0.296354 0.481682 7.132856 466.969652 640.858214
-6.528633 -1.914697 -9.517144 -6.528633 -1.914697 -9.517144 0.534932 0.541368 0.859630 -36.180140 349.743345 618.969081
-6.213563 -1.537450 -8.895931 -6.213563 -1.537450 -8.895931 0.516341 0.698576 1.201111 -25.790290 174.281941 519.299934
-5.905833 -1.098088 -8.090687 -5.905833 -1.098088 -8.090687 0.513703 0.747375 1.468209 16.996720 -11.617926 371.025483
-5.592227 -0.661092 -7.154289 -5.592227 -0.661092 -7.154289 0.535529 0.693717 1.634268 55.755594 -167.240315 182.505385
-5.257054 -0.283774 -6.154151 -5.257054 -0.283774 -6.154151 0.588082 0.549327 1.677402 119.420970 -314.060003 -38.724296
-4.878202 -0.016183 -5.168429 -4.878202 -0.016183 -5.168429 0.682269 0.333515 1.585420 194.535222 -405.313020 -267.883859
-4.431995 0.109036 -4.276322 -4.431995 0.109036 -4.276322 0.808138 0.080658 1.370061 225.028317 -437.546167 -449.980327
-3.906617 0.080645 -3.544493 -3.906617 0.080645 -3.544493 0.943105 -0.172008 1.054022 224.864300 -404.672172 -603.480722
-3.302229 -0.091278 -3.026367 -3.302229 -0.091278 -3.026367 1.068269 -0.394198 0.663627 192.349299 -335.960311 -697.837711
-2.630910 -0.381913 -2.754098 -2.630910 -0.381913 -2.754098 1.162354 -0.563991 0.243443 121.264295 -230.019394 -702.774972
-1.918017 -0.752658 -2.730496 -1.918017 -0.752658 -2.730496 1.203375 -0.656737 -0.158043 15.472161 -79.131634 -635.511447
-1.201392 -1.153218 -2.930926 -1.201392 -1.153218 -2.930926 1.171736 -0.665584 -0.495411 -120.933242 49.639945 -489.049223
-0.528602 -1.536744 -3.304529 -0.528602 -1.536744 -3.304529 1.056756 -0.601355 -0.730474 -262.334219 164.456542 -294.492253
0.051747 -1.862743 -3.783249 0.051747 -1.862743 -3.783249 0.866935 -0.476623 -0.844309 -370.401722 251.316882 -84.958591
0.500439 -2.101224 -4.290665 0.500439 -2.101224 -4.290665 0.620712 -0.314554 -0.822974 -450.343726 288.915564 156.074674
0.789327 -2.238430 -4.743381 0.789327 -2.238430 -4.743381 0.338117 -0.143593 -0.664451 -491.638910 280.951851 372.337159
0.905093 -2.277543 -5.065654 0.905093 -2.277543 -5.065654 0.050090 0.007335 -0.394167 -468.451656 222.141533 528.606528
0.856789 -2.237730 -5.200708 0.856789 -2.237730 -5.200708 -0.201164 0.117751 -0.045516 -369.059515 145.911968 633.565037
0.678754 -2.147194 -5.110682 0.678754 -2.147194 -5.110682 -0.377131 0.173406 0.351091 -217.498836 39.606922 688.457716
0.423717 -2.042402 -4.778033 0.423717 -2.042402 -4.778033 -0.455671 0.165266 0.754529 -44.301772 -66.742059 656.336883
0.155466 -1.960466 -4.213270 0.155466 -1.960466 -4.213270 -0.416622 0.099173 1.117853 174.467265 -153.568078 554.741820
-0.049754 -1.931222 -3.450649 -0.049754 -1.931222 -3.450649 -0.245194 -0.006059 1.410980 396.958748 -197.205198 422.348017
-0.114730 -1.971314 -2.537812 -0.114730 -1.971314 -2.537812 0.046419 -0.129178 1.615520 575.083350 -213.190303 259.451953
0.023968 -2.084892 -1.532675 0.023968 -2.084892 -1.532675 0.428130 -0.245578 1.716810 697.287332 -174.810823 78.181257
0.411108 -2.259147 -0.497667 0.411108 -2.259147 -0.497667 0.870252 -0.327675 1.717967 776.454166 -98.844600 -74.322817
1.073225 -2.466874 0.513026 1.073225 -2.466874 0.513026 1.337143 -0.353630 1.639827 779.848764 12.325587 -186.143418
2.010888 -2.669573 1.458600 2.010888 -2.669573 1.458600 1.780075 -0.309932 1.504059 696.590423 133.334963 -266.418865
3.194636 -2.824114 2.310782 3.194636 -2.824114 2.310782 2.149613 -0.192842 1.332716 535.202831 256.965219 -304.724913
4.568496 -2.888196 3.056964 4.568496 -2.888196 3.056964 2.409517 -0.011814 1.156897 331.143150 346.462988 -281.336674
6.060033 -2.830268 3.704040 6.060033 -2.830268 3.704040 2.539308 0.209326 1.005986 101.495956 390.671110 -221.699854
7.588228 -2.633594 4.271744 7.588228 -2.633594 4.271744 2.531905 0.447519 0.893056 -126.172409 403.302724 -154.732651
9.071932 -2.295089 4.784470 9.071932 -2.295089 4.784470 2.392561 0.676497 0.823938 -338.309298 359.958122 -75.660449
10.435661 -1.830658 5.270270 10.435661 -1.830658 5.270270 2.135015 0.861171 0.803821 -520.176514 255.623999 8.601780
11.617299 -1.276849 5.756610 11.617299 -1.276849 5.756610 1.794215 0.970013 0.821481 -615.823063 107.181259 50.264486
12.581275 -0.685517 6.259889 12.581275 -0.685517 6.259889 1.416197 0.984480 0.858351 -644.238478 -58.957854 72.635017
13.317677 -0.115815 6.785495 13.317677 -0.115815 6.785495 1.042886 0.897237 0.889540 -600.129564 -231.853957 31.328836
13.841041 0.373161 7.322770 13.841041 0.373161 7.322770 0.711088 0.719966 0.897897 -505.866586 -359.047941 -3.471425
14.176638 0.740512 7.860883 14.176638 0.740512 7.860883 0.407568 0.504537 0.895814 -505.866586 -359.047941 -3.471425
