1.263761 -4.082381 -9.127949 1.263761 -4.082381 -9.127949 2.153456 1.089041 1.884830 241.082070 -384.078687 310.339377
2.599229 -3.498090 -7.941190 2.599229 -3.498090 -7.941190 2.298105 0.858594 2.071033 241.082070 -384.078687 310.339377
4.014102 -3.057061 -6.655048 4.014102 -3.057061 -6.655048 2.405831 0.603184 2.195540 118.006422 -467.287712 104.681409
5.467439 -2.782755 -5.334198 5.467439 -2.782755 -5.334198 2.419621 0.305348 2.181767 -72.039865 -525.498462 -150.591443
6.895653 -2.692495 -4.064301 6.895653 -2.692495 -4.064301 2.323438 -0.001752 2.031131 -248.570727 -498.167332 -351.525980
8.234611 -2.777393 -2.918788 8.234611 -2.777393 -2.918788 2.122488 -0.271534 1.770757 -421.263587 -401.109224 -516.387798
9.422748 -3.003631 -1.955939 9.422748 -3.003631 -1.955939 1.822086 -0.467786 1.427647 -580.074234 -253.061328 -627.312835
10.405470 -3.320357 -1.213807 10.405470 -3.320357 -1.213807 1.443457 -0.572144 1.043561 -682.022560 -94.801364 -652.973848
11.147624 -3.670753 -0.702063 11.147624 -3.670753 -0.702063 1.028465 -0.579249 0.667489 -701.284498 71.120808 -600.598635
11.641276 -3.997261 -0.403394 11.641276 -3.997261 -0.403394 0.621712 -0.495381 0.338547 -654.558527 208.438730 -495.876645
11.903125 -4.248797 -0.281039 11.903125 -4.248797 -0.281039 0.262188 -0.329450 0.083446 -543.856686 344.665354 -354.459715
11.972020 -4.380684 -0.284584 11.972020 -4.380684 -0.284584 -0.016741 -0.103933 -0.078282 -385.905383 407.056674 -184.633034
11.905776 -4.369915 -0.353097 11.905776 -4.369915 -0.353097 -0.181968 0.139590 -0.130608 -164.853480 404.684898 10.211553
11.782709 -4.215839 -0.419290 11.782709 -4.215839 -0.419290 -0.201941 0.369799 -0.072814 98.278060 362.679184 182.437964
11.690756 -3.933159 -0.424432 11.690756 -3.933159 -0.424432 -0.085366 0.565000 0.065187 290.305490 287.990403 277.562967
11.691792 -3.542321 -0.335359 11.691792 -3.542321 -0.335359 0.088817 0.737794 0.231724 290.305490 287.990403 277.562967
