-8.156579 -2.512359 -8.040975 -8.156579 -2.512359 -8.040975 0.398632 1.036271 -0.546366 262.499513 -227.921328 557.171800
-7.870150 -1.931622 -8.268504 -7.870150 -1.931622 -8.268504 0.556131 0.899519 -0.212063 262.499513 -227.921328 557.171800
-7.494883 -1.435717 -8.288445 -7.494883 -1.435717 -8.288445 0.685320 0.748862 0.157270 168.129825 -274.268170 673.937450
-7.061639 -1.036265 -8.067000 -7.061639 -1.036265 -8.067000 0.745142 0.581816 0.590502 31.274793 -282.550004 770.170852
-6.613361 -0.735099 -7.573573 -6.613361 -0.735099 -7.573573 0.741723 0.426962 1.055081 -42.668714 -233.630685 778.425686
-6.178075 -0.516049 -6.805523 -6.178075 -0.516049 -6.805523 0.705784 0.311416 1.496558 -77.130544 -151.522512 693.161817
-5.769010 -0.349840 -5.791804 -5.769010 -0.349840 -5.791804 0.656901 0.253671 1.867532 -85.810161 -40.961890 543.419245
-5.389116 -0.199445 -4.584874 -5.389116 -0.199445 -4.584874 0.611406 0.256922 2.136559 -65.840656 51.800419 353.337066
-5.030287 -0.029759 -3.253213 -5.030287 -0.029759 -3.253213 0.591086 0.319044 2.279188 -1.893659 155.272224 122.092737
-4.672532 0.193049 -1.877606 -4.672532 0.193049 -1.877606 0.607175 0.429368 2.283030 55.522652 212.473033 -109.285279
-4.295660 0.489516 -0.538932 -4.295660 0.489516 -0.538932 0.653353 0.559859 2.160094 98.404347 222.498965 -300.500748
-3.882255 0.864639 0.693025 -3.882255 0.864639 0.693025 0.730798 0.689145 1.929746 159.746724 208.453253 -467.326690
-3.415270 1.311283 1.760381 -3.415270 1.311283 1.760381 0.825403 0.792399 1.617489 155.602882 135.725801 -573.529920
-2.894385 1.804830 2.625104 -2.894385 1.804830 2.625104 0.906942 0.842218 1.260692 116.193900 30.339869 -615.794219
-2.333423 2.308709 3.274359 -2.333423 2.308709 3.274359 0.956066 0.825855 0.909630 47.553191 -84.884759 -554.411257
-1.755933 2.782080 3.724163 -1.755933 2.782080 3.724163 0.961051 0.740611 0.596083 -30.935495 -199.261872 -490.746718
-1.184871 3.190579 3.993478 -1.184871 3.190579 3.993478 0.942490 0.621054 0.301635 -30.935495 -199.261872 -490.746718
