-4.660653 -1.928416 -2.711992 -4.660653 -1.928416 -2.711992 1.386910 -0.486949 -0.514909 -311.797730 -356.608716 338.458497
-3.884631 -2.284775 -2.960015 -3.884631 -2.284775 -2.960015 1.199831 -0.700914 -0.311834 -311.797730 -356.608716 338.458497
-3.223817 -2.764581 -3.077300 -3.223817 -2.764581 -3.077300 0.997947 -0.890216 -0.064293 -361.148856 -274.397402 486.679115
-2.691545 -3.338022 -3.020426 -2.691545 -3.338022 -3.020426 0.773808 -1.004457 0.266951 -385.981674 -106.406570 617.466260
-2.295259 -3.948603 -2.746595 -2.295259 -3.948603 -2.746595 0.549608 -1.012064 0.650012 -361.352623 81.050023 659.405463
-2.024663 -4.530732 -2.240361 -2.024663 -4.530732 -2.240361 0.362170 -0.910834 1.033327 -263.440825 256.384413 618.312032
-1.845578 -5.021042 -1.514836 -1.845578 -5.021042 -1.514836 0.250120 -0.706797 1.375476 -110.058889 423.738905 522.184888
-1.705252 -5.362524 -0.603735 -1.705252 -5.362524 -0.603735 0.234407 -0.420937 1.647893 57.682589 529.129832 385.869645
-1.543493 -5.516678 0.444533 -1.543493 -5.516678 0.444533 0.322679 -0.087637 1.829797 236.556794 581.868270 220.477488
-1.295859 -5.464477 1.571986 -1.295859 -5.464477 1.571986 0.521843 0.261719 1.911524 427.325992 582.652899 51.944531
-0.897214 -5.207472 2.719191 -0.897214 -5.207472 2.719191 0.821341 0.586789 1.897399 570.997625 500.913511 -99.027345
-0.295867 -4.773196 3.831857 -0.295867 -4.773196 3.831857 1.192758 0.847532 1.798238 667.060726 368.228157 -231.508965
0.542653 -4.207945 4.864361 0.542653 -4.207945 4.864361 1.606965 1.020722 1.635495 713.629090 209.072638 -310.965935
1.632764 -3.570518 5.788423 1.632764 -3.570518 5.788423 2.022534 1.082967 1.442613 671.602419 -1.590521 -331.974378
2.959436 -2.931088 6.595131 2.959436 -2.931088 6.595131 2.386810 1.031695 1.247905 542.649882 -169.315316 -317.051917
4.478995 -2.352938 7.289607 4.478995 -2.352938 7.289607 2.661379 0.878155 1.071685 372.580679 -342.484771 -270.349218
6.130826 -1.894392 7.889027 6.130826 -1.894392 7.889027 2.824621 0.639166 0.934835 171.558206 -454.144764 -185.817779
7.841255 -1.595139 8.421267 7.841255 -1.595139 8.421267 2.851439 0.354180 0.847274 -82.166269 -495.808044 -106.051935
9.523490 -1.471787 8.914338 9.523490 -1.471787 8.914338 2.732948 0.057139 0.802623 -312.803427 -494.330039 -42.783558
11.094978 -1.522827 9.391383 11.094978 -1.522827 9.391383 2.485383 -0.221177 0.792810 -512.413310 -433.389864 10.073244
12.485772 -1.725675 9.870521 12.485772 -1.725675 9.870521 2.136933 -0.441867 0.807047 -649.087001 -302.241755 37.380812
13.645926 -2.036054 10.359929 13.645926 -2.036054 10.359929 1.721629 -0.577490 0.821735 -735.259788 -149.837060 11.580066
14.545982 -2.399691 10.851847 14.545982 -2.399691 10.851847 1.277601 -0.618253 0.812646 -744.832920 13.963301 -41.874450
15.183995 -2.759270 11.328295 15.183995 -2.759270 11.328295 0.858316 -0.565580 0.769510 -652.782964 161.611027 -101.912817
15.590022 -3.061423 11.767448 15.590022 -3.061423 11.767448 0.509337 -0.428089 0.687315 -510.480925 296.694584 -172.072859
15.813716 -3.260267 12.144605 15.813716 -3.260267 12.144605 0.252939 -0.227050 0.562782 -344.176796 373.433797 -243.037307
15.915892 -3.328214 12.436847 15.915892 -3.328214 12.436847 0.108254 0.002338 0.408555 -138.108099 391.194692 -271.052219
15.969341 -3.257684 12.633263 15.969341 -3.257684 12.633263 0.092168 0.230611 0.246290 84.489379 369.712056 -269.829692
16.049999 -3.056780 12.734957 16.049999 -3.056780 12.734957 0.193609 0.432387 0.096838 253.645869 302.875850 -228.343773
16.219731 -2.749676 12.757007 16.219731 -2.749676 12.757007 0.385345 0.579883 -0.014924 385.475794 188.777090 -144.196541
16.525863 -2.374809 12.729613 16.525863 -2.374809 12.729613 0.644330 0.657937 -0.063865 477.807685 71.403434 -18.940526
16.999342 -1.974022 12.697132 16.999342 -1.974022 12.697132 0.935389 0.666640 -0.028993 492.386938 -42.394057 135.182241
17.646158 -1.587606 12.712921 17.646158 -1.587606 12.712921 1.215588 0.611520 0.096376 441.611285 -141.339293 282.712004
18.450048 -1.249036 12.829094 18.450048 -1.249036 12.829094 1.455788 0.512215 0.303300 359.052694 -189.677537 407.036899
19.380435 -0.976435 13.090649 19.380435 -0.976435 13.090649 1.632645 0.395476 0.579064 230.473757 -199.450029 512.175990
20.395344 -0.774358 13.532177 20.395344 -0.774358 13.532177 1.740113 0.279268 0.895860 127.752888 -187.910465 543.811397
21.462408 -0.640621 14.167579 21.462408 -0.640621 14.167579 1.816765 0.166522 1.222147 127.752888 -187.910465 543.811397
