5.677238 3.472519 3.506567 5.677238 3.472519 3.506567 0.693472 0.759344 -0.960412 -412.879200 -395.864751 -466.550630
6.019003 3.856870 2.846341 6.019003 3.856870 2.846341 0.445745 0.521825 -1.240343 -412.879200 -395.864751 -466.550630
6.219012 4.096273 2.026219 6.219012 4.096273 2.026219 0.232422 0.272125 -1.479957 -298.196389 -436.470864 -332.164156
6.314788 4.181818 1.091290 6.314788 4.181818 1.091290 0.103492 0.014419 -1.615082 -131.569267 -422.549742 -118.252964
6.365934 4.118205 0.113986 6.365934 4.118205 0.113986 0.088216 -0.220141 -1.620879 80.648726 -359.313923 98.932414
6.445441 3.929492 -0.826772 6.445441 3.929492 -0.826772 0.196908 -0.395486 -1.491715 281.656750 -225.171622 331.611412
6.624377 3.661211 -1.650852 6.624377 3.661211 -1.650852 0.416371 -0.482882 -1.236451 449.886301 -66.148698 519.270796
6.964640 3.370326 -2.290974 6.964640 3.370326 -2.290974 0.733607 -0.468818 -0.883490 607.567127 113.029273 657.264250
7.519050 3.119101 -2.696978 7.519050 3.119101 -2.696978 1.122565 -0.352395 -0.460217 688.961086 275.046300 753.645839
8.315807 2.965005 -2.837871 8.315807 2.965005 -2.837871 1.531969 -0.148205 -0.010124 675.718675 405.589918 746.666008
9.352675 2.955614 -2.713918 9.352675 2.955614 -2.713918 1.917687 0.127780 0.416008 610.009743 514.358101 673.773999
10.605232 3.127173 -2.350764 10.605232 3.127173 -2.350764 2.244405 0.447927 0.781621 479.047277 552.797557 544.936365
12.026547 3.491998 -1.796129 12.026547 3.491998 -1.796129 2.474053 0.762431 1.046452 286.448668 495.549954 337.830441
13.547984 4.033761 -1.120699 13.547984 4.033761 -1.120699 2.573146 1.035292 1.182897 43.859352 413.988685 116.987282
15.085472 4.721085 -0.404007 15.085472 4.721085 -0.404007 2.527991 1.241835 1.182570 -194.376311 274.487093 -118.075893
16.554166 5.503393 0.272054 16.554166 5.503393 0.272054 2.345800 1.345525 1.050589 -412.927051 71.145422 -321.862877
17.877556 6.312220 0.834970 17.877556 6.312220 0.834970 2.049230 1.331744 0.809963 -575.638077 -117.081481 -480.223111
18.994991 7.079592 1.227656 18.994991 7.079592 1.227656 1.661406 1.208495 0.487571 -717.108469 -293.748613 -594.416334
19.860626 7.743141 1.411227 19.860626 7.743141 1.411227 1.220494 0.988881 0.121037 -752.598523 -438.297143 -627.364753
20.459099 8.251231 1.372976 20.459099 8.251231 1.372976 0.777158 0.694175 -0.245118 -725.189118 -544.056009 -593.150384
20.800997 8.567619 1.125691 20.800997 8.567619 1.125691 0.372731 0.356808 -0.568246 -622.899062 -580.502666 -483.941876
20.921430 8.679987 0.706312 20.921430 8.679987 0.706312 0.043571 0.022375 -0.815218 -474.303141 -534.273813 -339.299763
20.873002 8.602531 0.164993 20.873002 8.602531 0.164993 -0.186991 -0.271747 -0.974372 -294.236466 -446.131620 -191.213090
20.720125 8.367368 -0.443466 20.720125 8.367368 -0.443466 -0.302133 -0.498482 -1.036187 -89.568426 -309.653856 -14.836296
20.534033 8.021584 -1.057975 20.534033 8.021584 -1.057975 -0.299323 -0.639059 -0.995719 98.934480 -158.935478 149.727039
20.381410 7.620976 -1.621441 20.381410 7.620976 -1.621441 -0.194150 -0.677244 -0.870808 251.642840 31.654233 266.643415
20.315695 7.229651 -2.091237 20.315695 7.229651 -2.091237 -0.015769 -0.611631 -0.687360 342.958701 187.053857 344.849889
20.370054 6.901736 -2.439712 20.370054 6.901736 -2.439712 0.200448 -0.472427 -0.471109 377.763822 276.959384 375.987443
20.558320 6.668133 -2.654700 20.558320 6.668133 -2.654700 0.427106 -0.306252 -0.245517 377.763822 276.959384 375.987443
