-8.004303 0.569750 -8.947941 -8.004303 0.569750 -8.947941 2.461662 -0.313715 1.893290 -132.149135 -461.690438 153.399419
-6.551093 0.298416 -7.784355 -6.551093 0.298416 -7.784355 2.382372 -0.590730 1.985330 -132.149135 -461.690438 153.399419
-5.155556 -0.134467 -6.576204 -5.155556 -0.134467 -6.576204 2.252582 -0.844449 2.024077 -300.484320 -384.040199 -24.244021
-3.870686 -0.702737 -5.381038 -3.870686 -0.702737 -5.381038 2.009334 -1.037239 1.934950 -510.342266 -258.592961 -272.846032
-2.765237 -1.361841 -4.281711 -2.765237 -1.361841 -4.281711 1.661679 -1.143466 1.708588 -648.509140 -95.496792 -481.694215
-1.888424 -2.053587 -3.351806 -1.888424 -2.053587 -3.351806 1.255260 -1.143150 1.376859 -706.218695 96.547546 -624.069490
-1.262016 -2.710751 -2.642659 -1.262016 -2.710751 -2.642659 0.833386 -1.028485 0.979241 -700.029426 285.669297 -701.323679
-0.882806 -3.267084 -2.181912 -0.882806 -3.267084 -2.181912 0.439283 -0.810394 0.555649 -613.645890 441.302006 -710.648157
-0.719313 -3.668864 -1.972444 -0.719313 -3.668864 -1.972444 0.122995 -0.520504 0.149234 -440.648720 524.996777 -644.067681
-0.711354 -3.882677 -1.988892 -0.711354 -3.882677 -1.988892 -0.074001 -0.185553 -0.187488 -216.005039 591.507923 -478.340599
-0.784650 -3.889020 -2.177850 -0.784650 -3.889020 -2.177850 -0.153676 0.161937 -0.426309 -49.579018 566.793337 -317.729659
-0.885780 -3.689835 -2.490827 -0.885780 -3.689835 -2.490827 -0.183424 0.502013 -0.616947 -49.579018 566.793337 -317.729659
