3.327456 -4.406147 6.054535 3.327456 -4.406147 6.054535 -0.015476 0.116695 0.142353 7.391700 -191.342312 -512.282003
3.319501 -4.370572 6.047736 3.319501 -4.370572 6.047736 -0.011041 0.001890 -0.165016 7.391700 -191.342312 -512.282003
3.316338 -4.400018 5.866484 3.316338 -4.400018 5.866484 0.004050 -0.093609 -0.422540 42.911085 -126.988896 -346.130549
3.326350 -4.473432 5.564968 3.326350 -4.473432 5.564968 0.029089 -0.141754 -0.558660 40.553267 -33.494144 -107.603668
3.348047 -4.558072 5.224331 3.348047 -4.558072 5.224331 0.038139 -0.129642 -0.553585 -10.387918 73.868228 124.521175
3.365504 -4.617106 4.928380 3.365504 -4.617106 4.928380 0.014121 -0.058044 -0.409940 -69.671364 164.791803 354.295316
3.357299 -4.617414 4.756499 3.357299 -4.617414 4.756499 -0.048364 0.065112 -0.145812 -138.613203 245.727497 526.130726
3.299319 -4.531441 4.771223 3.299319 -4.531441 4.771223 -0.151586 0.225924 0.207405 -205.458066 290.313568 651.260596
3.167463 -4.344536 5.016158 3.167463 -4.344536 5.016158 -0.294473 0.395582 0.614488 -270.832769 275.214899 705.680773
2.941533 -4.061252 5.509969 2.941533 -4.061252 5.509969 -0.459455 0.542691 1.028374 -279.106502 215.147489 673.941171
2.617389 -3.701977 6.242571 2.617389 -3.701977 6.242571 -0.618078 0.646447 1.404080 -249.637113 130.703888 578.412135
2.205753 -3.298273 7.179442 2.205753 -3.298273 7.179442 -0.747131 0.686417 1.702672 -180.540220 2.530712 416.893765
1.731865 -2.893918 8.264532 1.731865 -2.893918 8.264532 -0.821017 0.648181 1.895036 -65.747857 -129.983051 224.319848
1.236501 -2.536161 9.429415 1.236501 -2.536161 9.429415 -0.815064 0.531418 1.967050 85.593670 -259.227999 15.727643
0.772575 -2.269408 10.600162 0.772575 -2.269408 10.600162 -0.715181 0.348698 1.914916 247.348159 -349.840082 -189.508354
0.397066 -2.126687 11.705038 0.397066 -2.126687 11.705038 -0.521385 0.121160 1.751398 398.638498 -408.617281 -355.551858
0.164481 -2.126938 12.684534 0.164481 -2.126938 12.684534 -0.239746 -0.120991 1.501350 540.158086 -398.554133 -477.942330
0.122663 -2.267677 13.495632 0.122663 -2.267677 13.495632 0.108353 -0.342147 1.196173 620.172932 -338.633252 -539.312542
0.301007 -2.526905 14.116183 0.301007 -2.526905 14.116183 0.488964 -0.510255 0.872202 648.530458 -221.725024 -540.590383
0.708177 -2.863977 14.544796 0.708177 -2.863977 14.544796 0.863363 -0.598335 0.560841 599.464169 -71.875636 -497.282288
1.327843 -3.225745 14.797823 1.327843 -3.225745 14.797823 1.191761 -0.590605 0.292638 495.198573 97.640712 -396.726524
2.121817 -3.552406 14.909969 2.121817 -3.552406 14.909969 1.437789 -0.481385 0.094472 324.892711 266.426971 -263.825492
3.030087 -3.783497 14.925715 3.030087 -3.783497 14.925715 1.568308 -0.272616 -0.031066 110.170718 429.471701 -154.637022
3.977637 -3.863572 14.886480 3.977637 -3.863572 14.886480 1.568084 0.016015 -0.087652 -110.918337 532.628993 -33.980655
4.885552 -3.755382 14.833025 4.885552 -3.755382 14.833025 1.436683 0.349136 -0.081775 -327.082087 577.774699 53.569868
5.676944 -3.442793 14.796801 5.676944 -3.442793 14.796801 1.181716 0.691336 -0.033644 -522.807724 562.893398 106.867663
6.284570 -2.931459 14.796444 6.284570 -2.931459 14.796444 0.831537 1.005132 0.033445 -644.457468 483.091904 116.761484
6.663640 -2.249589 14.835243 6.663640 -2.249589 14.835243 0.425614 1.254158 0.092076 -708.617990 346.994467 78.674944
6.792329 -1.445440 14.902088 6.792329 -1.445440 14.902088 0.004801 1.408334 0.126468 -694.094068 166.926623 35.964832
6.677422 -0.582836 14.980748 6.677422 -0.582836 14.980748 -0.375907 1.446273 0.129574 -574.932242 -40.461744 -25.611024
6.355880 0.267827 15.050598 6.355880 0.267827 15.050598 -0.683414 1.372908 0.097786 -450.090100 -204.090694 -80.349294
5.864816 1.054836 15.094806 5.864816 1.054836 15.094806 -0.953468 1.250453 0.049576 -450.090100 -204.090694 -80.349294
