-5.818298 -1.035267 -10.017542 -5.818298 -1.035267 -10.017542 -0.618181 0.418703 0.627638 138.270488 -84.651589 363.751941
-6.164318 -0.799282 -9.575483 -6.164318 -0.799282 -9.575483 -0.535219 0.367912 0.845890 138.270488 -84.651589 363.751941
-6.454049 -0.599350 -9.010574 -6.454049 -0.599350 -9.010574 -0.419694 0.289232 1.023641 246.814121 -177.614103 228.751767
-6.652568 -0.462264 -8.366898 -6.652568 -0.462264 -8.366898 -0.227255 0.160247 1.102472 394.646758 -252.336560 34.019277
-6.711165 -0.413123 -7.709064 -6.711165 -0.413123 -7.709064 0.043134 0.000912 1.074020 506.651585 -278.780642 -128.858344
-6.590070 -0.461422 -7.093558 -6.590070 -0.461422 -7.093558 0.367212 -0.159682 0.968150 573.609134 -256.531397 -224.041205
-6.265605 -0.598994 -6.556402 -6.265605 -0.598994 -6.556402 0.715813 -0.291537 0.816687 588.393905 -182.985316 -280.835530
-5.733687 -0.801582 -6.118616 -5.733687 -0.801582 -6.118616 1.051446 -0.374969 0.639807 530.380579 -95.123808 -308.766620
-5.014124 -1.036845 -5.787839 -5.014124 -1.036845 -5.787839 1.335813 -0.397840 0.466904 417.510378 18.887619 -267.575300
-4.147292 -1.265870 -5.551900 -4.147292 -1.265870 -5.551900 1.537283 -0.355111 0.326158 254.055373 123.542884 -201.580442
-3.191815 -1.452681 -5.387802 -3.191815 -1.452681 -5.387802 1.626599 -0.260897 0.228649 43.665109 190.503375 -123.447248
-2.221061 -1.572179 -5.267599 -2.221061 -1.572179 -5.267599 1.587474 -0.132844 0.180751 -174.080118 236.340903 -36.212190
-1.311759 -1.609080 -5.160707 -1.311759 -1.609080 -5.160707 1.423787 0.010282 0.183818 -371.542919 240.745573 46.434676
-0.534648 -1.562744 -5.039816 -0.534648 -1.562744 -5.039816 1.149443 0.138893 0.222891 -542.937633 187.957734 83.809721
0.050172 -1.450742 -4.890307 0.050172 -1.450742 -4.890307 0.788094 0.225834 0.276618 -661.558222 101.846539 95.277761
0.401834 -1.303043 -4.708279 0.401834 -1.303043 -4.708279 0.380589 0.256275 0.328319 -696.793933 -0.376382 77.059403
0.506789 -1.156855 -4.499842 0.506789 -1.156855 -4.499842 -0.027365 0.218498 0.362429 -663.050495 -125.547162 36.641659
0.377472 -1.055187 -4.280336 0.377472 -1.055187 -4.280336 -0.392938 0.109012 0.361681 -555.528963 -239.407083 -39.135040
0.051936 -1.037434 -4.074969 0.051936 -1.037434 -4.074969 -0.675146 -0.057439 0.315213 -385.163188 -315.430866 -115.759413
-0.408782 -1.130685 -3.909117 -0.408782 -1.130685 -3.909117 -0.837751 -0.256748 0.233561 -156.852142 -348.931454 -156.412513
-0.925615 -1.346417 -3.798163 -0.925615 -1.346417 -3.798163 -0.861607 -0.460484 0.134575 77.331602 -330.186793 -173.541100
-1.415813 -1.678264 -3.748807 -1.415813 -1.678264 -3.748807 -0.750976 -0.639212 0.029688 291.439419 -265.574633 -176.082160
-1.801495 -2.103402 -3.759537 -1.801495 -2.103402 -3.759537 -0.513892 -0.767589 -0.060199 498.837517 -162.350019 -123.543380
-2.011511 -2.583604 -3.811926 -2.011511 -2.583604 -3.811926 -0.171946 -0.817129 -0.104482 640.982617 -2.781936 -24.065547
-1.995627 -3.064150 -3.871294 -1.995627 -3.064150 -3.871294 0.231021 -0.767636 -0.080659 702.241811 167.760334 103.475927
-1.729741 -3.485338 -3.891727 -1.729741 -3.485338 -3.891727 0.656714 -0.620996 0.028113 716.736162 321.037316 259.099227
-1.211005 -3.792742 -3.819827 -1.211005 -3.792742 -3.819827 1.065230 -0.391338 0.225542 644.981767 444.490063 398.997399
-0.463463 -3.942538 -3.606372 -0.463463 -3.942538 -3.606372 1.413756 -0.099651 0.496489 516.771515 527.799351 504.157960
0.468578 -3.905585 -3.213174 0.468578 -3.905585 -3.213174 1.677665 0.225726 0.821764 362.925491 556.791698 580.093224
1.529968 -3.671959 -2.613823 1.529968 -3.671959 -2.613823 1.842739 0.549642 1.179198 187.322436 522.929203 611.350894
2.656942 -3.255947 -1.799930 2.656942 -3.255947 -1.799930 1.893198 0.823894 1.527668 -19.126665 391.243596 550.217388
3.781919 -2.698771 -0.789648 3.781919 -2.698771 -0.789648 1.844225 1.020718 1.831004 -144.116870 264.834167 460.901807
4.862513 -2.038671 0.391916 4.862513 -2.038671 0.391916 1.757755 1.179618 2.107545 -144.116870 264.834167 460.901807
