9.054821 0.208215 -9.485092 9.054821 0.208215 -9.485092 0.684476 -0.958160 1.396847 -42.903515 281.672591 220.729503
9.457784 -0.315980 -8.607253 9.457784 -0.315980 -8.607253 0.658734 -0.789156 1.529285 -42.903515 281.672591 220.729503
9.843599 -0.735346 -7.661624 9.843599 -0.735346 -7.661624 0.624479 -0.603017 1.603358 -71.279543 338.791184 26.179987
10.203709 -1.034072 -6.710150 10.203709 -1.034072 -6.710150 0.572975 -0.389233 1.542800 -100.402247 373.823203 -228.037943
10.531015 -1.203319 -5.837476 10.531015 -1.203319 -5.837476 0.520700 -0.179917 1.346183 -73.846857 323.894927 -427.350993
10.832965 -1.257576 -5.116051 10.832965 -1.257576 -5.116051 0.490503 -0.008620 1.042962 -26.810485 247.097585 -583.386064
11.126553 -1.223686 -4.601514 11.126553 -1.223686 -4.601514 0.494977 0.112558 0.661775 41.723994 156.827586 -687.238401
11.436175 -1.134883 -4.328411 11.436175 -1.134883 -4.328411 0.545641 0.171854 0.248137 127.156233 40.825586 -691.556483
11.789681 -1.031800 -4.299713 11.789681 -1.031800 -4.299713 0.638101 0.159460 -0.145318 181.043231 -82.139450 -619.957444
12.205660 -0.956522 -4.490997 12.205660 -0.956522 -4.490997 0.749381 0.082114 -0.479794 189.890629 -175.680471 -494.963243
12.688847 -0.940703 -4.857333 12.688847 -0.940703 -4.857333 0.860209 -0.032433 -0.723604 179.536636 -206.141324 -317.736898
13.234596 -0.997174 -5.336093 13.234596 -0.997174 -5.336093 0.954466 -0.155644 -0.851276 134.651497 -204.561688 -107.835201
13.825897 -1.126055 -5.853453 13.825897 -1.126055 -5.853453 1.007179 -0.271752 -0.851898 41.059796 -182.467112 105.759387
14.429221 -1.317021 -6.334390 14.429221 -1.317021 -6.334390 0.989942 -0.356583 -0.732614 -98.516265 -100.301509 291.853911
14.996220 -1.541972 -6.712994 14.996220 -1.541972 -6.712994 0.884664 -0.381497 -0.515347 -252.411128 17.253791 432.370761
15.473029 -1.762195 -6.938517 15.473029 -1.762195 -6.938517 0.690443 -0.343298 -0.226634 -394.992030 110.076176 530.003998
15.809549 -1.942316 -6.976660 15.809549 -1.942316 -6.976660 0.420210 -0.247033 0.103554 -505.782285 210.809205 570.623794
15.965871 -2.048014 -6.813659 15.965871 -2.048014 -6.813659 0.092925 -0.097666 0.436711 -585.170023 287.078416 539.898801
15.914428 -2.053570 -6.459580 15.914428 -2.053570 -6.459580 -0.267514 0.081430 0.735002 -616.293698 309.909445 454.405061
15.645996 -1.950662 -5.943060 15.645996 -1.950662 -5.943060 -0.622244 0.258706 0.976279 -566.138133 281.011187 349.851254
15.176874 -1.748923 -5.302451 15.176874 -1.748923 -5.302451 -0.931281 0.406979 1.145531 -463.984420 213.229993 214.323875
14.544577 -1.472990 -4.584487 14.544577 -1.472990 -4.584487 -1.159726 0.501740 1.234457 -297.499141 102.641114 82.095942
13.807766 -1.161762 -3.834979 13.807766 -1.161762 -3.834979 -1.275355 0.521869 1.254001 -87.933520 -35.544968 -16.950830
13.039641 -0.862768 -3.090563 13.039641 -0.862768 -3.090563 -1.263535 0.461895 1.219164 127.336776 -164.367818 -99.173105
12.317299 -0.623109 -2.378775 12.317299 -0.623109 -2.378775 -1.122840 0.323818 1.150362 341.643830 -295.888528 -130.165088
11.717167 -0.488041 -1.711790 11.717167 -0.488041 -1.711790 -0.857473 0.116471 1.073251 542.913308 -395.267934 -126.872343
11.308542 -0.492065 -1.088423 11.308542 -0.492065 -1.088423 -0.491054 -0.134484 1.008394 678.483745 -441.249259 -89.318869
11.139251 -0.651616 -0.496299 11.139251 -0.651616 -0.496299 -0.067890 -0.396411 0.970632 732.062161 -431.839802 -36.551596
11.229416 -0.963036 0.082975 11.229416 -0.963036 0.082975 0.366989 -0.634728 0.966069 717.535367 -362.551641 21.341658
11.573531 -1.401821 0.669762 11.573531 -1.401821 0.669762 0.771334 -0.815704 0.995391 630.280788 -240.699900 76.396913
12.141218 -1.924480 1.282767 12.141218 -1.924480 1.282767 1.106685 -0.909678 1.051325 487.556264 -72.547175 110.051089
12.880199 -2.472470 1.932971 12.880199 -2.472470 1.932971 1.335265 -0.898830 1.115357 274.378294 108.706032 103.386803
13.715140 -2.981028 2.617706 13.715140 -2.981028 2.617706 1.421864 -0.777739 1.161943 14.283779 294.932504 51.899538
14.559642 -3.386072 3.320890 14.559642 -3.386072 3.320890 1.374497 -0.558223 1.176463 -172.173967 436.785332 -3.498358
15.353349 -3.642385 4.026138 15.353349 -3.642385 4.026138 1.271192 -0.296152 1.174364 -172.173967 436.785332 -3.498358
