6.067731 -2.528704 5.314976 6.067731 -2.528704 5.314976 0.277258 -0.962292 -0.363183 24.539171 375.341720 28.808498
6.238502 -3.038517 5.102252 6.238502 -3.038517 5.102252 0.291981 -0.737087 -0.345898 24.539171 375.341720 28.808498
6.425976 -3.407335 4.898775 6.425976 -3.407335 4.898775 0.346043 -0.482518 -0.334228 155.665410 473.221699 10.092284
6.673574 -3.606565 4.697623 6.673574 -3.606565 4.697623 0.499206 -0.173082 -0.340332 354.878691 558.231381 -30.440649
7.045708 -3.610642 4.484210 7.045708 -3.610642 4.484210 0.755794 0.158311 -0.377272 500.415211 546.410253 -92.693288
7.593785 -3.421426 4.237370 7.593785 -3.421426 4.237370 1.078676 0.465533 -0.451847 575.858616 477.665840 -155.888578
8.346679 -3.064461 3.935178 8.346679 -3.064461 3.935178 1.434360 0.710462 -0.560500 609.754156 338.761295 -206.287942
9.314751 -2.587202 3.560216 9.314751 -2.587202 3.560216 1.788714 0.863742 -0.691924 571.424933 172.173410 -231.793504
10.484475 -2.048758 3.104233 10.484475 -2.048758 3.104233 2.099762 0.913086 -0.826527 465.404210 -7.693604 -216.882183
11.817539 -1.514106 2.572597 11.817539 -1.514106 2.572597 2.326172 0.849394 -0.940062 289.295770 -204.611408 -161.568757
13.252495 -1.050846 1.986040 13.252495 -1.050846 1.986040 2.435646 0.678896 -1.004188 75.616925 -363.717033 -52.181861
14.713966 -0.716215 1.381383 14.713966 -0.716215 1.381383 2.413381 0.424476 -0.999255 -149.836158 -484.348498 68.622680
16.121385 -0.552367 0.803386 16.121385 -0.552367 0.803386 2.255281 0.115596 -0.912061 -377.161633 -545.251161 222.025531
17.394850 -0.580802 0.304368 17.394850 -0.580802 0.304368 1.969913 -0.209792 -0.737574 -574.066504 -539.375918 359.596292
18.464682 -0.798699 -0.065994 18.464682 -0.798699 -0.065994 1.581554 -0.508090 -0.484543 -720.464120 -454.950032 483.842832
19.279844 -1.178037 -0.265216 19.279844 -1.178037 -0.265216 1.128841 -0.744027 -0.172178 -788.577820 -331.507668 557.372328
19.815358 -1.675129 -0.266761 19.815358 -1.675129 -0.266761 0.656466 -0.897953 0.169420 -786.006433 -181.578507 581.287640
20.072599 -2.235469 -0.063269 20.072599 -2.235469 -0.063269 0.209075 -0.951323 0.504233 -705.295179 3.678159 534.754053
20.080432 -2.794894 0.329228 20.080432 -2.794894 0.329228 -0.167400 -0.895584 0.793596 -549.621103 182.119299 429.792319
19.892179 -3.291121 0.872637 19.892179 -3.291121 0.872637 -0.441577 -0.744603 1.000914 -364.304356 321.148747 261.265279
19.575062 -3.674361 1.508500 19.575062 -3.674361 1.508500 -0.593141 -0.523338 1.099108 -140.908430 416.403123 66.048367
19.207422 -3.911189 2.166319 19.207422 -3.911189 2.166319 -0.609644 -0.262387 1.071063 85.898113 453.433610 -159.530859
18.868162 -3.987027 2.767703 18.868162 -3.987027 2.767703 -0.502781 0.009554 0.912656 270.311140 453.036719 -368.491207
18.624793 -3.903617 3.237967 18.624793 -3.903617 3.237967 -0.292376 0.262029 0.636555 431.039646 388.545545 -551.848353
18.531487 -3.683759 3.513994 18.531487 -3.683759 3.513994 -0.011090 0.458670 0.272576 506.582095 266.923180 -661.414870
18.617150 -3.368483 3.554749 18.617150 -3.368483 3.554749 0.298519 0.578966 -0.142947 525.446541 134.064880 -723.661280
18.889566 -3.004664 3.340048 18.889566 -3.004664 3.340048 0.607408 0.620942 -0.570517 504.184390 5.855052 -701.569653
19.339020 -2.638530 2.878195 19.339020 -2.638530 2.878195 0.881198 0.587027 -0.957757 408.449658 -118.904740 -589.232494
19.932453 -2.312138 2.206417 19.932453 -2.312138 2.206417 1.082238 0.493579 -1.266608 261.681465 -192.589674 -440.268882
20.620844 -2.053111 1.379853 20.620844 -2.053111 1.379853 1.198971 0.365751 -1.467525 127.429603 -233.502053 -229.455377
21.354287 -1.876365 0.472968 21.354287 -1.876365 0.472968 1.231046 0.222280 -1.530538 -20.513269 -244.736179 19.411891
22.081309 -1.783287 -0.428482 22.081309 -1.783287 -0.428482 1.179172 0.094250 -1.451997 -152.398600 -182.031834 242.391739
22.756852 -1.754335 -1.244165 22.756852 -1.754335 -1.244165 1.065090 0.010873 -1.247140 -227.876955 -95.890988 440.464449
23.352144 -1.759539 -1.904344 23.352144 -1.759539 -1.904344 0.914645 -0.018997 -0.938753 -273.606791 -3.675878 587.492424
23.851215 -1.765375 -2.356522 23.851215 -1.765375 -2.356522 0.748148 0.009918 -0.559635 -281.380845 100.061468 676.234037
24.251768 -1.735702 -2.568967 24.251768 -1.735702 -2.568967 0.590883 0.098508 -0.145826 -242.837009 195.238551 703.130469
24.566169 -1.637886 -2.533928 24.566169 -1.637886 -2.533928 0.463088 0.233493 0.255909 -183.145283 254.711712 635.983541
24.815796 -1.451672 -2.273648 24.815796 -1.451672 -2.273648 0.376901 0.387669 0.598790 -104.146443 259.208000 506.955265
25.026487 -1.174990 -1.831033 25.026487 -1.174990 -1.831033 0.330900 0.530307 0.863405 -49.189610 216.251723 375.094924
25.216173 -0.817880 -1.245473 25.216173 -0.817880 -1.245473 0.301386 0.660058 1.088462 -49.189610 216.251723 375.094924
