-2.775513 0.297899 7.064357 -2.775513 0.297899 7.064357 -0.562570 -0.382854 0.135834 188.378141 57.644855 -335.555071
-3.079146 0.078562 7.085457 -3.079146 0.078562 7.085457 -0.449543 -0.348267 -0.065499 188.378141 57.644855 -335.555071
-3.313125 -0.113095 6.991886 -3.313125 -0.113095 6.991886 -0.327319 -0.279045 -0.236189 219.033841 173.094499 -233.410027
-3.471361 -0.241002 6.819359 -3.471361 -0.241002 6.819359 -0.202255 -0.133373 -0.320235 197.846794 312.480501 -46.741775
-3.560950 -0.260667 6.630242 -3.560950 -0.260667 6.630242 -0.102790 0.074679 -0.291095 133.701995 381.027268 143.873490
-3.602535 -0.145750 6.491632 -3.602535 -0.145750 6.491632 -0.042453 0.310918 -0.154022 67.423395 406.433671 313.036733
-3.618652 0.111760 6.465580 -3.618652 0.111760 6.465580 -0.015909 0.543786 0.083873 21.056143 369.793863 479.945119
-3.626441 0.499048 6.609053 -3.626441 0.499048 6.609053 -0.013442 0.737930 0.405637 -12.832797 277.352962 592.603226
-3.638281 0.984609 6.962298 -3.638281 0.984609 6.962298 -0.028467 0.868737 0.777169 -37.252481 158.670212 645.835293
-3.661388 1.527079 7.544687 -3.661388 1.527079 7.544687 -0.047423 0.927277 1.163858 -25.934342 36.465144 643.129626
-3.690162 2.083083 8.352683 -3.690162 2.083083 8.352683 -0.041246 0.914525 1.519329 46.525076 -78.971929 541.771709
-3.701551 2.611139 9.351788 -3.701551 2.611139 9.351788 0.011594 0.834919 1.794335 129.610555 -186.383185 374.916992
-3.666493 3.075193 10.484249 -3.666493 3.075193 10.484249 0.113215 0.706345 1.961157 209.125116 -242.197340 181.155693
-3.554759 3.454966 11.679615 -3.554759 3.454966 11.679615 0.269505 0.558834 2.000172 311.839340 -249.503739 -51.107047
-3.332261 3.746925 12.856353 -3.332261 3.746925 12.856353 0.479927 0.416981 1.898678 389.570348 -223.341852 -287.203645
-2.972130 3.961103 13.930929 -2.972130 3.961103 13.930929 0.723929 0.303929 1.661684 423.769006 -153.498274 -502.776975
-2.462386 4.121916 14.827769 -2.462386 4.121916 14.827769 0.973730 0.242259 1.311666 408.898742 -52.067987 -663.949173
-1.807733 4.264154 15.489489 -1.807733 4.264154 15.489489 1.203135 0.242294 0.884449 355.786784 52.183905 -760.107944
-1.028915 4.424123 15.882674 -1.028915 4.424123 15.882674 1.381088 0.299601 0.425060 237.388801 138.841212 -771.187668
-0.167124 4.633386 16.001491 -0.167124 4.633386 16.001491 1.475560 0.405459 -0.024677 77.518529 214.019830 -727.936918
0.722335 4.917149 15.863332 0.722335 4.917149 15.863332 1.472920 0.543689 -0.423063 -86.319476 246.744951 -600.017199
1.579873 5.286579 15.512126 1.579873 5.286579 15.512126 1.367744 0.685749 -0.729896 -264.265161 226.788498 -422.759769
2.342543 5.735159 15.010600 2.342543 5.735159 15.010600 1.157144 0.803368 -0.921010 -437.737682 165.273999 -214.284691
2.949988 6.240381 14.431693 2.949988 6.240381 14.431693 0.854257 0.869794 -0.988232 -571.883865 56.145847 -9.789810
3.356488 6.765217 13.848950 3.356488 6.765217 13.848950 0.495553 0.867746 -0.934316 -623.797306 -62.970389 189.510183
3.542466 7.266685 13.332037 3.542466 7.266685 13.332037 0.125926 0.790739 -0.772785 -608.291981 -193.719863 348.926664
3.512664 7.698375 12.936449 3.512664 7.698375 12.936449 -0.218376 0.635090 -0.537049 -539.381324 -325.111482 436.859954
3.292844 8.015940 12.695719 3.292844 8.015940 12.695719 -0.500536 0.415178 -0.260612 -401.150841 -407.926750 484.594632
2.932506 8.189611 12.624851 2.932506 8.189611 12.624851 -0.680272 0.160377 0.021509 -197.970736 -441.411632 455.810586
2.502127 8.206921 12.715642 2.502127 8.206921 12.715642 -0.731960 -0.101781 0.274193 25.679554 -432.448691 386.467978
2.082571 8.072061 12.943704 2.082571 8.072061 12.943704 -0.641566 -0.341002 0.475983 275.631867 -364.954747 286.165690
1.759230 7.809009 13.272752 1.759230 7.809009 13.272752 -0.416261 -0.523772 0.607428 475.385701 -244.275911 151.983654
1.604878 7.460792 13.655938 1.604878 7.460792 13.655938 -0.081853 -0.620255 0.655479 639.305899 -77.337351 8.186559
1.678051 7.084558 14.044932 1.678051 7.084558 14.044932 0.337782 -0.617458 0.631553 759.477027 86.662312 -87.939462
2.019593 6.739951 14.404126 2.019593 6.739951 14.404126 0.804303 -0.514121 0.559249 795.593357 257.794103 -153.074785
2.642528 6.487172 14.708937 2.642528 6.487172 14.708937 1.267391 -0.312990 0.451479 748.036148 412.642295 -206.158011
3.530603 6.378518 14.942427 3.530603 6.378518 14.942427 1.681182 -0.041083 0.326341 631.265113 493.714207 -210.966429
4.642058 6.445191 15.103185 4.642058 6.445191 15.103185 2.005532 0.267420 0.214398 449.902637 534.629467 -162.177619
5.914311 6.700361 15.206176 5.914311 6.700361 15.206176 2.215226 0.580618 0.134811 249.075730 509.364624 -103.112852
7.275867 7.134912 15.271738 7.275867 7.134912 15.271738 2.302609 0.858710 0.089120 42.201113 417.607872 -49.191190
8.652173 7.716437 15.319557 8.652173 7.716437 15.319557 2.263654 1.064923 0.075616 -172.051610 269.769626 4.178412
9.969087 8.392799 15.368513 9.969087 8.392799 15.368513 2.108876 1.171032 0.092294 -343.874350 83.927649 51.414759
11.166350 9.098700 15.433283 11.166350 9.098700 15.433283 1.871725 1.162262 0.123836 -446.629762 -113.163370 53.726291
12.205906 9.765413 15.514915 12.205906 9.765413 15.514915 1.588320 1.042992 0.144372 -498.052489 -284.400518 14.724656
13.069372 10.331036 15.600157 13.069372 10.331036 15.600157 1.290108 0.827449 0.133046 -495.986911 -434.076217 -52.476293
13.758391 10.742665 15.664980 13.758391 10.742665 15.664980 1.013675 0.533472 0.073768 -425.457990 -545.847492 -145.117209
14.297687 10.962992 15.677677 14.297687 10.962992 15.677677 0.796769 0.198441 -0.040517 -297.562022 -570.922976 -235.833312
14.728382 10.981466 15.606036 14.728382 10.981466 15.606036 0.649208 -0.133233 -0.206419 -194.307269 -534.656752 -317.171581
15.082932 10.805288 15.425094 15.082932 10.805288 15.425094 0.532623 -0.454027 -0.396722 -194.307269 -534.656752 -317.171581
