-6.036584 -3.667802 -2.959890 -6.036584 -3.667802 -2.959890 2.009881 0.010308 1.903247 177.715678 80.232541 374.273666
-4.798666 -3.647176 -1.750572 -4.798666 -3.647176 -1.750572 2.116510 0.058448 2.127811 177.715678 80.232541 374.273666
-3.505016 -3.591085 -0.417255 -3.505016 -3.591085 -0.417255 2.181918 0.139487 2.298682 40.310665 189.898247 195.297158
-2.197377 -3.466319 0.983410 -2.197377 -3.466319 0.983410 2.162264 0.287890 2.347371 -105.825001 304.779678 -33.001049
-0.924636 -3.235230 2.372740 -0.924636 -3.235230 2.372740 2.070924 0.488228 2.261807 -198.640112 363.012804 -252.212182
0.278796 -2.875419 3.671530 0.278796 -2.875419 3.671530 1.934905 0.713697 2.046002 -254.758770 388.549276 -467.138508
1.393597 -2.379967 4.805682 1.393597 -2.379967 4.805682 1.780623 0.933302 1.718899 -259.512305 343.468723 -623.204345
2.417151 -1.763261 5.718674 2.417151 -1.763261 5.718674 1.634378 1.113886 1.314119 -227.972585 258.477019 -726.061904
3.360124 -1.055422 6.374340 3.360124 -1.055422 6.374340 1.514500 1.233883 0.867909 -171.620250 141.514278 -761.304260
4.242646 -0.299670 6.760860 4.242646 -0.299670 6.760860 1.435096 1.268536 0.425176 -93.059549 -26.005479 -714.473583
5.091382 0.446705 6.895370 5.091382 0.446705 6.895370 1.401408 1.202606 0.036541 -19.235635 -193.759499 -580.977394
5.931205 1.124611 6.823633 5.931205 1.124611 6.823633 1.402067 1.042444 -0.257475 21.435044 -340.113784 -399.073907
6.777504 1.681964 6.610241 6.777504 1.681964 6.610241 1.420933 0.803913 -0.432286 41.449441 -454.990651 -183.631565
7.636745 2.078812 6.331877 7.636745 2.078812 6.331877 1.441904 0.512912 -0.472158 28.454898 -515.011803 50.726508
8.504685 2.293040 6.069775 8.504685 2.293040 6.069775 1.447354 0.199821 -0.381413 -10.287772 -528.626178 251.756315
9.367291 2.321832 5.897176 9.367291 2.321832 5.897176 1.421409 -0.097096 -0.175700 -76.196001 -461.097856 433.954349
10.201532 2.189085 5.877915 10.201532 2.189085 5.877915 1.351244 -0.331214 0.124913 -157.686372 -319.295090 568.087430
10.978847 1.940943 6.057280 10.978847 1.940943 6.057280 1.231396 -0.482491 0.476571 -241.807695 -184.961469 604.105599
11.674160 1.618155 6.451961 11.674160 1.618155 6.451961 1.086311 -0.593468 0.839034 -241.807695 -184.961469 604.105599
