-0.262654 -3.186120 9.568973 -0.262654 -3.186120 9.568973 1.097165 -0.634032 1.023658 -218.235828 -1.295187 -416.717150
0.356363 -3.566772 10.108159 0.356363 -3.566772 10.108159 0.966224 -0.634809 0.773628 -218.235828 -1.295187 -416.717150
0.897165 -3.940326 10.500154 0.897165 -3.940326 10.500154 0.837036 -0.597766 0.537738 -212.390209 124.770447 -369.579911
1.363820 -4.268888 10.763271 1.363820 -4.268888 10.763271 0.722922 -0.484707 0.350981 -167.991153 252.094935 -252.943547
1.773453 -4.511264 10.934230 1.773453 -4.511264 10.934230 0.652717 -0.318096 0.228716 -66.023144 303.272844 -154.608222
2.160591 -4.646445 11.049167 2.160591 -4.646445 11.049167 0.650061 -0.130692 0.163634 57.167009 321.408120 -62.330278
2.569377 -4.669155 11.140706 2.569377 -4.669155 11.140706 0.726661 0.051408 0.149127 198.168945 285.590575 13.972550
3.050295 -4.591571 11.234634 3.050295 -4.591571 11.234634 0.891817 0.199427 0.167195 352.351381 207.807367 46.252990
3.655844 -4.440515 11.343356 3.655844 -4.440515 11.343356 1.138405 0.294086 0.195342 469.606236 107.721904 47.572853
4.427863 -4.250511 11.466631 4.427863 -4.250511 11.466631 1.442401 0.329533 0.211421 543.716236 10.435104 6.023370
5.392470 -4.057225 11.592275 5.392470 -4.057225 11.592275 1.775118 0.304234 0.203567 565.337430 -94.764542 -32.205899
6.556394 -3.896352 11.703976 6.556394 -3.896352 11.703976 2.099786 0.224327 0.161034 516.890380 -171.593456 -109.569070
7.903034 -3.794477 11.778344 7.903034 -3.794477 11.778344 2.378561 0.112197 0.082642 412.361627 -202.173645 -151.737458
9.395146 -3.762444 11.797660 9.395146 -3.762444 11.797660 2.579727 -0.003576 -0.023179 258.190556 -183.734312 -200.999532
10.977001 -3.794726 11.748062 10.977001 -3.794726 11.748062 2.672365 -0.099134 -0.141333 50.603430 -134.793466 -192.848147
12.574277 -3.872662 11.632221 12.574277 -3.872662 11.632221 2.626465 -0.150976 -0.238684 -203.603046 -38.011076 -131.652877
14.101891 -3.963725 11.468843 14.101891 -3.963725 11.468843 2.446222 -0.141960 -0.300026 -397.209059 68.062574 -72.820076
15.498127 -4.036650 11.275721 15.498127 -4.036650 11.275721 2.207896 -0.101123 -0.343718 -397.209059 68.062574 -72.820076
