-11.327418 -4.694507 -10.256648 -11.327418 -4.694507 -10.256648 1.464943 -0.084182 0.235806 160.916056 203.020764 567.338992
-10.419487 -4.708472 -10.013044 -10.419487 -4.708472 -10.013044 1.561493 0.037630 0.576209 160.916056 203.020764 567.338992
-9.461463 -4.647076 -9.567105 -9.461463 -4.647076 -9.567105 1.618862 0.170816 0.907075 30.314377 240.932826 535.547772
-8.494148 -4.500936 -8.931645 -8.494148 -4.500936 -8.931645 1.589754 0.316790 1.202483 -127.339294 245.645885 449.145746
-7.569820 -4.270392 -8.139127 -7.569820 -4.270392 -8.139127 1.480333 0.445445 1.422883 -237.399339 183.205462 285.521482
-6.726800 -3.975655 -7.245579 -6.726800 -3.975655 -7.245579 1.325658 0.527830 1.536312 -278.184681 91.409747 92.573051
-5.982020 -3.648327 -6.319775 -5.982020 -3.648327 -6.319775 1.156038 0.553562 1.528625 -287.214219 -5.636512 -118.196111
-5.338125 -3.324071 -5.436993 -5.338125 -3.324071 -5.436993 0.993561 0.515845 1.392120 -254.376020 -120.085534 -336.820306
-4.782967 -3.042301 -4.672110 -4.782967 -3.042301 -4.672110 0.864983 0.413186 1.141221 -174.218148 -222.112499 -499.509787
-4.290152 -2.838185 -4.085904 -4.290152 -2.838185 -4.085904 0.786374 0.260844 0.798441 -87.809505 -285.693866 -643.090057
-3.829927 -2.734577 -3.725711 -3.829927 -2.734577 -3.725711 0.754719 0.082061 0.397014 -17.710093 -310.247449 -695.001034
-3.375776 -2.738839 -3.610908 -3.375776 -2.738839 -3.610908 0.766630 -0.092359 -0.011516 57.415382 -271.152238 -666.765495
-2.903318 -2.838423 -3.732716 -2.903318 -2.838423 -3.732716 0.811806 -0.231861 -0.385974 93.171230 -193.855329 -581.425647
-2.399131 -3.006186 -4.060206 -2.399131 -3.006186 -4.060206 0.869374 -0.316937 -0.691076 98.722792 -89.730378 -435.582322
-1.861247 -3.202818 -4.540166 -1.861247 -3.202818 -4.540166 0.921051 -0.322364 -0.886974 73.533837 71.639835 -217.409485
-1.299713 -3.374263 -5.096585 -1.299713 -3.374263 -5.096585 0.943510 -0.233990 -0.942923 1.327023 222.937815 30.909758
-0.737465 -3.467064 -5.643892 -0.737465 -3.467064 -5.643892 0.923821 -0.062908 -0.859963 -66.955440 347.336158 245.625329
-0.198580 -3.435620 -6.103529 -0.198580 -3.435620 -6.103529 0.866873 0.178838 -0.651949 -122.870030 458.482912 447.755619
0.296623 -3.241980 -6.404022 0.296623 -3.241980 -6.404022 0.779128 0.472979 -0.332895 -169.614929 521.988216 615.756751
0.731940 -2.865365 -6.487794 0.731940 -2.865365 -6.487794 0.669215 0.780520 0.062208 -196.760779 503.148568 701.252011
1.099303 -2.310748 -6.322849 1.099303 -2.310748 -6.322849 0.557413 1.061102 0.489933 -175.913648 432.125771 724.499469
1.406934 -1.604477 -5.903494 1.406934 -1.604477 -5.903494 0.476101 1.279513 0.899558 -95.124262 295.911455 640.917463
1.680896 -0.791887 -5.253558 1.680896 -0.791887 -5.253558 0.446147 1.415148 1.258288 -4.724954 156.202628 554.846941
1.947734 0.085318 -4.398713 1.947734 0.085318 -4.398713 0.443312 1.508869 1.591196 -4.724954 156.202628 554.846941
