9.347788 -0.054551 -0.522936 9.347788 -0.054551 -0.522936 0.608658 1.135790 -0.036793 -14.275825 -239.327754 -57.573416
9.710413 0.583844 -0.555375 9.710413 0.583844 -0.555375 0.600092 0.992194 -0.071337 -14.275825 -239.327754 -57.573416
10.073293 1.129382 -0.606630 10.073293 1.129382 -0.606630 0.618496 0.815102 -0.096330 75.620390 -350.977294 -25.737791
10.463277 1.549518 -0.664585 10.463277 1.549518 -0.664585 0.690248 0.575768 -0.089395 163.553330 -446.802655 48.853838
10.910324 1.813227 -0.705819 10.910324 1.813227 -0.705819 0.805671 0.301050 -0.042033 221.191384 -468.924040 109.021351
11.436644 1.910544 -0.708615 11.436644 1.910544 -0.708615 0.953902 0.025164 0.037377 272.912934 -450.696531 155.676923
12.058345 1.850045 -0.656866 12.058345 1.850045 -0.656866 1.118825 -0.217618 0.137288 276.828256 -358.575097 177.361754
12.776345 1.663306 -0.543078 12.776345 1.663306 -0.543078 1.269304 -0.390885 0.241155 224.769624 -218.983620 168.861295
13.573298 1.399659 -0.370957 13.573298 1.399659 -0.370957 1.378725 -0.470769 0.327637 139.967599 -47.296484 119.410574
14.417940 1.119320 -0.158446 14.417940 1.119320 -0.158446 1.423766 -0.445967 0.371459 10.169654 129.969001 26.661992
15.263539 0.885420 0.062303 15.263539 0.885420 0.062303 1.377413 -0.316557 0.352824 -164.680465 301.398465 -88.776376
16.050616 0.759130 0.249785 16.050616 0.759130 0.249785 1.229960 -0.088755 0.258394 -326.829025 457.942075 -225.990001
16.720671 0.792900 0.357069 16.720671 0.792900 0.357069 0.988403 0.208979 0.087430 -478.362176 534.503181 -343.892062
17.219864 1.016015 0.342289 17.219864 1.016015 0.342289 0.662667 0.537266 -0.145592 -607.424007 559.788171 -432.847357
17.503898 1.437372 0.173217 17.503898 1.437372 0.173217 0.277067 0.864316 -0.424324 -677.910782 530.379690 -496.259572
17.547585 2.044874 -0.170650 17.547585 2.044874 -0.170650 -0.132325 1.149763 -0.721808 -686.727916 421.110568 -495.354240
17.348753 2.801140 -0.688658 17.348753 2.801140 -0.688658 -0.523492 1.355468 -0.997818 -617.161492 264.570039 -424.677426
16.932340 3.651619 -1.356491 16.932340 3.651619 -1.356491 -0.849933 1.462093 -1.216125 -470.977701 90.847798 -303.014925
16.348434 4.533797 -2.130468 16.348434 4.533797 -2.130468 -1.078371 1.459446 -1.346731 -290.479127 -99.669379 -132.337567
15.662222 5.380121 -2.949681 15.662222 5.380121 -2.949681 -1.187177 1.342630 -1.362902 -72.207727 -289.717657 78.434866
14.950735 6.125636 -3.740504 14.950735 6.125636 -3.740504 -1.161418 1.129227 -1.251840 158.070549 -421.627524 291.770222
14.295643 6.722151 -4.427354 14.295643 6.722151 -4.427354 -1.000046 0.850612 -1.018100 379.835435 -507.088897 487.365948
13.775419 7.139453 -4.940990 13.775419 7.139453 -4.940990 -0.714978 0.537412 -0.678189 570.389512 -536.909252 645.670212
13.455436 7.367500 -5.225616 13.455436 7.367500 -5.225616 -0.341079 0.226482 -0.260455 675.943209 -499.525599 746.774251
13.374798 7.418713 -5.246131 13.374798 7.418713 -5.246131 0.076184 -0.047042 0.194305 714.932793 -412.221380 769.092970
13.547504 7.324377 -4.993807 13.547504 7.324377 -4.993807 0.496684 -0.253928 0.642282 686.732975 -277.397875 724.165508
13.963516 7.131427 -4.485152 13.963516 7.131427 -4.485152 0.880673 -0.373672 1.041461 593.229507 -121.750007 606.430694
14.587769 6.895346 -3.762111 14.587769 6.895346 -3.762111 1.181951 -0.396535 1.350353 411.031377 45.539865 423.207884
15.356667 6.674394 -2.891124 15.356667 6.674394 -2.891124 1.357279 -0.325355 1.527268 173.396837 191.726697 166.509429
16.191996 6.518056 -1.956314 16.191996 6.518056 -1.956314 1.410064 -0.188493 1.569561 2.553047 264.479919 -25.533313
17.038494 6.452567 -1.019173 17.038494 6.452567 -1.019173 1.411596 -0.029805 1.554241 2.553047 264.479919 -25.533313
