-9.350703 1.593792 -5.665061 -9.350703 1.593792 -5.665061 0.682210 -0.282778 -1.125327 452.875626 199.044262 220.012133
-8.859860 1.459953 -6.300654 -8.859860 1.459953 -6.300654 0.953935 -0.163352 -0.993319 452.875626 199.044262 220.012133
-8.209658 1.402234 -6.848637 -8.209658 1.402234 -6.848637 1.207276 -0.021604 -0.819280 391.592774 273.447866 360.118538
-7.421910 1.442305 -7.266010 -7.421910 1.442305 -7.266010 1.406713 0.161528 -0.556339 273.197434 336.993716 516.350832
-6.538028 1.599336 -7.500402 -6.538028 1.599336 -7.500402 1.524024 0.361000 -0.214184 117.839832 327.910298 624.166085
-5.612932 1.872182 -7.514477 -5.612932 1.872182 -7.514477 1.542079 0.543858 0.170740 -57.657329 281.618281 658.912964
-4.710559 2.243072 -7.294546 -4.710559 2.243072 -7.294546 1.445004 0.682244 0.560503 -265.923288 179.669361 640.299682
-3.901465 2.678863 -6.849353 -3.901465 2.678863 -6.849353 1.235238 0.760567 0.912870 -433.296957 81.406388 534.255991
-3.246041 3.141783 -6.214449 -3.246041 3.141783 -6.214449 0.936632 0.769045 1.188500 -562.056696 -53.147038 384.510125
-2.790015 3.588234 -5.443663 -2.790015 3.588234 -5.443663 0.575484 0.710106 1.361577 -641.771427 -143.315440 192.414229
-2.560492 3.984621 -4.606094 -2.560492 3.984621 -4.606094 0.189178 0.604717 1.406968 -645.914484 -207.983637 -41.112440
-2.559307 4.308080 -3.783247 -2.559307 4.308080 -3.783247 -0.178655 0.470260 1.312635 -580.194467 -240.203291 -273.331300
-2.761628 4.548132 -3.055986 -2.761628 4.548132 -3.055986 -0.480239 0.331800 1.093036 -425.088303 -221.330594 -458.665600
-3.115454 4.710794 -2.492170 -3.115454 4.710794 -2.492170 -0.681122 0.216106 0.770607 -244.519311 -164.316005 -616.096556
-3.554394 4.815998 -2.146030 -3.554394 4.815998 -2.146030 -0.759101 0.143101 0.374315 -15.412015 -79.036388 -704.874872
-3.998414 4.894379 -2.048542 -3.998414 4.894379 -2.048542 -0.697272 0.129415 -0.049728 221.508261 33.417406 -708.603326
-4.363420 4.984617 -2.201172 -4.363420 4.984617 -2.201172 -0.496942 0.182335 -0.451111 446.260888 142.983475 -629.341665
-4.570857 5.124593 -2.576776 -4.570857 5.124593 -2.576776 -0.177180 0.292316 -0.786995 619.609393 223.617732 -490.271030
-4.558124 5.343148 -3.125353 -4.558124 5.343148 -3.125353 0.232142 0.441057 -1.021816 744.800241 272.188298 -292.465373
-4.283160 5.657267 -3.778317 -4.283160 5.657267 -3.778317 0.687098 0.606828 -1.133444 771.717328 280.380676 -79.627970
-3.733762 6.069274 -4.459565 -3.733762 6.069274 -4.459565 1.141280 0.762264 -1.115464 742.225058 237.740046 139.563393
-2.921137 6.563104 -5.091353 -2.921137 6.563104 -5.091353 1.557896 0.873295 -0.969885 646.492647 132.364057 345.696938
-1.880107 7.103866 -5.600669 -1.880107 7.103866 -5.600669 1.895409 0.917512 -0.710514 478.551084 15.022672 518.873365
-0.668501 7.649053 -5.927412 -0.668501 7.649053 -5.927412 2.123647 0.886404 -0.368350 282.242498 -118.714235 621.673716
0.643647 8.150428 -6.034481 0.643647 8.150428 -6.034481 2.228777 0.769680 0.014852 68.189625 -270.364669 655.668133
1.980797 8.555096 -5.911016 1.980797 8.555096 -5.911016 2.207739 0.565089 0.390921 -138.316139 -411.607386 597.892655
3.271615 8.816341 -5.573276 3.271615 8.816341 -5.573276 2.080107 0.299534 0.727490 -287.122470 -473.575854 524.006245
4.467997 8.910818 -5.042461 4.467997 8.910818 -5.042461 1.907834 0.015388 1.041894 -287.122470 -473.575854 524.006245
