8.146680 4.260192 9.236844 8.146680 4.260192 9.236844 0.225138 -0.177027 0.050755 483.445271 -57.285279 112.000670
8.368783 4.143664 9.287457 8.368783 4.143664 9.287457 0.515205 -0.211399 0.117955 483.445271 -57.285279 112.000670
8.767231 4.013016 9.374864 8.767231 4.013016 9.374864 0.816797 -0.213257 0.167525 521.860734 51.092200 53.232406
9.351199 3.904170 9.481376 9.351199 3.904170 9.481376 1.129688 -0.133049 0.181539 521.109109 216.267522 -6.520660
10.117481 3.870251 9.586245 10.117481 3.870251 9.586245 1.415701 0.031623 0.163224 432.267575 332.638042 -54.529213
11.035799 3.952326 9.671226 11.035799 3.952326 9.671226 1.630509 0.247340 0.114816 283.761443 386.417761 -106.828541
12.053727 4.171859 9.719579 12.053727 4.171859 9.719579 1.743489 0.487057 0.044180 92.837599 412.638100 -128.624974
13.103749 4.536935 9.723871 13.103749 4.536935 9.723871 1.735283 0.727480 -0.028311 -120.191443 388.772960 -113.012180
14.110060 5.037256 9.690230 14.110060 5.037256 9.690230 1.597047 0.930012 -0.077682 -340.596577 286.333852 -51.557283
14.995321 5.638871 9.638480 14.995321 5.638871 9.638480 1.334387 1.062151 -0.087920 -534.934136 154.128930 17.430674
15.690398 6.294304 9.595005 15.690398 6.294304 9.595005 0.967091 1.106627 -0.046762 -689.385875 -5.875762 119.761908
16.141766 6.945721 9.594312 16.141766 6.945721 9.594312 0.529474 1.045591 0.054128 -769.338091 -197.577891 216.537348
16.319858 7.527873 9.671138 16.319858 7.527873 9.671138 0.062314 0.878855 0.210914 -787.863090 -358.208776 306.084629
16.219992 7.983023 9.856472 16.219992 7.983023 9.856472 -0.387600 0.625505 0.413016 -711.849992 -486.291457 367.588449
15.867857 8.265392 10.170346 15.867857 8.265392 10.170346 -0.771921 0.306724 0.633063 -569.221378 -576.311180 365.902001
15.312762 8.344995 10.613114 15.312762 8.344995 10.613114 -1.060865 -0.042540 0.837942 -393.923696 -587.901166 317.025594
14.619466 8.216866 11.167722 14.619466 8.216866 11.167722 -1.226572 -0.379194 1.002048 -158.434556 -534.279439 229.995126
13.869812 7.899610 11.801612 13.869812 7.899610 11.801612 -1.247596 -0.667610 1.096356 88.354816 -427.105990 84.364123
13.149305 7.431398 12.463292 13.149305 7.431398 12.463292 -1.133847 -0.877708 1.090378 290.809992 -273.221495 -104.289142
12.531579 6.867117 13.087972 12.531579 6.867117 13.087972 -0.908180 -0.984022 0.973928 461.411570 -81.156962 -283.877827
12.077022 6.273973 13.610933 12.077022 6.273973 13.610933 -0.594844 -0.973329 0.752115 583.044374 116.797565 -455.497816
11.828077 5.721290 13.970933 11.828077 5.721290 13.970933 -0.229954 -0.851798 0.432417 633.256218 288.306407 -610.164663
11.802520 5.270080 14.115229 11.802520 5.270080 14.115229 0.142144 -0.638946 0.039698 607.068335 421.202355 -698.898150
11.991214 4.967204 14.011661 11.991214 4.967204 14.011661 0.477063 -0.362846 -0.387566 509.328492 499.128613 -725.314415
12.360963 4.840597 13.651797 12.360963 4.840597 13.651797 0.741819 -0.057081 -0.806596 373.192104 520.089908 -671.453586
12.864206 4.897239 13.054311 12.864206 4.897239 13.054311 0.920622 0.241344 -1.172799 222.817286 474.657576 -549.220824
13.445358 5.121274 12.262005 13.445358 5.121274 12.262005 0.997673 0.495088 -1.451167 34.019712 371.157592 -378.674041
14.041119 5.476707 11.337091 14.041119 5.476707 11.337091 0.973252 0.675644 -1.608635 -115.422311 230.693915 -146.218649
14.597419 5.912806 10.360099 14.597419 5.912806 10.360099 0.869623 0.759997 -1.623825 -230.009561 50.485386 95.584662
15.072865 6.368504 9.415835 15.072865 6.368504 9.415835 0.706985 0.743353 -1.502346 -312.114898 -105.966677 309.346473
15.438471 6.787343 8.582434 15.438471 6.787343 8.582434 0.507694 0.639278 -1.255118 -352.190488 -240.948556 514.747260
15.681440 7.120946 7.930426 15.681440 7.120946 7.930426 0.305113 0.461742 -0.904226 -323.077312 -350.837850 654.890812
15.809340 7.331133 7.509310 15.809340 7.331133 7.509310 0.126198 0.232700 -0.493598 -273.305998 -412.635388 713.869043
15.840502 7.397622 7.340993 15.840502 7.397622 7.340993 -0.014596 -0.009162 -0.068547 -196.008238 -393.573119 702.967000
15.802245 7.324875 7.420955 15.802245 7.324875 7.420955 -0.103288 -0.227343 0.326017 -99.630987 -333.694954 612.246474
15.726771 7.133237 7.718418 15.726771 7.133237 7.718418 -0.140907 -0.403393 0.651608 -25.767684 -253.139698 473.057802
15.641268 6.852380 8.183726 15.641268 6.852380 8.183726 -0.137969 -0.521559 0.881404 35.562728 -140.745816 292.929474
15.565976 6.522227 8.752335 15.565976 6.522227 8.752335 -0.111195 -0.565424 0.992360 53.683508 -5.471283 76.923100
15.509145 6.189149 9.348862 15.509145 6.189149 9.348862 -0.077868 -0.532903 0.974838 57.405894 113.874621 -135.329969
15.469575 5.893835 9.898759 15.469575 5.893835 9.898759 -0.059335 -0.444926 0.840406 4.371138 179.379602 -312.774338
15.431747 5.661887 10.339454 15.431747 5.661887 10.339454 -0.071781 -0.323701 0.616497 -45.857454 224.704848 -433.590280
15.376425 5.508124 10.627709 15.376425 5.508124 10.627709 -0.119291 -0.188823 0.338359 -112.509064 224.888772 -493.537685
15.280673 5.431525 10.740206 15.280673 5.431525 10.740206 -0.206429 -0.072816 0.033827 -177.952331 161.800086 -521.567130
15.123395 5.412128 10.670112 15.123395 5.412128 10.670112 -0.320142 0.000106 -0.261654 -201.090457 81.273632 -463.369264
14.894527 5.422237 10.434612 14.894527 5.422237 10.434612 -0.443729 0.025952 -0.515183 -210.865805 4.879480 -381.729856
14.590334 5.438686 10.056790 14.590334 5.438686 10.056790 -0.570248 0.028879 -0.744221 -210.865805 4.879480 -381.729856
