-6.311535 -0.060562 7.708380 -6.311535 -0.060562 7.708380 -0.322737 0.251719 -0.508204 -155.420030 -142.702288 436.947972
-6.533153 0.064783 7.482108 -6.533153 0.064783 7.482108 -0.415989 0.166097 -0.246035 -155.420030 -142.702288 436.947972
-6.803339 0.134960 7.411947 -6.803339 0.134960 7.411947 -0.472322 0.061501 0.010180 -32.355376 -205.953778 417.104466
-7.082088 0.132938 7.489221 -7.082088 0.132938 7.489221 -0.439394 -0.071328 0.240880 142.113448 -236.807998 351.895476
-7.312660 0.048413 7.691344 -7.312660 0.048413 7.691344 -0.316705 -0.208926 0.423285 266.850275 -221.852141 256.120373
-7.451301 -0.112847 7.984225 -7.451301 -0.112847 7.984225 -0.139848 -0.321892 0.541000 322.672639 -154.700028 136.261174
-7.475114 -0.328490 8.326117 -7.475114 -0.328490 8.326117 0.063827 -0.388023 0.586581 356.245462 -65.738617 15.676608
-7.373619 -0.567428 8.674769 -7.373619 -0.567428 8.674769 0.272947 -0.398922 0.565396 340.822430 29.409250 -86.294723
-7.152791 -0.794925 8.994463 -7.152791 -0.794925 8.994463 0.455998 -0.348464 0.493566 269.346786 138.782726 -153.136731
-6.835109 -0.973545 9.261608 -6.835109 -0.973545 9.261608 0.595614 -0.237805 0.394532 196.038434 230.081390 -176.976865
-6.446442 -1.072829 9.467726 -6.446442 -1.072829 9.467726 0.693294 -0.089831 0.294621 129.563600 263.166919 -156.059074
-6.011673 -1.079404 9.618603 -6.011673 -1.079404 9.618603 0.748386 0.067836 0.211959 54.077139 262.388296 -119.482798
-5.555635 -0.993524 9.727243 -5.555635 -0.993524 9.727243 0.767196 0.215012 0.155127 8.621834 228.198249 -69.955009
-5.094105 -0.828639 9.811576 -5.094105 -0.828639 9.811576 0.770671 0.325940 0.132398 2.961122 141.563610 -5.808825
-4.629998 -0.615436 9.893048 -4.629998 -0.615436 9.893048 0.778301 0.371666 0.144304 22.472623 10.854387 45.495343
-4.155480 -0.398474 9.989813 -4.155480 -0.398474 9.989813 0.809250 0.338220 0.181572 80.691116 -122.339464 78.731212
-3.651399 -0.225459 10.112145 -3.651399 -0.225459 10.112145 0.877697 0.225336 0.224894 147.465636 -253.941156 65.676468
-3.094093 -0.141581 10.255693 -3.094093 -0.141581 10.255693 0.986893 0.044899 0.248249 216.520697 -347.516556 12.172295
-2.459120 -0.180326 10.402796 -2.459120 -0.180326 10.402796 1.136122 -0.179267 0.235365 280.910158 -399.702879 -55.120042
-1.724921 -0.360868 10.527781 -1.724921 -0.360868 10.527781 1.314477 -0.424262 0.170732 313.603826 -416.945326 -160.321524
-0.880689 -0.687791 10.594354 -0.880689 -0.687791 10.594354 1.498127 -0.661011 0.039498 298.562910 -372.219510 -277.126323
0.069276 -1.144445 10.563063 0.069276 -1.144445 10.563063 1.664003 -0.849579 -0.152314 254.359331 -256.339857 -362.246026
1.107303 -1.691423 10.402605 1.107303 -1.691423 10.402605 1.785820 -0.958832 -0.388988 151.697524 -107.838258 -426.667174
2.198089 -2.275913 10.089840 2.198089 -2.275913 10.089840 1.836779 -0.972436 -0.657853 18.166049 62.491961 -469.551146
3.294806 -2.837906 9.612327 3.294806 -2.837906 9.612327 1.804576 -0.883840 -0.930989 -125.512484 232.829250 -440.901823
4.345086 -3.316205 8.980521 4.345086 -3.316205 8.980521 1.679904 -0.693663 -1.164784 -290.057932 401.093932 -338.415214
5.292771 -3.653021 8.228135 5.292771 -3.653021 8.228135 1.465632 -0.417085 -1.330833 -424.185135 520.831083 -215.081960
6.089777 -3.806045 7.401169 6.089777 -3.806045 7.401169 1.181024 -0.087195 -1.408640 -524.507182 578.804776 -44.272957
6.701187 -3.754849 6.560148 6.701187 -3.754849 6.560148 0.852351 0.256725 -1.374546 -571.068232 567.592956 157.918710
7.111765 -3.502716 5.775301 7.111765 -3.502716 5.775301 0.519510 0.576937 -1.222514 -538.401262 499.782687 348.855372
7.331700 -3.073140 5.115050 7.331700 -3.073140 5.115050 0.222175 0.844072 -0.960884 -452.715264 390.666926 523.244555
7.392420 -2.506581 4.640253 7.392420 -2.506581 4.640253 -0.004936 1.027448 -0.609195 -304.323643 220.584582 649.053295
7.346094 -1.862926 4.394762 7.346094 -1.862926 4.394762 -0.130461 1.097205 -0.203777 -114.092557 11.937880 702.337697
7.261215 -1.213346 4.398277 7.261215 -1.213346 4.398277 -0.129246 1.049910 0.214428 118.142922 -169.587334 691.679390
7.218207 -0.623174 4.645766 7.218207 -0.623174 4.645766 0.008008 0.901918 0.601083 339.369725 -323.717568 597.170980
7.295120 -0.148366 5.104884 7.295120 -0.148366 5.104884 0.266741 0.667317 0.914276 523.072980 -458.288077 446.805227
7.558724 0.165827 5.721782 7.558724 0.165827 5.721782 0.627617 0.373821 1.121895 679.849503 -520.031970 245.259939
8.062767 0.296869 6.424664 8.062767 0.296869 6.424664 1.061026 0.063578 1.197040 764.846415 -514.108787 5.221617
8.837215 0.247111 7.130212 8.837215 0.247111 7.130212 1.520731 -0.221716 1.132097 767.503391 -436.871692 -221.697623
9.883701 0.041590 7.756893 9.883701 0.041590 7.756893 1.960717 -0.453113 0.935717 699.117396 -334.452538 -432.902512
11.176981 -0.281231 8.230610 11.176981 -0.281231 8.230610 2.335232 -0.607542 0.627021 549.265132 -180.310088 -596.082766
12.665449 -0.667310 8.494048 12.665449 -0.667310 8.494048 2.607096 -0.661216 0.241974 356.947790 1.396153 -687.409125
14.280887 -1.053805 8.514052 14.280887 -1.053805 8.514052 2.755913 -0.610461 -0.177707 139.108317 167.788385 -711.526723
15.945038 -1.382890 8.283285 15.945038 -1.382890 8.283285 2.767199 -0.474842 -0.584962 -101.487117 284.274623 -645.990339
17.574493 -1.611309 7.822901 17.574493 -1.611309 7.822901 2.643324 -0.277696 -0.938197 -311.429904 372.877452 -531.460543
19.094676 -1.707707 7.174539 19.094676 -1.707707 7.174539 2.407693 -0.038461 -1.205980 -474.007039 424.571819 -361.148389
20.446890 -1.655670 6.399884 20.446890 -1.655670 6.399884 2.087887 0.209737 -1.352970 -592.014317 402.756585 -128.817054
21.591669 -1.461798 5.574377 21.591669 -1.461798 5.574377 1.725727 0.429060 -1.382950 -615.184451 328.319015 28.882374
22.516372 -1.145265 4.749806 22.516372 -1.145265 4.749806 1.356616 0.626051 -1.365621 -615.184451 328.319015 28.882374
