13.312179 2.515071 9.815268 13.312179 2.515071 9.815268 0.502177 -0.073917 0.942524 -737.004281 -236.223169 -595.078249
13.480824 2.428200 10.273668 13.480824 2.428200 10.273668 0.059974 -0.215651 0.585477 -737.004281 -236.223169 -595.078249
13.390541 2.260819 10.517705 13.390541 2.260819 10.517705 -0.350263 -0.334735 0.227757 -630.451110 -160.721875 -597.321217
13.078834 2.037379 10.550357 13.078834 2.037379 10.550357 -0.668875 -0.399518 -0.113061 -431.589360 -55.222865 -538.739674
12.612153 1.794085 10.391443 12.612153 1.794085 10.391443 -0.866181 -0.400866 -0.406826 -226.097756 50.729073 -440.475059
12.065418 1.567621 10.076222 12.065418 1.567621 10.076222 -0.933482 -0.345805 -0.630311 1.760893 132.808977 -304.475950
11.519458 1.388576 9.652914 11.519458 1.388576 9.652914 -0.863363 -0.243460 -0.764575 231.967377 208.342232 -143.071626
11.053534 1.282023 9.176154 11.053534 1.282023 9.176154 -0.672482 -0.108349 -0.811727 404.303355 242.026485 -14.099516
10.729190 1.258224 8.692629 10.729190 1.258224 8.692629 -0.398047 0.025097 -0.789939 510.479290 202.793689 86.724519
10.586137 1.305880 8.239208 10.586137 1.305880 8.239208 -0.072316 0.127247 -0.713245 575.290804 137.707154 168.922931
10.645480 1.401346 7.843654 10.645480 1.401346 7.843654 0.268760 0.181525 -0.601956 561.631008 43.218140 202.038879
10.902740 1.511179 7.517543 10.902740 1.511179 7.517543 0.580293 0.173146 -0.487256 476.810212 -71.149012 180.297110
11.329377 1.595077 7.255080 11.329377 1.595077 7.255080 0.829555 0.094545 -0.391894 354.063143 -190.853522 137.574245
11.882347 1.611590 7.041380 11.882347 1.611590 7.041380 0.999526 -0.049271 -0.325981 212.507583 -288.532108 82.137952
12.510336 1.525557 6.856289 12.510336 1.525557 6.856289 1.077138 -0.245062 -0.298139 46.200085 -364.105335 10.668224
13.156111 1.312757 6.676161 13.156111 1.312757 6.676161 1.060741 -0.464643 -0.307562 -100.857120 -367.830387 -42.079060
13.767779 0.969787 6.482735 13.767779 0.969787 6.482735 0.967115 -0.675217 -0.339384 -211.230579 -334.082833 -63.993233
14.305671 0.509720 6.267056 14.305671 0.509720 6.267056 0.818600 -0.849677 -0.380427 -283.818298 -247.451287 -72.818047
14.743759 -0.036725 6.027788 14.743759 -0.036725 6.027788 0.638384 -0.958634 -0.413641 -316.901364 -115.740705 -37.893872
15.071299 -0.622809 5.777749 15.071299 -0.622809 5.777749 0.456006 -0.978431 -0.411548 -291.026080 49.750837 44.870626
15.295505 -1.191098 5.543861 15.295505 -1.191098 5.543861 0.296324 -0.899508 -0.359804 -241.248175 213.326003 127.606346
15.433712 -1.683438 5.355584 15.433712 -1.683438 5.355584 0.170765 -0.726681 -0.260063 -177.279724 362.763784 204.866092
15.509500 -2.047157 5.241603 15.509500 -2.047157 5.241603 0.090593 -0.474057 -0.111237 -89.960872 479.317704 291.220923
15.551470 -2.241489 5.229973 15.551470 -2.241489 5.229973 0.055649 -0.167344 0.076958 -26.519233 543.057989 336.093274
15.582104 -2.244632 5.336757 15.582104 -2.244632 5.336757 0.049829 0.156058 0.279178 7.118005 534.949224 337.974072
15.614912 -2.058185 5.562543 15.614912 -2.058185 5.562543 0.062250 0.459636 0.469177 34.288230 476.978482 295.357363
15.657026 -1.703156 5.891869 15.657026 -1.703156 5.891869 0.075778 0.712776 0.619672 10.803385 366.821152 206.292560
15.700505 -1.220016 6.292203 15.700505 -1.220016 6.292203 0.062602 0.880100 0.700435 -54.724551 190.924545 62.917896
15.724826 -0.669588 6.714108 15.724826 -0.669588 6.714108 0.012816 0.934667 0.689780 -111.228489 -9.034769 -98.434785
15.707930 -0.121074 7.099818 15.707930 -0.121074 7.099818 -0.076741 0.875944 0.578518 -187.295073 -186.709018 -272.439232
15.623512 0.361510 7.388249 15.623512 0.361510 7.388249 -0.212418 0.717048 0.366851 -264.959792 -342.944090 -433.116738
15.446981 0.721839 7.522728 15.446981 0.721839 7.522728 -0.378333 0.470433 0.068627 -288.089872 -479.104803 -560.963914
15.168475 0.913370 7.458582 15.168475 0.913370 7.458582 -0.549439 0.160520 -0.289697 -282.262804 -553.936826 -633.449521
14.790053 0.911304 7.170186 14.790053 0.911304 7.170186 -0.708554 -0.165191 -0.672551 -248.121550 -531.769199 -642.730629
14.326742 0.720045 6.654473 14.326742 0.720045 6.654473 -0.825009 -0.466378 -1.040644 -140.063620 -472.186614 -584.247081
13.814869 0.362262 5.933263 13.814869 0.362262 5.933263 -0.867328 -0.714505 -1.349483 -0.997327 -354.903183 -445.216468
13.302943 -0.120292 5.054551 13.302943 -0.120292 5.054551 -0.824672 -0.877291 -1.561031 143.181440 -187.717190 -259.942825
12.843832 -0.669295 4.084472 12.843832 -0.669295 4.084472 -0.689168 -0.934117 -1.650351 308.498648 -1.702147 -37.791613
12.495202 -1.219602 3.103209 12.495202 -1.219602 3.103209 -0.457363 -0.882789 -1.594275 464.187608 172.793543 224.712841
12.310211 -1.710705 2.197995 12.310211 -1.710705 2.197995 -0.149483 -0.741775 -1.404932 562.077657 297.255395 406.430311
12.321696 -2.102264 1.428193 12.321696 -2.102264 1.428193 0.187764 -0.563422 -1.161074 562.077657 297.255395 406.430311
