2.267557 3.354537 9.980171 2.267557 3.354537 9.980171 0.015832 0.266777 1.218815 465.208028 390.490509 -494.501543
2.360794 3.584891 10.622450 2.360794 3.584891 10.622450 0.294957 0.501071 0.922115 465.208028 390.490509 -494.501543
2.627214 3.950302 11.088823 2.627214 3.950302 11.088823 0.602627 0.707765 0.635987 560.358814 298.487259 -459.257225
3.094583 4.418439 11.391482 3.094583 4.418439 11.391482 0.963482 0.835610 0.379101 642.491617 127.664839 -397.030238
3.787117 4.933087 11.554074 3.787117 4.933087 11.554074 1.342958 0.863717 0.173867 622.429796 -33.977268 -287.082052
4.699532 5.437317 11.613716 4.699532 5.437317 11.613716 1.689431 0.803911 0.036603 532.480097 -165.376287 -170.464015
5.801396 5.882577 11.610948 5.801396 5.882577 11.610948 1.970713 0.668090 -0.035912 405.127379 -287.357514 -71.252139
7.046263 6.227358 11.581341 7.046263 6.227358 11.581341 2.161369 0.473934 -0.054834 230.391848 -359.831240 8.178798
8.373901 6.446429 11.553214 8.373901 6.446429 11.553214 2.246337 0.255438 -0.033421 52.835128 -368.489305 63.196500
9.721627 6.534876 11.545677 9.721627 6.534876 11.545677 2.230105 0.041906 0.010198 -106.943151 -343.283715 82.198893
11.031914 6.503272 11.564171 11.031914 6.503272 11.564171 2.123306 -0.138848 0.047415 -249.053901 -259.229950 41.858737
12.255128 6.379868 11.596864 12.255128 6.379868 11.596864 1.944173 -0.261552 0.056080 -348.053590 -149.780714 -12.973879
13.357040 6.202876 11.625278 13.357040 6.202876 11.625278 1.725631 -0.316922 0.033798 -380.421161 -34.788398 -61.301280
14.324584 6.012017 11.631653 14.324584 6.012017 11.631653 1.500583 -0.310014 -0.017328 -369.738575 57.815049 -109.119033
15.160936 5.841805 11.598613 15.160936 5.841805 11.598613 1.291514 -0.248377 -0.097806 -327.157811 147.641961 -159.140764
15.881670 5.723087 11.510530 15.881670 5.723087 11.510530 1.118790 -0.141129 -0.197060 -248.589200 209.851285 -171.703680
16.512753 5.675239 11.363667 16.512753 5.675239 11.363667 0.992413 -0.019937 -0.288684 -172.668388 194.123035 -133.711949
17.082720 5.695629 11.169961 17.082720 5.695629 11.169961 0.916811 0.083589 -0.351047 -79.337216 150.962013 -74.162701
17.622036 5.769044 10.952318 17.622036 5.769044 10.952318 0.886755 0.154607 -0.363873 -20.851402 85.764420 31.409849
18.152250 5.870912 10.746588 18.152250 5.870912 10.746588 0.883816 0.174398 -0.310332 11.057697 -19.792713 147.059404
18.684171 5.964706 10.592885 18.684171 5.964706 10.592885 0.888656 0.126111 -0.191968 5.072869 -141.163108 247.487348
19.215708 6.010023 10.528227 19.215708 6.010023 10.528227 0.878854 0.016714 -0.013602 -37.745909 -223.493948 347.063700
19.733903 5.975832 10.587267 19.733903 5.975832 10.587267 0.844590 -0.137337 0.218290 -76.466309 -290.009179 425.911340
20.222658 5.839399 10.795920 20.222658 5.839399 10.795920 0.777536 -0.320488 0.478909 -147.047241 -320.496265 442.818381
20.658047 5.590769 11.159716 20.658047 5.590769 11.159716 0.665989 -0.506021 0.728317 -224.777034 -297.947205 388.543080
21.014983 5.238159 11.661001 21.014983 5.238159 11.661001 0.520132 -0.661626 0.933228 -261.411118 -220.736236 294.493880
21.279741 4.808452 12.265222 21.279741 4.808452 12.265222 0.361950 -0.759059 1.066298 -265.861951 -104.038010 149.070715
21.451207 4.343432 12.919761 21.451207 4.343432 12.919761 0.213186 -0.775769 1.095377 -230.019168 48.335825 -52.139101
21.541272 3.893745 13.557335 21.541272 3.893745 13.557335 0.092960 -0.711398 1.012758 -170.734074 166.234864 -223.257774
21.566316 3.496829 14.124804 21.566316 3.496829 14.124804 -0.009480 -0.611657 0.878804 -170.734074 166.234864 -223.257774
