-6.724389 -4.017913 0.424651 -6.724389 -4.017913 0.424651 0.077500 1.108510 1.372365 256.793189 -95.842814 138.854462
-6.631666 -3.370059 1.273064 -6.631666 -3.370059 1.273064 0.231576 1.051004 1.455677 256.793189 -95.842814 138.854462
-6.442911 -2.764921 2.167909 -6.442911 -2.764921 2.167909 0.403591 0.952438 1.521215 316.590284 -232.711370 79.602989
-6.140167 -2.245368 3.088481 -6.140167 -2.245368 3.088481 0.611559 0.762704 1.536550 376.637418 -399.733286 -28.484157
-5.706473 -1.864507 3.998575 -5.706473 -1.864507 3.998575 0.832359 0.498812 1.485912 359.363698 -479.906330 -140.310562
-5.146778 -1.652829 4.857012 -5.146778 -1.652829 4.857012 1.025952 0.204739 1.362454 285.945752 -500.338064 -271.215957
-4.485556 -1.618174 5.618636 -4.485556 -1.618174 5.618636 1.168420 -0.086101 1.164578 188.946402 -469.127090 -388.370161
-3.759283 -1.748834 6.242096 -3.759283 -1.748834 6.242096 1.237841 -0.340360 0.904658 42.458953 -378.403108 -478.030627
-3.019477 -2.012769 6.696640 -3.019477 -2.012769 6.696640 1.210609 -0.525438 0.606812 -133.233312 -238.523630 -514.788366
-2.326306 -2.359683 6.968465 -2.326306 -2.359683 6.968465 1.084606 -0.612135 0.299935 -286.775310 -50.467050 -508.133762
-1.736849 -2.725082 7.061534 -1.736849 -2.725082 7.061534 0.864108 -0.587586 0.017914 -448.220145 132.294946 -431.939447
-1.305499 -3.042939 7.002172 -1.305499 -3.042939 7.002172 0.562999 -0.453800 -0.203053 -555.476918 313.661563 -304.616228
-1.070394 -3.250215 6.836051 -1.070394 -3.250215 6.836051 0.216172 -0.222878 -0.333115 -600.611004 456.077201 -128.924759
-1.048483 -3.295540 6.625865 -1.048483 -3.295540 6.625865 -0.142605 0.082303 -0.346020 -595.314635 561.192292 85.910838
-1.234824 -3.143437 6.445193 -1.234824 -3.143437 6.445193 -0.467904 0.427556 -0.237096 -489.013225 589.650169 277.166996
-1.594471 -2.783583 6.364036 -1.594471 -2.783583 6.364036 -0.715721 0.767264 -0.014742 -337.043680 542.711290 464.012360
-2.073350 -2.231490 6.447876 -2.073350 -2.231490 6.447876 -0.861843 1.063121 0.309482 -150.030229 443.478997 616.735475
-2.602662 -1.522068 6.748934 -2.602662 -1.522068 6.748934 -0.877864 1.287826 0.701304 96.625544 305.536474 689.338405
-3.099042 -0.704605 7.294760 -3.099042 -0.704605 7.294760 -0.755158 1.420000 1.119722 312.396269 135.045064 705.388438
-3.483326 0.159933 8.088755 -3.483326 0.159933 8.088755 -0.504822 1.442177 1.518916 522.055910 -61.123193 625.258184
-3.682361 1.003644 9.102014 -3.682361 1.003644 9.102014 -0.142148 1.352535 1.840885 686.858950 -237.683090 447.971144
-3.638942 1.765442 10.278666 -3.638942 1.765442 10.278666 0.295335 1.175226 2.067100 771.415958 -353.346049 306.080831
-3.322886 2.406975 11.574021 -3.322886 2.406975 11.574021 0.758184 0.963219 2.250749 771.415958 -353.346049 306.080831
