-6.119491 -1.612995 -7.241937 -6.119491 -1.612995 -7.241937 1.098034 -0.623322 0.691452 -322.326885 506.207354 101.813237
-5.518690 -1.895871 -6.808739 -5.518690 -1.895871 -6.808739 0.904638 -0.319597 0.752540 -322.326885 506.207354 101.813237
-5.034734 -1.996161 -6.342508 -5.034734 -1.996161 -6.342508 0.707199 -0.014122 0.795529 -335.802221 512.044815 41.483427
-4.669664 -1.913824 -5.860388 -4.669664 -1.913824 -5.860388 0.511692 0.286317 0.807101 -315.888991 489.416194 -2.909315
-4.416201 -1.659349 -5.377950 -4.416201 -1.659349 -5.377950 0.338700 0.552916 0.798857 -260.750074 399.248800 -24.572211
-4.254901 -1.265242 -4.901235 -4.254901 -1.265242 -4.901235 0.207327 0.744931 0.793235 -177.161941 240.800342 5.833821
-4.156367 -0.785397 -4.421888 -4.156367 -0.785397 -4.421888 0.131161 0.837122 0.808512 -76.721769 66.504081 45.087036
-4.086337 -0.282326 -3.924151 -4.086337 -0.282326 -3.924151 0.110847 0.821156 0.858135 9.008271 -119.725064 120.324725
-4.014295 0.177716 -3.383149 -4.014295 0.177716 -3.383149 0.135808 0.693819 0.952647 74.194653 -304.732014 194.713732
-3.918070 0.531055 -2.772132 -3.918070 0.531055 -2.772132 0.187252 0.470476 1.091377 97.283697 -439.744996 267.721412
-3.787290 0.727773 -2.065938 -3.787290 0.727773 -2.065938 0.250212 0.174560 1.267897 112.582080 -546.639204 320.678567
-3.618787 0.733620 -1.247611 -3.618787 0.733620 -1.247611 0.308320 -0.155892 1.459637 81.111433 -554.868155 318.455080
-3.423352 0.542324 -0.316658 -3.423352 0.542324 -0.316658 0.336201 -0.478236 1.639954 11.825394 -519.612204 282.601107
-3.223317 0.167804 0.713305 -3.223317 0.167804 0.713305 0.324225 -0.760246 1.785128 -51.744288 -420.420852 201.312077
-3.041409 -0.354909 1.812394 -3.041409 -0.354909 1.812394 0.276616 -0.966948 1.864796 -106.951669 -268.586439 64.248073
-2.896725 -0.972416 2.933649 -2.896725 -0.972416 2.933649 0.202272 -1.073063 1.857406 -140.862280 -85.129397 -88.883088
-2.800978 -1.620553 4.021457 -2.800978 -1.620553 4.021457 0.116451 -1.069020 1.750895 -145.208382 98.606127 -266.152613
-2.754905 -2.235130 5.015543 -2.754905 -2.235130 5.015543 0.041022 -0.964425 1.548485 -106.219843 250.041739 -408.546272
-2.744821 -2.759773 5.863263 -2.744821 -2.759773 5.863263 0.000244 -0.769377 1.264193 -29.707141 400.120799 -539.095527
-2.743279 -3.145636 6.519736 -2.743279 -3.145636 6.519736 0.016130 -0.510601 0.915711 82.659826 462.463045 -622.511565
-2.710503 -3.367350 6.956826 -2.710503 -3.367350 6.956826 0.106822 -0.226102 0.540780 219.648351 485.868832 -627.257232
-2.598929 -3.417698 7.171800 -2.598929 -3.417698 7.171800 0.278331 0.054700 0.181489 352.045792 450.138477 -570.378755
-2.361375 -3.309903 7.184509 -2.361375 -3.309903 7.184509 0.525497 0.294532 -0.128321 471.840528 349.301341 -462.321553
-1.955691 -3.077369 7.036252 -1.955691 -3.077369 7.036252 0.835873 0.468815 -0.345947 562.746500 231.642061 -263.097887
-1.351231 -2.762731 6.794263 -1.351231 -2.762731 6.794263 1.181730 0.566069 -0.439120 590.111285 92.535689 -47.478783
-0.537030 -2.414670 6.535218 -0.537030 -2.414670 6.535218 1.530513 0.580407 -0.402744 572.498847 -44.740050 168.730535
0.479312 -2.081871 6.337264 0.479312 -2.081871 6.337264 1.848934 0.516600 -0.234898 488.904914 -167.949505 390.757903
1.665753 -1.807036 6.277444 1.665753 -1.807036 6.277444 2.087664 0.391359 0.053465 306.862307 -249.521838 570.450857
2.964146 -1.617913 6.419041 2.964146 -1.617913 6.419041 2.224576 0.237758 0.429920 149.509613 -262.482686 684.399601
4.325803 -1.522505 6.800185 4.325803 -1.522505 6.800185 2.314282 0.080268 0.840560 149.509613 -262.482686 684.399601
