8.849502 4.098839 10.309163 8.849502 4.098839 10.309163 0.676674 -0.699855 -0.960293 87.075890 323.569422 -117.911792
9.271180 3.737169 9.711763 9.271180 3.737169 9.711763 0.728919 -0.505713 -1.031040 87.075890 323.569422 -117.911792
9.728592 3.498773 9.083897 9.728592 3.498773 9.083897 0.803098 -0.277622 -1.041877 160.186115 436.732502 81.787307
10.243950 3.416084 8.487673 10.243950 3.416084 8.487673 0.922540 0.010777 -0.921904 237.952879 524.598302 318.124070
10.843881 3.516774 8.002879 10.843881 3.516774 8.002879 1.083189 0.324521 -0.675599 297.544344 521.214921 502.893083
11.547734 3.802385 7.695670 11.547734 3.802385 7.695670 1.263626 0.622648 -0.335716 303.913586 472.543489 630.048963
12.358991 4.253321 7.610121 12.358991 4.253321 7.610121 1.437859 0.867617 0.054672 276.861709 344.020051 671.245536
13.266069 4.825899 7.762123 13.266069 4.825899 7.762123 1.576612 1.024449 0.449293 185.648382 178.750311 644.157025
14.237378 5.461668 8.142116 14.237378 5.461668 8.142116 1.647627 1.076327 0.808134 51.067625 -5.822208 551.979007
15.226312 6.094523 8.717222 15.226312 6.094523 8.717222 1.634097 1.013367 1.093668 -96.166778 -204.045553 399.801083
16.177192 6.656210 9.434071 16.177192 6.656210 9.434071 1.515058 0.842915 1.276968 -300.628727 -364.126797 211.199765
17.022786 7.088645 10.225850 17.022786 7.088645 10.225850 1.288043 0.585584 1.341598 -456.090273 -493.641780 4.231812
17.705382 7.346365 11.019883 17.705382 7.346365 11.019883 0.973720 0.265524 1.285703 -591.650332 -573.224558 -190.547293
18.177638 7.402730 11.749283 18.177638 7.402730 11.749283 0.591335 -0.077257 1.132757 -682.967055 -569.381470 -319.273460
18.409505 7.253887 12.371468 18.409505 7.253887 12.371468 0.181555 -0.418886 0.941193 -682.967055 -569.381470 -319.273460
