-0.015027 4.672359 7.188422 -0.015027 4.672359 7.188422 1.509219 -0.316743 -1.062872 -528.401018 -261.582176 -476.049446
0.795393 4.435228 6.465010 0.795393 4.435228 6.465010 1.192179 -0.473693 -1.348501 -528.401018 -261.582176 -476.049446
1.421637 4.112488 5.580683 1.421637 4.112488 5.580683 0.905385 -0.587839 -1.581815 -427.576912 -118.904239 -301.663820
1.897246 3.750705 4.592027 1.897246 3.750705 4.592027 0.695543 -0.597566 -1.689153 -271.897087 86.481186 -56.128060
2.275365 3.418849 3.582775 2.275365 3.418849 3.582775 0.581081 -0.490096 -1.651114 -109.643701 271.750346 182.924345
2.612299 3.182049 2.638223 2.612299 3.182049 2.638223 0.555400 -0.285329 -1.475407 24.039423 410.805754 402.764570
2.956795 3.090147 1.835274 2.956795 3.090147 1.835274 0.604468 -0.012094 -1.184759 139.520654 499.979325 566.062463
3.350560 3.175819 1.232363 3.350560 3.175819 1.232363 0.718036 0.302552 -0.814858 239.040336 548.839802 666.940073
3.826803 3.455105 0.864721 3.826803 3.455105 0.864721 0.873428 0.626673 -0.408574 278.933024 531.562137 687.340690
4.400343 3.921003 0.740644 4.400343 3.921003 0.740644 1.037163 0.916679 -0.009437 266.848792 435.127324 643.117388
5.067472 4.540835 0.844405 5.067472 4.540835 0.844405 1.181267 1.135261 0.344744 213.500594 293.478760 537.485186
5.810849 5.263639 1.138259 5.810849 5.263639 1.138259 1.290301 1.255453 0.618535 149.944094 107.161310 375.151656
6.607214 6.025228 1.565523 6.607214 6.025228 1.565523 1.356237 1.264892 0.786704 69.841775 -75.698544 185.412379
7.429766 6.759389 2.059813 7.429766 6.759389 2.059813 1.379335 1.163730 0.842417 7.154433 -261.507839 0.298210
8.255860 7.401537 2.555324 8.255860 7.401537 2.555324 1.369652 0.961732 0.792632 -39.432607 -411.820295 -166.248785
9.069184 7.898830 2.992195 9.069184 7.898830 2.992195 1.339148 0.686549 0.648963 -62.246381 -505.455573 -312.647425
9.861972 8.217157 3.320689 9.861972 8.217157 3.320689 1.304318 0.370172 0.438336 -53.855125 -549.135434 -389.443094
10.638021 8.341937 3.511894 10.638021 8.341937 3.511894 1.287763 0.048299 0.196189 -1.326725 -523.774819 -417.713816
11.414915 8.282196 3.555906 11.414915 8.282196 3.555906 1.309342 -0.238172 -0.047006 73.255916 -431.126433 -392.935595
12.217791 8.069366 3.461025 12.217791 8.069366 3.461025 1.373718 -0.458466 -0.262515 141.329579 -303.187868 -325.428059
13.071804 7.748446 3.250011 13.071804 7.748446 3.250011 1.480230 -0.596713 -0.432410 213.712245 -157.634531 -240.888865
14.000848 7.371307 2.954292 14.000848 7.371307 2.954292 1.620646 -0.644981 -0.541509 254.338680 -3.258965 -122.774068
15.019535 6.993530 2.613403 15.019535 6.993530 2.613403 1.775843 -0.597944 -0.584595 262.987304 160.047989 -20.845215
16.130608 6.669340 2.263499 16.130608 6.669340 2.263499 1.924782 -0.473076 -0.574079 233.476321 256.177884 55.897904
17.322054 6.435099 1.931998 17.322054 6.435099 1.931998 2.037622 -0.301904 -0.526117 142.655907 314.395497 103.973983
18.562594 6.311086 1.635201 18.562594 6.311086 1.635201 2.084657 -0.110577 -0.462941 14.125993 323.361146 106.614311
19.806958 6.301109 1.375456 19.806958 6.301109 1.375456 2.048271 0.074262 -0.404831 -135.410163 292.768504 87.085942
21.001418 6.393483 1.145700 21.001418 6.393483 1.145700 1.916379 0.225518 -0.365244 -304.230514 211.421168 44.870636
22.087521 6.559730 0.930667 22.087521 6.559730 0.930667 1.689027 0.316773 -0.358140 -453.610212 92.760799 -21.191765
23.011779 6.759510 0.708877 23.011779 6.759510 0.708877 1.379318 0.337525 -0.386312 -578.754277 -23.589138 -72.715653
23.730734 6.952028 0.461814 23.730734 6.952028 0.461814 1.009769 0.294616 -0.440877 -653.075927 -119.439702 -109.165911
24.218382 7.102723 0.176927 24.218382 7.102723 0.176927 0.614624 0.200076 -0.509931 -664.071867 -195.692366 -121.013851
24.470963 7.184553 -0.149413 24.470963 7.184553 -0.149413 0.232877 0.067708 -0.575536 -608.418982 -245.534864 -97.670408
24.509008 7.180744 -0.508271 24.509008 7.180744 -0.508271 -0.093001 -0.080801 -0.613915 -477.841886 -249.494396 -30.259177
24.378655 7.090956 -0.875141 24.378655 7.090956 -0.875141 -0.322412 -0.212491 -0.597447 -286.861349 -189.474259 85.152738
24.147579 6.935314 -1.210408 24.147579 6.935314 -1.210408 -0.424496 -0.296388 -0.506984 -53.416384 -90.180293 216.389414
23.894083 6.746380 -1.470166 23.894083 6.746380 -1.470166 -0.402463 -0.324841 -0.349739 126.859021 -4.663981 307.759501
23.675440 6.550636 -1.624613 23.675440 6.550636 -1.624613 -0.326347 -0.327639 -0.165084 126.859021 -4.663981 307.759501
