-2.473678 5.491913 -10.177360 -2.473678 5.491913 -10.177360 -0.682545 0.007487 -0.509119 -78.082951 -93.157179 579.111919
-2.897259 5.479637 -10.378591 -2.897259 5.479637 -10.378591 -0.729395 -0.048408 -0.161652 -78.082951 -93.157179 579.111919
-3.342334 5.439523 -10.372818 -3.342334 5.439523 -10.372818 -0.743158 -0.075805 0.178434 32.203826 1.831667 554.506323
-3.772583 5.400970 -10.170822 -3.772583 5.400970 -10.170822 -0.674589 -0.041707 0.486764 196.359902 111.830860 473.260311
-4.132338 5.399548 -9.801124 -4.132338 5.399548 -9.801124 -0.508505 0.042753 0.732982 357.254358 169.702445 347.468621
-4.365817 5.457518 -9.306124 -4.365817 5.457518 -9.306124 -0.257560 0.153435 0.904795 479.228627 199.236330 225.241304
-4.428044 5.585210 -8.730103 -4.428044 5.585210 -8.730103 0.060214 0.271820 1.002942 580.017973 195.380046 101.915140
-4.284911 5.779728 -8.117759 -4.284911 5.779728 -8.117759 0.421233 0.370333 1.025262 623.380173 132.998295 -27.516575
-3.921543 6.019745 -7.511465 -3.921543 6.019745 -7.511465 0.787361 0.419522 0.989201 597.045386 30.964387 -92.684928
-3.347500 6.270295 -6.937216 -3.347500 6.270295 -6.937216 1.116377 0.404412 0.920648 499.675190 -81.333249 -135.826062
-2.596640 6.491712 -6.409008 -2.596640 6.491712 -6.409008 1.371646 0.322665 0.840492 351.220080 -191.156073 -131.358755
-1.721761 6.644169 -5.926632 -1.721761 6.644169 -5.926632 1.525735 0.174301 0.770304 162.412130 -303.389179 -102.602095
-0.790580 6.689810 -5.479362 -0.790580 6.689810 -5.479362 1.555710 -0.029380 0.726524 -62.497616 -375.548188 -43.333148
0.118496 6.604288 -5.047931 0.118496 6.604288 -5.047931 1.452713 -0.256189 0.717104 -280.825786 -380.481496 11.935060
0.928147 6.383039 -4.611604 0.928147 6.383039 -4.611604 1.227076 -0.479718 0.743846 -471.296463 -364.617300 77.204889
1.570609 6.035180 -4.149479 1.570609 6.035180 -4.149479 0.899544 -0.670477 0.799771 -620.477192 -271.242959 109.210230
1.993409 5.591973 -3.649512 1.993409 5.591973 -3.649512 0.501057 -0.793705 0.867534 -707.814342 -139.518560 116.666795
2.167073 5.099051 -3.111167 2.167073 5.099051 -3.111167 0.078550 -0.835349 0.921653 -700.540222 0.704360 63.729736
2.092652 4.608137 -2.550125 2.092652 4.608137 -2.550125 -0.319041 -0.784082 0.942787 -624.763567 170.185926 6.718979
1.797308 4.177918 -1.987425 1.797308 4.177918 -1.987425 -0.651210 -0.633984 0.925909 -482.467455 330.139871 -62.980077
1.331700 3.863113 -1.451047 1.331700 3.863113 -1.451047 -0.880876 -0.405099 0.848965 -283.086408 432.811848 -193.498781
0.766811 3.702406 -0.981491 0.766811 3.702406 -0.981491 -0.977769 -0.123178 0.707899 -39.888486 506.924517 -276.723195
0.184022 3.719236 -0.609267 0.184022 3.719236 -0.609267 -0.946440 0.178428 0.528338 144.317636 498.427772 -321.812495
-0.357865 3.916010 -0.350191 -0.357865 3.916010 -0.350191 -0.859850 0.477484 0.335251 144.317636 498.427772 -321.812495
