11.917640 2.781960 -7.693642 11.917640 2.781960 -7.693642 0.280143 1.258188 0.185699 -151.618028 -191.269414 632.819670
12.058434 3.502444 -7.468315 12.058434 3.502444 -7.468315 0.189172 1.143426 0.565391 -151.618028 -191.269414 632.819670
12.150078 4.146329 -7.021552 12.150078 4.146329 -7.021552 0.125359 0.989955 0.913185 -61.091806 -320.299231 526.493962
12.219582 4.674617 -6.389360 12.219582 4.674617 -6.389360 0.115131 0.757620 1.176643 26.996010 -454.151345 351.700788
12.295654 5.042944 -5.632058 12.295654 5.042944 -5.632058 0.141997 0.462639 1.327714 62.557164 -529.119419 151.868817
12.391173 5.225262 -4.822237 12.391173 5.225262 -4.822237 0.174839 0.145046 1.348118 46.915956 -529.524450 -83.857012
12.503763 5.219948 -4.042463 12.503763 5.219948 -4.042463 0.199193 -0.157801 1.227789 34.266283 -479.966536 -317.239713
12.626540 5.046453 -3.373890 12.626540 5.046453 -3.373890 0.205221 -0.407882 0.982459 -14.173836 -353.634340 -500.524390
12.742414 4.747495 -2.882711 12.742414 4.747495 -2.882711 0.173179 -0.572937 0.641137 -92.632233 -196.550588 -637.218413
12.826563 4.379370 -2.616987 12.826563 4.379370 -2.616987 0.102178 -0.635785 0.237510 -144.037589 -12.941338 -708.203009
12.860780 4.006509 -2.601100 12.860780 4.006509 -2.601100 0.009940 -0.588858 -0.183127 -163.421974 169.365500 -693.919515
12.837060 3.694244 -2.830323 12.837060 3.694244 -2.830323 -0.089458 -0.434415 -0.571686 -167.904589 345.441923 -601.279685
12.756017 3.504032 -3.273570 12.756017 3.504032 -3.273570 -0.175925 -0.185862 -0.892477 -120.320303 483.069661 -468.023638
12.633154 3.482700 -3.881253 12.633154 3.482700 -3.881253 -0.226370 0.120140 -1.113052 -47.830531 536.935215 -267.225224
12.494212 3.651604 -4.582938 12.494212 3.651604 -4.582938 -0.227618 0.443159 -1.202154 43.671486 539.796297 -29.780514
12.373024 4.011701 -5.297209 12.373024 4.011701 -5.297209 -0.163808 0.752229 -1.158113 169.028600 490.435411 176.583444
12.312965 4.544001 -5.948918 12.312965 4.544001 -5.948918 -0.023388 1.009915 -0.995292 299.036942 368.519582 366.152995
12.358272 5.206376 -6.470809 12.358272 5.206376 -6.470809 0.183605 1.181488 -0.728721 390.942611 203.390854 522.416247
12.541337 5.940990 -6.809085 12.541337 5.940990 -6.809085 0.430830 1.249075 -0.390661 433.138433 21.899914 604.452312
12.878167 6.682972 -6.933554 12.878167 6.682972 -6.933554 0.692548 1.205187 -0.022359 439.255448 -168.194453 623.218703
13.370226 7.366645 -6.837016 13.370226 7.366645 -6.837016 0.943424 1.058451 0.340440 396.997279 -320.924852 586.112359
14.001016 7.937804 -6.533539 14.001016 7.937804 -6.533539 1.148001 0.835167 0.660671 284.926833 -423.355745 481.325256
14.731691 8.358666 -6.058001 14.731691 8.358666 -6.058001 1.271896 0.560984 0.911954 128.055300 -490.586466 356.283318
15.505462 8.606804 -5.455444 15.505462 8.606804 -5.455444 1.286645 0.265898 1.081992 -78.890623 -493.033967 210.511917
16.251185 8.680813 -4.777593 16.251185 8.680813 -4.777593 1.178992 -0.013841 1.162114 -279.953513 -439.431543 56.560304
16.897508 8.599869 -4.077244 16.897508 8.599869 -4.077244 0.957620 -0.245207 1.160547 -457.950935 -331.788516 -61.785264
17.380790 8.401878 -3.397140 17.380790 8.401878 -3.397140 0.638552 -0.400007 1.097964 -605.611085 -184.211722 -146.824691
17.648255 8.137134 -2.766979 17.648255 8.137134 -2.766979 0.241909 -0.468439 0.998927 -716.532249 -43.895160 -183.296934
17.663189 7.855519 -2.200850 17.663189 7.855519 -2.200850 -0.194190 -0.458028 0.887778 -737.129879 78.598679 -187.201127
17.417488 7.601517 -1.700804 17.417488 7.601517 -1.700804 -0.618985 -0.377534 0.780837 -678.854216 189.715663 -169.267708
16.930705 7.413392 -1.257810 16.930705 7.413392 -1.257810 -0.992290 -0.242473 0.704077 -565.494321 260.488725 -86.600223
16.245119 7.316247 -0.846548 16.245119 7.316247 -0.846548 -1.273704 -0.078923 0.674135 -372.553887 284.676483 -13.206582
15.426770 7.317326 -0.442222 15.426770 7.317326 -0.442222 -1.432571 0.077836 0.677322 -157.002037 237.855225 23.832305
14.553560 7.402356 -0.028748 14.553560 7.402356 -0.028748 -1.453806 0.198121 0.705574 86.218982 163.095357 70.341083
13.710995 7.545530 0.409213 13.710995 7.545530 0.409213 -1.331081 0.270699 0.757553 322.862193 78.831167 102.921946
12.981693 7.715225 0.880604 12.981693 7.715225 0.880604 -1.081204 0.283426 0.810975 510.061595 -36.409244 75.150247
12.432847 7.872379 1.376240 12.432847 7.872379 1.376240 -0.734840 0.229839 0.833685 644.485204 -142.212714 0.549729
12.111760 7.980085 1.872246 12.111760 7.980085 1.872246 -0.329103 0.121519 0.812494 707.972666 -218.856602 -71.184894
12.040834 8.013051 2.343139 12.040834 8.013051 2.343139 0.091183 -0.012554 0.750828 692.979658 -228.051778 -134.370443
12.220280 7.964469 2.769449 12.220280 7.964469 2.769449 0.506971 -0.149385 0.670206 692.979658 -228.051778 -134.370443
