-9.350488 -4.786292 6.413617 -9.350488 -4.786292 6.413617 0.012051 -0.148683 -0.843296 269.353453 259.153418 155.716834
-9.294774 -4.828854 5.935669 -9.294774 -4.828854 5.935669 0.173663 0.006809 -0.749866 269.353453 259.153418 155.716834
-9.144614 -4.780025 5.521278 -9.144614 -4.780025 5.521278 0.322669 0.152784 -0.618939 227.331921 227.430650 280.704587
-8.914176 -4.651539 5.208921 -8.914176 -4.651539 5.208921 0.438654 0.268633 -0.408118 159.284478 158.732982 422.032449
-8.625397 -4.467898 5.045781 -8.625397 -4.467898 5.045781 0.518800 0.333319 -0.126072 107.869739 56.886082 518.122015
-8.299094 -4.264007 5.065807 -8.299094 -4.264007 5.065807 0.561552 0.335753 0.196835 34.635358 -48.773937 558.234587
-7.958289 -4.076727 5.283247 -7.958289 -4.076727 5.283247 0.570535 0.279523 0.526063 -4.691537 -138.656722 539.189906
-7.616757 -3.938720 5.690128 -7.616757 -3.938720 5.690128 0.567996 0.172587 0.820521 -3.770626 -217.797277 442.338168
-7.273944 -3.875451 6.253106 -7.273944 -3.875451 6.253106 0.579204 0.036510 1.041149 41.130163 -235.794284 293.086751
-6.916404 -3.895669 6.918616 -6.916404 -3.895669 6.918616 0.616952 -0.103373 1.157323 84.696108 -230.482570 94.162477
-6.526533 -3.995330 7.617257 -6.526533 -3.995330 7.617257 0.690044 -0.222414 1.150311 158.943530 -166.318204 -117.537198
-6.077261 -4.151858 8.272921 -6.077261 -4.151858 8.272921 0.818593 -0.287917 1.012959 269.553000 -52.027963 -340.302374
-5.533667 -4.327558 8.807979 -5.533667 -4.327558 8.807979 0.999918 -0.287054 0.751462 334.865239 54.905337 -531.355217
-4.871648 -4.480771 9.154482 -4.871648 -4.480771 9.154482 1.209796 -0.208427 0.388998 364.728387 207.185716 -676.858083
-4.079127 -4.561379 9.261413 -4.079127 -4.561379 9.261413 1.433593 -0.048343 -0.040283 381.260644 326.426912 -754.076772
-3.152077 -4.526302 9.101581 -3.152077 -4.526302 9.101581 1.653689 0.174146 -0.492372 352.394033 415.202592 -752.886284
-2.103434 -4.344101 8.675455 -2.103434 -4.344101 8.675455 1.830119 0.438151 -0.920022 235.706481 464.814325 -672.613696
-0.970730 -3.999250 8.010228 -0.970730 -3.999250 8.010228 1.932568 0.708507 -1.284305 105.788725 436.374596 -541.662835
0.198771 -3.499040 7.154481 0.198771 -3.499040 7.154481 1.950629 0.953122 -1.547626 -45.585970 379.008331 -336.076444
1.350089 -2.866268 6.178607 1.350089 -2.866268 6.178607 1.869011 1.143913 -1.683297 -226.473539 256.959355 -116.160141
2.420678 -2.143010 5.162639 2.420678 -2.143010 5.162639 1.682863 1.251377 -1.678396 -394.020294 101.254376 132.497172
3.351771 -1.385034 4.191956 3.351771 -1.385034 4.191956 1.407944 1.256754 -1.536371 -522.375064 -83.329989 340.920466
4.097627 -0.656298 3.340764 4.097627 -0.656298 3.340764 1.070107 1.155167 -1.285495 -603.750028 -255.295189 495.332160
4.632115 -0.018538 2.665584 4.632115 -0.018538 2.665584 0.713349 0.955059 -0.953511 -585.441126 -411.730695 611.282713
4.956420 0.475272 2.206350 4.956420 0.475272 2.206350 0.370459 0.682453 -0.572533 -557.526975 -496.954347 658.643987
5.078340 0.795293 1.981386 5.078340 0.795293 1.981386 0.035943 0.384281 -0.177346 -557.526975 -496.954347 658.643987
