2.213106 -0.308685 -5.592895 2.213106 -0.308685 -5.592895 2.332043 -0.023881 1.733856 -449.585761 -333.000257 470.147213
3.531406 -0.382953 -4.467955 3.531406 -0.382953 -4.467955 2.062292 -0.223681 2.015944 -449.585761 -333.000257 470.147213
4.680620 -0.578690 -3.183323 4.680620 -0.578690 -3.183323 1.756364 -0.431420 2.250225 -570.171898 -359.461608 310.789201
5.626018 -0.900348 -1.790852 5.626018 -0.900348 -1.790852 1.385311 -0.637611 2.368669 -666.671968 -327.841657 84.023222
6.336695 -1.336582 -0.368313 6.336695 -1.336582 -0.368313 0.982764 -0.807599 2.350149 -675.151454 -238.785332 -145.754565
6.808514 -1.856506 1.002112 6.808514 -1.856506 1.002112 0.596115 -0.912785 2.195553 -613.677782 -111.835159 -369.566044
7.063721 -2.415667 2.241541 7.063721 -2.415667 2.241541 0.267904 -0.936685 1.916911 -480.358314 32.169353 -559.240191
7.148627 -2.961852 3.282808 7.148627 -2.961852 3.282808 0.032830 -0.867210 1.540282 -303.221952 199.411912 -696.192321
7.126771 -3.436517 4.078984 7.126771 -3.436517 4.078984 -0.083973 -0.698724 1.109173 -86.122537 362.208812 -740.835231
7.075757 -3.783532 4.612093 7.075757 -3.783532 4.612093 -0.061289 -0.446293 0.669452 161.736574 479.226805 -724.903545
7.081499 -3.961951 4.889320 7.081499 -3.961951 4.889320 0.102769 -0.143277 0.264702 385.123632 530.827507 -624.262716
7.222426 -3.952201 4.945472 7.222426 -3.952201 4.945472 0.383558 0.176058 -0.061365 550.837958 533.623488 -462.627885
7.558414 -3.753136 4.836521 7.558414 -3.753136 4.836521 0.747574 0.483119 -0.283236 662.548401 489.913438 -276.941690
8.129881 -3.382770 4.630743 8.129881 -3.382770 4.630743 1.163424 0.738619 -0.379332 723.620728 361.751880 -43.377515
8.956338 -2.884519 4.408398 8.956338 -2.884519 4.408398 1.588350 0.905491 -0.340050 692.797067 194.487076 174.318956
10.027112 -2.317676 4.246535 10.027112 -2.317676 4.246535 1.969330 0.964889 -0.181512 577.138443 3.509181 354.138624
11.303274 -1.748739 4.209038 11.303274 -1.748739 4.209038 2.269005 0.913853 0.069299 421.776624 -173.632044 481.899487
12.728184 -1.241732 4.341848 12.728184 -1.241732 4.341848 2.460010 0.759417 0.380881 214.907382 -341.155011 556.706246
14.229309 -0.855605 4.671253 14.229309 -0.855605 4.671253 2.521129 0.514149 0.718254 -11.176500 -476.402988 567.869328
15.727890 -0.636551 5.200640 15.727890 -0.636551 5.200640 2.454002 0.209895 1.040065 -212.580252 -537.777852 504.833999
17.151742 -0.607642 5.909678 17.151742 -0.607642 5.909678 2.275027 -0.113912 1.313612 -384.004319 -541.577447 406.989879
18.439471 -0.769841 6.762266 18.439471 -0.769841 6.762266 2.003793 -0.420698 1.513622 -520.109459 -481.045031 259.710522
19.543695 -1.101614 7.708467 19.543695 -1.101614 7.708467 1.669568 -0.673156 1.625846 -593.973014 -360.480939 114.371596
20.438543 -1.560483 8.696403 20.438543 -1.560483 8.696403 1.313298 -0.839884 1.653672 -593.595481 -195.279721 -21.618411
21.124224 -2.087985 9.676330 21.124224 -2.087985 9.676330 0.979888 -0.899160 1.598777 -517.770391 -2.306997 -161.365773
21.624613 -2.618325 10.602820 21.624613 -2.618325 10.602820 0.697501 -0.852688 1.483304 -423.519396 157.216214 -223.543876
21.966880 -3.101639 11.452564 21.966880 -3.101639 11.452564 0.443389 -0.758358 1.349178 -423.519396 157.216214 -223.543876
