5.590567 1.613996 -6.752796 5.590567 1.613996 -6.752796 1.076786 1.469708 0.724824 -81.570474 -405.209162 -77.206691
6.221956 2.422883 -6.331799 6.221956 2.422883 -6.331799 1.027843 1.226582 0.678500 -81.570474 -405.209162 -77.206691
6.826035 3.082000 -5.934969 6.826035 3.082000 -5.934969 0.989181 0.963979 0.650311 -47.303163 -470.135125 -16.756223
7.414433 3.572079 -5.543264 7.414433 3.572079 -5.543264 0.977818 0.663477 0.662927 9.426158 -531.537722 58.810046
8.007372 3.875419 -5.133951 8.007372 3.875419 -5.133951 1.006230 0.349211 0.703066 85.278924 -516.017745 74.985933
8.633059 3.998181 -4.698587 8.633059 3.998181 -4.698587 1.090393 0.070193 0.748191 195.263830 -414.040460 75.429383
9.327231 3.973499 -4.238376 9.327231 3.973499 -4.238376 1.231495 -0.139586 0.782046 275.078563 -285.223094 37.422325
10.118564 3.846761 -3.765965 10.118564 3.846761 -3.765965 1.411148 -0.268951 0.786736 323.762515 -145.994813 -21.790987
11.023998 3.668873 -3.303118 11.023998 3.668873 -3.303118 1.607745 -0.307740 0.747303 331.560692 16.699207 -109.651782
12.046394 3.495963 -2.879321 12.046394 3.495963 -2.879321 1.797024 -0.254079 0.657274 299.370121 162.169590 -190.444806
13.172598 3.379537 -2.521424 13.172598 3.379537 -2.521424 1.947162 -0.122619 0.532069 201.089437 276.031991 -226.905525
14.369382 3.358815 -2.244155 14.369382 3.358815 -2.244155 2.029269 0.058818 0.390277 72.600345 328.757334 -245.732531
15.589569 3.453699 -2.053740 15.589569 3.453699 -2.053740 2.020617 0.258153 0.245240 -101.438623 335.691619 -237.724431
16.772416 3.667124 -1.945442 16.772416 3.667124 -1.945442 1.903434 0.450113 0.122330 -289.173064 304.175502 -171.977188
17.852251 3.986721 -1.894997 17.852251 3.986721 -1.894997 1.679060 0.606509 0.059159 -458.739501 217.143963 -38.591701
18.768736 4.382443 -1.858826 18.768736 4.382443 -1.858826 1.361928 0.700447 0.074112 -598.366024 95.984164 88.432932
19.472834 4.813351 -1.789512 19.472834 4.813351 -1.789512 0.976140 0.724853 0.171815 -687.593284 -14.630878 237.246719
19.932620 5.239509 -1.633815 19.932620 5.239509 -1.633815 0.552929 0.685474 0.363682 -723.111785 -116.633776 402.308050
20.136420 5.624438 -1.335445 20.136420 5.624438 -1.335445 0.130073 0.588686 0.643793 -686.408680 -205.990995 531.395570
20.098507 5.938398 -0.849607 20.098507 5.938398 -0.849607 -0.243783 0.454224 0.982188 -559.779006 -242.216590 596.587016
19.861964 6.167852 -0.151551 19.861964 6.167852 -0.151551 -0.527217 0.311490 1.346925 -385.000411 -233.563654 619.203561
19.489386 6.315201 0.765921 19.489386 6.315201 0.765921 -0.692956 0.183831 1.707749 -167.463097 -191.965865 583.544332
19.057469 6.395445 1.888057 19.057469 6.395445 1.888057 -0.723433 0.091150 2.020118 65.875933 -116.971929 457.685999
18.648460 6.435361 3.172848 18.648460 6.435361 3.172848 -0.617943 0.052370 2.246416 285.757133 -12.294536 296.638153
18.341434 6.471681 4.561011 18.341434 6.471681 4.561011 -0.384973 0.080552 2.358992 490.809347 106.235632 78.614953
18.207050 6.544781 5.976672 18.207050 6.544781 5.976672 -0.049214 0.172523 2.336738 628.386794 200.334322 -152.793277
18.293700 6.687380 7.338134 18.293700 6.687380 7.338134 0.343159 0.307849 2.179672 679.521393 250.750699 -370.760521
18.622110 6.917943 8.567794 18.622110 6.917943 8.567794 0.751878 0.461895 1.900181 682.876483 262.736051 -560.874892
19.191170 7.241377 9.599228 19.191170 7.241377 9.599228 1.136680 0.614560 1.525073 599.796657 246.147605 -689.484531
19.971858 7.649451 10.386022 19.971858 7.649451 10.386022 1.450142 0.737407 1.090664 445.078337 163.345042 -758.545542
20.910518 8.114147 10.905195 20.910518 8.114147 10.905195 1.659493 0.799662 0.642104 252.755510 44.168597 -736.657144
21.938820 8.593558 11.163398 21.938820 8.593558 11.163398 1.746696 0.784477 0.227803 37.922126 -94.782681 -644.344830
22.981406 9.038157 11.193444 22.981406 9.038157 11.193444 1.708162 0.682477 -0.112072 -166.369851 -245.219427 -488.572498
23.964509 9.396608 11.049854 23.964509 9.396608 11.049854 1.549102 0.500868 -0.347237 -363.827749 -360.142667 -295.308799
24.820789 9.627112 10.802044 24.820789 9.627112 10.802044 1.292343 0.258824 -0.455983 -492.037323 -446.670230 -67.179550
25.502482 9.699182 10.530857 25.502482 9.699182 10.530857 0.971392 -0.023297 -0.423816 -577.799734 -493.734393 174.401460
25.980833 9.597026 10.319042 25.980833 9.597026 10.319042 0.622315 -0.316065 -0.263762 -585.790479 -482.157567 359.114924
26.251676 9.325526 10.233541 26.251676 9.325526 10.233541 0.285321 -0.580724 -0.007716 -537.520919 -400.038974 494.371246
26.331865 8.914059 10.322853 26.331865 8.914059 10.322853 -0.008442 -0.775873 0.313681 -441.689844 -250.459194 576.949846
26.253637 8.412154 10.616149 26.253637 8.412154 10.616149 -0.241749 -0.882641 0.666033 -336.001102 -105.433110 597.559051
26.048107 7.863592 11.123330 26.048107 7.863592 11.123330 -0.443350 -0.945901 1.024569 -336.001102 -105.433110 597.559051
