10.854662 3.785622 -0.318767 10.854662 3.785622 -0.318767 0.932466 0.382240 1.119017 -188.930450 -210.039000 -118.966713
11.380134 3.977159 0.331229 11.380134 3.977159 0.331229 0.819108 0.256217 1.047637 -188.930450 -210.039000 -118.966713
11.841231 4.086974 0.933742 11.841231 4.086974 0.933742 0.723949 0.099654 0.952979 -128.267884 -311.835634 -196.558267
12.257803 4.085634 1.465165 12.257803 4.085634 1.465165 0.673443 -0.112454 0.810123 -40.084943 -395.193063 -279.631423
12.656722 3.945051 1.899093 12.656722 3.945051 1.899093 0.659734 -0.359451 0.633285 -5.611159 -428.129830 -309.827222
13.051818 3.653301 2.221627 13.051818 3.653301 2.221627 0.657696 -0.611408 0.439051 -1.181964 -411.724998 -337.620164
13.446713 3.217980 2.426805 13.446713 3.217980 2.426805 0.659436 -0.830273 0.249074 6.981561 -317.825218 -295.635891
13.839572 2.669080 2.529083 13.839572 2.669080 2.529083 0.643330 -0.988604 0.101933 -60.668780 -209.945643 -194.834043
14.210835 2.047678 2.562402 14.210835 2.047678 2.562402 0.587854 -1.066819 0.021178 -124.251583 -50.770047 -74.347449
14.535517 1.410445 2.572311 14.535517 1.410445 2.572311 0.484982 -1.037297 0.029491 -218.654424 149.177581 102.057209
14.781842 0.824029 2.618238 14.781842 0.824029 2.618238 0.327258 -0.902239 0.140036 -307.090261 301.014104 266.424573
14.918488 0.344667 2.758639 14.918488 0.344667 2.758639 0.120840 -0.682639 0.342008 -380.970523 430.987006 406.815637
14.921907 0.018408 3.045806 14.921907 0.018408 3.045806 -0.110294 -0.395313 0.629773 -389.477825 526.764275 552.400344
14.787092 -0.122421 3.527732 14.787092 -0.122421 3.527732 -0.336645 -0.071545 0.984366 -365.025685 552.463291 629.577321
14.519400 -0.065904 4.231676 14.519400 -0.065904 4.231676 -0.555661 0.259933 1.362113 -365.025685 552.463291 629.577321
