-7.481833 -3.918288 -2.557273 -7.481833 -3.918288 -2.557273 0.941260 0.182392 0.688751 -348.629137 -192.274128 -195.128894
-6.979830 -3.843462 -2.179145 -6.979830 -3.843462 -2.179145 0.732083 0.067027 0.571674 -348.629137 -192.274128 -195.128894
-6.599921 -3.832535 -1.872237 -6.599921 -3.832535 -1.872237 0.539969 -0.021738 0.449734 -291.748578 -103.609698 -211.337045
-6.323781 -3.857151 -1.638918 -6.323781 -3.857151 -1.638918 0.388285 -0.048521 0.330525 -213.867367 14.331110 -186.026410
-6.122938 -3.877286 -1.469127 -6.122938 -3.877286 -1.469127 0.291805 -0.007935 0.243714 -107.732061 120.957279 -103.343036
-5.961725 -3.852551 -1.333794 -5.961725 -3.852551 -1.333794 0.254775 0.103258 0.220238 -15.702348 249.685726 25.088537
-5.807141 -3.740176 -1.188722 -5.807141 -3.740176 -1.188722 0.268085 0.280453 0.277357 60.071041 340.965234 165.306919
-5.632600 -3.506266 -0.984504 -5.632600 -3.506266 -0.984504 0.318512 0.506354 0.416787 108.019018 412.038049 299.460654
-5.420463 -3.128553 -0.672456 -5.420463 -3.128553 -0.672456 0.391253 0.752242 0.636828 134.449094 407.588158 434.009689
-5.163240 -2.606961 -0.206773 -5.163240 -2.606961 -0.206773 0.463279 0.981200 0.924558 105.637608 355.603681 525.090597
-4.869421 -1.959128 0.445310 -4.869421 -1.959128 0.445310 0.510843 1.170084 1.253768 52.909155 274.011409 572.277489
-4.556419 -1.217400 1.300030 -4.556419 -1.217400 1.300030 0.527455 1.286268 1.594379 2.465548 113.268853 563.091817
-4.243254 -0.435515 2.352250 -4.243254 -0.435515 2.352250 0.510172 1.302906 1.903416 -60.076218 -57.809833 467.029220
-3.950799 0.326373 3.569435 -3.950799 0.326373 3.569435 0.459955 1.220973 2.138983 -107.313578 -215.300544 318.196539
-3.695252 1.011208 4.899538 -3.695252 1.011208 4.899538 0.390023 1.046818 2.277094 -125.793538 -365.216612 142.171577
-3.482934 1.566221 6.278186 -3.482934 1.566221 6.278186 0.319279 0.790996 2.296399 -110.020624 -487.524016 -77.821858
-3.307400 1.950064 7.628469 -3.307400 1.950064 7.628469 0.272124 0.483480 2.181964 -47.162702 -537.529426 -303.628007
-3.146244 2.144230 8.871023 -3.146244 2.144230 8.871023 0.275680 0.165129 1.939930 59.017044 -523.641145 -503.152008
-2.963045 2.153063 9.934518 -2.963045 2.153063 9.934518 0.346931 -0.129001 1.588562 178.485913 -456.791174 -668.074168
-2.714839 2.001127 10.762748 -2.714839 2.001127 10.762748 0.493622 -0.364641 1.164451 310.483784 -328.673594 -745.630097
-2.355807 1.733218 11.326525 -2.355807 1.733218 11.326525 0.714770 -0.511659 0.713672 426.678514 -161.386429 -756.964588
-1.844882 1.409334 11.621270 -1.844882 1.409334 11.621270 0.997082 -0.547688 0.273470 514.359460 41.288650 -710.376701
-1.151199 1.098929 11.665874 -1.151199 1.098929 11.665874 1.319947 -0.469034 -0.110804 561.856958 220.890122 -570.537036
-0.258065 0.867365 11.508707 -0.258065 0.867365 11.508707 1.657219 -0.286017 -0.393066 562.385533 389.167852 -370.335164
0.831707 0.772679 11.220839 0.831707 0.772679 11.220839 1.965704 -0.018147 -0.542107 465.895223 503.733132 -126.466759
2.087869 0.854707 10.883632 2.087869 0.854707 10.883632 2.209636 0.295311 -0.563883 347.212044 541.124935 53.878692
3.476149 1.129296 10.555000 3.476149 1.129296 10.555000 2.417963 0.619986 -0.531556 347.212044 541.124935 53.878692
