9.577221 -3.522154 -7.574651 9.577221 -3.522154 -7.574651 -0.152059 1.152649 -0.277258 104.641596 -227.211731 454.410227
9.504821 -2.871463 -7.659212 9.504821 -2.871463 -7.659212 -0.089275 1.016322 -0.004612 104.641596 -227.211731 454.410227
9.477789 -2.306089 -7.584771 9.477789 -2.306089 -7.584771 0.011995 0.862393 0.245104 232.922094 -285.882796 377.976358
9.535490 -1.843413 -7.378156 9.535490 -1.843413 -7.378156 0.194640 0.674358 0.429475 375.894275 -340.902284 236.594016
9.722979 -1.499270 -7.085869 9.722979 -1.499270 -7.085869 0.435398 0.474271 0.531502 426.633261 -326.052425 103.493822
10.060303 -1.268359 -6.755187 10.060303 -1.268359 -6.755187 0.687833 0.303826 0.559360 414.817467 -242.097889 -10.634194
10.544596 -1.123670 -6.425451 10.544596 -1.123670 -6.425451 0.921354 0.188422 0.533151 363.587144 -142.584040 -76.727669
11.157367 -1.029972 -6.122080 11.157367 -1.029972 -6.122080 1.112072 0.134424 0.473571 272.139874 -37.409510 -121.871744
11.866918 -0.949157 -5.860414 11.866918 -0.949157 -5.860414 1.241968 0.146450 0.397751 160.844415 77.498346 -130.861264
12.633854 -0.842264 -5.643680 12.633854 -0.842264 -5.643680 1.302488 0.218314 0.327425 40.888625 162.048919 -103.560395
13.416057 -0.678488 -5.462595 13.416057 -0.678488 -5.462595 1.293777 0.333635 0.281645 -69.923699 222.352940 -49.037367
14.176047 -0.437201 -5.297780 14.176047 -0.437201 -5.297780 1.233373 0.472459 0.275491 -131.422286 240.392801 28.523257
14.890252 -0.112958 -5.124272 14.890252 -0.112958 -5.124272 1.143704 0.604182 0.308002 -167.477024 198.685289 79.846190
15.546778 0.280590 -4.922929 15.546778 0.280590 -4.922929 1.045464 0.699767 0.366756 -159.986947 119.931517 116.001304
16.146657 0.715874 -4.681574 16.146657 0.715874 -4.681574 0.956463 0.740909 0.438464 -136.684966 17.206791 123.022904
16.698896 1.157175 -4.398595 16.698896 1.157175 -4.398595 0.889277 0.719524 0.501061 -87.268105 -88.488674 85.633575
17.220706 1.567676 -4.085792 17.220706 1.567676 -4.085792 0.856676 0.640003 0.536202 -21.402160 -176.582653 31.505871
17.734646 1.914611 -3.764310 17.734646 1.914611 -3.764310 0.862766 0.507645 0.525556 41.702221 -264.610885 -66.994754
18.261376 2.168910 -3.467057 18.261376 2.168910 -3.467057 0.895608 0.335593 0.455251 67.770631 -308.895773 -167.353581
18.810205 2.316562 -3.229083 18.810205 2.316562 -3.229083 0.932599 0.159740 0.329571 55.535344 -277.280749 -251.578836
19.377708 2.365837 -3.081038 19.377708 2.365837 -3.081038 0.955655 0.010084 0.156558 21.316240 -221.572320 -325.131835
19.950628 2.337337 -3.047934 19.950628 2.337337 -3.047934 0.946899 -0.096197 -0.050057 -50.502976 -132.696885 -363.586227
20.503633 2.264152 -3.142545 20.503633 2.264152 -3.142545 0.886375 -0.133722 -0.263868 -151.242524 7.612510 -349.115574
21.001481 2.194446 -3.359302 21.001481 2.194446 -3.359302 0.761864 -0.083369 -0.451312 -263.796110 160.230927 -275.699131
21.404475 2.181103 -3.673066 21.404475 2.181103 -3.673066 0.570379 0.051956 -0.583488 -374.484889 290.854094 -164.888781
21.674318 2.271207 -4.042648 21.674318 2.271207 -4.042648 0.320801 0.259352 -0.631467 -457.442985 400.465009 4.960489
21.781640 2.502555 -4.409217 21.781640 2.502555 -4.409217 0.032243 0.517893 -0.571398 -504.417454 461.339833 195.269945
21.711209 2.895919 -4.706122 21.711209 2.895919 -4.706122 -0.265315 0.792630 -0.400308 -487.443735 454.449294 375.028133
21.467993 3.450116 -4.868821 21.467993 3.450116 -4.868821 -0.539218 1.049392 -0.125387 -425.563161 401.422531 541.376706
21.074582 4.146286 -4.839454 21.074582 4.146286 -4.839454 -0.760949 1.261641 0.235197 -313.542938 306.076388 660.568084
20.572406 4.948687 -4.575646 20.572406 4.948687 -4.575646 -0.894917 1.396901 0.650475 -133.014545 144.788561 723.693201
20.022855 5.801183 -4.055389 20.022855 5.801183 -4.055389 -0.918018 1.425237 1.083229 56.011143 -50.333075 718.820319
19.494233 6.636385 -3.280762 19.494233 6.636385 -3.280762 -0.823880 1.340637 1.491029 257.780673 -231.667892 640.512862
19.057357 7.389720 -2.280197 19.057357 7.389720 -2.280197 -0.613953 1.154901 1.828612 441.977748 -387.451230 484.762666
18.776818 8.005633 -1.107932 18.776818 8.005633 -1.107932 -0.307384 0.885997 2.058676 579.917361 -508.895683 282.119840
18.702455 8.441473 0.164462 18.702455 8.441473 0.164462 0.068978 0.559874 2.159977 674.623373 -578.181251 55.550429
18.865769 8.672406 1.455714 18.865769 8.672406 1.455714 0.476225 0.208372 2.119641 682.864381 -593.493853 -190.005680
19.270312 8.695299 2.680521 19.270312 8.695299 2.680521 0.865407 -0.124234 1.941758 614.409839 -515.190534 -402.937352
19.892291 8.535902 3.763047 19.892291 8.535902 3.763047 1.194757 -0.393962 1.649994 483.425755 -383.903974 -569.609875
20.684671 8.239666 4.644377 20.684671 8.239666 4.644377 1.427358 -0.578083 1.277546 291.910897 -229.833887 -671.883948
21.580487 7.862299 5.287957 21.580487 7.862299 5.287957 1.536790 -0.661716 0.864375 72.859666 -48.941517 -705.350794
22.501670 7.468716 5.682491 22.501670 7.468716 5.682491 1.510481 -0.629800 0.455527 -160.554544 155.326825 -657.477820
23.364978 7.128509 5.844226 23.364978 7.128509 5.844226 1.343744 -0.488035 0.094862 -395.236609 317.225776 -544.735942
24.089766 6.899164 5.812778 24.089766 6.899164 5.812778 1.055020 -0.265826 -0.183545 -567.174698 423.468501 -383.287591
24.613829 6.819891 5.646339 24.613829 6.819891 5.646339 0.680429 0.008251 -0.350116 -681.463740 490.122869 -171.951369
24.897147 6.912761 5.419219 24.897147 6.912761 5.419219 0.260170 0.300807 -0.383782 -719.399975 485.063083 59.732107
24.924475 7.176611 5.209606 24.924475 7.176611 5.209606 -0.167878 0.572118 -0.298423 -707.427328 419.305982 224.797148
24.696411 7.595356 5.071015 24.696411 7.595356 5.071015 -0.592335 0.823701 -0.163545 -707.427328 419.305982 224.797148
