9.047702 3.594059 -3.096724 9.047702 3.594059 -3.096724 2.270196 -0.338096 2.211321 -124.025477 -261.738394 108.030104
10.387495 3.344088 -1.750486 10.387495 3.344088 -1.750486 2.195781 -0.495140 2.276139 -124.025477 -261.738394 108.030104
11.672512 3.005010 -0.376447 11.672512 3.005010 -0.376447 2.070730 -0.626593 2.285509 -292.811191 -176.441405 -76.797222
12.850379 2.604061 0.967930 12.850379 2.604061 0.967930 1.835721 -0.698624 2.173904 -490.549696 -63.660654 -295.218639
13.857155 2.181254 2.209416 13.857155 2.181254 2.209416 1.509600 -0.697688 1.948187 -596.522648 66.779737 -457.173286
14.653764 1.783718 3.290921 14.653764 1.783718 3.290921 1.142802 -0.612339 1.648306 -626.134917 217.719531 -542.428240
15.228119 1.461705 4.181345 15.228119 1.461705 4.181345 0.774011 -0.450702 1.318233 -603.169803 321.067806 -557.814713
15.588210 1.254639 4.873595 15.588210 1.254639 4.873595 0.433384 -0.230247 0.992129 -532.252218 413.784144 -529.201099
15.759893 1.192566 5.378145 15.759893 1.192566 5.378145 0.151323 0.025994 0.697254 -407.951059 440.350673 -453.713916
15.786343 1.286127 5.722619 15.786343 1.286127 5.722619 -0.048011 0.283712 0.463976 -256.497917 418.711185 -323.879213
15.720220 1.526670 5.951409 15.720220 1.526670 5.951409 -0.157646 0.509679 0.313161 -108.950529 334.511447 -178.837043
15.613399 1.884608 6.115028 15.613399 1.884608 6.115028 -0.186127 0.669978 0.245422 14.015005 199.819529 -46.959481
15.510111 2.312624 6.261192 15.510111 2.312624 6.261192 -0.148392 0.740175 0.254066 111.766298 34.170914 75.773319
15.445446 2.752568 6.431700 15.445446 2.752568 6.431700 -0.060071 0.709118 0.321674 182.637179 -137.696244 149.584955
15.443263 3.142418 6.653887 15.443263 3.142418 6.653887 0.054436 0.572326 0.422710 199.052457 -318.276508 187.202889
15.510156 3.420476 6.941487 15.510156 3.420476 6.941487 0.165881 0.341122 0.536421 172.432300 -452.404665 191.832949
15.636760 3.537564 7.295909 15.636760 3.537564 7.295909 0.249524 0.038917 0.641719 106.375561 -554.944903 159.160269
15.801446 3.461042 7.705697 15.801446 3.461042 7.705697 0.292474 -0.293962 0.717753 36.792079 -554.650456 94.287303
15.980507 3.187115 8.149081 15.980507 3.187115 8.149081 0.299317 -0.615316 0.753127 -13.981494 -516.530814 23.625269
16.157580 2.724950 8.605210 16.157580 2.724950 8.605210 0.290928 -0.925235 0.767302 -13.981494 -516.530814 23.625269
