0.671495 2.620014 -4.899223 0.671495 2.620014 -4.899223 2.155326 0.234974 0.557041 -305.549872 377.300879 479.334239
1.909692 2.828913 -4.478719 1.909692 2.828913 -4.478719 1.971996 0.461355 0.844641 -305.549872 377.300879 479.334239
3.038194 3.169111 -3.894473 3.038194 3.169111 -3.894473 1.790183 0.665091 1.088146 -300.492363 301.821764 332.349294
4.059625 3.615515 -3.195807 4.059625 3.615515 -3.195807 1.616936 0.811290 1.217335 -276.999366 185.507428 98.279490
4.983528 4.127332 -2.461917 4.983528 4.127332 -2.461917 1.468745 0.880854 1.205296 -216.969991 46.370483 -138.410598
5.830935 4.655284 -1.776815 5.830935 4.655284 -1.776815 1.364635 0.864141 1.056444 -130.062596 -102.080016 -357.761394
6.631303 5.148785 -1.217812 6.631303 5.148785 -1.217812 1.311585 0.769848 0.789456 -46.771744 -212.229685 -532.196835
7.412106 5.569137 -0.848004 7.412106 5.569137 -0.848004 1.294879 0.625733 0.429786 -8.915960 -268.154293 -666.704575
8.189027 5.894089 -0.713640 8.189027 5.894089 -0.713640 1.297523 0.453741 0.012259 17.731315 -305.150793 -725.052085
8.971593 6.112535 -0.834829 8.971593 6.112535 -0.834829 1.312463 0.276293 -0.412947 32.068234 -286.342873 -692.301736
9.762409 6.231196 -1.201284 9.762409 6.231196 -1.201284 1.319536 0.126624 -0.798693 -8.493248 -212.552504 -593.518708
10.548192 6.274207 -1.777751 10.548192 6.274207 -1.777751 1.292390 0.025569 -1.106892 -81.992695 -124.299397 -433.812056
11.304643 6.273808 -2.508146 11.304643 6.273808 -2.508146 1.222073 -0.015842 -1.308047 -152.397084 -13.735793 -236.703341
12.006812 6.267260 -3.321656 12.006812 6.267260 -3.321656 1.112420 0.003066 -1.380446 -213.113703 76.761178 -4.625114
12.632403 6.287983 -4.138434 12.632403 6.287983 -4.138434 0.967048 0.074454 -1.321610 -271.458157 161.198219 200.744372
13.161877 6.364512 -4.884541 13.161877 6.364512 -4.884541 0.794711 0.185380 -1.147540 -302.999192 208.556895 379.488324
13.586007 6.512620 -5.496271 13.586007 6.512620 -5.496271 0.622132 0.307212 -0.877416 -272.264300 197.550498 520.925817
13.914065 6.730160 -5.924406 13.914065 6.730160 -5.924406 0.477706 0.414007 -0.542122 -209.155670 158.430923 596.720750
14.170263 7.001748 -6.141897 14.170263 7.001748 -6.141897 0.388321 0.482400 -0.182227 -88.794040 69.547768 602.929047
14.395407 7.296479 -6.146268 14.395407 7.296479 -6.146268 0.375717 0.487987 0.161721 46.779946 -50.927213 543.564164
14.638118 7.573236 -5.956904 14.638118 7.573236 -5.956904 0.448089 0.423090 0.460307 194.460114 -165.394005 451.722793
14.950594 7.790455 -5.607440 14.950594 7.790455 -5.607440 0.607866 0.289535 0.691189 338.132351 -279.790691 317.883884
15.384676 7.909489 -5.144588 15.384676 7.909489 -5.144588 0.853234 0.100036 0.836518 479.758915 -351.871713 166.544534
15.987037 7.903369 -4.620230 15.987037 7.903369 -4.620230 1.161411 -0.125109 0.898793 547.498406 -398.611421 41.038696
16.782891 7.757319 -4.079895 16.782891 7.757319 -4.079895 1.492198 -0.360450 0.891777 555.124314 -385.860291 -64.425059
17.775205 7.475772 -3.561745 17.775205 7.475772 -3.561745 1.810638 -0.571076 0.826527 506.341315 -316.225189 -153.072581
18.946169 7.083241 -3.094989 18.946169 7.083241 -3.094989 2.081641 -0.725636 0.726644 397.003832 -198.973519 -179.871425
20.256123 6.620557 -2.690027 20.256123 6.620557 -2.690027 2.267389 -0.802459 0.625483 222.157371 -57.103429 -157.333645
21.643807 6.138752 -2.340486 21.643807 6.138752 -2.340486 2.336994 -0.786977 0.543940 9.856207 108.710360 -114.473882
23.033812 5.695561 -2.031536 23.033812 5.695561 -2.031536 2.273080 -0.674615 0.491209 -222.902469 265.829087 -61.298516
24.344915 5.347056 -1.744084 24.344915 5.347056 -1.744084 2.076228 -0.473044 0.473237 -433.268377 406.072649 1.392279
25.502186 5.141526 -1.456172 25.502186 5.141526 -1.456172 1.763877 -0.203379 0.492666 -607.902663 492.811224 63.370265
26.443164 5.109341 -1.146806 26.443164 5.109341 -1.146806 1.359507 0.097990 0.542486 -739.998205 511.751355 102.697733
27.121639 5.258512 -0.802918 27.121639 5.258512 -0.802918 0.895362 0.396348 0.603659 -807.151346 482.776775 101.211786
27.515693 5.576795 -0.424844 27.515693 5.576795 -0.424844 0.421694 0.653886 0.652693 -771.742579 375.681982 62.234072
27.635432 6.027800 -0.026248 27.635432 6.027800 -0.026248 -0.013170 0.834551 0.668922 -677.804831 226.536118 -8.136208
27.515566 6.559000 0.368903 27.515566 6.559000 0.368903 -0.369648 0.918937 0.640350 -510.452899 54.748581 -87.102892
27.213528 7.108701 0.732101 27.213528 7.108701 0.732101 -0.617758 0.894204 0.561422 -316.582078 -137.189991 -175.991573
26.800761 7.609764 1.032232 26.800761 7.609764 1.032232 -0.733346 0.758063 0.430611 -68.710906 -316.612673 -260.046038
26.361786 7.998603 1.241273 26.361786 7.998603 1.241273 -0.707569 0.523051 0.261995 154.635662 -466.761977 -302.005928
25.975922 8.222762 1.343723 25.975922 8.222762 1.343723 -0.560571 0.214722 0.078860 335.355362 -561.002522 -308.443315
25.709299 8.249344 1.337375 25.709299 8.249344 1.337375 -0.312580 -0.128228 -0.096927 491.282506 -582.162330 -277.515114
25.614746 8.070324 1.234795 25.614746 8.070324 1.234795 0.005011 -0.463996 -0.235788 567.352950 -537.066043 -185.352797
25.720131 7.702221 1.070097 25.720131 7.702221 1.070097 0.346697 -0.751403 -0.296308 571.600363 -420.955234 -16.382702
26.028165 7.182505 0.897322 26.028165 7.182505 0.897322 0.675298 -0.969490 -0.266345 523.736868 -306.001016 116.260807
26.527616 6.545731 0.758442 26.527616 6.545731 0.758442 0.989540 -1.153090 -0.196588 523.736868 -306.001016 116.260807
