-4.697024 -3.398502 5.249028 -4.697024 -3.398502 5.249028 0.456714 -0.579379 -1.363122 -21.934409 -264.905485 357.464394
-4.426944 -3.793813 4.495499 -4.426944 -3.793813 4.495499 0.443553 -0.738323 -1.148644 -21.934409 -264.905485 357.464394
-4.167112 -4.276886 3.875216 -4.167112 -4.276886 3.875216 0.418636 -0.859247 -0.911365 -61.123249 -138.176223 433.465633
-3.927752 -4.806792 3.409722 -3.927752 -4.806792 3.409722 0.377867 -0.889583 -0.634781 -74.771459 37.056387 488.479046
-3.712482 -5.322603 3.115583 -3.712482 -5.322603 3.115583 0.343048 -0.811007 -0.347675 -41.293774 224.864625 468.543228
-3.511039 -5.758825 2.986648 -3.511039 -5.758825 2.986648 0.333505 -0.626558 -0.089888 9.485948 389.964868 390.743847
-3.305164 -6.056968 2.996573 -3.305164 -6.056968 2.996573 0.359522 -0.354587 0.112179 77.237106 516.603841 282.812625
-3.072730 -6.172760 3.107091 -3.072730 -6.172760 3.107091 0.419950 -0.024765 0.243386 124.189218 582.805037 154.544026
-2.796308 -6.083140 3.274159 -2.796308 -6.083140 3.274159 0.504953 0.322786 0.302207 159.153630 575.696952 41.527934
-2.463434 -5.788826 3.457048 -2.463434 -5.788826 3.457048 0.606721 0.653291 0.297572 180.071698 525.986738 -56.979297
-2.068723 -5.309085 3.620578 -2.068723 -5.309085 3.620578 0.706091 0.934328 0.239602 151.163246 410.804266 -136.251802
-1.622310 -4.685209 3.738216 -1.622310 -4.685209 3.738216 0.774534 1.127479 0.149862 76.981347 233.031623 -162.884084
-1.149783 -3.978083 3.799832 -1.149783 -3.978083 3.799832 0.790473 1.210766 0.057218 -23.852189 44.590856 -145.927545
-0.686892 -3.254493 3.809714 -0.686892 -3.254493 3.809714 0.740662 1.183039 -0.021247 -142.185741 -137.015036 -115.622238
-0.275069 -2.579473 3.779805 -0.275069 -2.579473 3.779805 0.620450 1.050126 -0.072363 -258.520182 -306.026657 -54.764886
0.043885 -2.012521 3.730702 0.043885 -2.012521 3.730702 0.431422 0.826320 -0.084360 -371.572753 -439.994040 14.773317
0.232246 -1.600351 3.685644 0.232246 -1.600351 3.685644 0.190433 0.540207 -0.061000 -431.723806 -513.715394 63.094256
0.267706 -1.367943 3.661930 0.267706 -1.367943 3.661930 -0.074047 0.235740 -0.015498 -449.877334 -501.175518 88.577936
0.144559 -1.313661 3.668630 0.144559 -1.313661 3.668630 -0.332679 -0.049716 0.037920 -412.230481 -450.342097 89.484752
-0.122769 -1.417834 3.704849 -0.122769 -1.417834 3.704849 -0.547613 -0.286330 0.078413 -304.215309 -338.372439 45.489292
-0.497812 -1.642149 3.755909 -0.497812 -1.642149 3.755909 -0.688724 -0.447405 0.084829 -166.154725 -198.544379 -24.100769
-0.928832 -1.935765 3.796836 -0.928832 -1.935765 3.796836 -0.727804 -0.513708 0.042205 35.889777 -22.465510 -117.980018
-1.347279 -2.238482 3.794818 -1.347279 -2.238482 3.794818 -0.647395 -0.479428 -0.059104 232.139124 136.732045 -219.716100
-1.681051 -2.493392 3.713639 -1.681051 -2.493392 3.713639 -0.443710 -0.356716 -0.221774 446.810307 272.307073 -322.515671
-1.857490 -2.652951 3.518577 -1.857490 -2.652951 3.518577 -0.128816 -0.166053 -0.435007 602.838097 363.236073 -388.262235
-1.818914 -2.685214 3.187162 -1.818914 -2.685214 3.187162 0.269656 0.061824 -0.670587 725.400753 396.354481 -397.004415
-1.523311 -2.577696 2.714562 -1.523311 -2.577696 2.714562 0.721086 0.295031 -0.902723 779.366331 381.004128 -376.783747
-0.952397 -2.335190 2.109355 -0.952397 -2.335190 2.109355 1.178589 0.508167 -1.107553 745.643946 329.447927 -305.982086
-0.116664 -1.977105 1.398214 -0.116664 -1.977105 1.398214 1.597790 0.675255 -1.248803 651.693062 227.513387 -164.850981
0.949397 -1.538630 0.630155 0.949397 -1.538630 0.630155 1.939216 0.773613 -1.293233 486.391155 100.344335 16.749654
2.187178 -1.063225 -0.131729 2.187178 -1.063225 -0.131729 2.164557 0.799696 -1.227981 264.748264 -13.401453 200.759575
3.519776 -0.592405 -0.820892 3.519776 -0.592405 -0.820892 2.254452 0.758727 -1.050079 34.901427 -123.159165 392.247432
4.864840 -0.163871 -1.370584 4.864840 -0.163871 -1.370584 2.205945 0.662166 -0.765979 -196.593687 -198.712501 554.751323
6.140955 0.196573 -1.723292 6.140955 0.196573 -1.723292 2.027665 0.537502 -0.398006 -397.671405 -216.832842 671.823825
7.275689 0.480891 -1.837638 7.275689 0.480891 -1.837638 1.737639 0.411632 0.022733 -569.083661 -202.736442 730.639529
8.211374 0.694462 -1.693252 8.211374 0.694462 -1.693252 1.373874 0.305416 0.457272 -643.464466 -151.316560 717.825816
8.920774 0.857074 -1.297170 8.920774 0.857074 -1.297170 0.992291 0.247622 0.850518 -628.479150 -41.329143 592.994643
9.404266 1.003773 -0.687610 9.404266 1.003773 -0.687610 0.621422 0.250648 1.168867 -607.750926 51.415889 468.167090
9.667724 1.163416 0.097980 9.667724 1.163416 0.097980 0.256771 0.281498 1.449767 -607.750926 51.415889 468.167090
