7.341603 -4.027467 -5.575800 7.341603 -4.027467 -5.575800 1.670608 -0.788410 0.970092 316.280939 -68.089338 -631.476308
8.400898 -4.512769 -5.107411 8.400898 -4.512769 -5.107411 1.860377 -0.829263 0.591206 316.280939 -68.089338 -631.476308
9.564634 -5.011986 -4.867120 9.564634 -5.011986 -4.867120 2.003038 -0.817133 0.208485 159.255045 108.521957 -644.260117
10.782671 -5.471319 -4.853821 10.782671 -5.471319 -4.853821 2.036336 -0.694953 -0.157199 -48.260576 298.747570 -574.686237
11.983855 -5.825655 -5.042860 11.983855 -5.825655 -5.042860 1.947726 -0.471399 -0.458390 -247.106007 446.431177 -429.283401
13.099578 -6.021740 -5.383817 13.099578 -6.021740 -5.383817 1.757293 -0.171560 -0.659222 -387.670506 553.033389 -240.158907
14.078971 -6.022836 -5.809605 14.078971 -6.022836 -5.809605 1.498679 0.171729 -0.738445 -474.375754 591.263121 -23.916103
14.890339 -5.815369 -6.243036 14.890339 -5.815369 -6.243036 1.201796 0.516501 -0.683090 -515.235482 557.973995 208.434091
15.520442 -5.410468 -6.601163 15.520442 -5.410468 -6.601163 0.901490 0.824109 -0.486988 -485.783050 467.385898 445.239131
15.977573 -4.839994 -6.803221 15.977573 -4.839994 -6.803221 0.628409 1.063940 -0.169887 -424.486937 332.053887 611.762808
16.283612 -4.152341 -6.787738 16.283612 -4.152341 -6.787738 0.400722 1.210767 0.233659 -334.469640 157.368268 733.391329
16.471662 -3.408521 -6.514300 16.471662 -3.408521 -6.514300 0.239147 1.250352 0.679855 -204.115306 -25.419999 753.927816
16.585428 -2.672599 -5.971822 16.585428 -2.672599 -5.971822 0.151773 1.186537 1.126502 -87.132030 -187.296321 734.894415
16.665264 -2.001956 -5.170011 16.665264 -2.001956 -5.170011 0.121773 1.036331 1.535583 -12.866684 -313.388552 628.708843
16.739212 -1.441978 -4.145972 16.739212 -1.441978 -4.145972 0.130055 0.821242 1.860417 40.472727 -403.575071 454.073518
16.825959 -1.023027 -2.959898 16.825959 -1.023027 -2.959898 0.161481 0.573341 2.073316 64.282304 -422.761694 255.588372
16.934398 -0.752903 -1.682590 16.934398 -0.752903 -1.682590 0.199947 0.330767 2.163230 63.935539 -385.819318 44.124316
17.063264 -0.619257 -0.389091 17.063264 -0.619257 -0.389091 0.225254 0.122443 2.127799 20.422799 -308.592236 -162.226616
17.197868 -0.594309 0.848731 17.197868 -0.594309 0.848731 0.216386 -0.027568 1.982183 -49.984081 -191.446955 -323.161585
17.315184 -0.637009 1.972372 17.315184 -0.637009 1.972372 0.168802 -0.100930 1.750787 -108.628792 -53.092582 -448.157199
17.394949 -0.699581 2.938656 17.394949 -0.699581 2.938656 0.093811 -0.095071 1.464292 -141.341441 72.622128 -506.826466
17.424315 -0.736731 3.726694 17.424315 -0.736731 3.726694 0.001608 -0.017394 1.163654 -166.002041 186.301830 -495.297925
17.396609 -0.709793 4.338836 17.396609 -0.709793 4.338836 -0.091943 0.113589 0.881991 -145.834487 250.307606 -443.580822
17.315193 -0.596585 4.788186 17.315193 -0.596585 4.788186 -0.179444 0.263773 0.615842 -145.834487 250.307606 -443.580822
