6.239771 -5.656052 -8.384650 6.239771 -5.656052 -8.384650 0.094713 0.471055 0.650969 -560.528850 167.352179 522.866939
6.195703 -5.343296 -7.899953 6.195703 -5.343296 -7.899953 -0.241605 0.571466 0.964689 -560.528850 167.352179 522.866939
5.950054 -4.978381 -7.237527 5.950054 -4.978381 -7.237527 -0.576879 0.631435 1.225891 -557.051248 32.544374 347.808470
5.508065 -4.602613 -6.454606 5.508065 -4.602613 -6.454606 -0.889072 0.606207 1.358480 -483.593266 -116.639384 94.154764
4.896748 -4.264609 -5.635867 4.896748 -4.264609 -5.635867 -1.133363 0.512601 1.348486 -330.711921 -195.380021 -127.470100
4.168032 -3.995782 -4.861751 4.168032 -3.995782 -4.861751 -1.277641 0.377542 1.211853 -150.212011 -254.815088 -327.973643
3.387459 -3.815859 -4.203111 3.387459 -3.815859 -4.203111 -1.302517 0.220978 0.967885 67.289678 -267.066311 -485.251294
2.630463 -3.729433 -3.715710 2.630463 -3.729433 -3.715710 -1.200132 0.070290 0.646809 273.993549 -235.225995 -585.003407
1.972530 -3.723620 -3.434616 1.972530 -3.723620 -3.434616 -0.971599 -0.040948 0.287355 487.785812 -135.568246 -613.177039
1.486466 -3.766845 -3.370322 1.486466 -3.766845 -3.370322 -0.633459 -0.093555 -0.069285 639.346828 -39.787191 -575.623156
1.226510 -3.824016 -3.509453 1.226510 -3.824016 -3.509453 -0.224665 -0.086814 -0.384398 723.297684 62.255721 -474.751178
1.223592 -3.858865 -3.815696 1.223592 -3.858865 -3.815696 0.217749 -0.019292 -0.619993 751.415566 162.816269 -310.566053
1.484719 -3.837665 -4.232535 1.484719 -3.837665 -4.232535 0.644714 0.095742 -0.751042 671.803175 220.633222 -126.264391
1.985773 -3.739455 -4.698032 1.985773 -3.739455 -4.698032 1.014301 0.233375 -0.787523 560.151665 238.142869 4.661331
2.695181 -3.556564 -5.169707 2.695181 -3.556564 -5.169707 1.350392 0.376261 -0.784726 560.151665 238.142869 4.661331
