1.003502 2.051072 -7.988575 1.003502 2.051072 -7.988575 0.081925 0.830590 1.150892 -83.483475 155.733521 26.128452
1.037630 2.577458 -7.293337 1.037630 2.577458 -7.293337 0.031835 0.924030 1.166569 -83.483475 155.733521 26.128452
1.052252 3.152509 -6.596950 1.052252 3.152509 -6.596950 0.034486 0.980472 1.140961 92.319036 32.405573 -111.489158
1.104274 3.737293 -5.942996 1.104274 3.737293 -5.942996 0.163440 0.953257 1.021295 337.530053 -123.122306 -287.395410
1.274675 4.280673 -5.389143 1.274675 4.280673 -5.389143 0.423867 0.847323 0.812891 530.558459 -229.992736 -407.283728
1.632800 4.744360 -4.977562 1.632800 4.744360 -4.977562 0.783724 0.692787 0.554310 668.964507 -285.124373 -454.655934
2.227551 5.107516 -4.725548 2.227551 5.107516 -4.725548 1.205619 0.515743 0.287844 737.351880 -305.022869 -433.562056
3.082763 5.363736 -4.626868 3.082763 5.363736 -4.626868 1.643613 0.341117 0.047780 722.627109 -277.064544 -366.652837
4.194090 5.523378 -4.658325 4.194090 5.523378 -4.658325 2.052624 0.199096 -0.142847 640.743089 -196.339269 -268.769671
5.531668 5.613035 -4.785851 5.531668 5.613035 -4.785851 2.390421 0.108997 -0.271302 485.247433 -103.989529 -159.413420
7.040994 5.665369 -4.970203 7.040994 5.665369 -4.970203 2.620211 0.074871 -0.331333 280.721197 -9.766229 -40.690303
8.650137 5.715055 -5.169601 8.650137 5.715055 -5.169601 2.721078 0.101620 -0.322118 55.499360 98.932068 71.406424
10.279707 5.798508 -5.346019 10.279707 5.798508 -5.346019 2.689048 0.184343 -0.259273 -162.265999 176.811258 138.077923
11.851651 5.942497 -5.474535 11.851651 5.942497 -5.474535 2.530304 0.298214 -0.165459 -366.880017 202.758941 174.636639
13.293720 6.157334 -5.541957 13.293720 6.157334 -5.541957 2.259800 0.416928 -0.058583 -534.799836 192.953608 181.615472
14.547646 6.438722 -5.546926 14.547646 6.438722 -5.546926 1.910471 0.515197 0.037837 -629.629601 134.609485 139.785699
15.578978 6.767079 -5.502678 15.578978 6.767079 -5.502678 1.524609 0.571008 0.103629 -656.577528 51.426967 79.520728
16.377957 7.112147 -5.429441 16.377957 7.112147 -5.429441 1.142647 0.567899 0.135070 -616.629518 -61.789410 25.282082
16.958985 7.434723 -5.346689 16.958985 7.434723 -5.346689 0.804836 0.495617 0.136032 -509.407317 -179.151829 -22.076675
17.358303 7.693088 -5.270958 17.358303 7.693088 -5.270958 0.539744 0.354336 0.113214 -374.232981 -291.783849 -53.981830
17.624168 7.848166 -5.212935 17.624168 7.848166 -5.212935 0.362105 0.154254 0.079883 -217.895376 -375.157324 -57.120706
17.811487 7.872346 -5.173135 17.811487 7.872346 -5.173135 0.277755 -0.075058 0.056371 -63.272085 -389.214684 -21.254184
17.975181 7.758907 -5.138273 17.975181 7.758907 -5.138273 0.281944 -0.300317 0.067940 77.236432 -361.648930 59.816732
18.164853 7.517466 -5.080649 18.164853 7.517466 -5.080649 0.361301 -0.498077 0.134297 187.284958 -297.552969 161.372466
18.418694 7.172715 -4.964868 18.418694 7.172715 -4.964868 0.490418 -0.638333 0.261900 243.105338 -169.965896 263.973779
18.756916 6.767922 -4.754024 18.756916 6.767922 -4.754024 0.637345 -0.696309 0.451227 246.653309 -23.285667 367.114827
19.182132 6.356041 -4.412315 19.182132 6.356041 -4.412315 0.777393 -0.659802 0.695959 220.174238 144.975230 448.657052
19.684886 5.995481 -3.911641 19.684886 5.995481 -3.911641 0.892928 -0.526691 0.976854 164.940608 298.726965 487.661641
20.245801 5.740509 -3.239107 20.245801 5.740509 -3.239107 0.969236 -0.311096 1.262664 89.418288 419.924006 465.037881
20.838017 5.633952 -2.401747 20.838017 5.633952 -2.401747 0.995783 -0.036573 1.521959 -0.925658 495.152917 399.278124
21.431571 5.701243 -1.423908 21.431571 5.701243 -1.423908 0.976486 0.261054 1.725497 -63.400057 496.936042 279.182948
22.004483 5.944980 -0.348991 22.004483 5.944980 -0.348991 0.930607 0.547498 1.839835 -89.527198 457.877597 101.942996
22.546966 6.349344 0.761915 22.546966 6.349344 0.761915 0.878059 0.789459 1.844275 -85.633873 348.657312 -87.141513
23.060295 6.875594 1.841421 23.060295 6.875594 1.841421 0.836216 0.947739 1.735125 -53.842745 178.944698 -276.693334
23.555494 7.465658 2.821452 23.555494 7.465658 2.821452 0.819713 1.001159 1.512911 -1.167278 -0.879066 -464.019488
24.051878 8.054646 3.637378 24.051878 8.054646 3.637378 0.842846 0.942886 1.193015 78.276637 -193.364472 -602.299639
24.575873 8.575723 4.240886 24.575873 8.575723 4.240886 0.910800 0.777623 0.812200 148.238106 -357.511804 -667.084896
25.152208 8.969431 4.608214 25.152208 8.969431 4.608214 1.015599 0.520548 0.412364 201.090917 -499.404772 -665.699911
25.799872 9.186832 4.739560 25.799872 9.186832 4.739560 1.146796 0.195727 0.031712 236.231430 -583.330582 -603.142215
26.528980 9.199480 4.658876 26.528980 9.199480 4.658876 1.281079 -0.153217 -0.285900 211.378736 -579.815795 -455.563535
27.330900 9.007404 4.418882 27.330900 9.007404 4.418882 1.384031 -0.479999 -0.491503 131.794422 -509.459633 -229.778675
28.180186 8.632633 4.093190 28.180186 8.632633 4.093190 1.438827 -0.761018 -0.576521 50.857899 -427.268740 -53.616808
29.052636 8.099114 3.737626 29.052636 8.099114 3.737626 1.469341 -1.017379 -0.608691 50.857899 -427.268740 -53.616808
