6.486345 -0.051651 11.275543 6.486345 -0.051651 11.275543 1.149277 0.102510 -0.199363 -91.309083 -68.116001 -291.593109
7.159476 -0.002406 11.103438 7.159476 -0.002406 11.103438 1.094491 0.061641 -0.374319 -91.309083 -68.116001 -291.593109
7.797267 0.028284 10.834504 7.797267 0.028284 10.834504 1.027366 0.050599 -0.508555 -132.442542 31.311432 -155.860672
8.385696 0.071766 10.511592 8.385696 0.071766 10.511592 0.927151 0.106819 -0.550692 -201.607783 156.087952 15.406480
8.904494 0.168255 10.189639 8.904494 0.168255 10.189639 0.800171 0.221983 -0.513003 -221.658890 227.792094 110.220759
9.345498 0.343704 9.905763 9.345498 0.343704 9.905763 0.671177 0.364941 -0.426437 -208.320713 248.734080 178.334285
9.714165 0.605444 9.684093 9.714165 0.605444 9.684093 0.563477 0.504197 -0.308979 -150.678852 215.451280 213.192607
10.030582 0.943851 9.535940 10.030582 0.943851 9.535940 0.500337 0.619005 -0.186763 -59.786612 167.243804 194.193267
10.327642 1.339988 9.455909 10.327642 1.339988 9.455909 0.502559 0.692506 -0.084886 67.194000 77.761008 145.395900
10.649500 1.762338 9.426764 10.649500 1.762338 9.426764 0.584013 0.703407 -0.019573 204.317346 -41.427010 72.316390
11.044179 2.171448 9.424420 11.044179 2.171448 9.424420 0.744077 0.651164 0.005732 329.229833 -132.714224 12.033208
11.556056 2.533075 9.426404 11.556056 2.533075 9.426404 0.972458 0.545623 -0.005154 432.040203 -219.091002 -48.321834
12.220690 2.818269 9.412043 12.220690 2.818269 9.412043 1.248643 0.400451 -0.046999 488.577674 -264.814472 -91.161335
13.057736 3.011816 9.368136 13.057736 3.011816 9.368136 1.541374 0.246276 -0.098190 487.190710 -249.103846 -79.474536
14.066717 3.117018 9.296968 14.066717 3.117018 9.296968 1.815997 0.108190 -0.135619 428.220584 -211.182362 -45.287635
15.225028 3.149686 9.211891 15.225028 3.149686 9.211891 2.031094 0.010318 -0.140560 288.769136 -115.055854 28.815166
16.487225 3.141655 9.136259 16.487225 3.141655 9.136259 2.162167 -0.026275 -0.105681 148.139273 -6.922528 87.450433
17.811190 3.124644 9.088592 17.811190 3.124644 9.088592 2.251050 -0.030429 -0.053211 148.139273 -6.922528 87.450433
