-8.849854 2.767415 5.173391 -8.849854 2.767415 5.173391 1.963639 0.026481 0.576098 -237.208218 341.001923 -175.024560
-7.714368 2.844684 5.487546 -7.714368 2.844684 5.487546 1.821314 0.231082 0.471084 -237.208218 341.001923 -175.024560
-6.666883 3.041932 5.739523 -6.666883 3.041932 5.739523 1.665962 0.421775 0.370227 -280.631799 294.641825 -161.164271
-5.719066 3.342468 5.936208 -5.719066 3.342468 5.936208 1.491347 0.570734 0.291320 -301.419000 201.885656 -101.860703
-4.876481 3.711852 6.097589 -4.876481 3.711852 6.097589 1.320657 0.644889 0.254825 -267.546943 45.299143 -19.787102
-4.128135 4.098153 6.254450 -4.128135 4.098153 6.254450 1.180679 0.628133 0.280591 -199.045779 -101.154288 105.672663
-3.450854 4.447738 6.449277 -3.450854 4.447738 6.449277 1.084759 0.522007 0.381251 -120.689429 -252.598475 229.861885
-2.816563 4.706752 6.725985 -2.816563 4.706752 6.725985 1.038146 0.326836 0.552080 -34.687611 -397.970500 339.565964
-2.195938 4.824812 7.123373 -2.195938 4.824812 7.123373 1.037240 0.056020 0.780910 31.669784 -504.748380 423.200767
-1.565550 4.765059 7.670308 -1.565550 4.765059 7.670308 1.067957 -0.259384 1.045896 70.717743 -546.598933 460.087590
-0.910912 4.513079 8.380628 -0.910912 4.513079 8.380628 1.116060 -0.577152 1.321781 89.627293 -512.630061 459.529594
-0.226841 4.079479 9.251424 -0.226841 4.079479 9.251424 1.161347 -0.859902 1.572560 61.330114 -429.870010 376.398221
0.477510 3.494139 10.253955 0.477510 3.494139 10.253955 1.180661 -1.077935 1.754613 3.047656 -296.905739 230.447773
1.182852 2.804997 11.338058 1.182852 2.804997 11.338058 1.164475 -1.200770 1.842155 -57.001691 -112.543781 61.359244
1.867317 2.075141 12.442412 1.867317 2.075141 12.442412 1.110479 -1.213976 1.819051 -122.981895 68.522785 -138.375307
2.507573 1.370359 13.496045 2.507573 1.370359 13.496045 1.017213 -1.116512 1.671578 -187.906738 256.359814 -353.200434
3.082776 0.756815 14.424667 3.082776 0.756815 14.424667 0.897962 -0.911605 1.405915 -209.594984 426.662376 -532.344087
3.584678 0.292161 15.163714 3.584678 0.292161 15.163714 0.776464 -0.628060 1.043107 -195.400194 518.488021 -677.014868
4.018468 0.011546 15.662166 4.018468 0.011546 15.662166 0.674642 -0.302503 0.609151 -144.005475 566.702689 -769.503596
4.403754 -0.069403 15.889489 4.403754 -0.069403 15.889489 0.620347 0.030251 0.149166 -36.976783 542.477224 -763.781280
4.777085 0.041856 15.845666 4.777085 0.041856 15.845666 0.637054 0.333050 -0.288314 92.664834 466.851762 -694.484043
5.183849 0.317308 15.555614 5.183849 0.317308 15.555614 0.731910 0.571104 -0.665289 223.523366 326.662510 -562.099087
5.672199 0.708982 15.067126 5.672199 0.708982 15.067126 0.910872 0.718160 -0.943231 373.014420 163.523178 -364.376392
6.292857 1.158382 14.449780 6.292857 1.158382 14.449780 1.169645 0.761621 -1.090957 489.563184 -18.653100 -128.042181
7.086829 1.600498 13.786090 7.086829 1.600498 13.786090 1.483699 0.692933 -1.098120 557.282636 -210.306144 104.163393
8.078751 1.970933 13.158723 8.078751 1.970933 13.158723 1.825032 0.529404 -0.971846 580.495768 -334.790867 316.752713
9.275685 2.223850 12.643831 9.275685 2.223850 12.643831 2.160453 0.306211 -0.725794 537.572074 -409.187361 503.418401
10.661700 2.330995 12.305578 10.661700 2.330995 12.305578 2.447899 0.046062 -0.390702 420.581449 -457.973553 613.554412
12.195710 2.277178 12.184166 12.195710 2.277178 12.184166 2.648078 -0.223820 -0.009719 246.682428 -441.635812 656.390500
13.816794 2.069249 12.294790 13.816794 2.069249 12.294790 2.735260 -0.459515 0.375640 43.925346 -344.011613 628.138005
15.451852 1.739723 12.626518 15.451852 1.739723 12.626518 2.691595 -0.625396 0.718921 -189.475279 -208.925276 516.133417
17.021199 1.333740 13.143128 17.021199 1.333740 13.143128 2.520385 -0.716447 0.990368 -381.223813 -94.580946 388.689014
18.464810 0.886847 13.807313 18.464810 0.886847 13.807313 2.291651 -0.773196 1.223581 -381.223813 -94.580946 388.689014
