12.843448 -4.478288 -7.895060 12.843448 -4.478288 -7.895060 1.418619 1.163506 0.917295 -790.662467 -239.448199 -138.374375
13.552301 -3.823285 -7.369590 13.552301 -3.823285 -7.369590 0.944222 1.019837 0.834270 -790.662467 -239.448199 -138.374375
13.978694 -3.262220 -6.898071 13.978694 -3.262220 -6.898071 0.480724 0.837485 0.730568 -754.330451 -368.393825 -207.299363
14.138232 -2.833527 -6.500353 14.138232 -2.833527 -6.500353 0.062540 0.579014 0.589644 -639.616270 -493.175691 -262.449559
14.070506 -2.578415 -6.193992 14.070506 -2.578415 -6.193992 -0.271827 0.265485 0.431249 -474.941860 -551.918870 -265.532932
13.833335 -2.517070 -5.979702 13.833335 -2.517070 -5.979702 -0.499715 -0.058667 0.288614 -284.682913 -528.589111 -209.915905
13.495703 -2.642746 -5.840188 13.495703 -2.642746 -5.840188 -0.603325 -0.352473 0.183317 -60.684559 -450.762757 -141.075157
13.135699 -2.926699 -5.750468 13.135699 -2.926699 -5.750468 -0.575167 -0.579592 0.124290 154.545472 -306.300478 -55.682627
12.828665 -3.319394 -5.681718 12.828665 -3.319394 -5.681718 -0.431197 -0.712401 0.111876 325.353473 -136.399260 14.303868
12.635391 -3.760958 -5.609194 12.635391 -3.760958 -5.609194 -0.201582 -0.742096 0.134576 440.030644 37.416198 61.361432
12.596938 -4.188427 -5.515391 12.596938 -4.188427 -5.515391 0.078889 -0.664374 0.181453 494.872815 221.657245 94.896263
12.733351 -4.539354 -5.390522 12.733351 -4.539354 -5.390522 0.375824 -0.492384 0.232974 494.909945 351.644648 76.840398
13.043837 -4.766223 -5.239402 13.043837 -4.766223 -5.239402 0.652308 -0.255071 0.266600 426.704835 439.397401 35.245859
13.505696 -4.837308 -5.076948 13.505696 -4.837308 -5.076948 0.876665 0.022898 0.268497 321.151072 487.165857 -28.920179
14.081927 -4.736943 -4.925481 14.081927 -4.736943 -4.925481 1.031481 0.309877 0.229013 194.903403 469.430740 -102.695656
14.727592 -4.471159 -4.810100 14.727592 -4.471159 -4.810100 1.106890 0.568338 0.149689 56.458394 392.105290 -161.715651
15.394408 -4.067021 -4.752443 15.394408 -4.067021 -4.752443 1.103364 0.766384 0.037422 -68.213116 268.050762 -212.509590
16.037967 -3.567431 -4.769289 16.037967 -3.567431 -4.769289 1.031532 0.884765 -0.095321 -171.226137 126.550218 -229.964886
16.622592 -3.022081 -4.865166 16.622592 -3.022081 -4.865166 0.911428 0.919259 -0.219756 -229.119139 -11.568950 -184.820122
17.127621 -2.479868 -5.025666 17.127621 -2.479868 -5.025666 0.771025 0.876016 -0.307540 -238.891699 -132.574148 -107.793720
17.548527 -1.983268 -5.222343 17.548527 -1.983268 -5.222343 0.634147 0.770741 -0.335968 -217.369089 -218.343564 13.034009
17.892387 -1.562670 -5.412883 17.892387 -1.562670 -5.412883 0.516219 0.627011 -0.284672 -175.722981 -260.757223 157.953913
18.174639 -1.233314 -5.545805 18.174639 -1.233314 -5.545805 0.431537 0.470983 -0.142652 -106.549673 -259.334841 315.445252
18.418477 -0.994924 -5.566181 18.418477 -0.994924 -5.566181 0.388082 0.327785 0.088788 -38.299992 -217.991458 456.020556
18.647015 -0.831939 -5.423945 18.647015 -0.831939 -5.423945 0.378013 0.224756 0.396801 4.734514 -125.438396 570.691698
18.876369 -0.712957 -5.078781 18.876369 -0.712957 -5.078781 0.389324 0.183029 0.761007 32.969737 -13.652537 643.326229
19.114916 -0.599811 -4.506947 19.114916 -0.599811 -4.506947 0.404196 0.203766 1.144159 16.604949 82.777037 633.848968
19.357598 -0.457621 -3.710141 19.357598 -0.457621 -3.710141 0.400037 0.278585 1.505556 -30.470122 166.618047 570.807339
19.588187 -0.256981 -2.712058 19.588187 -0.256981 -2.712058 0.362009 0.396046 1.808063 -96.289830 224.917841 437.547969
19.782311 0.022482 -1.559629 19.782311 0.022482 -1.559629 0.275489 0.537747 2.014752 -192.109488 247.419780 251.415386
19.907172 0.387265 -0.318167 19.907172 0.387265 -0.318167 0.130963 0.674197 2.102384 -289.645359 207.412667 40.690281
19.929788 0.825233 0.937334 19.929788 0.825233 0.937334 -0.061952 0.779224 2.060531 -353.403297 142.678581 -180.198894
19.827060 1.311640 2.127792 19.827060 1.311640 2.127792 -0.283717 0.830785 1.885291 -385.813260 29.193119 -403.934490
19.586876 1.808463 3.175413 19.586876 1.808463 3.175413 -0.517744 0.813782 1.588700 -394.276601 -85.870564 -584.700637
19.208958 2.274791 4.017754 19.208958 2.274791 4.017754 -0.735819 0.729836 1.209713 -332.640419 -193.949360 -678.590532
18.714734 2.671510 4.619326 18.714734 2.671510 4.619326 -0.899690 0.582107 0.792011 -213.596962 -298.480287 -713.749787
18.145071 2.963668 4.967357 18.145071 2.963668 4.967357 -0.984855 0.386122 0.370259 -70.285062 -354.803634 -692.090395
17.551681 3.131543 5.072488 17.551681 3.131543 5.072488 -0.976155 0.173569 -0.007234 99.284095 -353.705543 -566.220532
16.995363 3.174224 4.976375 16.995363 3.174224 4.976375 -0.859067 -0.027622 -0.296229 291.010937 -316.932025 -397.096109
16.542345 3.106482 4.740332 16.542345 3.106482 4.740332 -0.634260 -0.188386 -0.468629 458.345302 -218.949126 -177.568853
16.251702 2.962899 4.440274 16.251702 2.962899 4.440274 -0.322199 -0.275454 -0.509761 581.856579 -71.276523 40.461538
16.167472 2.793511 4.155255 16.167472 2.793511 4.155255 0.048692 -0.274652 -0.417712 654.448482 73.948613 266.367953
16.314910 2.652276 3.963850 16.314910 2.652276 3.963850 0.443470 -0.179053 -0.201509 661.476334 244.714571 454.309016
16.696748 2.597620 3.932041 16.696748 2.597620 3.932041 0.823809 0.011413 0.107682 606.321531 390.174786 576.328154
17.290890 2.679485 4.104217 17.290890 2.679485 4.104217 1.141195 0.269445 0.472617 451.629920 469.929149 640.120856
18.044245 2.928157 4.501400 18.044245 2.928157 4.501400 1.348894 0.563491 0.848647 240.701342 510.225391 613.312272
18.886437 3.358539 5.118376 18.886437 3.358539 5.118376 1.440964 0.871862 1.203589 66.199560 517.679589 569.830036
19.762932 3.974839 5.943099 19.762932 3.974839 5.943099 1.480684 1.182470 1.545487 66.199560 517.679589 569.830036
