10.721415 -5.099207 -6.062012 10.721415 -5.099207 -6.062012 0.041688 -0.137249 2.130194 116.985467 7.191700 -191.940509
10.767485 -5.180261 -4.818445 10.767485 -5.180261 -4.818445 0.111879 -0.132934 2.015030 116.985467 7.191700 -191.940509
10.854688 -5.252632 -3.650602 10.854688 -5.252632 -3.650602 0.177161 -0.098143 1.866739 100.619436 108.777772 -302.364613
10.977177 -5.284913 -2.592365 10.977177 -5.284913 -2.592365 0.227939 0.002245 1.648419 68.642564 225.847379 -425.368356
11.122941 -5.238110 -1.683566 11.122941 -5.238110 -1.683566 0.252345 0.161772 1.374768 12.710461 305.911249 -486.801208
11.272799 -5.083041 -0.945378 11.272799 -5.083041 -0.945378 0.240787 0.360025 1.087443 -51.237268 354.932216 -470.948536
11.405396 -4.803020 -0.373328 11.405396 -4.803020 -0.373328 0.196784 0.573576 0.826650 -95.439101 356.903898 -398.360406
11.504550 -4.397819 0.057713 11.504550 -4.397819 0.057713 0.130831 0.771784 0.621410 -124.404273 303.787496 -285.774107
11.561023 -3.886051 0.386066 11.561023 -3.886051 0.386066 0.058026 0.924135 0.484679 -118.279436 204.051369 -169.994567
11.577086 -3.303024 0.652905 11.577086 -3.303024 0.652905 -0.000257 1.005647 0.415837 -75.997394 67.654929 -59.478592
11.568180 -2.696814 0.898343 11.568180 -2.696814 0.898343 -0.021216 0.999460 0.413356 6.133874 -88.280301 51.208872
11.562640 -2.122553 1.160096 11.562640 -2.122553 1.160096 0.012893 0.898870 0.466689 107.563590 -247.017782 126.566378
11.595088 -1.634881 1.464402 11.595088 -1.634881 1.464402 0.104181 0.714725 0.550182 196.730037 -366.800579 151.743083
11.699153 -1.277622 1.821250 11.699153 -1.277622 1.821250 0.252945 0.466888 0.638356 299.149926 -459.320862 142.170495
11.908617 -1.082319 2.228076 11.908617 -1.082319 2.228076 0.451686 0.180535 0.714765 363.319431 -495.190795 112.525251
12.245734 -1.060788 2.673618 12.245734 -1.060788 2.673618 0.673215 -0.104860 0.764424 375.110921 -456.124496 53.004745
12.715748 -1.200742 3.138293 12.715748 -1.200742 3.138293 0.891107 -0.353211 0.778628 351.195783 -371.712635 -5.657198
13.308060 -1.470694 3.601092 13.308060 -1.470694 3.601092 1.073988 -0.531827 0.758436 258.406468 -223.674645 -61.648904
13.991030 -1.819504 4.042853 13.991030 -1.819504 4.042853 1.189351 -0.613290 0.710427 126.135963 -47.868921 -98.380763
14.716891 -2.185122 4.451575 14.716891 -2.185122 4.451575 1.212765 -0.587153 0.652270 -48.088941 134.993594 -95.476652
15.424409 -2.501974 4.828279 15.424409 -2.501974 4.828279 1.126487 -0.450450 0.607622 -239.504065 320.682684 -53.348553
16.047153 -2.705452 5.187605 16.047153 -2.705452 5.187605 0.932594 -0.212695 0.597391 -406.805851 471.833708 19.243153
16.524113 -2.743513 5.555331 16.524113 -2.743513 5.555331 0.641656 0.093534 0.638078 -562.986070 548.931089 116.381728
16.800801 -2.586361 5.964652 16.800801 -2.586361 5.964652 0.269025 0.434012 0.735534 -679.118954 585.992785 208.470113
16.838008 -2.222102 6.449149 16.838008 -2.222102 6.449149 -0.148280 0.777476 0.888878 -711.896306 558.889684 302.677336
16.623489 -1.661236 7.042067 16.623489 -1.661236 7.042067 -0.562466 1.081706 1.096030 -668.725200 455.210923 387.829504
16.171417 -0.939693 7.771512 16.171417 -0.939693 7.771512 -0.934811 1.307740 1.338818 -572.423333 298.235510 421.462391
15.517538 -0.111207 8.648790 15.517538 -0.111207 8.648790 -1.228048 1.437481 1.582315 -405.034241 134.231686 390.194523
14.721014 0.763416 9.663923 14.721014 0.763416 9.663923 -1.405013 1.457883 1.793976 -184.848913 -66.223412 315.341885
13.858902 1.615720 10.789330 13.858902 1.615720 10.789330 -1.445081 1.365622 1.944483 51.290298 -241.313377 186.348595
13.015165 2.384371 11.979396 13.015165 2.384371 11.979396 -1.343910 1.184401 2.005459 285.943947 -362.756825 16.906453
12.272756 3.023766 13.174491 12.272756 3.023766 13.174491 -1.110004 0.937000 1.959487 493.743380 -461.912059 -170.147132
11.704809 3.501669 14.307587 11.704809 3.501669 14.307587 -0.767851 0.654090 1.797548 646.765780 -481.121763 -369.649906
11.364731 3.809830 15.309231 11.364731 3.809830 15.309231 -0.358716 0.376959 1.524017 717.017955 -442.649637 -542.118743
11.279350 3.960818 16.118891 11.279350 3.960818 16.118891 0.075419 0.133821 1.162901 730.100667 -367.808558 -661.602707
11.452333 3.982570 16.693349 11.452333 3.982570 16.693349 0.495046 -0.048540 0.744972 668.656151 -240.061305 -731.492337
11.861286 3.919927 17.009123 11.861286 3.919927 17.009123 0.854075 -0.144119 0.308371 528.106116 -78.535760 -723.846749
12.456174 3.828111 17.070039 12.456174 3.828111 17.070039 1.107861 -0.147280 -0.095008 317.848360 67.999050 -620.749438
13.168018 3.758235 16.908839 13.168018 3.758235 16.908839 1.248143 -0.075220 -0.429759 149.757170 172.199616 -495.084976
13.943861 3.744099 16.561868 13.943861 3.744099 16.561868 1.337997 0.028100 -0.726810 149.757170 172.199616 -495.084976
