5.106729 -4.889934 -9.756615 5.106729 -4.889934 -9.756615 0.109486 1.079034 -0.757757 -367.972252 -233.357855 762.744310
5.106186 -4.284518 -10.073975 5.106186 -4.284518 -10.073975 -0.111297 0.939020 -0.300110 -367.972252 -233.357855 762.744310
4.971440 -3.769069 -10.117411 4.971440 -3.769069 -10.117411 -0.340743 0.769211 0.154215 -396.848777 -332.671449 751.671127
4.695568 -3.372012 -9.893635 4.695568 -3.372012 -9.893635 -0.578820 0.546665 0.584952 -396.740440 -409.147187 684.118283
4.280242 -3.116887 -9.427521 4.280242 -3.116887 -9.427521 -0.799964 0.305039 0.955432 -340.405750 -396.274691 550.818356
3.745688 -3.001300 -8.766907 3.745688 -3.001300 -8.766907 -0.970723 0.086743 1.226958 -228.789141 -331.375804 354.265314
3.131671 -3.002626 -7.979391 3.131671 -3.002626 -7.979391 -1.060003 -0.080704 1.377387 -68.811990 -226.783720 147.166472
2.493677 -3.084652 -7.138158 2.493677 -3.084652 -7.138158 -1.049318 -0.180687 1.407240 104.428862 -106.491834 -47.655906
1.894376 -3.204236 -6.313758 1.894376 -3.204236 -6.313758 -0.929198 -0.204600 1.321815 295.970330 26.782151 -237.095908
1.400337 -3.314863 -5.571981 1.400337 -3.314863 -5.571981 -0.700589 -0.151971 1.136384 466.060946 148.649076 -381.006984
1.072180 -3.374736 -4.963025 1.072180 -3.374736 -4.963025 -0.379426 -0.040016 0.886313 604.481358 224.534029 -452.561268
0.958514 -3.355571 -4.513207 0.958514 -3.355571 -4.513207 0.009175 0.108496 0.612236 690.856779 270.504975 -461.029061
1.088034 -3.241261 -4.227236 1.088034 -3.241261 -4.227236 0.421992 0.273409 0.343690 685.199537 279.203579 -434.126851
1.460231 -3.030230 -4.094272 1.460231 -3.030230 -4.094272 0.811439 0.424575 0.107677 612.956790 224.685904 -352.582028
2.050818 -2.740261 -4.085581 2.050818 -2.740261 -4.085581 1.146169 0.533286 -0.066122 502.810668 137.681691 -226.746737
2.816358 -2.400967 -4.158027 2.816358 -2.400967 -4.158027 1.384518 0.588597 -0.161962 291.685269 46.688409 -92.721322
3.686142 -2.045879 -4.264960 3.686142 -2.045879 -4.264960 1.492381 0.584238 -0.182927 67.856498 -61.219044 22.836973
4.580530 -1.712582 -4.364978 4.580530 -1.712582 -4.364978 1.466817 0.516379 -0.141087 -153.067803 -164.975838 116.631806
5.419224 -1.435588 -4.425115 5.419224 -1.435588 -4.425115 1.305758 0.401702 -0.053497 -383.798045 -217.282425 175.333304
6.123443 -1.233685 -4.423833 6.123443 -1.233685 -4.423833 1.024718 0.271296 0.060804 -553.001701 -217.403664 205.670991
6.631864 -1.109271 -4.350649 6.631864 -1.109271 -4.350649 0.658573 0.144700 0.182612 -667.479214 -204.583322 200.356140
6.904241 -1.054961 -4.208525 6.904241 -1.054961 -4.208525 0.244983 0.043527 0.285286 -711.155672 -132.660298 141.890287
6.925178 -1.045365 -4.015563 6.925178 -1.045365 -4.015563 -0.171934 0.000727 0.351671 -678.568126 -10.003867 79.392229
6.705843 -1.039994 -3.793484 6.705843 -1.039994 -3.793484 -0.549238 0.028399 0.383237 -579.110286 102.241299 25.827265
6.282377 -0.997332 -3.561581 6.282377 -0.997332 -3.561581 -0.845122 0.125844 0.385296 -407.170578 222.576355 -18.963249
5.714201 -0.875358 -3.335341 5.714201 -0.875358 -3.335341 -1.028484 0.291408 0.366293 -204.036092 329.304025 -44.379647
5.073204 -0.637083 -3.122998 5.073204 -0.637083 -3.122998 -1.086810 0.509769 0.342444 9.616680 398.565545 -35.116651
4.435419 -0.258316 -2.920787 4.435419 -0.258316 -2.920787 -1.018186 0.754726 0.336703 219.129779 417.958864 15.979879
3.873530 0.266991 -2.711560 3.873530 0.266991 -2.711560 -0.838817 0.991697 0.367934 378.766944 371.944351 88.122387
3.446165 0.923435 -2.468889 3.446165 0.923435 -2.468889 -0.572821 1.187241 0.451050 507.885069 279.868136 188.930915
3.197608 1.677845 -2.157925 3.197608 1.677845 -2.157925 -0.249505 1.313610 0.596043 569.836760 141.361453 294.379164
3.149608 2.481380 -1.742671 3.149608 2.481380 -1.742671 0.088060 1.348048 0.795869 555.377519 -26.568525 371.709291
3.299076 3.275568 -1.194181 3.299076 3.275568 -1.194181 0.404605 1.282815 1.039203 499.773422 -190.872907 439.401512
3.626078 4.001343 -0.490899 3.626078 4.001343 -0.490899 0.675867 1.120505 1.306185 404.432184 -350.160570 450.539119
4.097210 4.603457 0.370913 4.097210 4.603457 0.370913 0.882598 0.874606 1.561526 284.674198 -469.503369 400.596869
4.669910 5.039884 1.374586 4.669910 5.039884 1.374586 1.012901 0.573776 1.775137 149.668220 -533.264496 311.442999
5.295995 5.287790 2.486214 5.295995 5.287790 2.486214 1.059721 0.251958 1.914428 6.399399 -539.459818 152.859251
5.929199 5.344521 3.652758 5.929199 5.344521 3.652758 1.044659 -0.058425 1.958006 -56.608656 -495.150571 -7.599156
6.545805 5.220339 4.826193 6.545805 5.220339 4.826193 1.010694 -0.355515 1.953447 -56.608656 -495.150571 -7.599156
