4.911431 5.425330 0.378420 4.911431 5.425330 0.378420 -0.210507 0.334302 -0.113056 318.542089 -309.086521 81.328114
4.842464 5.570276 0.325226 4.842464 5.570276 0.325226 -0.019382 0.148850 -0.064259 318.542089 -309.086521 81.328114
4.897616 5.606896 0.303739 4.897616 5.606896 0.303739 0.218963 -0.021872 -0.003312 475.939822 -259.986303 121.828167
5.123237 5.552309 0.326529 5.123237 5.552309 0.326529 0.547398 -0.151195 0.084025 618.843643 -171.089874 169.295502
5.567395 5.436990 0.407787 5.567395 5.436990 0.407787 0.940344 -0.222875 0.187448 690.978386 -67.844312 175.448013
6.254898 5.297869 0.548713 6.254898 5.297869 0.548713 1.349534 -0.229503 0.277102 672.986197 45.750371 123.398371
7.180778 5.173134 0.732268 7.180778 5.173134 0.732268 1.728434 -0.178390 0.326549 590.016047 124.626834 41.424871
8.314393 5.092543 0.929369 8.314393 5.092543 0.929369 2.034200 -0.083565 0.319981 429.204665 191.456060 -63.316586
9.600855 5.077453 1.102889 9.600855 5.077453 1.102889 2.235150 0.034242 0.246635 240.628881 201.236980 -181.171852
10.973838 5.133067 1.210297 10.973838 5.133067 1.210297 2.322427 0.149218 0.098119 50.291347 182.013564 -313.879575
12.364602 5.250450 1.206255 12.364602 5.250450 1.206255 2.293876 0.233875 -0.122287 -145.459531 100.176459 -420.806849
13.704571 5.402746 1.053375 13.704571 5.402746 1.053375 2.155731 0.263676 -0.393580 -315.025126 -0.839253 -483.505638
14.934001 5.553902 0.728908 14.934001 5.553902 0.728908 1.930199 0.228684 -0.690125 -436.748253 -115.800832 -504.978329
16.009082 5.664201 0.226715 16.009082 5.664201 0.226715 1.646030 0.128864 -0.979222 -510.481844 -216.930702 -458.677561
16.904390 5.696743 -0.436663 16.904390 5.696743 -0.436663 1.337627 -0.029936 -1.220838 -517.525977 -312.402844 -346.709344
17.617328 5.619912 -1.222084 17.617328 5.619912 -1.222084 1.044691 -0.230566 -1.381418 -458.928763 -356.364108 -188.555816
18.166361 5.417492 -2.072976 18.166361 5.417492 -2.072976 0.793464 -0.444056 -1.435059 -378.494390 -355.269851 9.750326
18.580803 5.089517 -2.919415 18.580803 5.089517 -2.919415 0.598833 -0.645184 -1.364998 -270.276824 -315.155033 223.788453
18.898350 4.651870 -3.686189 18.898350 4.651870 -3.686189 0.471151 -0.803321 -1.171011 -155.328134 -211.971078 422.835684
19.159448 4.140325 -4.302424 19.159448 4.140325 -4.302424 0.409787 -0.887489 -0.866004 -49.220178 -68.589121 593.853101
19.401079 3.604866 -4.707534 19.401079 3.604866 -4.707534 0.403348 -0.881741 -0.471701 27.756866 87.749078 720.489947
19.650299 3.101008 -4.857661 19.650299 3.101008 -4.857661 0.431076 -0.782133 -0.023380 64.670006 244.280255 773.914155
19.921052 2.683488 -4.734342 19.921052 2.683488 -4.734342 0.472213 -0.596616 0.431182 72.453501 374.107867 741.290868
20.216128 2.398565 -4.348861 20.216128 2.398565 -4.348861 0.509218 -0.343616 0.842655 50.896313 469.224561 630.288390
20.527109 2.279790 -3.739288 20.527109 2.279790 -3.739288 0.521205 -0.047412 1.173468 -10.940071 518.122800 472.419627
20.834571 2.342808 -2.962646 20.834571 2.342808 -2.962646 0.498182 0.254478 1.394547 -65.801036 488.177177 264.510645
21.118421 2.577194 -2.093738 21.118421 2.577194 -2.093738 0.442625 0.516524 1.476090 -119.389951 385.311588 7.300467
21.360129 2.949172 -1.218416 21.360129 2.949172 -1.218416 0.359108 0.711246 1.422244 -158.998629 263.761606 -186.789679
21.546974 3.423397 -0.398692 21.546974 3.423397 -0.398692 0.263709 0.869503 1.310170 -158.998629 263.761606 -186.789679
