-0.520069 -4.034906 -3.227888 -0.520069 -4.034906 -3.227888 1.157727 -0.951449 2.244628 131.371164 49.112783 -496.156791
0.198214 -4.596936 -1.970420 0.198214 -4.596936 -1.970420 1.236550 -0.921982 1.946934 131.371164 49.112783 -496.156791
0.952999 -5.131265 -0.898470 0.952999 -5.131265 -0.898470 1.261413 -0.842419 1.614727 -48.494925 216.096392 -611.199509
1.689134 -5.587421 -0.046677 1.689134 -5.587421 -0.046677 1.172400 -0.660768 1.212868 -248.216496 389.408702 -728.333664
2.338557 -5.908554 0.550343 2.338557 -5.908554 0.550343 0.976781 -0.400955 0.777865 -403.844569 476.631471 -721.675488
2.846900 -6.060457 0.892776 2.846900 -6.060457 0.892776 0.709307 -0.100589 0.372937 -487.736473 524.589332 -628.082658
3.183541 -6.026941 1.011240 3.183541 -6.026941 1.011240 0.410910 0.211382 0.034873 -506.919770 515.313619 -498.796787
3.340176 -5.811862 0.954420 3.340176 -5.811862 0.954420 0.113431 0.498035 -0.204207 -484.677702 440.197418 -298.137997
3.326248 -5.441512 0.790777 3.326248 -5.441512 0.790777 -0.151098 0.723620 -0.320362 -397.084674 311.751930 -89.044153
3.170770 -4.960180 0.594319 3.170770 -4.960180 0.594319 -0.356067 0.865896 -0.314853 -286.146677 162.503693 107.407683
2.913260 -4.420578 0.436324 2.913260 -4.420578 0.436324 -0.489572 0.917466 -0.192493 -158.869350 9.396192 300.455767
2.599148 -3.876428 0.383982 2.599148 -3.876428 0.383982 -0.543755 0.882999 0.033137 -21.740608 -124.286229 451.647463
2.274854 -3.375212 0.489816 2.274854 -3.375212 0.489816 -0.527440 0.777366 0.327402 76.125838 -227.824827 529.232945
1.977049 -2.953420 0.781767 1.977049 -2.953420 0.781767 -0.456983 0.622575 0.646186 158.729211 -288.144379 533.381661
1.733617 -2.633524 1.263457 1.733617 -2.633524 1.263457 -0.350813 0.440774 0.956059 195.171727 -317.861646 499.528401
1.558260 -2.426275 1.927007 1.558260 -2.426275 1.927007 -0.233710 0.250057 1.255776 195.171727 -317.861646 499.528401
