-0.722496 -2.490115 -5.594084 -0.722496 -2.490115 -5.594084 0.594491 0.852242 0.428749 -430.076547 318.137105 450.366064
-0.443216 -1.921505 -5.255768 -0.443216 -1.921505 -5.255768 0.336445 1.043124 0.698968 -430.076547 318.137105 450.366064
-0.315787 -1.245591 -4.752410 -0.315787 -1.245591 -4.752410 0.093277 1.197880 0.983747 -380.484494 197.716065 498.895507
-0.322867 -0.501762 -4.069123 -0.322867 -0.501762 -4.069123 -0.107808 1.264071 1.299271 -289.797582 22.921284 552.851223
-0.432861 0.251489 -3.191339 -0.432861 0.251489 -3.191339 -0.247414 1.231238 1.624525 -175.554925 -132.364378 531.329434
-0.606677 0.958947 -2.126877 -0.606677 0.958947 -2.126877 -0.321587 1.114518 1.913861 -71.689707 -256.702325 433.123422
-0.806300 1.576760 -0.908571 -0.806300 1.576760 -0.908571 -0.333436 0.937041 2.133868 32.192477 -334.888465 300.232284
-0.996915 2.077467 0.413374 -0.996915 2.077467 0.413374 -0.295859 0.729920 2.251920 93.065239 -355.515288 93.273997
-1.155584 2.452193 1.768924 -1.155584 2.452193 1.768924 -0.229544 0.520442 2.245930 127.982914 -342.743937 -113.237747
-1.269466 2.707059 3.083683 -1.269466 2.707059 3.083683 -0.148718 0.336269 2.115906 141.439653 -271.166871 -320.178396
-1.335802 2.866820 4.284096 -1.335802 2.866820 4.284096 -0.076674 0.207617 1.866309 98.704828 -157.673761 -511.808642
-1.367360 2.969397 5.302628 -1.367360 2.969397 5.302628 -0.034054 0.144954 1.513584 43.364439 -51.203794 -663.944381
-1.383647 3.053441 6.086814 -1.383647 3.053441 6.086814 -0.026336 0.145676 1.092944 -17.639394 53.610705 -738.187054
-1.405919 3.156789 6.610505 -1.405919 3.156789 6.610505 -0.053400 0.209307 0.654022 -72.573841 158.495417 -724.887282
-1.451568 3.314123 6.876261 -1.451568 3.314123 6.876261 -0.099669 0.320505 0.238205 -81.655451 212.161386 -661.167260
-1.526503 3.544337 6.908479 -1.526503 3.544337 6.908479 -0.150844 0.446411 -0.116973 -88.927419 207.527150 -522.761749
-1.630452 3.847887 6.756902 -1.630452 3.847887 6.756902 -0.191378 0.562670 -0.367112 -46.186829 180.003055 -311.032794
-1.748749 4.213766 6.493997 -1.748749 4.213766 6.493997 -0.194874 0.650056 -0.486992 34.532772 111.281993 -88.568104
-1.852616 4.617406 6.199893 -1.852616 4.617406 6.199893 -0.139943 0.684702 -0.469962 148.569734 4.206849 145.334925
-1.902136 5.022378 5.957115 -1.902136 5.022378 5.957115 -0.012287 0.654192 -0.317570 276.951008 -105.907448 362.636140
-1.853715 5.390267 5.841529 -1.853715 5.390267 5.841529 0.183596 0.562833 -0.051581 375.992460 -198.622972 523.996380
-1.670549 5.687983 5.910838 -1.670549 5.687983 5.910838 0.435841 0.422503 0.292511 464.824475 -269.144463 622.975503
-1.322012 5.890598 6.200610 -1.322012 5.890598 6.200610 0.731555 0.248814 0.676946 520.890704 -309.818417 658.474561
-0.788780 5.984732 6.723546 -0.788780 5.984732 6.723546 1.046780 0.065986 1.063243 529.857171 -299.606372 629.182644
-0.070024 5.974027 7.468233 -0.070024 5.974027 7.468233 1.341266 -0.095617 1.408194 451.763085 -239.072260 520.652406
0.808845 5.880131 8.397288 0.808845 5.880131 8.397288 1.576285 -0.206525 1.672696 331.635141 -130.619042 361.023635
1.804587 5.741147 9.455691 1.804587 5.741147 9.455691 1.726645 -0.242684 1.838312 169.564685 10.087884 191.029497
2.859356 5.605674 10.581595 2.859356 5.605674 10.581595 1.769685 -0.195025 1.895588 -26.099291 148.774916 -0.110364
3.904706 5.522922 11.709243 3.904706 5.522922 11.709243 1.695209 -0.068339 1.847098 -222.152730 273.511496 -161.524661
4.870045 5.537551 12.779685 4.870045 5.537551 12.779685 1.502927 0.127769 1.706472 -418.789361 380.181248 -307.226378
5.687675 5.686696 13.743552 5.687675 5.686696 13.743552 1.207933 0.376131 1.498556 -564.523605 447.693313 -385.828496
6.305332 5.993023 14.571177 6.305332 5.993023 14.571177 0.841775 0.645064 1.256764 -656.003362 448.750278 -420.143315
6.691612 6.456669 15.250229 6.691612 6.456669 15.250229 0.444651 0.893478 1.007776 -667.743314 379.295081 -409.817087
6.841293 7.054116 15.785161 6.841293 7.054116 15.785161 0.059428 1.086491 0.782049 -616.331143 264.080893 -342.605334
6.773957 7.744229 16.197858 6.773957 7.744229 16.197858 -0.270637 1.198358 0.602172 -483.887577 108.811023 -256.986270
6.535894 8.472235 16.518655 6.535894 8.472235 16.518655 -0.503875 1.210670 0.476733 -293.572118 -67.771408 -161.142151
6.194268 9.175633 16.780418 6.194268 9.175633 16.780418 -0.612310 1.115986 0.403691 -67.878252 -247.843585 -82.333709
5.827930 9.790575 17.012125 5.827930 9.790575 17.012125 -0.586702 0.917089 0.375854 153.240788 -415.143925 -10.453537
5.517769 10.258957 17.238136 5.517769 10.258957 17.238136 -0.423376 0.632273 0.381483 391.178072 -534.242742 29.216813
5.345408 10.539021 17.471710 5.345408 10.539021 17.471710 -0.132409 0.296046 0.396137 578.712257 -586.514193 19.627470
5.377676 10.611301 17.711678 5.377676 10.611301 17.711678 0.252547 -0.054737 0.401679 704.472910 -582.763268 -1.151676
5.658958 10.477589 17.949583 5.658958 10.477589 17.949583 0.689971 -0.384257 0.386513 753.606104 -515.637231 -49.404276
6.206180 10.162735 18.167657 6.206180 10.162735 18.167657 1.130090 -0.651062 0.332164 713.458490 -373.711884 -131.757523
7.008985 9.713735 18.339406 7.008985 9.713735 18.339406 1.539808 -0.830761 0.233947 652.267298 -225.286281 -195.633693
8.050278 9.174727 18.444560 8.050278 9.174727 18.444560 1.931168 -0.965933 0.116567 652.267298 -225.286281 -195.633693
