-2.597386 -5.499145 -2.928118 -2.597386 -5.499145 -2.928118 0.175533 0.449662 1.874245 38.499502 22.758620 344.019737
-2.485136 -5.225251 -1.741648 -2.485136 -5.225251 -1.741648 0.198633 0.463318 2.080657 38.499502 22.758620 344.019737
-2.362223 -4.948766 -0.439767 -2.362223 -4.948766 -0.439767 0.205750 0.448961 2.244883 -14.775766 -70.613964 203.400008
-2.243641 -4.696647 0.930628 -2.243641 -4.696647 0.930628 0.185844 0.383860 2.301191 -51.577823 -146.389660 -15.704067
-2.140232 -4.495822 2.294369 -2.140232 -4.495822 2.294369 0.160829 0.280321 2.221035 -31.804595 -198.740046 -251.483943
-2.046373 -4.363074 3.569838 -2.046373 -4.363074 3.569838 0.157178 0.162718 2.010720 19.635028 -193.270321 -449.565588
-1.944819 -4.297239 4.685651 -1.944819 -4.297239 4.685651 0.187522 0.061721 1.692495 81.510165 -143.384752 -611.185406
-1.813314 -4.281517 5.584339 -1.813314 -4.281517 5.584339 0.258029 -0.001818 1.291805 153.512968 -68.414501 -724.448297
-1.627528 -4.288525 6.227538 -1.627528 -4.288525 6.227538 0.366821 -0.010876 0.849718 209.127456 38.222223 -749.174614
-1.367947 -4.280474 6.604736 -1.367947 -4.280474 6.604736 0.501521 0.050542 0.411306 239.873466 166.504026 -712.198249
-1.024159 -4.215379 6.730749 -1.024159 -4.215379 6.730749 0.643935 0.174437 0.021114 234.840524 246.478993 -588.440997
-0.598281 -4.062528 6.648814 -0.598281 -4.062528 6.648814 0.771070 0.341441 -0.275372 188.940804 310.202213 -399.846823
-0.106218 -3.800415 6.424205 -0.106218 -3.800415 6.424205 0.861495 0.534620 -0.452346 112.475894 333.726083 -190.067316
0.423982 -3.421247 6.131826 0.423982 -3.421247 6.131826 0.894264 0.726486 -0.500182 -3.243975 305.828661 30.616114
0.951034 -2.934512 5.851417 0.951034 -2.934512 5.851417 0.847704 0.888954 -0.410868 -151.957902 235.730340 267.096506
1.423267 -2.365829 5.664518 1.423267 -2.365829 5.664518 0.711347 0.994788 -0.192886 -302.564501 117.051145 459.510266
1.789080 -1.756746 5.638611 1.789080 -1.756746 5.638611 0.497138 1.020721 0.118380 -411.466304 -30.606939 578.042432
2.008199 -1.158481 5.817032 2.008199 -1.158481 5.817032 0.224761 0.959066 0.481933 -496.455500 -174.910481 633.801341
2.051371 -0.622614 6.220119 2.051371 -0.622614 6.220119 -0.084728 0.813674 0.861431 -535.176438 -309.730175 631.192201
1.906718 -0.196887 6.845638 1.906718 -0.196887 6.845638 -0.393255 0.594207 1.215373 -493.245064 -421.827862 548.613748
1.587951 0.080522 7.666012 1.587951 0.080522 7.666012 -0.659350 0.325179 1.506538 -393.738971 -474.931821 421.936704
1.131600 0.191314 8.634894 1.131600 0.191314 8.634894 -0.844933 0.046082 1.704756 -224.869564 -455.389172 238.790772
0.594036 0.141014 9.691470 0.594036 0.141014 9.691470 -0.930494 -0.207049 1.801730 -60.335030 -388.380756 84.453302
0.024880 -0.053124 10.787710 0.024880 -0.053124 10.787710 -0.966695 -0.440077 1.852402 -60.335030 -388.380756 84.453302
