-8.013562 -2.759939 -7.047935 -8.013562 -2.759939 -7.047935 2.576975 0.199807 1.364589 -254.256184 19.612889 -552.022502
-6.513143 -2.636525 -6.328545 -6.513143 -2.636525 -6.328545 2.424421 0.211575 1.033376 -254.256184 19.612889 -552.022502
-5.114083 -2.500281 -5.811323 -5.114083 -2.500281 -5.811323 2.222736 0.252182 0.684965 -418.029209 115.743135 -609.346398
-3.866044 -2.322790 -5.509946 -3.866044 -2.322790 -5.509946 1.920130 0.348370 0.319763 -590.656406 204.884110 -607.994374
-2.824354 -2.074923 -5.422830 -2.824354 -2.074923 -5.422830 1.545389 0.481130 -0.021547 -658.481897 237.648654 -529.704028
-2.015572 -1.743373 -5.522864 -2.015572 -1.743373 -5.522864 1.150678 0.624192 -0.298167 -657.220706 239.224890 -392.363175
-1.438967 -1.328724 -5.762496 -1.438967 -1.328724 -5.762496 0.778836 0.753095 -0.484119 -582.252037 190.452444 -227.477539
-1.068225 -0.847535 -6.082723 -1.068225 -0.847535 -6.082723 0.470710 0.842622 -0.564654 -444.834990 107.968524 -40.971052
-0.855738 -0.328733 -6.419159 -0.855738 -0.328733 -6.419159 0.254466 0.876372 -0.540580 -275.979188 4.534487 121.218106
-0.741443 0.189734 -6.712998 -0.741443 0.189734 -6.712998 0.145339 0.838231 -0.424402 -87.775711 -131.672157 266.041075
-0.658784 0.662006 -6.914979 -0.658784 0.662006 -6.914979 0.148949 0.724398 -0.240914 99.809377 -247.770216 345.586856
-0.541226 1.047674 -6.993778 -0.541226 1.047674 -6.993778 0.259949 0.553873 -0.015844 270.188375 -320.646567 404.645545
-0.330092 1.318878 -6.930613 -0.330092 1.318878 -6.930613 0.454716 0.344471 0.226120 379.038047 -377.361696 401.898975
0.014159 1.457903 -6.726428 0.014159 1.457903 -6.726428 0.698113 0.119389 0.448118 432.284478 -372.912479 338.094797
0.512101 1.466356 -6.400992 0.512101 1.466356 -6.400992 0.963795 -0.084640 0.629514 453.321620 -307.183709 266.561213
1.169467 1.366630 -5.980143 1.169467 1.366630 -5.980143 1.223243 -0.237190 0.765247 411.505908 -201.316522 185.880537
1.972044 1.197277 -5.493625 1.972044 1.197277 -5.493625 1.442949 -0.311989 0.846334 320.845722 -48.013591 84.408500
2.889744 1.011442 -4.974091 2.889744 1.011442 -4.974091 1.606350 -0.290796 0.879677 223.823402 118.656650 26.737207
3.887335 0.867135 -4.444041 3.887335 0.867135 -4.444041 1.708107 -0.175539 0.882877 115.368265 265.535630 -16.072606
4.927077 0.817828 -3.917909 4.927077 0.817828 -3.917909 1.747887 0.024883 0.869727 17.230145 402.536782 -27.759857
5.975240 0.911187 -3.399093 5.975240 0.911187 -3.399093 1.739872 0.296266 0.862955 -43.946900 502.073914 5.187232
7.008806 1.181137 -2.876948 7.008806 1.181137 -2.876948 1.701273 0.606594 0.883258 -84.715016 532.353037 62.490073
8.014094 1.639319 -2.332015 8.014094 1.639319 -2.332015 1.649308 0.918016 0.939399 -88.500580 505.717662 124.646302
8.989750 2.275609 -1.742255 8.989750 2.275609 -1.742255 1.606216 1.193705 1.032609 -55.140397 413.247957 186.051383
9.947652 3.057933 -1.086902 9.947652 3.057933 -1.086902 1.593616 1.400237 1.155733 13.140870 275.192003 224.362154
10.909605 3.936051 -0.352261 10.909605 3.936051 -0.352261 1.618593 1.507558 1.294431 70.114875 82.543702 237.966439
11.895532 4.842457 0.465116 11.895532 4.842457 0.465116 1.671412 1.492150 1.426631 105.950176 -133.902011 202.699237
12.918970 5.704708 1.354266 12.918970 5.704708 1.354266 1.742580 1.367124 1.531675 131.276763 -282.851485 147.448060
13.988148 6.474070 2.299811 13.988148 6.474070 2.299811 1.821346 1.197414 1.620144 131.276763 -282.851485 147.448060
