-9.898324 6.757876 -5.671298 -9.898324 6.757876 -5.671298 1.314558 0.308056 0.817452 57.848633 -543.425084 6.592522
-9.099177 6.844893 -5.179640 -9.099177 6.844893 -5.179640 1.349267 -0.017999 0.821407 57.848633 -543.425084 6.592522
-8.287617 6.738168 -4.682287 -8.287617 6.738168 -4.682287 1.341912 -0.334600 0.841972 -82.362985 -511.911204 61.958243
-7.505373 6.450294 -4.162445 -7.505373 6.450294 -4.162445 1.252106 -0.616596 0.896678 -216.992148 -428.076055 120.394839
-6.796561 6.011474 -3.597023 -6.796561 6.011474 -3.597023 1.104942 -0.832484 0.997637 -273.552745 -291.548848 216.135051
-6.183583 5.470695 -2.956352 -6.183583 5.470695 -2.956352 0.937073 -0.951467 1.143236 -286.011845 -105.060725 269.195512
-5.670814 4.891538 -2.219420 -5.670814 4.891538 -2.219420 0.775502 -0.961330 1.317429 -252.556947 72.180920 311.445346
-5.247200 4.338448 -1.372633 -5.247200 4.338448 -1.372633 0.642832 -0.864443 1.505644 -189.678222 250.775995 315.937651
-4.890395 3.874662 -0.415200 -4.890395 3.874662 -0.415200 0.555265 -0.665275 1.681098 -102.212251 413.117606 268.910664
-4.571126 3.555992 0.636091 -4.571126 3.555992 0.636091 0.516478 -0.386738 1.813586 -27.077676 515.340734 172.716224
-4.261922 3.419086 1.746842 -4.261922 3.419086 1.746842 0.521189 -0.065657 1.874770 42.781935 554.928477 31.229896
-3.938489 3.478016 2.867677 -3.938489 3.478016 2.867677 0.561951 0.259488 1.845263 93.091340 528.887024 -129.585026
-3.584487 3.722986 3.941702 -3.584487 3.722986 3.941702 0.618181 0.547209 1.718475 94.343446 430.184153 -293.043309
-3.198391 4.119824 4.911255 -3.198391 4.119824 4.911255 0.665816 0.760714 1.498729 64.439727 281.499886 -439.443183
-2.788875 4.617447 5.723648 -2.788875 4.617447 5.723648 0.696613 0.882239 1.196338 38.216968 123.583139 -568.528126
-2.364028 5.169035 6.339115 -2.364028 5.169035 6.339115 0.719544 0.956389 0.855221 38.216968 123.583139 -568.528126
