-5.990252 -5.795890 -0.394515 -5.990252 -5.795890 -0.394515 1.552956 1.022723 1.145736 -650.512019 298.616227 -526.823500
-5.175571 -5.128505 0.198098 -5.175571 -5.128505 0.198098 1.162648 1.201893 0.829642 -650.512019 298.616227 -526.823500
-4.591157 -4.362020 0.606382 -4.591157 -4.362020 0.606382 0.791928 1.339058 0.540186 -585.221177 158.600539 -438.029011
-4.215190 -3.542805 0.860918 -4.215190 -3.542805 0.860918 0.471542 1.370378 0.323713 -482.734832 -54.201247 -283.546180
-4.010380 -2.741968 1.012937 -4.010380 -2.741968 1.012937 0.225790 1.279689 0.197735 -336.438172 -248.095005 -136.381198
-3.922847 -2.027931 1.115749 -3.922847 -2.027931 1.115749 0.087015 1.085237 0.159504 -126.145060 -400.077339 8.942781
-3.883413 -1.454785 1.220866 -3.883413 -1.454785 1.220866 0.060984 0.815278 0.203896 39.376417 -499.785560 139.032307
-3.829452 -1.058679 1.372791 -3.829452 -1.058679 1.372791 0.136026 0.499913 0.310123 210.763987 -551.431221 215.056589
-3.702221 -0.856483 1.599962 -3.702221 -0.856483 1.599962 0.300870 0.176580 0.451091 338.715746 -526.346655 254.836304
-3.455586 -0.839914 1.916460 -3.455586 -0.839914 1.916460 0.529822 -0.112410 0.603856 424.456209 -436.951564 254.381659
-3.059866 -0.978408 2.321887 -3.059866 -0.978408 2.321887 0.791622 -0.336564 0.743111 448.211258 -310.229907 209.802966
-2.506223 -1.226054 2.801916 -2.506223 -1.226054 2.801916 1.050508 -0.472032 0.850979 414.743441 -141.329608 149.756241
-1.805205 -1.524031 3.334941 -1.805205 -1.524031 3.334941 1.279648 -0.503422 0.918241 349.056026 36.697259 74.449924
-0.980733 -1.809306 3.894513 -0.980733 -1.809306 3.894513 1.458347 -0.430541 0.939039 246.607639 206.238019 -5.123750
-0.067278 -2.021443 4.455073 -0.067278 -2.021443 4.455073 1.576596 -0.261474 0.926260 147.556101 357.318630 -37.471810
0.899693 -2.109837 5.002510 0.899693 -2.109837 5.002510 1.637397 -0.026220 0.895907 55.111789 426.862846 -63.707163
1.888209 -2.046890 5.529645 1.888209 -2.046890 5.529645 1.651251 0.239115 0.862974 -8.930162 457.587025 -46.069460
2.874229 -1.822623 6.042330 2.874229 -1.822623 6.042330 1.630276 0.505830 0.851299 -60.987162 431.463471 7.154696
3.840979 -1.445713 6.558122 3.840979 -1.445713 6.558122 1.591496 0.743448 0.874214 -68.278483 360.596297 69.227587
4.785698 -0.942297 7.100979 4.785698 -0.942297 7.100979 1.561084 0.922003 0.945088 -33.097738 234.586827 167.020316
5.718820 -0.355180 7.701197 5.718820 -0.355180 7.701197 1.553374 1.021204 1.060809 7.400611 96.081442 218.714480
6.656806 0.266641 8.380197 6.656806 0.266641 8.380197 1.580960 1.037873 1.207767 84.551928 -40.518895 271.148241
7.624122 0.875724 9.154546 7.624122 0.875724 9.154546 1.649294 0.981827 1.374865 143.226681 -146.298104 285.844160
8.640296 1.432883 10.029000 8.640296 1.432883 10.029000 1.739317 0.866029 1.536788 156.851328 -239.696186 253.898040
9.712120 1.909356 10.996774 9.712120 1.909356 10.996774 1.833428 0.722211 1.689127 156.851328 -239.696186 253.898040
