2.370590 -4.606321 -8.851530 2.370590 -4.606321 -8.851530 -0.647234 -0.831373 1.685367 -149.526445 368.179696 -60.291337
1.955335 -5.038872 -7.851162 1.955335 -5.038872 -7.851162 -0.736950 -0.610466 1.649192 -149.526445 368.179696 -60.291337
1.493790 -5.335592 -6.883708 1.493790 -5.335592 -6.883708 -0.788971 -0.373120 1.556972 -23.877776 422.973152 -247.107917
1.024973 -5.482418 -6.007545 1.024973 -5.482418 -6.007545 -0.758981 -0.114782 1.341002 123.843832 438.153773 -472.791775
0.597406 -5.474898 -5.296789 0.597406 -5.474898 -5.296789 -0.657026 0.135713 1.013617 216.007518 396.829362 -618.491462
0.244695 -5.327771 -4.804518 0.244695 -5.327771 -4.804518 -0.514306 0.345162 0.619667 259.725631 301.334133 -694.676011
-0.017080 -5.074178 -4.557980 -0.017080 -5.074178 -4.557980 -0.358179 0.487241 0.201758 260.695823 172.259878 -698.353817
-0.187649 -4.758291 -4.557988 -0.187649 -4.758291 -4.557988 -0.214696 0.553272 -0.194049 217.582014 47.846515 -621.003744
-0.280744 -4.424480 -4.777273 -0.280744 -4.424480 -4.777273 -0.101357 0.548158 -0.522025 160.214980 -64.893633 -472.250332
-0.316013 -4.113313 -5.164288 -0.316013 -4.113313 -5.164288 -0.021698 0.478985 -0.749348 105.313855 -165.684748 -285.492773
-0.314395 -3.859120 -5.652344 -0.314395 -3.859120 -5.652344 0.019892 0.362705 -0.855938 33.318498 -221.916279 -69.804447
-0.299886 -3.682045 -6.165443 -0.299886 -3.682045 -6.165443 0.022767 0.226538 -0.832679 -23.732954 -231.973393 147.334257
-0.290375 -3.585457 -6.626594 -0.290375 -3.585457 -6.626594 0.009140 0.099460 -0.684600 -21.689437 -191.618221 346.259794
-0.287443 -3.555523 -6.965727 -0.287443 -3.555523 -6.965727 0.002887 0.008235 -0.430341 0.844073 -112.466677 501.270974
-0.283062 -3.564955 -7.128651 -0.283062 -3.564955 -7.128651 0.015879 -0.029889 -0.104321 42.462929 -14.612811 585.464194
-0.261258 -3.579485 -7.084447 -0.261258 -3.579485 -7.084447 0.064521 -0.008491 0.254027 119.677498 85.940023 609.026582
-0.196175 -3.563128 -6.824208 -0.196175 -3.563128 -6.824208 0.160471 0.072986 0.610431 200.154866 185.649247 578.988599
-0.058755 -3.482174 -6.359204 -0.058755 -3.482174 -6.359204 0.306112 0.203102 0.930462 285.317316 248.072039 487.780327
0.179640 -3.314556 -5.720821 0.179640 -3.314556 -5.720821 0.494155 0.357466 1.184654 341.490889 266.474640 359.527332
0.538288 -3.052678 -4.954047 0.538288 -3.052678 -4.954047 0.702484 0.514517 1.356704 352.939858 257.029352 213.973342
1.021503 -2.701641 -4.109967 1.021503 -2.701641 -4.109967 0.905223 0.649037 1.442802 322.854914 191.369933 73.019838
1.618330 -2.284830 -3.238743 1.618330 -2.284830 -3.238743 1.076833 0.728571 1.448606 249.179988 73.741807 -53.674928
2.302085 -1.841544 -2.384204 2.302085 -1.841544 -2.384204 1.190354 0.737166 1.391589 129.222818 -45.090761 -136.380234
3.030538 -1.414386 -1.576912 3.030538 -1.414386 -1.576912 1.222793 0.674988 1.294194 -21.091988 -162.169030 -188.270958
3.749890 -1.045651 -0.834880 3.749890 -1.045651 -0.834880 1.157502 0.542347 1.178255 -196.544848 -279.968990 -198.190543
4.399394 -0.775469 -0.161083 4.399394 -0.775469 -0.161083 0.991476 0.350212 1.071930 -356.875546 -360.480959 -156.226034
4.922342 -0.632494 0.457395 4.922342 -0.632494 0.457395 0.738851 0.122595 0.995396 -485.207030 -398.242243 -98.889239
5.273104 -0.628601 1.040470 5.273104 -0.628601 1.040470 0.421673 -0.106254 0.954252 -572.052897 -364.588259 -38.258786
5.421434 -0.752822 1.609933 5.421434 -0.752822 1.609933 0.069919 -0.299218 0.950287 -600.460099 -278.623599 25.043569
5.358272 -0.975987 2.187077 5.358272 -0.975987 2.187077 -0.275514 -0.433800 0.977636 -550.985129 -169.982858 66.119264
5.101084 -1.256711 2.786305 5.101084 -1.256711 2.786305 -0.569617 -0.485025 1.021029 -429.355735 -0.765680 78.524655
4.692175 -1.536980 3.411705 4.692175 -1.536980 3.411705 -0.776504 -0.431068 1.061387 -260.269465 180.619683 56.002346
4.192015 -1.754213 4.055220 4.192015 -1.754213 4.055220 -0.869708 -0.278217 1.078001 -50.411949 328.885921 -0.623177
3.675266 -1.853934 4.696978 3.675266 -1.853934 4.696978 -0.829204 -0.040837 1.052972 185.425652 462.380593 -82.807726
3.224624 -1.790165 5.308596 3.224624 -1.790165 5.308596 -0.650429 0.261805 0.976991 410.490709 546.423737 -170.460628
2.919033 -1.533247 5.859363 2.919033 -1.533247 5.859363 -0.350247 0.597054 0.850993 590.118505 571.075773 -249.533398
2.824082 -1.074900 6.321351 2.824082 -1.074900 6.321351 0.048705 0.926303 0.682815 739.719769 526.418153 -311.060424
2.990436 -0.431284 6.673178 2.990436 -0.431284 6.673178 0.512445 1.207553 0.486822 806.081469 411.082367 -342.247681
3.440198 0.356792 6.906273 3.440198 0.356792 6.906273 0.982093 1.401947 0.294506 759.410530 236.896883 -298.807629
4.161576 1.231522 7.033126 4.161576 1.231522 7.033126 1.414885 1.498689 0.134897 683.228705 85.578979 -233.222829
5.133488 2.146140 7.072084 5.133488 2.146140 7.072084 1.824822 1.550037 -0.005037 683.228705 85.578979 -233.222829
