-10.685960 -2.261959 -6.132012 -10.685960 -2.261959 -6.132012 1.154200 0.651053 -0.376363 726.951839 -333.683787 21.773858
-9.862588 -1.931390 -6.353910 -9.862588 -1.931390 -6.353910 1.590371 0.450843 -0.363298 726.951839 -333.683787 21.773858
-8.782490 -1.723734 -6.562987 -8.782490 -1.723734 -6.562987 2.001661 0.236703 -0.325320 644.013570 -380.118357 104.819004
-7.474914 -1.648168 -6.733120 -7.474914 -1.648168 -6.733120 2.341355 0.018457 -0.231468 488.297925 -347.365280 208.024027
-5.994584 -1.696377 -6.830067 -5.994584 -1.696377 -6.830067 2.572452 -0.173748 -0.084209 282.026955 -293.319407 282.837715
-4.415171 -1.846323 -6.825326 -4.415171 -1.846323 -6.825326 2.667552 -0.314239 0.107273 34.973034 -174.984037 355.435900
-2.821335 -2.056909 -6.694216 -2.821335 -2.056909 -6.694216 2.623589 -0.371959 0.334375 -181.516835 -17.415833 401.569622
-1.294131 -2.273147 -6.421397 -1.294131 -2.273147 -6.421397 2.443296 -0.332044 0.574871 -419.460620 150.466810 400.085613
0.087349 -2.434793 -6.008706 0.087349 -2.434793 -6.008706 2.146647 -0.189285 0.793689 -569.369281 325.395683 329.306656
1.267136 -2.483172 -5.479431 1.267136 -2.483172 -5.479431 1.776455 0.039059 0.960203 -664.603222 435.749083 225.740888
2.213381 -2.381302 -4.862676 2.213381 -2.381302 -4.862676 1.377693 0.300508 1.095648 -664.603222 435.749083 225.740888
