10.211945 -2.939877 4.240416 10.211945 -2.939877 4.240416 0.214747 0.677363 1.022952 -38.316526 56.464047 86.601849
10.333896 -2.523296 4.869776 10.333896 -2.523296 4.869776 0.191757 0.711241 1.074914 -38.316526 56.464047 86.601849
10.444042 -2.092526 5.532607 10.444042 -2.092526 5.532607 0.178709 0.714429 1.138348 -5.179218 -45.839780 124.846899
10.550952 -1.678197 6.240799 10.550952 -1.678197 6.240799 0.178689 0.656537 1.226809 5.112330 -147.132966 170.022266
10.658756 -1.313800 7.007021 10.658756 -1.313800 7.007021 0.180110 0.553053 1.326486 -0.374873 -197.811781 162.234949
10.763075 -1.018298 7.829633 10.763075 -1.018298 7.829633 0.161484 0.430747 1.411421 -61.711540 -209.875483 120.881060
10.845050 -0.796183 8.692644 10.845050 -0.796183 8.692644 0.105421 0.312041 1.455947 -125.166797 -185.811230 27.540730
10.882055 -0.638564 9.563956 10.882055 -0.638564 9.563956 0.011734 0.219758 1.436400 -187.120605 -121.800298 -92.697467
10.852330 -0.522556 10.401255 10.852330 -0.522556 10.401255 -0.115957 0.177062 1.341507 -238.516803 -20.517231 -223.612758
10.737378 -0.413103 11.157336 10.737378 -0.413103 11.157336 -0.271289 0.199295 1.164473 -279.257846 94.627579 -366.502476
10.525748 -0.269290 11.782789 10.525748 -0.269290 11.782789 -0.431797 0.292087 0.908270 -255.768840 214.676263 -487.507857
10.224029 -0.051172 12.235711 10.224029 -0.051172 12.235711 -0.568270 0.442016 0.594321 -199.138956 285.088538 -558.987485
9.852897 0.268271 12.490431 9.852897 0.268271 12.490431 -0.659375 0.627657 0.252659 -104.544593 333.713687 -579.886556
9.446997 0.705095 12.539513 9.446997 0.705095 12.539513 -0.679391 0.828690 -0.085943 37.824751 336.396465 -548.786664
9.054662 1.259732 12.394645 9.054662 1.259732 12.394645 -0.614240 1.014886 -0.387817 179.344169 284.256663 -457.460286
8.727620 1.913591 12.089294 8.727620 1.913591 12.089294 -0.460532 1.154248 -0.613883 333.015895 180.285229 -296.093286
8.519186 2.630442 11.679461 8.519186 2.630442 11.679461 -0.221012 1.221673 -0.732573 465.385631 44.464703 -99.537488
8.474559 3.361929 11.235000 8.474559 3.361929 11.235000 0.079274 1.200750 -0.727295 535.566130 -114.210165 117.129652
8.620296 4.052580 10.832246 8.620296 4.052580 10.832246 0.409467 1.086018 -0.594321 565.076902 -268.229734 326.116989
8.966704 4.647838 10.545370 8.966704 4.647838 10.545370 0.743583 0.884724 -0.343574 548.642027 -402.749026 509.707571
9.504476 5.101414 10.438351 9.504476 5.101414 10.438351 1.037101 0.619255 -0.000861 429.752066 -482.146771 632.667566
10.194271 5.383717 10.555651 10.194271 5.383717 10.555651 1.245849 0.317650 0.398420 266.076389 -523.203605 698.269290
10.978488 5.482050 10.919557 10.978488 5.482050 10.919557 1.349562 0.013325 0.813214 79.631122 -491.215059 684.375492
11.789801 5.407054 11.524518 11.789801 5.407054 11.524518 1.333552 -0.254265 1.193065 -132.996523 -400.750434 581.797354
12.551769 5.190431 12.336338 12.551769 5.190431 12.336338 1.182636 -0.454360 1.498430 -370.055640 -266.231450 436.084526
13.184461 4.880862 13.301193 13.184461 4.880862 13.301193 0.909206 -0.559253 1.696587 -541.379805 -83.414031 224.440313
13.624355 4.541640 14.345409 13.624355 4.541640 14.345409 0.543473 -0.552582 1.760571 -677.729677 105.653174 -11.160349
13.825280 4.240324 15.385258 13.825280 4.240324 15.385258 0.120999 -0.433115 1.681454 -730.516822 292.568999 -252.563262
13.766761 4.041043 16.337313 13.766761 4.041043 16.337313 -0.315440 -0.217945 1.473135 -724.279332 424.662541 -441.832937
13.447127 3.986715 17.141665 13.447127 3.986715 17.141665 -0.750008 0.036852 1.208036 -724.279332 424.662541 -441.832937
