0.717383 -3.119914 7.091248 0.717383 -3.119914 7.091248 0.638343 -0.825372 -0.728863 208.960865 7.128084 603.530738
1.138002 -3.613853 6.762566 1.138002 -3.613853 6.762566 0.763720 -0.821095 -0.366745 208.960865 7.128084 603.530738
1.635574 -4.097305 6.655573 1.635574 -4.097305 6.655573 0.897729 -0.777204 0.017469 237.737397 139.173739 677.182734
2.216796 -4.528110 6.789588 2.216796 -4.528110 6.789588 1.039332 -0.641370 0.431981 234.272285 313.608092 704.522302
2.879774 -4.848923 7.171480 2.879774 -4.848923 7.171480 1.165944 -0.415407 0.834142 187.767195 439.600391 636.014911
3.609546 -5.015063 7.778565 3.609546 -5.015063 7.778565 1.260641 -0.131767 1.176337 127.888807 505.865856 504.633985
4.384039 -5.002095 8.564264 4.384039 -5.002095 8.564264 1.312820 0.176616 1.424428 46.042615 522.077946 322.338374
5.175939 -4.804431 9.463418 5.175939 -4.804431 9.463418 1.320046 0.478463 1.550213 -21.956434 484.079742 96.943294
5.962451 -4.436429 10.397471 5.962451 -4.436429 10.397471 1.299055 0.737860 1.540759 -48.012117 380.577973 -128.457516
6.732472 -3.934576 11.285389 6.732472 -3.934576 11.285389 1.266397 0.919371 1.396607 -60.849585 224.458906 -352.047125
7.482016 -3.353076 12.050196 7.482016 -3.353076 12.050196 1.233182 1.001420 1.136436 -49.865980 49.037419 -515.191297
8.216734 -2.754243 12.633051 8.216734 -2.754243 12.633051 1.222185 0.976615 0.795961 13.209661 -131.721325 -619.722684
8.956900 -2.203200 12.995816 8.956900 -2.203200 12.995816 1.252494 0.841497 0.407819 87.818783 -318.671414 -674.085931
9.728906 -1.763835 13.120957 9.728906 -1.763835 13.120957 1.328695 0.609435 0.012293 166.186202 -454.869386 -644.334996
10.560943 -1.484707 13.017611 10.560943 -1.484707 13.017611 1.452938 0.313228 -0.348014 247.955739 -532.489264 -556.686129
11.479041 -1.393355 12.716425 11.479041 -1.393355 12.716425 1.610230 -0.009949 -0.642900 276.349267 -544.764460 -426.268007
12.496152 -1.494671 12.264273 12.496152 -1.494671 12.264273 1.782189 -0.323251 -0.847079 296.849028 -499.576079 -254.329537
13.616701 -1.772428 11.719950 13.616701 -1.772428 11.719950 1.949315 -0.592410 -0.951157 260.239246 -397.622902 -92.595957
14.826466 -2.189738 11.140589 14.826466 -2.189738 11.140589 2.072121 -0.782444 -0.966713 149.111317 -235.822625 40.741799
16.089252 -2.690139 10.576111 16.089252 -2.690139 10.576111 2.124956 -0.866372 -0.901185 27.007094 -43.936683 177.684890
17.360140 -3.206955 10.071914 17.360140 -3.206955 10.071914 2.096424 -0.838154 -0.771922 -122.114900 137.997520 253.192664
18.585376 -3.675881 9.655923 18.585376 -3.675881 9.655923 1.969969 -0.709722 -0.612070 -299.401955 290.106579 279.647710
19.703126 -4.041016 9.337320 19.703126 -4.041016 9.337320 1.738631 -0.493260 -0.452769 -471.724385 431.435480 251.354715
20.654291 -4.254732 9.108085 20.654291 -4.254732 9.108085 1.420081 -0.211494 -0.316041 -590.108255 507.785173 204.406126
21.395504 -4.290595 8.951524 21.395504 -4.290595 8.951524 1.042936 0.091336 -0.212049 -667.041704 501.647505 142.232485
21.899892 -4.148244 8.844999 21.899892 -4.148244 8.844999 0.636180 0.378592 -0.151193 -688.812698 455.872947 60.621783
22.162082 -3.843952 8.760611 22.162082 -3.843952 8.760611 0.245234 0.627512 -0.137741 -614.341053 373.859785 -15.783784
22.205327 -3.408309 8.672803 22.205327 -3.408309 8.672803 -0.089939 0.811034 -0.158825 -502.901295 237.878101 -54.494387
22.071613 -2.888432 8.566972 22.071613 -2.888432 8.566972 -0.337821 0.905954 -0.195156 -323.372254 78.522872 -66.610571
21.824028 -2.339634 8.439732 21.824028 -2.339634 8.439732 -0.465269 0.908525 -0.225904 -101.454223 -69.952455 -35.882801
21.541013 -1.813779 8.300704 21.541013 -1.813779 8.300704 -0.454103 0.833211 -0.232564 138.674340 -181.094930 13.682848
21.306401 -1.350642 8.167593 21.306401 -1.350642 8.167593 -0.306456 0.703591 -0.204533 353.481096 -250.970781 79.755594
21.196607 -0.976482 8.063374 21.196607 -0.976482 8.063374 -0.042103 0.538911 -0.135954 527.697822 -297.962373 148.839296
21.273609 -0.705842 8.013456 21.273609 -0.705842 8.013456 0.310905 0.364763 -0.022331 648.995761 -282.531941 229.904837
21.580412 -0.533023 8.043241 21.580412 -0.533023 8.043241 0.717509 0.219332 0.124612 706.350014 -202.237038 259.906129
22.136145 -0.432550 8.164524 22.136145 -0.432550 8.164524 1.131740 0.124373 0.279219 674.421004 -114.294438 255.451468
22.930162 -0.372540 8.375285 22.930162 -0.372540 8.375285 1.504278 0.085594 0.418733 567.369926 -14.967578 209.594010
23.924885 -0.317006 8.658458 23.924885 -0.317006 8.658458 1.794850 0.110969 0.515518 401.205272 99.551658 113.023089
25.062154 -0.227350 8.980477 25.062154 -0.227350 8.980477 1.976284 0.196478 0.545156 203.575202 185.478658 -14.230406
26.270816 -0.073299 9.296837 26.270816 -0.073299 9.296837 2.029666 0.321654 0.495757 -25.636718 231.774625 -150.432693
27.470899 0.161548 9.557703 27.470899 0.161548 9.557703 1.948775 0.461391 0.357945 -243.998882 234.013460 -308.940946
28.585676 0.478609 9.708189 28.585676 0.478609 9.708189 1.749533 0.592321 0.129219 -420.141578 202.419474 -453.478142
29.551694 0.865190 9.698654 29.551694 0.865190 9.698654 1.457068 0.687541 -0.170066 -554.741038 114.980583 -544.139205
30.321622 1.292912 9.495608 30.321622 1.292912 9.495608 1.101925 0.729030 -0.511857 -629.070171 23.318761 -595.163969
30.869544 1.734527 9.081365 30.869544 1.734527 9.081365 0.724483 0.743022 -0.868955 -629.070171 23.318761 -595.163969
