9.602482 6.292717 -1.422475 9.602482 6.292717 -1.422475 -0.618182 -0.063428 1.238681 -493.859787 -469.737893 413.228896
9.142678 6.170107 -0.604885 9.142678 6.170107 -0.604885 -0.914498 -0.345270 1.486619 -493.859787 -469.737893 413.228896
8.515844 5.886157 0.353426 8.515844 5.886157 0.353426 -1.157020 -0.588289 1.694346 -314.547675 -340.323163 279.195881
7.780250 5.482393 1.409283 7.780250 5.482393 1.409283 -1.269566 -0.740148 1.806833 -60.604481 -165.874933 95.760216
7.020930 5.019330 2.501671 7.020930 5.019330 2.501671 -1.239282 -0.785253 1.819547 161.549244 15.524680 -53.380095
6.317704 4.561979 3.576750 6.317704 4.561979 3.576750 -1.086031 -0.720908 1.752318 349.288641 198.957776 -170.715013
5.737884 4.175499 4.591828 5.737884 4.175499 4.591828 -0.831825 -0.550268 1.621964 498.065366 369.843720 -263.798703
5.333155 3.919469 5.515023 5.333155 3.919469 5.515023 -0.509413 -0.290570 1.451188 576.639777 495.815144 -305.455103
5.132091 3.837298 6.331426 5.132091 3.837298 6.331426 -0.159486 0.021542 1.271275 589.786144 544.559339 -294.253989
5.140009 3.946651 7.043942 5.140009 3.946651 7.043942 0.181622 0.340312 1.108302 547.238839 518.006105 -248.990270
5.341030 4.240265 7.667735 5.341030 4.240265 7.667735 0.477692 0.632048 0.977059 439.662041 454.449189 -188.486346
5.698378 4.693544 8.225132 5.698378 4.693544 8.225132 0.699455 0.865962 0.889413 299.545701 325.262984 -103.668924
6.162222 5.261879 8.743990 6.162222 5.261879 8.743990 0.830449 1.012173 0.846567 137.103920 162.108467 -39.151201
6.675931 5.887237 9.247262 6.675931 5.887237 9.247262 0.866513 1.053812 0.834970 -16.891012 -23.313074 0.495715
7.185370 6.505470 9.749597 7.185370 6.505470 9.749597 0.819233 0.990533 0.841589 -140.708442 -187.616542 21.566973
7.646023 7.056897 10.257097 7.646023 7.056897 10.257097 0.707013 0.832354 0.847852 -233.361341 -339.646306 -0.690579
8.025717 7.489284 10.762987 8.025717 7.489284 10.762987 0.554453 0.599120 0.833953 -275.171893 -437.801590 -45.639490
8.308736 7.768364 11.250585 8.308736 7.768364 11.250585 0.388743 0.328499 0.783778 -277.194421 -464.266993 -121.608609
8.494589 7.882543 11.694166 8.494589 7.882543 11.694166 0.234937 0.053179 0.686834 -235.490343 -453.468205 -201.538389
8.597186 7.836607 12.066165 8.597186 7.836607 12.066165 0.113757 -0.199995 0.546785 -168.444869 -390.444326 -265.291898
8.639211 7.653614 12.343812 8.639211 7.653614 12.343812 0.033147 -0.397845 0.374252 -100.253379 -269.053877 -309.819669
8.645709 7.374616 12.511853 8.645709 7.374616 12.511853 -0.003730 -0.518584 0.184649 -22.671134 -133.411801 -322.188664
8.642866 7.047455 12.567235 8.642866 7.047455 12.567235 0.000049 -0.558615 0.004268 35.266974 -0.023556 -279.082098
8.650999 6.719397 12.524523 8.650999 6.719397 12.524523 0.029988 -0.523049 -0.138367 64.529982 118.576805 -196.366090
8.679759 6.432553 12.413355 8.679759 6.432553 12.413355 0.064463 -0.423700 -0.220197 50.387586 212.586020 -76.401254
8.724590 6.219027 12.276948 8.724590 6.219027 12.276948 0.080114 -0.284002 -0.218721 1.782879 253.074644 81.321646
8.769230 6.093332 12.169443 8.769230 6.093332 12.169443 0.062439 -0.136394 -0.124484 -60.701295 238.953009 232.799710
8.791581 6.051714 12.145734 8.791581 6.051714 12.145734 0.005086 -0.006989 0.060586 -130.475131 192.396338 384.100019
8.766727 6.077915 12.258538 8.766727 6.077915 12.258538 -0.095296 0.087264 0.327620 -204.129697 121.777809 506.016116
8.670153 6.145891 12.549862 8.670153 6.145891 12.549862 -0.231042 0.128819 0.649573 -248.357212 16.738922 567.159810
8.486048 6.219733 13.041591 8.486048 6.219733 13.041591 -0.383935 0.106549 0.989349 -261.286719 -90.969346 565.426215
8.210053 6.261854 13.732985 8.210053 6.261854 13.732985 -0.533719 0.024798 1.308648 -237.993485 -181.535725 498.902560
7.851344 6.240506 14.600454 7.851344 6.240506 14.600454 -0.654708 -0.101873 1.570375 -165.303861 -240.701635 373.523638
7.436379 6.135830 15.598990 7.436379 6.135830 15.598990 -0.715814 -0.247426 1.739871 -38.383213 -244.472768 191.461283
7.009038 5.945194 16.663396 7.009038 5.945194 16.663396 -0.693561 -0.384985 1.784851 112.559963 -214.059972 -41.528467
6.623571 5.680331 17.712400 6.623571 5.680331 17.712400 -0.573982 -0.490125 1.687777 286.036909 -136.405964 -282.052401
6.338455 5.367723 18.664182 6.338455 5.367723 18.664182 -0.363428 -0.541871 1.467975 415.809597 -36.080439 -450.620060
6.195243 5.036105 19.463855 6.195243 5.036105 19.463855 -0.113943 -0.563519 1.197603 415.809597 -36.080439 -450.620060
