-4.572406 -0.916999 -5.524926 -4.572406 -0.916999 -5.524926 2.718007 -0.431529 0.887512 -380.852818 84.908357 -694.761109
-3.010155 -1.160633 -5.117476 -3.010155 -1.160633 -5.117476 2.489496 -0.380584 0.470655 -380.852818 84.908357 -694.761109
-1.592147 -1.365838 -4.957832 -1.592147 -1.365838 -4.957832 2.225307 -0.290332 0.065338 -499.775198 215.930136 -656.297143
-0.353295 -1.493149 -5.029890 -0.353295 -1.493149 -5.029890 1.893577 -0.120670 -0.294073 -605.992357 349.611103 -541.737636
0.673076 -1.498788 -5.292278 0.673076 -1.498788 -5.292278 1.526501 0.108260 -0.561277 -617.592613 413.487416 -348.941182
1.481184 -1.359333 -5.678275 1.481184 -1.359333 -5.678275 1.172815 0.356707 -0.702750 -561.362548 414.668821 -122.635525
2.089618 -1.073444 -6.109381 2.089618 -1.073444 -6.109381 0.864946 0.591633 -0.713240 -464.865507 368.419733 87.666131
2.533562 -0.657540 -6.508748 2.533562 -0.657540 -6.508748 0.629289 0.785724 -0.596653 -320.658787 278.548554 300.959574
2.863931 -0.143083 -6.801374 2.863931 -0.143083 -6.801374 0.489463 0.917276 -0.360111 -145.429179 159.957072 487.514168
3.141352 0.428177 -6.923361 3.141352 0.428177 -6.923361 0.451808 0.973759 -0.035969 19.914063 28.321923 592.958010
3.424019 1.009690 -6.835353 3.424019 1.009690 -6.835353 0.503746 0.951551 0.334087 153.210814 -102.349186 640.562881
3.760269 1.556628 -6.520505 3.760269 1.556628 -6.520505 0.627796 0.862291 0.713899 260.291703 -195.183087 625.477149
4.187070 2.036406 -5.984496 4.187070 2.036406 -5.984496 0.800324 0.732862 1.064604 314.798732 -236.249444 543.537108
4.724107 2.432533 -5.254800 4.724107 2.432533 -5.254800 0.990098 0.585787 1.356208 317.782353 -254.000735 428.478838
5.373532 2.740001 -4.373527 5.373532 2.740001 -4.373527 1.171592 0.441968 1.565406 287.198447 -225.394291 268.847806
6.123997 2.969808 -3.395132 6.123997 2.969808 -3.395132 1.322983 0.332720 1.680506 217.439086 -138.765788 114.817317
6.951541 3.150144 -2.375927 6.951541 3.150144 -2.375927 1.426521 0.277868 1.700568 127.685315 -44.076077 -47.943969
7.825950 3.314590 -1.370516 7.825950 3.314590 -1.370516 1.480698 0.279719 1.640304 52.904707 50.248497 -152.934990
8.720244 3.497538 -0.417807 8.720244 3.497538 -0.417807 1.494201 0.340224 1.528814 -7.892156 151.435712 -218.698296
9.612205 3.733113 0.457708 9.612205 3.733113 0.457708 1.473771 0.451998 1.385558 -60.210640 221.143667 -258.822833
10.485411 4.045043 1.243088 10.485411 4.045043 1.243088 1.436555 0.589308 1.233429 -63.841087 236.556223 -248.274719
11.338202 4.440007 1.941876 11.338202 4.440007 1.941876 1.409997 0.725235 1.101568 -24.685350 216.533309 -191.262344
12.182412 4.910430 2.572438 12.182412 4.910430 2.572438 1.408460 0.836686 1.007052 19.560829 154.970628 -123.788892
13.034975 5.433960 3.158991 13.034975 5.433960 3.158991 1.440027 0.897787 0.955798 85.662716 48.699319 -47.059313
13.918908 5.973946 3.727227 13.918908 5.973946 3.727227 1.513911 0.889744 0.943704 160.618824 -75.509879 6.746073
14.859303 6.486451 4.297540 14.859303 6.486451 4.297540 1.625967 0.805688 0.962133 212.901607 -204.675656 54.684080
15.873881 6.926017 4.884415 15.873881 6.926017 4.884415 1.757086 0.647859 0.993703 224.159352 -321.421233 50.548357
16.967265 7.251946 5.488496 16.967265 7.251946 5.488496 1.885501 0.430349 1.017834 203.892362 -403.614800 29.891369
18.131710 7.435606 6.100569 18.131710 7.435606 6.100569 1.990050 0.178691 1.015732 144.603938 -435.242666 -36.900590
19.345217 7.465642 6.698755 19.345217 7.465642 6.698755 2.044055 -0.076632 0.970538 35.412976 -415.833867 -113.744840
20.569609 7.349609 7.256778 20.569609 7.349609 7.256778 2.023228 -0.302151 0.883158 -104.837127 -335.896268 -177.520935
21.755673 7.116257 7.750043 21.755673 7.116257 7.750043 1.915311 -0.461690 0.753266 -254.886706 -195.900300 -255.452089
22.849677 6.813376 8.153770 22.849677 6.813376 8.153770 1.715867 -0.532255 0.588738 -409.926839 -39.318204 -292.976898
23.798122 6.496729 8.454449 23.798122 6.496729 8.454449 1.433471 -0.506934 0.413814 -531.392526 123.723379 -290.100797
24.558115 6.225017 8.653475 24.558115 6.225017 8.653475 1.092441 -0.381806 0.254528 -605.374399 293.369827 -240.852838
25.103277 6.056600 8.767847 25.103277 6.056600 8.767847 0.722537 -0.166488 0.135059 -627.637957 424.354627 -157.377960
25.426056 6.037966 8.828466 25.426056 6.037966 8.828466 0.357113 0.112503 0.080192 -590.443928 505.615102 -25.512723
25.540401 6.198040 8.881916 25.540401 6.198040 8.881916 0.034632 0.423679 0.114518 -484.490256 531.640436 139.934509
25.484932 6.545360 8.985219 25.484932 6.545360 8.985219 -0.201260 0.729750 0.245497 -301.817936 488.594708 296.661817
25.323610 7.063986 9.195021 25.323610 7.063986 9.195021 -0.313547 0.987052 0.469020 -72.473465 369.080852 448.412950
25.132818 7.715307 9.562861 25.132818 7.715307 9.562861 -0.305119 1.171775 0.766635 100.566889 246.660117 543.636330
24.967849 8.462771 10.120696 24.967849 8.462771 10.120696 -0.244779 1.319771 1.092816 100.566889 246.660117 543.636330
