2.019477 3.346621 -6.462576 2.019477 3.346621 -6.462576 2.313329 0.629006 -0.115828 201.271570 -219.686819 596.395563
3.443703 3.684481 -6.424722 3.443703 3.684481 -6.424722 2.434091 0.497194 0.242009 201.271570 -219.686819 596.395563
4.930344 3.942721 -6.173667 4.930344 3.942721 -6.173667 2.504639 0.362719 0.592335 33.885400 -228.563659 571.358966
6.426831 4.119674 -5.722961 6.426831 4.119674 -5.722961 2.462992 0.227894 0.897454 -172.708784 -220.850863 445.702032
7.862815 4.220174 -5.113834 7.862815 4.220174 -5.113834 2.305749 0.112969 1.117017 -351.432745 -162.233852 286.174443
9.177642 4.265650 -4.404690 9.177642 4.265650 -4.404690 2.068071 0.050112 1.225837 -440.828800 -47.288862 76.560052
10.336410 4.293313 -3.668236 10.336410 4.293313 -3.668236 1.789943 0.052280 1.207626 -486.263579 54.515976 -137.264315
11.322718 4.340794 -2.980546 11.322718 4.340794 -2.980546 1.497534 0.116486 1.064380 -488.432607 159.501792 -340.220063
12.137054 4.444703 -2.415266 12.137054 4.444703 -2.415266 1.223143 0.238726 0.799703 -426.205822 247.965791 -542.037263
12.799232 4.636462 -2.040597 12.799232 4.636462 -2.040597 0.992468 0.406955 0.436550 -342.707882 312.798729 -668.474064
13.340080 4.936831 -1.901248 13.340080 4.936831 -1.901248 0.822115 0.594093 0.024191 -225.136900 310.994530 -706.056330
13.799629 5.346199 -2.012882 13.799629 5.346199 -2.012882 0.721056 0.765355 -0.394735 -111.726798 259.878792 -690.363769
14.217729 5.846993 -2.367682 14.217729 5.846993 -2.367682 0.681906 0.895298 -0.777421 -18.771605 173.265530 -585.253202
14.627636 6.407310 -2.930410 14.627636 6.407310 -2.930410 0.691351 0.959005 -1.083226 50.254707 39.090894 -434.096838
15.053592 6.980534 -3.645821 15.053592 6.980534 -3.645821 0.732001 0.936381 -1.280375 85.245508 -114.505538 -223.069089
15.507135 7.512218 -4.439511 15.507135 7.512218 -4.439511 0.778138 0.820012 -1.340774 68.543064 -273.390380 21.739236
15.984129 7.947350 -5.226632 15.984129 7.947350 -5.226632 0.808133 0.617655 -1.260581 31.441189 -401.134081 245.573165
16.471266 8.240307 -5.927392 16.471266 8.240307 -5.927392 0.809989 0.349815 -1.056312 -25.256002 -491.665893 435.323491
16.949041 8.359108 -6.473566 16.949041 8.359108 -6.473566 0.776473 0.041872 -0.748844 -86.461530 -534.808640 589.568756
17.396236 8.289404 -6.810893 17.396236 8.289404 -6.810893 0.708968 -0.271819 -0.365816 -138.557929 -510.830794 687.190497
17.795585 8.040284 -6.907475 17.795585 8.040284 -6.907475 0.620376 -0.548713 0.042563 -156.746108 -412.147122 674.074793
18.139819 7.644741 -6.763740 18.139819 7.644741 -6.763740 0.527438 -0.756648 0.431324 -153.047561 -280.970630 621.792638
18.428733 7.140177 -6.393024 18.428733 7.140177 -6.393024 0.435610 -0.925230 0.804399 -153.047561 -280.970630 621.792638
