5.276021 1.731587 1.939171 5.276021 1.731587 1.939171 -0.089102 -0.173810 -0.028748 -5.698451 94.290177 279.716046
5.221534 1.644273 1.972272 5.221534 1.644273 1.972272 -0.092521 -0.117236 0.139082 -5.698451 94.290177 279.716046
5.162988 1.597867 2.108510 5.162988 1.597867 2.108510 -0.105979 -0.025845 0.319115 -39.162276 210.346596 320.394892
5.088755 1.628538 2.359811 5.088755 1.628538 2.359811 -0.147459 0.141941 0.522154 -99.104716 348.940623 356.402170
4.978501 1.781342 2.735481 4.978501 1.781342 2.735481 -0.226621 0.375459 0.727123 -164.768329 429.452509 326.825267
4.810787 2.085206 3.226004 4.810787 2.085206 3.226004 -0.335900 0.639562 0.900320 -199.493987 450.889495 250.500998
4.572883 2.548677 3.806501 4.572883 2.548677 3.806501 -0.457870 0.902967 1.026692 -207.073466 427.126528 170.738181
4.263360 3.161505 4.447272 4.263360 3.161505 4.447272 -0.569753 1.130068 1.099249 -165.868427 329.878108 71.118580
3.896047 3.890473 5.114378 3.896047 3.890473 5.114378 -0.647299 1.285744 1.115696 -92.618240 189.042344 -16.294603
3.497259 4.686137 5.778216 3.497259 4.686137 5.778216 -0.671561 1.350116 1.092685 11.744623 25.530553 -60.411238
3.105241 5.490076 6.421712 3.105241 5.490076 6.421712 -0.620492 1.311804 1.050236 158.484256 -153.237289 -81.085392
2.770219 6.238191 7.037313 2.770219 6.238191 7.037313 -0.481670 1.162941 1.001856 304.256529 -342.971035 -80.179070
2.542666 6.865459 7.626434 2.542666 6.865459 7.626434 -0.265704 0.913348 0.965948 415.629232 -489.005679 -39.514758
2.463391 7.320913 8.203216 2.463391 7.320913 8.203216 0.010346 0.597272 0.963868 504.537944 -564.582863 32.580818
2.563727 7.576464 8.791327 2.563727 7.576464 8.791327 0.329624 0.252585 1.003045 559.720303 -584.373215 98.007570
2.861342 7.625037 9.413746 2.861342 7.625037 9.413746 0.660914 -0.086991 1.076605 544.579441 -547.546621 147.192754
3.350584 7.479976 10.087370 3.350584 7.479976 10.087370 0.961007 -0.387061 1.170749 455.732709 -452.688023 166.622303
4.001402 7.175416 10.819553 4.001402 7.175416 10.819553 1.195355 -0.612869 1.269431 325.427693 -300.003677 162.316338
4.765662 6.764958 11.607707 4.765662 6.764958 11.607707 1.332963 -0.736552 1.353217 133.266096 -112.272001 116.969411
5.576349 6.314128 12.434490 5.576349 6.314128 12.434490 1.347527 -0.747363 1.392390 -84.719543 76.234155 13.607679
6.357443 5.890056 13.265036 6.357443 5.890056 13.265036 1.235830 -0.648508 1.363867 -287.605974 253.281975 -108.683669
7.035705 5.555506 14.056247 7.035705 5.555506 14.056247 1.005935 -0.451718 1.260928 -478.710715 402.684985 -234.445898
7.544168 5.361190 14.761724 7.544168 5.361190 14.761724 0.674056 -0.188948 1.075860 -627.550390 473.215775 -382.446061
7.831185 5.334383 15.331470 7.831185 5.334383 15.331470 0.275236 0.101894 0.811745 -701.850759 496.257768 -497.938186
7.869353 5.482775 15.724715 7.869353 5.482775 15.724715 -0.149075 0.389295 0.492114 -712.519147 461.743417 -567.498049
7.655912 5.793840 15.915462 7.655912 5.793840 15.915462 -0.555302 0.638214 0.139756 -641.572367 367.986786 -607.030162
7.216064 6.234919 15.892632 7.216064 6.234919 15.892632 -0.896159 0.818572 -0.211552 -494.616922 233.207679 -563.995888
6.602914 6.757099 15.672319 6.602914 6.757099 15.672319 -1.125049 0.903794 -0.509262 -268.347963 50.865721 -428.370900
5.890665 7.300899 15.297760 5.890665 7.300899 15.297760 -1.230642 0.896149 -0.725758 -83.628982 -76.347759 -293.281586
5.137227 7.824846 14.809515 5.137227 7.824846 14.809515 -1.280819 0.850341 -0.901727 -83.628982 -76.347759 -293.281586
