2.831806 -3.654197 8.348442 2.831806 -3.654197 8.348442 0.046386 0.510614 -0.273451 -52.191899 -228.654959 -75.383916
2.850243 -3.388987 8.170802 2.850243 -3.388987 8.170802 0.015071 0.373421 -0.318682 -52.191899 -228.654959 -75.383916
2.849545 -3.208201 7.971841 2.849545 -3.208201 7.971841 -0.017977 0.225686 -0.334825 -57.969013 -263.796105 21.573224
2.831782 -3.120811 7.783285 2.831782 -3.120811 7.783285 -0.035471 0.064714 -0.279602 -0.343486 -272.775266 162.502615
2.814755 -3.127874 7.652207 2.814755 -3.127874 7.652207 -0.014086 -0.082910 -0.144939 71.625815 -219.306707 286.373595
2.822839 -3.211364 7.621760 2.822839 -3.211364 7.621760 0.047105 -0.185834 0.051733 132.345142 -123.773228 369.201626
2.879866 -3.337220 7.723275 2.879866 -3.337220 7.723275 0.151221 -0.220481 0.293349 214.707919 8.283975 436.184216
3.013480 -3.458851 7.979157 3.013480 -3.458851 7.979157 0.301213 -0.169679 0.561856 285.265874 161.057420 458.837556
3.246310 -3.523604 8.395264 3.246310 -3.523604 8.395264 0.476143 -0.032725 0.819172 297.834919 295.453921 398.882169
3.583747 -3.484181 8.952738 3.583747 -3.484181 8.952738 0.645551 0.173930 1.029363 266.857057 393.398424 301.757367
4.015536 -3.304563 9.615433 4.015536 -3.304563 9.615433 0.787787 0.432208 1.164219 207.262093 467.527006 147.760343
4.518400 -2.959529 10.328655 4.518400 -2.959529 10.328655 0.876564 0.720497 1.193345 88.663555 493.437740 -50.671712
5.051882 -2.441611 11.023454 5.051882 -2.441611 11.023454 0.887686 1.000564 1.102508 -51.592304 440.117327 -252.120730
5.565589 -1.768404 11.627773 5.565589 -1.768404 11.627773 0.808641 1.232871 0.892214 -211.889087 334.240333 -448.859266
6.003210 -0.977397 12.072491 6.003210 -0.977397 12.072491 0.634386 1.389020 0.573822 -368.961321 186.256408 -612.447031
6.309543 -0.121214 12.300235 6.309543 -0.121214 12.300235 0.373582 1.446998 0.174808 -500.385054 7.001785 -717.598459
6.438349 0.737123 12.273852 6.438349 0.737123 12.273852 0.046983 1.395588 -0.266248 -588.278352 -178.367968 -752.589712
6.359272 1.531800 11.980485 6.359272 1.531800 11.980485 -0.312869 1.235720 -0.708564 -611.228831 -354.525707 -721.795013
6.064668 2.202512 11.432364 6.064668 2.202512 11.432364 -0.663915 0.988480 -1.106935 -558.925742 -469.605649 -606.110380
5.571916 2.705932 10.669547 5.571916 2.705932 10.669547 -0.968250 0.681017 -1.418381 -455.522115 -555.270703 -432.041168
4.919457 3.013620 9.754580 4.919457 3.013620 9.754580 -1.189142 0.342987 -1.608465 -280.786570 -571.498507 -201.574227
4.168144 3.120168 8.766582 4.168144 3.120168 8.766582 -1.294045 0.018218 -1.662586 -68.889738 -511.062383 21.172441
3.393330 3.046058 7.786807 3.393330 3.046058 7.786807 -1.265311 -0.253669 -1.580055 164.670604 -395.228721 253.931284
2.677373 2.832656 6.897251 2.677373 2.832656 6.897251 -1.098567 -0.441102 -1.363849 391.143749 -229.547337 466.755022
2.099229 2.537903 6.170915 2.099229 2.537903 6.170915 -0.810930 -0.522699 -1.044005 567.645018 -42.444929 599.390952
1.723910 2.227050 5.657407 1.723910 2.227050 5.657407 -0.425026 -0.496132 -0.659351 718.699869 131.003494 682.791162
1.602085 1.963943 5.385228 1.602085 1.963943 5.385228 0.025318 -0.362573 -0.247030 782.447494 314.192590 691.611701
1.756813 1.810427 5.356482 1.756813 1.810427 5.356482 0.488273 -0.136693 0.142846 760.737045 438.742191 607.973704
2.182380 1.811558 5.544562 2.182380 1.811558 5.544562 0.923063 0.147416 0.472318 688.563532 508.286765 490.265238
2.850679 1.991411 5.905730 2.850679 1.991411 5.905730 1.288801 0.451947 0.714126 530.562663 506.816353 315.762604
3.707140 2.350476 6.379479 3.707140 2.350476 6.379479 1.545533 0.739386 0.845765 325.211058 451.314120 123.035362
4.679472 2.869095 6.897410 4.679472 2.869095 6.897410 1.673032 0.978930 0.861209 99.783633 347.164842 -71.555424
5.688711 3.510642 7.391334 5.688711 3.510642 7.391334 1.670197 1.145726 0.768669 -109.231795 208.821992 -236.910684
6.659022 4.225633 7.803453 6.659022 4.225633 7.803453 1.543928 1.220854 0.594331 -311.666524 41.604179 -344.217741
7.519806 4.956911 8.093261 7.519806 4.956911 8.093261 1.309568 1.202203 0.363645 -469.532882 -103.774024 -424.736567
8.216643 5.652112 8.234000 8.216643 5.652112 8.234000 1.005908 1.102732 0.103826 -542.665181 -227.795699 -441.326822
8.721795 6.266235 8.220087 8.721795 6.266235 8.220087 0.676743 0.933491 -0.144820 -554.553952 -336.342137 -387.490257
9.029795 6.763435 8.067947 9.029795 6.763435 8.067947 0.352880 0.719920 -0.354812 -524.987558 -375.558948 -312.483946
9.153475 7.129722 7.804555 9.153475 7.129722 7.804555 0.070134 0.504263 -0.513595 -417.499559 -343.298203 -216.792255
9.128817 7.373955 7.464092 9.128817 7.373955 7.464092 -0.138309 0.315627 -0.610087 -277.309491 -285.487560 -104.850380
9.005705 7.517348 7.085495 9.005705 7.517348 7.085495 -0.255749 0.171356 -0.641355 -114.159563 -195.418265 0.625871
8.840791 7.592261 6.704733 8.840791 7.592261 6.704733 -0.278824 0.090480 -0.621289 37.242900 -74.168178 66.259177
8.687532 7.639144 6.347077 8.687532 7.639144 6.347077 -0.219816 0.075703 -0.565576 159.450098 24.914078 119.453215
8.591119 7.695207 6.029102 8.591119 7.695207 6.029102 -0.090270 0.121436 -0.494564 272.369596 127.527408 117.252016
8.588880 7.795220 5.750850 8.588880 7.795220 5.750850 0.087638 0.218933 -0.437306 320.658270 197.463492 73.609104
8.698886 7.962594 5.499485 8.698886 7.962594 5.499485 0.278554 0.339766 -0.404295 315.727898 205.313449 36.427842
8.920984 8.201679 5.259966 8.920984 8.201679 5.259966 0.458666 0.454299 -0.399937 284.647505 176.461837 -21.904236
9.243141 8.501586 5.012756 9.243141 8.501586 5.012756 0.608060 0.537999 -0.429601 213.329944 102.539558 -76.975564
9.642963 8.838197 4.739632 9.642963 8.838197 4.739632 0.718989 0.576294 -0.483328 156.435190 25.109326 -102.111846
10.102515 9.188493 4.431255 10.102515 9.188493 4.431255 0.812850 0.591360 -0.544595 156.435190 25.109326 -102.111846
