-6.701107 4.630656 -2.392200 -6.701107 4.630656 -2.392200 1.603911 0.393606 0.052671 -182.713401 -12.425362 -76.993406
-5.771649 4.864583 -2.374456 -5.771649 4.864583 -2.374456 1.494283 0.386150 0.006475 -182.713401 -12.425362 -76.993406
-4.918166 5.088288 -2.381500 -4.918166 5.088288 -2.381500 1.333665 0.349954 -0.025072 -352.678671 -108.228617 -28.164230
-4.193111 5.273678 -2.398274 -4.193111 5.273678 -2.398274 1.063745 0.259511 -0.025280 -547.056206 -193.250042 27.471854
-3.660474 5.390875 -2.405003 -3.660474 5.390875 -2.405003 0.699813 0.124936 0.008673 -666.049825 -255.331353 85.704869
-3.362660 5.421094 -2.381009 -3.362660 5.421094 -2.381009 0.289259 -0.022177 0.076915 -702.462650 -235.045849 141.765496
-3.313091 5.367802 -2.308895 -3.313091 5.367802 -2.308895 -0.119934 -0.151592 0.164212 -661.515943 -196.337474 149.224977
-3.497151 5.245899 -2.185812 -3.497151 5.245899 -2.185812 -0.481977 -0.247429 0.242223 -545.292996 -123.120068 110.811909
-3.874117 5.081828 -2.023063 -3.874117 5.081828 -2.023063 -0.757288 -0.288563 0.296053 -372.410538 -13.992257 68.621942
-4.382803 4.913623 -1.839507 -4.382803 4.913623 -1.839507 -0.917135 -0.259701 0.305091 -160.413255 110.199648 -38.493426
-4.947653 4.783367 -1.669437 -4.947653 4.783367 -1.669437 -0.941853 -0.164940 0.251711 78.019149 205.667745 -139.440172
-5.484931 4.726857 -1.551058 -5.484931 4.726857 -1.551058 -0.826092 -0.014366 0.130305 307.853471 296.246324 -265.247940
-5.913205 4.773072 -1.525762 -5.913205 4.773072 -1.525762 -0.581540 0.170930 -0.054553 507.316794 321.406436 -350.944575
-6.162872 4.931700 -1.626386 -6.162872 4.931700 -1.626386 -0.237449 0.354860 -0.288733 639.653708 291.696317 -429.655342
-6.190204 5.197122 -1.876964 -6.190204 5.197122 -1.876964 0.146343 0.529878 -0.546526 639.653708 291.696317 -429.655342
