-4.052224 -6.056737 -9.338570 -4.052224 -6.056737 -9.338570 1.056169 1.047567 1.167804 -276.850724 157.213783 257.822551
-3.468356 -5.399899 -8.591480 -3.468356 -5.399899 -8.591480 0.890058 1.141895 1.322498 -276.850724 157.213783 257.822551
-2.983928 -4.694628 -7.758940 -2.983928 -4.694628 -7.758940 0.725075 1.195400 1.440354 -273.093749 21.134158 135.031324
-2.594439 -3.984560 -6.878702 -2.594439 -3.984560 -6.878702 0.579228 1.153199 1.479975 -213.063722 -161.802604 -2.960985
-2.279161 -3.330331 -5.997187 -2.279161 -3.330331 -5.997187 0.481851 1.013287 1.448513 -111.524804 -304.570579 -101.911670
-2.002938 -2.782975 -5.150465 -2.002938 -2.782975 -5.150465 0.450873 0.801576 1.367155 8.265155 -401.134520 -169.282852
-1.719864 -2.375862 -4.362547 -1.719864 -2.375862 -4.362547 0.511145 0.552753 1.256068 192.639623 -428.272917 -201.005304
-1.369250 -2.119418 -3.643423 -1.369250 -2.119418 -3.643423 0.672987 0.305195 1.143782 346.833822 -396.920587 -173.282127
-0.894887 -2.003511 -2.985123 -0.894887 -2.003511 -2.985123 0.921794 0.088219 1.055924 482.523672 -326.332889 -119.579266
-0.248801 -2.002290 -2.369445 -0.248801 -2.002290 -2.369445 1.242082 -0.072432 1.002412 585.103543 -209.172136 -58.792796
0.604838 -2.075298 -1.775267 0.604838 -2.075298 -1.775267 1.608500 -0.157423 0.983705 636.288557 -74.130099 -3.564932
1.683219 -2.175048 -1.182366 1.683219 -2.175048 -1.182366 1.984022 -0.161668 0.998164 615.454016 59.978614 51.762815
2.979447 -2.254648 -0.572475 2.979447 -2.254648 -0.572475 2.328459 -0.092656 1.037598 532.667455 170.060884 79.683798
4.462897 -2.274653 0.063358 4.462897 -2.274653 0.063358 2.600528 0.034270 1.080063 374.228893 253.028638 61.866398
6.078344 -2.206062 0.720374 6.078344 -2.206062 0.720374 2.763914 0.198508 1.106394 170.393125 294.429768 25.903680
7.754165 -2.035063 1.384430 7.754165 -2.035063 1.384430 2.800155 0.369646 1.099723 -49.590111 276.030525 -48.139591
9.411602 -1.767301 2.029842 9.411602 -1.767301 2.029842 2.701754 0.516709 1.042052 -278.412900 214.177762 -144.098730
10.969650 -1.423663 2.624303 10.969650 -1.423663 2.624303 2.470252 0.620521 0.931429 -493.262379 131.864486 -224.643510
12.353729 -1.033849 3.138456 12.353729 -1.033849 3.138456 2.127872 0.668469 0.775302 -648.003952 27.961431 -295.779468
13.507936 -0.634354 3.547769 13.507936 -0.634354 3.547769 1.709691 0.652148 0.584694 -745.933154 -82.365683 -339.582762
14.398466 -0.263285 3.837384 14.398466 -0.263285 3.837384 1.257050 0.575760 0.380561 -762.869322 -172.258455 -340.859163
15.018834 0.048860 4.007685 15.018834 0.048860 4.007685 0.816603 0.460879 0.192644 -705.287437 -210.681357 -285.532735
15.390280 0.287215 4.078322 15.390280 0.287215 4.078322 0.435611 0.333224 0.053558 -564.685523 -214.832544 -178.087386
15.560992 0.450191 4.086704 15.560992 0.450191 4.086704 0.151743 0.212879 -0.011782 -381.542208 -186.318647 -39.712734
15.596164 0.548631 4.083027 15.596164 0.548631 4.083027 -0.013165 0.122340 0.017094 -168.151034 -115.479387 135.968702
15.570773 0.608095 4.128202 15.570773 0.608095 4.128202 -0.050181 0.087286 0.150898 44.766153 -1.367406 310.044009
15.561774 0.667753 4.283490 15.561774 0.667753 4.283490 0.041937 0.124130 0.381627 262.292223 124.182092 459.053343
15.644164 0.771495 4.602522 15.644164 0.771495 4.602522 0.249392 0.233192 0.694191 429.225163 239.356703 582.826587
15.877462 0.960119 5.127650 15.877462 0.960119 5.127650 0.538937 0.404930 1.062407 535.924022 333.103748 644.560051
16.299523 1.265964 5.880649 16.299523 1.265964 5.880649 0.871652 0.619436 1.446816 573.127698 381.916706 636.801235
16.924797 1.705560 6.859278 16.924797 1.705560 6.859278 1.211131 0.844533 1.808470 558.468624 368.407807 568.713194
17.746395 2.275629 8.038103 17.746395 2.275629 8.038103 1.518186 1.050756 2.106574 465.048081 319.000027 424.965833
18.733614 2.957846 9.366427 18.733614 2.957846 9.366427 1.760208 1.213875 2.300983 341.690850 224.730380 223.064605
19.841991 3.717640 10.773527 19.841991 3.717640 10.773527 1.918962 1.303803 2.366612 187.489126 75.029469 -4.299162
21.017269 4.503587 12.178648 21.017269 4.503587 12.178648 1.982218 1.299620 2.293670 23.364892 -88.972592 -238.841985
22.202596 5.257345 13.499017 22.202596 5.257345 13.499017 1.955190 1.196242 2.086160 -113.460237 -255.619858 -452.859199
23.349211 5.920202 14.658783 23.349211 5.920202 14.658783 1.856736 0.998487 1.762366 -214.718501 -403.563643 -626.454134
24.419914 6.441013 15.596911 24.419914 6.441013 15.596911 1.704455 0.728151 1.353844 -292.885683 -497.557342 -735.285313
25.388421 6.785476 16.274550 25.388421 6.785476 16.274550 1.521495 0.415281 0.901092 -316.980181 -545.341596 -773.887032
26.246476 6.937599 16.678513 26.246476 6.937599 16.678513 1.342376 0.093655 0.449797 -280.081567 -526.744496 -730.429538
27.003915 6.903827 16.823494 27.003915 6.903827 16.823494 1.186467 -0.198149 0.044443 -239.615889 -445.934990 -620.750812
27.677036 6.712915 16.749169 27.677036 6.712915 16.749169 1.064557 -0.424479 -0.274288 -166.752482 -308.498992 -441.686363
28.290059 6.414438 16.518818 28.290059 6.414438 16.518818 0.986025 -0.550877 -0.470674 -95.017925 -112.826719 -212.932853
28.867557 6.072861 16.208641 28.867557 6.072861 16.208641 0.943944 -0.572285 -0.545656 -45.252265 41.465240 -37.009053
29.425778 5.736954 15.874586 29.425778 5.736954 15.874586 0.916793 -0.547406 -0.567862 -45.252265 41.465240 -37.009053
