5.232247 -5.162130 5.964119 5.232247 -5.162130 5.964119 -1.043370 -0.185514 -0.356297 584.567227 271.725674 -152.012945
4.711447 -5.224528 5.722978 4.711447 -5.224528 5.722978 -0.692630 -0.022478 -0.447505 584.567227 271.725674 -152.012945
4.405306 -5.185128 5.437780 4.405306 -5.185128 5.437780 -0.320815 0.160438 -0.485376 654.816100 337.995018 25.774385
4.334101 -5.027967 5.165523 4.334101 -5.027967 5.165523 0.089160 0.363531 -0.398266 711.768565 338.983687 264.594365
4.511596 -4.751058 4.986749 4.511596 -4.751058 4.986749 0.495624 0.555785 -0.176714 643.110996 301.861548 473.910435
4.917604 -4.369674 4.974416 4.917604 -4.369674 4.974416 0.845861 0.704793 0.149590 524.343615 194.830959 613.772367
5.509386 -3.919216 5.179443 5.509386 -3.919216 5.179443 1.109885 0.784256 0.541822 355.739392 70.047636 693.665047
6.227134 -3.445164 5.630758 6.227134 -3.445164 5.630758 1.262244 0.780733 0.964831 152.123387 -81.792007 716.365114
6.999527 -3.000659 6.334385 6.999527 -3.000659 6.334385 1.291840 0.685596 1.373564 -53.471532 -235.329666 646.080411
7.753392 -2.638180 7.264735 7.753392 -2.638180 7.264735 1.201691 0.511799 1.710798 -247.023617 -343.994737 478.031473
8.421608 -2.398240 8.368435 8.421608 -2.398240 8.368435 1.011803 0.279299 1.953497 -385.938053 -431.004863 330.964876
8.959221 -2.308242 9.600107 8.959221 -2.308242 9.600107 0.780240 0.020696 2.152076 -385.938053 -431.004863 330.964876
