-10.136359 -2.026260 9.667290 -10.136359 -2.026260 9.667290 -0.890875 0.450328 1.443979 430.878847 219.033338 -470.403943
-10.593325 -1.716638 10.449004 -10.593325 -1.716638 10.449004 -0.632347 0.581748 1.161737 430.878847 219.033338 -470.403943
-10.886406 -1.333753 11.056341 -10.886406 -1.333753 11.056341 -0.329973 0.685219 0.854332 577.035253 125.869364 -554.277679
-10.971019 -0.906433 11.464144 -10.971019 -0.906433 11.464144 0.063770 0.728403 0.496635 735.443157 18.077271 -638.044622
-10.797397 -0.472909 11.645893 -10.797397 -0.472909 11.645893 0.519938 0.705391 0.106886 785.114295 -94.784307 -661.120739
-10.345868 -0.070981 11.595293 -10.345868 -0.070981 11.595293 0.982235 0.627294 -0.268436 755.876512 -165.536682 -589.952816
-9.625964 0.273077 11.335489 -9.625964 0.273077 11.335489 1.408287 0.515361 -0.585163 664.297134 -207.574132 -465.802185
-8.670516 0.543374 10.912340 -8.670516 0.543374 10.912340 1.761375 0.383035 -0.805678 512.661510 -233.514234 -269.248675
-7.533281 0.733816 10.392860 -7.533281 0.733816 10.392860 2.009628 0.256197 -0.905269 314.848836 -189.277079 -62.719952
-6.284116 0.859108 9.851615 -6.284116 0.859108 9.851615 2.132112 0.170849 -0.876873 93.433087 -95.215784 157.372363
-4.999995 0.949833 9.367406 -4.999995 0.949833 9.367406 2.128354 0.140490 -0.714512 -105.961975 -5.980886 383.829072
-3.751899 1.041168 9.017421 -3.751899 1.041168 9.017421 2.015562 0.177489 -0.436045 -270.011332 129.311061 544.397184
-2.599380 1.177533 8.861456 -2.599380 1.177533 8.861456 1.812473 0.288051 -0.071059 -406.950658 239.227751 672.222685
-1.588819 1.397234 8.941794 -1.588819 1.397234 8.941794 1.549944 0.450637 0.342143 -468.146471 302.727227 705.117257
-0.742720 1.725144 9.272516 -0.742720 1.725144 9.272516 1.271051 0.647453 0.757789 -461.497616 353.325574 680.367077
-0.061052 2.177108 9.842476 -0.061052 2.177108 9.842476 1.004691 0.858917 1.130110 -426.367166 351.552487 560.702926
0.471025 2.751304 10.610616 0.471025 2.751304 10.610616 0.778908 1.047681 1.412269 -326.242231 277.660674 379.828687
0.887693 3.423496 11.513951 0.887693 3.423496 11.513951 0.623396 1.182303 1.578189 -192.133730 171.081895 173.236198
1.234172 4.155024 12.479109 1.234172 4.155024 12.479109 0.543244 1.241705 1.617445 -75.037037 26.922361 -42.383010
1.553096 4.894903 13.428581 1.553096 4.894903 13.428581 0.530645 1.207913 1.525185 33.038615 -139.563045 -265.150575
1.883947 5.585066 14.284015 1.883947 5.585066 14.284015 0.583054 1.076856 1.306345 141.658499 -297.292192 -464.315798
2.262499 6.169254 14.976957 2.262499 6.169254 14.976957 0.684151 0.856415 0.991316 195.331390 -437.509822 -585.778848
2.707871 6.601032 15.462293 2.707871 6.601032 15.462293 0.799961 0.577314 0.619781 190.701904 -492.828541 -652.672564
3.222174 6.858711 15.716680 3.222174 6.858711 15.716680 0.914382 0.281617 0.228177 190.701904 -492.828541 -652.672564
