-5.494328 -0.438317 -4.918685 -5.494328 -0.438317 -4.918685 1.040085 1.134312 1.519761 1.034403 -61.903834 3.822493
-4.870091 0.231127 -4.006140 -4.870091 0.231127 -4.006140 1.040705 1.097170 1.522055 1.034403 -61.903834 3.822493
-4.252599 0.872578 -3.096924 -4.252599 0.872578 -3.096924 1.005738 1.031486 1.500823 -117.592184 -157.040573 -74.594388
-3.677889 1.456843 -2.214699 -3.677889 1.456843 -2.214699 0.897354 0.905465 1.431859 -243.688012 -263.030297 -155.286744
-3.186393 1.950201 -1.383452 -3.186393 1.950201 -1.383452 0.735877 0.734772 1.339104 -294.567657 -305.946505 -153.897282
-2.798043 2.337395 -0.605863 -2.798043 2.337395 -0.605863 0.558365 0.558209 1.255907 -297.139173 -282.596848 -123.424991
-2.514359 2.624762 0.127510 -2.514359 2.624762 0.127510 0.390834 0.405197 1.192077 -261.299120 -227.444308 -89.342621
-2.323504 2.831497 0.830491 -2.323504 2.831497 0.830491 0.250996 0.291512 1.157556 -204.826791 -151.503238 -25.727578
-2.204025 2.985710 1.523967 -2.204025 2.985710 1.523967 0.156851 0.233492 1.159987 -108.990658 -41.898563 33.830471
-2.123905 3.124878 2.228253 -2.123905 3.124878 2.228253 0.119600 0.241429 1.191305 -15.179261 68.357276 70.565345
-2.051920 3.286863 2.956320 -2.051920 3.286863 2.956320 0.125278 0.306559 1.236555 34.106113 148.740800 80.267198
-1.967983 3.500868 3.711120 -1.967983 3.500868 3.711120 0.158896 0.412286 1.276809 77.956103 203.683066 53.911755
-1.857592 3.785209 4.483304 -1.857592 3.785209 4.483304 0.210776 0.536028 1.291129 94.974718 208.791149 -6.178453
-1.715721 4.142644 5.252271 -1.715721 4.142644 5.252271 0.259314 0.652478 1.264429 66.821081 179.373394 -82.820618
-1.551506 4.561714 5.989470 -1.551506 4.561714 5.989470 0.282399 0.736584 1.181986 10.128241 100.982498 -191.991365
-1.384167 5.015750 6.657508 -1.384167 5.015750 6.657508 0.268856 0.766717 1.033817 -55.270369 -0.541309 -301.903028
-1.236681 5.468270 7.219605 -1.236681 5.468270 7.219605 0.216301 0.729328 0.833421 -119.913806 -124.086159 -366.084445
-1.131812 5.876975 7.650900 -1.131812 5.876975 7.650900 0.127718 0.622095 0.599459 -175.364383 -233.357010 -413.788515
-1.087951 6.202701 7.935814 -1.087951 6.202701 7.935814 0.016475 0.454445 0.349786 -195.443493 -325.477479 -418.455239
-1.112020 6.414090 8.073891 -1.112020 6.414090 8.073891 -0.094662 0.245697 0.116348 -175.015985 -370.350121 -359.669765
-1.196254 6.495103 8.085319 -1.196254 6.495103 8.085319 -0.179339 0.024776 -0.067653 -107.238878 -366.053612 -253.669078
-1.316886 6.447037 8.009096 -1.316886 6.447037 8.009096 -0.212308 -0.180063 -0.169709 -2.658513 -316.741832 -86.518311
-1.436208 6.288972 7.903391 -1.436208 6.288972 7.903391 -0.171198 -0.335175 -0.163150 139.692014 -200.298411 108.381918
-1.506452 6.059274 7.834125 -1.506452 6.059274 7.834125 -0.050729 -0.418054 -0.052542 261.870052 -75.964194 260.312963
-1.489753 5.794768 7.849457 -1.489753 5.794768 7.849457 0.106393 -0.463632 0.103646 261.870052 -75.964194 260.312963
