-3.367391 1.175921 -3.176959 -3.367391 1.175921 -3.176959 2.072930 0.001292 1.512500 -55.666846 -196.438940 -383.483574
-2.133653 1.141337 -2.338486 -2.133653 1.141337 -2.338486 2.039530 -0.116571 1.282410 -55.666846 -196.438940 -383.483574
-0.927414 1.033047 -1.643294 -0.927414 1.033047 -1.643294 1.968837 -0.249373 1.026185 -179.976557 -246.233216 -470.600862
0.213173 0.839286 -1.116997 0.213173 0.839286 -1.116997 1.819251 -0.396193 0.720296 -318.641954 -243.166838 -549.027622
1.239158 0.560744 -0.783516 1.239158 0.560744 -0.783516 1.587016 -0.527374 0.391521 -455.475598 -194.103048 -546.890805
2.104398 0.214181 -0.643437 2.104398 0.214181 -0.643437 1.288810 -0.619836 0.081422 -538.545393 -114.105107 -486.772922
2.779974 -0.171561 -0.674939 2.779974 -0.171561 -0.674939 0.961822 -0.654805 -0.174324 -551.414387 -2.458453 -365.710928
3.260079 -0.556237 -0.834766 3.260079 -0.556237 -0.834766 0.642308 -0.613033 -0.340775 -513.631059 141.700155 -189.128289
3.559088 -0.891781 -1.060573 3.559088 -0.891781 -1.060573 0.364517 -0.494162 -0.390744 -412.341204 254.536246 22.565058
3.712719 -1.136812 -1.277547 3.712719 -1.136812 -1.277547 0.162823 -0.313190 -0.310151 -259.969553 348.705000 246.078260
3.776245 -1.258329 -1.407345 3.776245 -1.258329 -1.407345 0.069976 -0.085818 -0.102513 -49.523449 409.201647 446.050222
3.821780 -1.236325 -1.378387 3.821780 -1.236325 -1.378387 0.102581 0.158894 0.216003 158.206828 406.502741 615.667172
3.924472 -1.070850 -1.131714 3.924472 -1.070850 -1.131714 0.260838 0.387637 0.616660 369.316535 355.975499 719.857725
4.158611 -0.780573 -0.630072 4.158611 -0.780573 -0.630072 0.538222 0.569316 1.058931 555.298083 249.621908 754.379899
4.589484 -0.402655 0.138438 4.589484 -0.402655 0.138438 0.911331 0.676072 1.498373 688.398048 106.229241 710.426096
5.263034 0.011566 1.157850 5.263034 0.011566 1.157850 1.338573 0.687090 1.887189 735.741580 -69.500811 585.626042
6.196227 0.401126 2.382829 6.196227 0.401126 2.382829 1.768096 0.594469 2.174829 696.002524 -239.235690 373.176283
7.377990 0.706831 3.744827 7.377990 0.706831 3.744827 2.163824 0.411361 2.348376 623.091283 -371.125600 205.311363
8.788441 0.886845 5.190808 8.788441 0.886845 5.190808 2.537679 0.188686 2.471563 623.091283 -371.125600 205.311363
