4.053000 -6.601972 4.874063 4.053000 -6.601972 4.874063 -0.173477 0.272901 0.998445 -457.847266 478.203718 19.702145
3.866501 -6.352154 5.476676 3.866501 -6.352154 5.476676 -0.448185 0.559823 1.010267 -457.847266 478.203718 19.702145
3.521643 -5.937432 6.086153 3.521643 -5.937432 6.086153 -0.690570 0.810506 1.020938 -350.102185 357.403743 15.868474
3.054647 -5.396541 6.697546 3.054647 -5.396541 6.697546 -0.848810 0.976222 1.010332 -177.363919 194.983198 -51.221997
2.524124 -4.786393 7.289680 2.524124 -4.786393 7.289680 -0.901784 1.039803 0.955373 0.781454 16.953432 -131.973600
1.991466 -4.170263 7.834420 1.991466 -4.170263 7.834420 -0.859959 0.995955 0.852542 138.637197 -163.113344 -210.798121
1.507022 -3.610609 8.303179 1.507022 -3.610609 8.303179 -0.743889 0.855295 0.701955 248.260865 -305.752945 -291.156987
1.108401 -3.157776 8.668570 1.108401 -3.157776 8.668570 -0.579805 0.645304 0.510391 298.686852 -394.217702 -347.391019
0.814813 -2.843562 8.911553 0.814813 -2.843562 8.911553 -0.397936 0.398730 0.298350 307.543639 -427.695841 -359.412330
0.630420 -2.679810 9.028029 0.630420 -2.679810 9.028029 -0.218358 0.149607 0.093505 291.050143 -402.711460 -323.401782
0.547799 -2.658575 9.030259 0.547799 -2.658575 9.030259 -0.063708 -0.072229 -0.078840 224.450358 -336.742035 -251.081840
0.545060 -2.755625 8.945450 0.545060 -2.755625 8.945450 0.046388 -0.239769 -0.191043 142.533341 -221.727156 -122.930392
0.594226 -2.930392 8.818612 0.594226 -2.930392 8.818612 0.110294 -0.327775 -0.215224 70.486663 -71.623727 42.327670
0.669759 -3.131875 8.706597 0.669759 -3.131875 8.706597 0.135933 -0.330378 -0.142323 14.978256 62.945579 200.674930
0.752022 -3.312456 8.667387 0.752022 -3.312456 8.667387 0.134957 -0.261035 0.028395 -18.230977 168.199100 368.386054
0.829519 -3.433659 8.758784 0.829519 -3.433659 8.758784 0.123038 -0.134403 0.289678 -21.498400 253.906106 502.557566
0.901252 -3.465808 9.027836 0.901252 -3.465808 9.027836 0.119038 0.031886 0.615137 8.162509 300.392395 582.306861
0.978250 -3.393108 9.503488 0.978250 -3.393108 9.503488 0.144464 0.209613 0.973292 76.592143 292.029832 611.543595
1.083287 -3.217638 10.193929 1.083287 -3.217638 10.193929 0.213282 0.370514 1.322157 152.801666 244.306467 551.336914
1.243016 -2.956954 11.079687 1.243016 -2.956954 11.079687 0.326238 0.489101 1.619074 223.719179 150.984747 438.389034
1.482219 -2.642910 12.119950 1.482219 -2.642910 12.119950 0.476425 0.546719 1.831650 276.903016 41.075352 270.197115
1.819022 -2.313461 13.254551 1.819022 -2.313461 13.254551 0.648090 0.541484 1.928648 295.314257 -58.526098 53.127173
2.260142 -2.004252 14.406563 2.260142 -2.004252 14.406563 0.820827 0.480636 1.886827 280.475849 -144.301165 -192.528098
2.799554 -1.745334 15.490957 2.799554 -1.745334 15.490957 0.971259 0.376606 1.706071 220.964364 -202.465008 -409.991309
3.415850 -1.556163 16.430385 3.415850 -1.556163 16.430385 1.072673 0.253385 1.407995 117.080980 -208.272281 -583.596111
4.072223 -1.439806 17.161301 4.072223 -1.439806 17.161301 1.101395 0.137495 1.013671 -21.341181 -178.028648 -730.818336
4.719706 -1.385344 17.633813 4.719706 -1.385344 17.633813 1.041028 0.050728 0.554463 -179.881781 -111.193664 -799.874292
5.302853 -1.367964 17.823895 5.302853 -1.367964 17.823895 0.887646 0.018805 0.081444 -331.392145 4.784083 -776.854995
5.768508 -1.348607 17.738949 5.768508 -1.348607 17.738949 0.652398 0.057740 -0.354563 -452.766459 125.000392 -676.502378
6.073528 -1.285423 17.413688 6.073528 -1.285423 17.413688 0.356136 0.162939 -0.714226 -534.774801 225.661356 -522.375284
6.189224 -1.140920 16.902817 6.189224 -1.140920 16.902817 0.026641 0.328937 -0.969191 -563.542514 327.664364 -327.508044
6.106363 -0.880661 16.275205 6.106363 -0.880661 16.275205 -0.298524 0.545123 -1.101427 -520.338936 392.957118 -113.279550
5.840789 -0.483227 15.608129 5.840789 -0.483227 15.608129 -0.574721 0.779036 -1.098538 -400.318479 386.751298 122.909638
5.433657 0.050374 14.982506 5.433657 0.050374 14.982506 -0.766124 0.993912 -0.967911 -237.692211 329.503529 312.515181
4.943065 0.700043 14.465465 4.943065 0.700043 14.465465 -0.849405 1.161666 -0.743140 -39.909765 229.677812 436.721301
4.439910 1.429870 14.104251 4.439910 1.429870 14.104251 -0.804991 1.256903 -0.450806 187.954650 87.776077 537.725006
4.004542 2.190632 13.930507 4.004542 2.190632 13.930507 -0.623245 1.263670 -0.128424 417.867404 -65.217587 536.880565
3.717085 2.927571 13.947226 3.717085 2.927571 13.947226 -0.316155 1.176918 0.179382 605.764365 -223.956078 489.139663
3.643858 3.583999 14.137962 3.643858 3.583999 14.137962 0.084448 0.995493 0.448173 729.580667 -380.793979 406.830822
3.829671 4.106364 14.471422 3.829671 4.106364 14.471422 0.541290 0.735078 0.648907 793.223786 -487.255373 262.283811
4.296673 4.457052 14.898349 4.296673 4.457052 14.898349 1.014465 0.429457 0.758137 784.028610 -531.482425 101.816465
5.041085 4.620368 15.363434 5.041085 4.620368 15.363434 1.457919 0.117113 0.778604 694.149493 -509.663355 -33.593150
6.031087 4.603543 15.818013 6.031087 4.603543 15.818013 1.825931 -0.165451 0.725762 532.557494 -432.218331 -142.546930
7.209085 4.435322 16.222598 7.209085 4.435322 16.222598 2.078358 -0.380537 0.614166 308.865960 -284.732508 -229.439821
8.500052 4.164511 16.547281 8.500052 4.164511 16.547281 2.205460 -0.507564 0.463913 114.806870 -138.692101 -271.405496
9.843993 3.835008 16.776775 9.843993 3.835008 16.776775 2.274344 -0.590779 0.301069 114.806870 -138.692101 -271.405496
