7.651782 -5.160043 11.608570 7.651782 -5.160043 11.608570 -0.754213 0.713973 0.719405 -172.910332 -126.170260 -720.847933
7.168131 -4.754370 11.910460 7.168131 -4.754370 11.910460 -0.857960 0.638271 0.286896 -172.910332 -126.170260 -720.847933
6.631516 -4.397922 11.955126 6.631516 -4.397922 11.955126 -0.915279 0.543549 -0.134207 -18.154614 -189.567696 -682.828062
6.089483 -4.108749 11.756435 6.089483 -4.108749 11.756435 -0.874159 0.415635 -0.520197 155.221546 -236.815453 -603.804529
5.599238 -3.899827 11.345684 5.599238 -3.899827 11.345684 -0.749474 0.284385 -0.832219 260.394160 -200.683458 -436.270382
5.200457 -3.761067 10.779654 5.200457 -3.761067 10.779654 -0.573078 0.185237 -1.034831 327.592323 -129.808861 -239.104183
4.916381 -3.668758 10.129778 4.916381 -3.668758 10.129778 -0.372498 0.130016 -1.107982 341.009927 -54.260225 -4.730952
4.751865 -3.594271 9.478571 4.751865 -3.594271 9.478571 -0.179889 0.128679 -1.038653 301.020216 49.800854 235.829030
4.694682 -3.501693 8.910232 4.694682 -3.501693 8.910232 -0.016445 0.190592 -0.835141 243.792827 156.577917 442.541355
4.723888 -3.354514 8.498017 4.723888 -3.354514 8.498017 0.105785 0.307737 -0.523555 163.639721 233.904870 596.080474
4.811162 -3.125656 8.295931 4.811162 -3.125656 8.295931 0.175709 0.458646 -0.142142 69.439629 269.125044 675.296915
4.924642 -2.801983 8.333185 4.924642 -2.801983 8.333185 0.195150 0.620333 0.267962 -4.636639 269.832384 691.714491
5.038268 -2.384396 8.615331 5.038268 -2.384396 8.615331 0.179222 0.766317 0.667293 -48.456762 216.781492 639.388669
5.136415 -1.891409 9.122458 5.136415 -1.891409 9.122458 0.146827 0.867266 1.009232 -59.524343 119.715383 500.409400
5.215291 -1.356175 9.807871 5.215291 -1.356175 9.807871 0.118585 0.905724 1.258481 -34.618051 8.476240 330.418930
5.282910 -0.819528 10.608839 5.282910 -0.819528 10.608839 0.111310 0.869245 1.388755 10.369890 -130.074017 103.828580
5.355818 -0.329026 11.447763 5.355818 -0.329026 11.447763 0.138809 0.753041 1.385962 81.292333 -257.272841 -113.139150
5.457971 0.070902 12.248030 5.457971 0.070902 12.248030 0.208759 0.570740 1.263352 151.874183 -350.396975 -295.559574
5.613458 0.346813 12.943342 5.613458 0.346813 12.943342 0.314355 0.343198 1.038524 200.113633 -408.076260 -453.867643
5.839949 0.479324 13.479030 5.839949 0.479324 13.479030 0.443710 0.098580 0.737549 231.069574 -407.315754 -549.380722
6.146884 0.468782 13.820426 6.146884 0.468782 13.820426 0.577933 -0.127674 0.396700 216.341236 -346.864157 -586.784163
6.529288 0.336416 13.954202 6.529288 0.336416 13.954202 0.691250 -0.302422 0.051513 161.380312 -235.630653 -563.838622
6.967116 0.121020 13.889389 6.967116 0.121020 13.889389 0.758228 -0.401446 -0.257939 61.880119 -94.447666 -467.668376
7.426142 -0.126533 13.657343 7.426142 -0.126533 13.657343 0.760113 -0.406539 -0.504051 -55.597004 77.469847 -352.704718
7.863858 -0.345647 13.298873 7.863858 -0.345647 13.298873 0.685032 -0.305732 -0.678440 -194.672860 258.553834 -228.591009
8.231194 -0.473799 12.859565 8.231194 -0.473799 12.859565 0.525017 -0.106863 -0.771081 -338.710839 404.344167 -80.211860
8.478613 -0.459008 12.389238 8.478613 -0.459008 12.389238 0.288677 0.166376 -0.785412 -449.089497 506.452265 32.439903
8.566703 -0.264651 11.929577 8.566703 -0.264651 11.929577 -0.002179 0.487098 -0.737214 -520.429564 562.621330 128.221450
8.470321 0.128146 11.512238 8.470321 0.128146 11.512238 -0.321422 0.821003 -0.650733 -543.713657 550.393527 160.047934
8.183090 0.714853 11.151069 8.183090 0.714853 11.151069 -0.630196 1.126411 -0.552395 -485.532060 467.633902 167.744995
7.725661 1.465375 10.848200 7.725661 1.465375 10.848200 -0.881095 1.359497 -0.459877 -350.800067 309.319692 140.649326
7.141313 2.327797 10.593779 7.141313 2.327797 10.593779 -1.054309 1.500317 -0.394547 -226.577580 160.079357 77.116426
6.467944 3.256801 10.370932 6.467944 3.256801 10.370932 -1.190255 1.596364 -0.348277 -226.577580 160.079357 77.116426
