10.187952 -4.659494 -6.393327 10.187952 -4.659494 -6.393327 1.219880 0.467783 0.274105 -14.851465 504.645241 -182.314011
10.917207 -4.287988 -6.261681 10.917207 -4.287988 -6.261681 1.210970 0.770571 0.164717 -14.851465 504.645241 -182.314011
11.637278 -3.737396 -6.188731 11.637278 -3.737396 -6.188731 1.182873 1.060427 0.090007 -78.804238 461.543565 -66.716851
12.326636 -3.026231 -6.138846 12.326636 -3.026231 -6.138846 1.104685 1.296505 0.089428 -181.823067 325.382270 64.785794
12.952314 -2.199879 -6.069730 12.952314 -2.199879 -6.069730 0.973568 1.441138 0.147289 -255.233117 156.728550 128.083145
13.484625 -1.318038 -5.954950 13.484625 -1.318038 -5.954950 0.790989 1.479908 0.240896 -353.362049 -27.496234 183.940455
13.893179 -0.446580 -5.776955 13.893179 -0.446580 -5.776955 0.566798 1.405724 0.353002 -393.942723 -219.784448 189.747221
14.161041 0.347326 -5.533697 14.161041 0.347326 -5.533697 0.323897 1.224016 0.453362 -415.725774 -385.909062 144.783942
14.283002 1.005541 -5.238252 14.283002 1.005541 -5.238252 0.086729 0.958816 0.527066 -374.836050 -498.089872 100.897675
14.272854 1.487274 -4.907795 14.272854 1.487274 -4.907795 -0.111745 0.640463 0.567882 -286.742731 -563.087448 35.154221
14.161934 1.770914 -4.564113 14.161934 1.770914 -4.564113 -0.245086 0.306197 0.572104 -157.727354 -551.131016 -21.078571
13.995865 1.859137 -4.226307 13.995865 1.859137 -4.226307 -0.292854 -0.005936 0.551142 -1.499955 -489.312107 -48.795059
13.831854 1.775454 -3.905547 13.831854 1.775454 -3.905547 -0.233898 -0.259751 0.516156 198.020142 -356.738010 -67.826134
13.737144 1.564353 -3.606375 13.737144 1.564353 -3.606375 -0.065163 -0.428984 0.483894 364.429214 -207.372175 -39.714502
13.771082 1.281991 -3.318977 13.771082 1.281991 -3.318977 0.190688 -0.491631 0.481120 488.407843 -1.452342 30.470500
13.979439 0.997982 -3.018322 13.979439 0.997982 -3.018322 0.513888 -0.436347 0.531893 588.924782 185.734301 138.771917
14.396087 0.777361 -2.669593 14.396087 0.777361 -2.669593 0.878789 -0.286132 0.638226 627.414301 314.982352 215.670342
15.036295 0.662379 -2.247837 15.036295 0.662379 -2.247837 1.255238 -0.097142 0.767628 627.414301 314.982352 215.670342
