-2.952089 1.279429 4.181607 -2.952089 1.279429 4.181607 1.137149 -0.077792 -0.093491 -418.020242 -500.482249 278.600058
-2.345044 1.142667 4.175660 -2.345044 1.142667 4.175660 0.886337 -0.378082 0.073669 -418.020242 -500.482249 278.600058
-1.887674 0.830377 4.270606 -1.887674 0.830377 4.270606 0.639582 -0.655140 0.243809 -404.497117 -423.045185 288.533118
-1.572467 0.369773 4.468275 -1.572467 0.369773 4.468275 0.418219 -0.865828 0.414168 -333.378293 -279.248461 279.328703
-1.373364 -0.190220 4.763271 -1.373364 -0.190220 4.763271 0.259090 -0.984533 0.562845 -197.051682 -116.435531 216.260754
-1.242139 -0.791524 5.133611 -1.242139 -0.791524 5.133611 0.197064 -1.002519 0.661129 -9.703458 56.482319 111.354499
-1.114527 -1.374144 5.541920 -1.114527 -1.374144 5.541920 0.246840 -0.925009 0.685883 175.625400 201.884126 -28.842963
-0.922915 -1.885997 5.937841 -0.922915 -1.885997 5.937841 0.411696 -0.769813 0.616493 373.893137 315.438588 -202.456888
-0.599067 -2.287177 6.261539 -0.599067 -2.287177 6.261539 0.683678 -0.560905 0.446241 532.713756 380.918471 -365.049312
-0.085837 -2.553989 6.455701 -0.085837 -2.553989 6.455701 1.038981 -0.326523 0.187843 651.632094 400.356696 -496.278356
0.658589 -2.680192 6.472781 0.658589 -2.680192 6.472781 1.448678 -0.098078 -0.141404 714.023846 361.125266 -601.209496
1.655373 -2.678920 6.276636 1.655373 -2.678920 6.276636 1.872356 0.094182 -0.517551 698.234281 279.741907 -652.614060
2.898970 -2.578757 5.850553 2.898970 -2.578757 5.850553 2.263802 0.228525 -0.899530 606.586360 168.069402 -620.648353
4.357360 -2.419488 5.205704 4.357360 -2.419488 5.205704 2.582373 0.288877 -1.238991 455.318837 33.102516 -510.890611
5.975532 -2.246806 4.379238 5.975532 -2.246806 4.379238 2.789514 0.275725 -1.501084 235.149714 -76.942104 -362.753309
7.677100 -2.100237 3.425060 7.677100 -2.100237 3.425060 2.858270 0.204475 -1.659894 -5.964112 -160.556945 -166.611156
9.378088 -2.009243 2.413408 9.378088 -2.009243 2.413408 2.790187 0.094191 -1.688488 -220.976687 -207.058193 71.298034
10.999025 -1.990725 1.427212 10.999025 -1.990725 1.427212 2.590606 -0.033679 -1.575394 -444.294098 -219.172622 305.680295
12.462802 -2.047842 0.548534 12.462802 -2.047842 0.548534 2.270960 -0.152475 -1.334306 -621.192696 -176.815970 497.947733
13.708105 -2.166460 -0.152559 13.708105 -2.166460 -0.152559 1.870950 -0.235091 -0.986239 -712.175016 -98.571428 662.273985
14.701139 -2.318887 -0.619431 14.701139 -2.318887 -0.619431 1.436927 -0.262383 -0.560562 -734.567518 7.598610 756.649133
15.434495 -2.469378 -0.819938 15.434495 -2.469378 -0.819938 1.013294 -0.229967 -0.108406 -677.542583 100.455417 750.537709
15.926446 -2.583010 -0.753798 15.926446 -2.583010 -0.753798 0.636427 -0.138363 0.322353 -578.681130 204.890281 685.326025
16.214601 -2.625441 -0.444370 16.214601 -2.625441 -0.444370 0.341526 0.003102 0.696836 -404.320498 266.661516 562.951262
16.359279 -2.574024 0.063418 16.359279 -2.574024 0.063418 0.161635 0.170882 0.976382 -195.317422 292.605442 368.867888
16.432210 -2.420055 0.702115 16.432210 -2.420055 0.702115 0.099979 0.340301 1.130060 -10.202163 272.122853 143.393267
16.501969 -2.171404 1.392596 16.501969 -2.171404 1.392596 0.151898 0.481017 1.149269 183.265341 196.930837 -79.365254
16.634676 -1.853694 2.056480 16.634676 -1.853694 2.056480 0.304760 0.567435 1.044690 326.273907 91.130194 -269.228412
16.881491 -1.504684 2.625198 16.881491 -1.504684 2.625198 0.526669 0.582841 0.834980 413.423598 -39.779291 -429.806956
17.273972 -1.169669 3.042190 17.273972 -1.169669 3.042190 0.785043 0.521330 0.543939 447.822705 -165.256779 -540.329269
17.824386 -0.894680 3.269839 17.824386 -0.894680 3.269839 1.047636 0.381862 0.212466 427.488543 -299.634872 -564.581536
18.525682 -0.723900 3.296974 18.525682 -0.723900 3.296974 1.282960 0.180063 -0.119883 356.923335 -373.027967 -543.246546
19.353707 -0.685856 3.133132 19.353707 -0.685856 3.133132 1.467130 -0.057996 -0.416468 256.975484 -420.502463 -445.372153
20.271731 -0.794762 2.811114 20.271731 -0.794762 2.811114 1.578767 -0.302390 -0.643541 115.149276 -394.143977 -311.538510
21.234079 -1.042851 2.376667 21.234079 -1.042851 2.376667 1.619658 -0.517419 -0.791692 21.154913 -322.621925 -182.296278
22.209682 -1.411374 1.868838 22.209682 -1.411374 1.868838 1.632351 -0.710993 -0.901070 21.154913 -322.621925 -182.296278
