10.030621 -0.233295 -10.715368 10.030621 -0.233295 -10.715368 0.655927 -0.513079 -0.783925 -0.258523 156.305816 705.142575
10.424130 -0.513007 -11.058798 10.424130 -0.513007 -11.058798 0.655771 -0.419295 -0.360840 -0.258523 156.305816 705.142575
10.814318 -0.728902 -11.146471 10.814318 -0.728902 -11.146471 0.639473 -0.287777 0.071767 -54.070488 282.089638 736.880533
11.184503 -0.843154 -10.971225 11.184503 -0.843154 -10.971225 0.588200 -0.080332 0.511635 -116.837185 409.391555 729.344642
11.514554 -0.814309 -10.537408 11.514554 -0.814309 -10.537408 0.508907 0.182073 0.927011 -147.473909 465.293165 655.242302
11.793477 -0.621841 -9.872229 11.793477 -0.621841 -9.872229 0.421045 0.458603 1.275299 -145.400712 456.474739 505.718362
12.021788 -0.268118 -9.028215 12.021788 -0.268118 -9.028215 0.343084 0.714469 1.517757 -114.466697 396.409168 302.475836
12.212042 0.224701 -8.075007 12.212042 0.224701 -8.075007 0.299440 0.916233 1.639780 -31.013441 276.139996 104.266549
12.391812 0.816331 -7.082505 12.391812 0.816331 -7.082505 0.309276 1.042839 1.651670 63.797212 145.878197 -64.632259
12.595767 1.460023 -6.113123 12.595767 1.460023 -6.113123 0.382082 1.089022 1.562959 178.891297 8.064778 -231.071355
12.862913 2.106603 -5.224722 12.862913 2.106603 -5.224722 0.517902 1.052437 1.385407 273.841628 -130.014532 -360.771058
13.227349 2.708979 -4.461256 13.227349 2.708979 -4.461256 0.704222 0.946012 1.154751 347.226251 -224.736158 -408.080154
13.715660 3.232405 -3.841752 13.715660 3.232405 -3.841752 0.928941 0.792525 0.910440 401.836150 -286.886824 -406.290781
14.344273 3.655366 -3.366231 14.344273 3.655366 -3.366231 1.164632 0.615824 0.678614 383.800572 -302.114912 -366.462120
15.107289 3.972650 -3.019731 15.107289 3.972650 -3.019731 1.370678 0.445404 0.485211 303.018443 -265.951795 -278.213904
15.977742 4.196799 -2.771268 15.977742 4.196799 -2.771268 1.520002 0.309723 0.355354 194.729244 -186.319683 -154.643363
16.914345 4.355690 -2.579563 16.914345 4.355690 -2.579563 1.584593 0.230903 0.294211 20.575009 -76.413854 -49.166133
17.857521 4.486214 -2.407023 17.857521 4.486214 -2.407023 1.540518 0.213742 0.289026 -167.493201 19.211926 31.882780
18.740315 4.623220 -2.223334 18.740315 4.623220 -2.223334 1.383186 0.251783 0.330827 -356.947736 107.590757 107.452046
19.495130 4.798281 -2.003224 19.495130 4.798281 -2.003224 1.114787 0.339458 0.406661 -537.715459 184.658750 145.328947
20.059054 5.037232 -1.733676 20.059054 5.037232 -1.733676 0.751359 0.460445 0.490818 -673.710027 218.632413 135.193954
20.384729 5.351901 -1.416705 20.384729 5.351901 -1.416705 0.327775 0.586865 0.562665 -738.238054 202.767209 104.297874
20.448819 5.736015 -1.063698 20.448819 5.736015 -1.063698 -0.113630 0.686011 0.608414 -733.111890 127.719426 48.196796
20.252725 6.164709 -0.694095 20.252725 6.164709 -0.694095 -0.533277 0.733130 0.616729 -665.710105 29.344811 -20.480584
19.822232 6.604226 -0.330826 19.822232 6.604226 -0.330826 -0.886196 0.722520 0.589028 -510.686353 -64.711124 -71.853455
19.209894 7.018695 0.008264 19.209894 7.018695 0.008264 -1.136093 0.646717 0.538952 -322.303123 -187.968138 -95.067311
18.484038 7.365921 0.314252 18.484038 7.365921 0.314252 -1.260402 0.499091 0.480555 -92.061475 -304.118355 -99.588911
17.726104 7.607464 0.586992 17.726104 7.607464 0.586992 -1.241250 0.300767 0.432464 155.900372 -356.959833 -60.715981
17.022347 7.722115 0.840428 17.022347 7.722115 0.840428 -1.083051 0.078810 0.420469 371.429698 -382.898466 20.732671
16.449721 7.702217 1.102507 16.449721 7.702217 1.102507 -0.808455 -0.142241 0.463239 543.892420 -353.937433 121.834612
16.069353 7.558279 1.409384 16.069353 7.558279 1.409384 -0.448101 -0.329026 0.571355 657.287202 -268.680176 238.551940
15.921571 7.319810 1.801671 15.921571 7.319810 1.801671 -0.039891 -0.453690 0.747156 703.412739 -146.863847 347.452820
16.021791 7.030849 2.317683 16.021791 7.030849 2.317683 0.369858 -0.493366 0.981515 662.417287 14.609868 433.742170
16.356955 6.746480 2.987876 16.356955 6.746480 2.987876 0.737378 -0.439494 1.257811 562.649013 164.960997 487.243760
16.891038 6.521872 3.830059 16.891038 6.521872 3.830059 1.026861 -0.293540 1.549121 402.294938 321.555399 483.788980
17.567424 6.410686 4.842176 17.567424 6.410686 4.842176 1.207520 -0.065321 1.817208 199.901280 439.173987 409.834974
18.316012 6.453890 5.999507 18.316012 6.453890 5.999507 1.267931 0.214913 2.029290 1.468597 494.939963 297.106838
19.065979 6.671553 7.260452 19.065979 6.671553 7.260452 1.213532 0.510001 2.157008 -182.799573 488.686747 128.618355
19.751047 7.062197 8.565664 19.751047 7.062197 8.565664 1.053117 0.786613 2.173459 -351.917446 433.351566 -73.780738
20.313473 7.604961 9.844136 20.313473 7.604961 9.844136 0.811474 1.010591 2.067578 -453.559298 313.241606 -279.157955
20.716405 8.257995 11.023308 20.716405 8.257995 11.023308 0.527781 1.150013 1.844452 -492.081507 151.499039 -464.594253
20.945042 8.963964 12.037565 20.945042 8.963964 12.037565 0.235244 1.184370 1.521762 -483.043283 -36.976342 -611.040200
21.002581 9.655954 12.835092 21.002581 9.655954 12.835092 -0.037879 1.102302 1.127421 -427.366881 -236.583632 -703.429601
20.909176 10.264932 13.383318 20.909176 10.264932 13.383318 -0.263058 0.911264 0.697321 -323.227923 -400.208202 -730.236700
20.701972 10.732508 13.674980 20.701972 10.732508 13.674980 -0.412933 0.635411 0.282741 -176.357146 -519.302687 -651.696286
20.427351 11.016754 13.733950 20.427351 11.016754 13.733950 -0.494332 0.306201 -0.075127 -94.970690 -578.064877 -541.196198
20.113658 11.096423 13.591458 20.113658 11.096423 13.591458 -0.551314 -0.040638 -0.399845 -94.970690 -578.064877 -541.196198
