7.702422 3.921758 -3.522119 7.702422 3.921758 -3.522119 0.713032 -0.101293 0.965971 -52.062180 318.496527 479.546468
8.120870 3.918311 -2.856218 8.120870 3.918311 -2.856218 0.681795 0.089805 1.253699 -52.062180 318.496527 479.546468
8.517500 4.032891 -2.023952 8.517500 4.032891 -2.023952 0.635181 0.297741 1.510073 -103.318460 374.622364 375.033981
8.878467 4.279179 -1.059810 8.878467 4.279179 -1.059810 0.565469 0.523568 1.688054 -129.055053 378.135846 218.237236
9.194928 4.658684 -0.017397 9.194928 4.658684 -0.017397 0.490084 0.736949 1.770485 -122.226244 333.133017 56.531273
9.469538 5.154823 1.046535 9.469538 5.154823 1.046535 0.429547 0.906858 1.761730 -79.564880 233.230393 -85.713455
9.716984 5.731214 2.082639 9.716984 5.731214 2.082639 0.402005 0.998269 1.682773 -12.242326 71.472304 -177.475232
9.959588 6.332995 3.056668 9.959588 6.332995 3.056668 0.412685 0.990925 1.557840 47.843123 -95.950048 -238.968843
10.218748 6.900863 3.946655 10.218748 6.900863 3.946655 0.456072 0.886277 1.405944 96.780902 -252.877327 -267.350461
10.511237 7.377649 4.743538 10.511237 7.377649 4.743538 0.521266 0.687238 1.252734 120.531006 -410.584889 -243.350454
10.844815 7.709482 5.455158 10.844815 7.709482 5.455158 0.589203 0.407861 1.125636 105.924730 -520.673466 -180.309045
11.214102 7.856996 6.101891 11.214102 7.856996 6.101891 0.636253 0.078052 1.036482 50.909924 -578.688737 -116.872497
11.599596 7.800117 6.707022 11.599596 7.800117 6.707022 0.639691 -0.266891 0.987754 -39.451728 -571.122283 -45.554702
11.969729 7.542872 7.294034 11.969729 7.542872 7.294034 0.583116 -0.581107 0.973219 -149.130874 -476.266026 -2.894639
12.285898 7.115892 7.879439 12.285898 7.115892 7.879439 0.459355 -0.829804 0.981456 -263.404762 -352.723635 30.350465
12.507204 6.564418 8.473787 12.507204 6.564418 8.473787 0.266842 -0.991947 0.999726 -378.304315 -187.751833 30.550244
12.593163 5.947834 9.075642 12.593163 5.947834 9.075642 0.009599 -1.042698 1.000659 -479.172100 18.582082 -27.440017
12.510364 5.337108 9.667495 12.510364 5.337108 9.667495 -0.289443 -0.973813 0.966177 -517.636754 211.035746 -87.499341
12.244778 4.799258 10.226860 12.244778 4.799258 10.226860 -0.593748 -0.804934 0.890722 -496.713171 351.891860 -164.016376
11.803410 4.386989 10.726220 11.803410 4.386989 10.726220 -0.870333 -0.557043 0.764559 -425.235369 474.413200 -256.529076
11.212719 4.141986 11.134898 11.212719 4.141986 11.134898 -1.085219 -0.253252 0.591230 -291.053058 538.224410 -321.234864
10.519434 4.086069 11.430739 10.519434 4.086069 11.430739 -1.208668 0.065448 0.393117 -120.440954 524.106321 -339.140095
9.784522 4.215583 11.606030 9.784522 4.215583 11.606030 -1.221092 0.359445 0.191967 79.025330 455.886008 -331.361345
9.078963 4.504917 11.664338 9.078963 4.504917 11.664338 -1.109321 0.591010 0.007014 293.546001 315.997360 -285.147402
8.478078 4.907369 11.624556 8.478078 4.907369 11.624556 -0.873848 0.735442 -0.127398 491.363157 165.441073 -162.891312
8.050585 5.368072 11.527155 8.050585 5.368072 11.527155 -0.537176 0.782996 -0.183340 630.876545 -6.926882 -23.583208
7.846740 5.826442 11.422797 7.846740 5.826442 11.422797 -0.134134 0.727940 -0.148036 712.596163 -176.594941 141.262743
7.895864 6.223057 11.369302 7.895864 6.223057 11.369302 0.300110 0.580172 -0.013782 734.886211 -315.965277 306.251697
8.204434 6.509327 11.424600 8.204434 6.509327 11.424600 0.722162 0.365796 0.212178 671.951136 -398.618952 446.946985
8.750161 6.655113 11.638641 8.750161 6.655113 11.638641 1.082725 0.116922 0.511766 529.926817 -430.960836 551.679547
9.482257 6.649517 12.047932 9.482257 6.649517 12.047932 1.336055 -0.132537 0.857418 314.506463 -400.569204 600.492864
10.329025 6.501382 12.668491 10.329025 6.501382 12.668491 1.467378 -0.355429 1.207817 123.237532 -342.406153 567.504202
11.231635 6.226492 13.495332 11.231635 6.226492 13.495332 1.541321 -0.560873 1.548319 123.237532 -342.406153 567.504202
