-6.272006 2.471725 3.533906 -6.272006 2.471725 3.533906 0.601840 -0.954240 1.092998 630.244842 452.785718 -31.594697
-5.797458 1.980682 4.184017 -5.797458 1.980682 4.184017 0.979987 -0.682568 1.074041 630.244842 452.785718 -31.594697
-5.098356 1.655643 4.820524 -5.098356 1.655643 4.820524 1.346465 -0.395895 1.043930 591.349169 502.792852 -68.775403
-4.189044 1.510275 5.433205 -4.189044 1.510275 5.433205 1.676224 -0.085891 0.996178 507.847049 530.553846 -90.398379
-3.100479 1.550211 6.017017 -3.100479 1.550211 6.017017 1.938025 0.212295 0.953825 364.823509 463.398583 -50.778396
-1.880640 1.753825 6.582867 -1.880640 1.753825 6.582867 2.113702 0.454459 0.936831 220.766472 343.816059 -5.867515
-0.582517 2.078839 7.148178 -0.582517 2.078839 7.148178 2.196978 0.613007 0.954657 56.820277 184.676569 65.288358
0.737897 2.469507 7.735719 0.737897 2.469507 7.735719 2.191072 0.671922 1.008804 -76.505237 11.705811 115.200928
2.032562 2.866406 8.364718 2.032562 2.866406 8.364718 2.114128 0.637142 1.092822 -179.975456 -127.639069 164.857792
3.264858 3.216882 9.051661 3.264858 3.216882 9.051661 1.987220 0.516386 1.199616 -243.052931 -274.881212 191.123215
4.411689 3.471450 9.803332 4.411689 3.471450 9.803332 1.832632 0.322534 1.301785 -272.237592 -371.291384 149.439366
5.464549 3.596591 10.606456 5.464549 3.596591 10.606456 1.680706 0.092022 1.367222 -234.183179 -397.081203 68.683808
6.433902 3.581274 11.433332 6.433902 3.581274 11.433332 1.555608 -0.141506 1.379330 -182.812272 -381.346530 -28.323250
7.337952 3.431981 12.248201 7.337952 3.431981 12.248201 1.463879 -0.349045 1.324181 -122.948345 -310.451510 -155.506653
8.199097 3.171839 13.005635 8.199097 3.171839 13.005635 1.414850 -0.509486 1.185461 -40.484069 -224.350325 -306.892153
9.043673 2.834224 13.653184 9.043673 2.834224 13.653184 1.405323 -0.601795 0.958892 8.727871 -83.345376 -448.340267
9.890037 2.465862 14.142474 9.890037 2.465862 14.142474 1.418556 -0.613221 0.663166 35.383380 45.258366 -537.410562
10.747522 2.111488 14.439961 10.747522 2.111488 14.439961 1.439703 -0.559005 0.322329 35.104728 135.461472 -598.714643
11.615200 1.805009 14.526352 11.615200 1.805009 14.526352 1.448449 -0.455023 -0.033090 -5.949054 211.144631 -586.013692
12.478354 1.571069 14.403890 12.478354 1.571069 14.403890 1.420659 -0.322999 -0.370326 -86.685319 228.935908 -538.106054
13.311193 1.418442 14.093380 13.311193 1.418442 14.093380 1.348884 -0.185815 -0.650464 -152.564120 228.343672 -395.688227
14.088570 1.344725 13.643533 14.088570 1.344725 13.643533 1.234884 -0.065460 -0.829603 -227.435113 172.838404 -201.440477
14.784386 1.330695 13.121102 14.784386 1.330695 13.121102 1.077541 0.008919 -0.892520 -297.042744 75.093053 -8.283506
15.375687 1.342930 12.596824 15.375687 1.342930 12.596824 0.890535 0.020808 -0.833864 -326.310287 -35.464051 203.803594
15.852074 1.342827 12.145934 15.852074 1.342827 12.145934 0.698757 -0.031489 -0.647865 -312.950774 -138.860062 416.191992
16.218517 1.294940 11.842632 16.218517 1.294940 11.842632 0.528589 -0.134799 -0.345635 -254.275662 -205.504321 591.240162
16.496898 1.174450 11.746213 16.496898 1.174450 11.746213 0.411008 -0.271200 0.031805 -137.661967 -249.165609 666.893169
16.726120 0.966932 11.886940 16.726120 0.966932 11.886940 0.365398 -0.420445 0.439959 -14.369707 -248.319209 693.622941
16.942773 0.669967 12.275768 16.942773 0.669967 12.275768 0.356776 -0.569437 0.856133 -14.369707 -248.319209 693.622941
