-6.688111 4.434729 -6.856287 -6.688111 4.434729 -6.856287 0.545014 0.359440 -0.803198 -324.863647 228.544541 -91.363757
-6.419578 4.691531 -7.354652 -6.419578 4.691531 -7.354652 0.350096 0.496567 -0.858016 -324.863647 228.544541 -91.363757
-6.259993 5.026738 -7.874546 -6.259993 5.026738 -7.874546 0.195192 0.614341 -0.856030 -191.481076 164.037872 97.984813
-6.166992 5.416832 -8.355607 -6.166992 5.416832 -8.355607 0.132065 0.672576 -0.722637 -18.942698 30.077198 346.657879
-6.082227 5.815964 -8.715741 -6.082227 5.815964 -8.715741 0.165378 0.641485 -0.459393 129.985739 -133.714607 530.824523
-5.953276 6.168516 -8.888551 -5.953276 6.168516 -8.888551 0.275002 0.519903 -0.104513 235.426808 -271.557383 652.107291
-5.740793 6.424329 -8.830762 -5.740793 6.424329 -8.830762 0.441782 0.320729 0.302337 320.508427 -392.354838 704.059446
-5.416869 6.540813 -8.523490 -5.416869 6.540813 -8.523490 0.639905 0.058669 0.720469 339.900855 -481.179815 689.715535
-4.973910 6.488147 -7.971792 -4.973910 6.488147 -7.971792 0.833014 -0.236317 1.110639 303.793868 -502.106346 610.848760
-4.422339 6.257050 -7.204113 -4.422339 6.257050 -7.204113 1.000690 -0.532215 1.433861 255.126837 -484.220910 466.559003
-3.780228 5.857026 -6.270043 -3.780228 5.857026 -6.270043 1.132638 -0.790426 1.662659 184.699665 -376.482255 296.100085
-3.072097 5.322892 -5.229630 -3.072097 5.322892 -5.229630 1.219967 -0.976873 1.787920 106.398785 -245.007169 121.437914
-2.325593 4.702600 -4.145796 -2.325593 4.702600 -4.145796 1.260670 -1.074211 1.806896 29.277071 -79.451540 -58.186042
-1.565720 4.055894 -3.080363 -1.565720 4.055894 -3.080363 1.269240 -1.061275 1.730831 -0.709032 122.568672 -195.363404
-0.805306 3.451372 -2.082792 -0.805306 3.451372 -2.082792 1.263802 -0.936827 1.584803 -17.420206 292.258998 -291.395657
-0.048701 2.950462 -1.187266 -0.048701 2.950462 -1.187266 1.260647 -0.718575 1.395443 6.905935 435.248412 -339.805845
0.712430 2.603260 -0.411340 0.712430 2.603260 -0.411340 1.282287 -0.429437 1.190684 65.227079 528.544538 -342.723385
1.497118 2.442505 0.244901 1.497118 2.442505 0.244901 1.339298 -0.103461 1.002655 124.806946 558.040867 -284.039896
2.327534 2.479268 0.799803 2.327534 2.479268 0.799803 1.436046 0.223326 0.854410 197.688595 531.250619 -210.108858
3.229169 2.702830 1.279499 3.229169 2.702830 1.279499 1.576772 0.511783 0.752693 271.397785 430.271755 -128.949080
4.225985 3.077916 1.713361 4.225985 3.077916 1.713361 1.749116 0.722783 0.702609 303.081180 273.060662 -37.997600
5.328291 3.549767 2.132607 5.328291 3.549767 2.132607 1.922378 0.831772 0.702413 274.460526 90.237744 37.344714
6.528597 4.053878 2.562873 6.528597 4.053878 2.562873 2.074432 0.829935 0.735297 232.386409 -96.360018 72.269018
7.809534 4.524624 3.017076 7.809534 4.524624 3.017076 2.186108 0.722769 0.778743 139.864864 -260.860722 72.550559
9.137628 4.902498 3.495963 9.137628 4.902498 3.495963 2.226294 0.522092 0.815184 -5.909044 -408.061526 48.918449
10.463044 5.136990 3.990608 10.463044 5.136990 3.990608 2.176263 0.250690 0.828179 -160.861633 -496.611702 -5.599863
11.731097 5.197077 4.482207 11.731097 5.197077 4.482207 2.035995 -0.051961 0.803315 -306.697763 -512.227558 -77.281647
12.888041 5.076119 4.946703 12.888041 5.076119 4.946703 1.804737 -0.347201 0.739035 -464.162705 -471.906140 -136.983369
13.881473 4.788743 5.362263 13.881473 4.788743 5.362263 1.496937 -0.600901 0.640823 -561.838630 -373.760099 -190.392752
14.675648 4.367233 5.712105 14.675648 4.367233 5.712105 1.145550 -0.793619 0.524687 -609.452492 -268.633408 -196.726822
15.253276 3.842708 5.991507 15.253276 3.842708 5.991507 0.779878 -0.954799 0.406651 -609.452492 -268.633408 -196.726822
