-6.461295 -0.520019 10.523090 -6.461295 -0.520019 10.523090 1.390331 0.000968 0.586762 686.240066 -326.412367 -313.749466
-5.503573 -0.578192 10.818672 -5.503573 -0.578192 10.818672 1.802075 -0.194880 0.398512 686.240066 -326.412367 -313.749466
-4.303134 -0.749483 11.006136 -4.303134 -0.749483 11.006136 2.192173 -0.368772 0.234417 614.086976 -253.227874 -233.233306
-2.885903 -1.008831 11.110680 -2.885903 -1.008831 11.110680 2.517583 -0.483226 0.123859 470.611939 -128.286657 -135.293366
-1.302709 -1.314715 11.166140 -1.302709 -1.314715 11.166140 2.739623 -0.524478 0.070166 269.521106 -9.220364 -43.682231
0.375910 -1.624471 11.203089 0.375910 -1.624471 11.203089 2.832990 -0.497058 0.057517 41.703837 100.622513 1.516838
2.068738 -1.900115 11.238466 2.068738 -1.900115 11.238466 2.785651 -0.414291 0.061395 -199.502499 175.268099 11.410581
3.692145 -2.113107 11.277480 3.692145 -2.113107 11.277480 2.605584 -0.288963 0.068861 -400.720282 242.491531 13.474993
5.171512 -2.243153 11.318881 5.171512 -2.243153 11.318881 2.305883 -0.145051 0.065237 -598.280415 237.214794 -25.555317
6.440436 -2.289704 11.349151 6.440436 -2.289704 11.349151 1.912340 -0.013816 0.028547 -713.532053 200.234636 -96.744367
7.458460 -2.265974 11.344595 7.458460 -2.265974 11.344595 1.479496 0.086211 -0.050850 -729.279609 133.187899 -167.912163
8.216898 -2.196860 11.281337 8.216898 -2.196860 11.281337 1.051983 0.133193 -0.164219 -695.765257 23.420044 -209.983856
8.728434 -2.119292 11.143879 8.728434 -2.119292 11.143879 0.662446 0.114427 -0.295856 -602.689097 -85.973077 -228.805945
9.028725 -2.071616 10.925525 9.028725 -2.071616 10.925525 0.357367 0.035315 -0.431417 -414.241040 -177.733248 -223.063627
9.180354 -2.086121 10.628923 9.180354 -2.086121 10.628923 0.167682 -0.089834 -0.553256 -218.044952 -239.432311 -183.066319
9.254148 -2.184991 10.269954 9.254148 -2.184991 10.269954 0.099021 -0.242851 -0.633413 -10.824292 -270.624625 -84.123310
9.323037 -2.377609 9.882837 9.323037 -2.377609 9.882837 0.149652 -0.396201 -0.643525 179.594364 -240.541653 50.415971
9.455960 -2.654385 9.513453 9.455960 -2.654385 9.513453 0.311430 -0.519315 -0.574995 359.666059 -169.836891 178.016754
9.713940 -2.990048 9.208536 9.713940 -2.990048 9.208536 0.559140 -0.588735 -0.428001 466.035047 -61.563822 311.964733
10.136334 -3.347129 9.014735 10.136334 -3.347129 9.014735 0.853880 -0.589467 -0.206591 516.430841 59.123834 426.068498
10.740693 -3.680646 8.971524 10.740693 -3.680646 8.971524 1.159107 -0.506385 0.069303 500.991621 217.815867 493.578444
11.521856 -3.937355 9.103592 11.521856 -3.937355 9.103592 1.437300 -0.336122 0.373663 426.319758 349.727199 520.952595
12.455142 -4.070804 9.418734 12.455142 -4.070804 9.418734 1.663935 -0.099915 0.672098 329.128113 437.631467 473.832203
13.505277 -4.049350 9.900618 13.505277 -4.049350 9.900618 1.824069 0.175809 0.923073 204.651550 481.447838 362.750563
14.627645 -3.857666 10.509684 14.627645 -3.857666 10.509684 1.902308 0.462363 1.090359 56.146252 473.732275 194.869040
15.771529 -3.500540 11.185981 15.771529 -3.500540 11.185981 1.897961 0.718787 1.142307 -70.634823 381.014076 -21.708557
16.892952 -3.006691 11.856887 16.892952 -3.006691 11.856887 1.832382 0.917368 1.076429 -147.962115 280.921499 -197.884656
17.965748 -2.405704 12.467125 17.965748 -2.405704 12.467125 1.743605 1.085921 0.957698 -147.962115 280.921499 -197.884656
