-5.364807 3.741818 -4.787763 -5.364807 3.741818 -4.787763 0.186981 0.385176 0.563654 -557.725178 264.270754 -705.113870
-5.353009 4.020492 -4.576491 -5.353009 4.020492 -4.576491 -0.147654 0.543739 0.140586 -557.725178 264.270754 -705.113870
-5.535098 4.391349 -4.616658 -5.535098 4.391349 -4.616658 -0.447821 0.687526 -0.270469 -442.833441 215.020050 -665.066908
-5.871421 4.838748 -4.891588 -5.871421 4.838748 -4.891588 -0.653122 0.797437 -0.634196 -241.501058 151.351579 -547.357710
-6.293812 5.337963 -5.360516 -6.293812 5.337963 -5.360516 -0.733262 0.855796 -0.912038 -25.632217 43.177518 -378.783611
-6.727109 5.850238 -5.964464 -6.727109 5.850238 -5.964464 -0.692272 0.836829 -1.082030 162.265759 -106.402248 -187.854470
-7.103603 6.325880 -6.634579 -7.103603 6.325880 -6.634579 -0.546609 0.736475 -1.130156 323.277324 -228.111055 27.434946
-7.365944 6.719485 -7.294298 -7.365944 6.719485 -7.294298 -0.315470 0.563509 -1.046517 447.184691 -348.442287 251.361845
-7.470988 6.989142 -7.867088 -7.470988 6.989142 -7.867088 -0.028436 0.325799 -0.846326 509.595022 -443.923671 415.942033
-7.395924 7.102690 -8.293858 -7.395924 7.102690 -8.293858 0.279315 0.049319 -0.565979 516.243337 -477.676589 518.545099
-7.138091 7.048067 -8.535841 -7.138091 7.048067 -8.535841 0.575661 -0.228449 -0.233519 471.574882 -448.214834 589.657298
-6.713530 6.834789 -8.569892 -6.713530 6.834789 -8.569892 0.830011 -0.475031 0.119881 376.260702 -373.725867 588.342948
-6.153813 6.490046 -8.395886 -6.153813 6.490046 -8.395886 1.025683 -0.661536 0.453765 275.977784 -247.958079 524.602822
-5.495826 6.059102 -8.036412 -5.495826 6.059102 -8.036412 1.155779 -0.757258 0.732458 157.675454 -71.116217 404.372102
-4.780888 5.603115 -7.531977 -4.780888 5.603115 -7.531977 1.215825 -0.744086 0.935949 42.479399 115.024621 273.931856
-4.047991 5.187176 -6.929200 -4.047991 5.187176 -6.929200 1.220091 -0.626031 1.059807 -28.261598 278.491438 138.928514
-3.323140 4.870204 -6.275762 -3.323140 4.870204 -6.275762 1.192552 -0.416343 1.105902 -63.532923 420.469748 14.720590
-2.619338 4.701664 -5.615131 -2.619338 4.701664 -5.615131 1.152966 -0.136156 1.086933 -68.423165 513.485515 -77.950848
-1.938721 4.713606 -4.980166 -1.938721 4.713606 -4.980166 1.117681 0.177976 1.024345 -49.191564 533.620933 -130.674956
-1.273909 4.915179 -4.390826 -1.273909 4.915179 -4.390826 1.103455 0.491827 0.937213 1.771295 512.548757 -159.764890
-0.607569 5.296645 -3.855913 -0.607569 5.296645 -3.855913 1.124257 0.769910 0.848069 67.569381 414.394601 -137.381466
0.082577 5.824096 -3.368406 0.082577 5.824096 -3.368406 1.181947 0.973116 0.782614 124.731187 262.960873 -80.801010
0.815880 6.444039 -2.910263 0.815880 6.444039 -2.910263 1.265200 1.074598 0.749723 152.778068 75.310027 -28.836280
1.602540 7.090733 -2.461145 1.602540 7.090733 -2.461145 1.357065 1.061679 0.754798 153.438840 -118.371997 45.752531
2.442512 7.696468 -1.997134 2.442512 7.696468 -1.997134 1.439694 0.940829 0.796734 121.990760 -284.461486 94.034594
3.324174 8.200244 -1.501730 3.324174 8.200244 -1.501730 1.492325 0.722557 0.855341 53.443805 -443.111294 101.321868
4.222879 8.548276 -0.971619 4.222879 8.548276 -0.971619 1.492847 0.427979 0.909473 -51.703935 -538.815236 79.117300
5.102681 8.707276 -0.414283 5.102681 8.707276 -0.414283 1.428826 0.100689 0.944003 -161.698050 -552.153374 35.982546
5.924360 8.670176 0.154337 5.924360 8.670176 0.154337 1.299254 -0.221232 0.944299 -270.208843 -520.916816 -34.996436
6.649532 8.449095 0.709040 6.649532 8.449095 0.709040 1.108414 -0.506665 0.895415 -365.924547 -430.524990 -127.947152
7.245497 8.075652 1.217032 7.245497 8.075652 1.217032 0.872774 -0.724731 0.787516 -419.540605 -296.361836 -231.717053
7.694074 7.596823 1.643201 7.694074 7.596823 1.643201 0.623199 -0.855772 0.625329 -412.377738 -140.443447 -308.907957
7.996259 7.069241 1.961021 7.996259 7.069241 1.961021 0.388243 -0.884232 0.431115 -370.808185 45.579820 -338.471932
8.169040 6.555116 2.158521 8.169040 6.555116 2.158521 0.198662 -0.815834 0.226813 -261.130220 182.413336 -342.535014
8.251321 6.104512 2.236591 8.251321 6.104512 2.236591 0.092419 -0.676077 0.039483 -93.012132 283.442926 -281.897048
8.300910 5.753636 2.215606 8.300910 5.753636 2.215606 0.091012 -0.487262 -0.099324 88.323764 345.939830 -180.793816
8.383686 5.524793 2.132915 8.383686 5.524793 2.132915 0.205357 -0.273475 -0.160564 292.825145 366.683602 -23.339633
8.570543 5.424199 2.042510 8.570543 5.424199 2.042510 0.435723 -0.066024 -0.123895 475.061666 324.818470 145.571895
8.926272 5.437547 2.004699 8.926272 5.437547 2.004699 0.764682 0.101344 0.015060 621.468864 233.075761 317.609118
9.502269 5.533109 2.081305 9.502269 5.533109 2.081305 1.164180 0.205199 0.257630 710.191014 113.107140 490.960126
10.330400 5.669557 2.331999 10.330400 5.669557 2.331999 1.599238 0.237909 0.590921 740.000435 -4.073198 620.008626
11.419655 5.805457 2.801680 11.419655 5.805457 2.801680 2.025801 0.204905 0.980556 681.876923 -105.939669 678.774483
12.748520 5.903250 3.511970 12.748520 5.903250 3.511970 2.388158 0.110934 1.386709 525.979195 -207.296412 675.067490
14.267204 5.930901 4.461228 14.267204 5.930901 4.461228 2.659313 -0.021423 1.770354 377.871668 -233.894908 603.749114
15.930809 5.875946 5.632115 15.930809 5.875946 5.632115 2.886036 -0.161760 2.132603 377.871668 -233.894908 603.749114
