-8.725262 -3.040340 -3.079620 -8.725262 -3.040340 -3.079620 1.378416 0.499037 0.181973 91.290310 -508.938676 135.206787
-7.881780 -2.832526 -2.946099 -7.881780 -2.832526 -2.946099 1.433190 0.193674 0.263097 91.290310 -508.938676 135.206787
-7.010447 -2.806375 -2.767212 -7.010447 -2.806375 -2.767212 1.462899 -0.103907 0.327682 7.737171 -482.998971 80.076787
-6.138701 -2.951069 -2.562169 -6.138701 -2.951069 -2.562169 1.430609 -0.370757 0.345828 -115.369473 -406.500577 -19.592405
-5.308774 -3.238052 -2.365172 -5.308774 -3.238052 -2.365172 1.323028 -0.571450 0.299204 -243.232476 -262.475765 -135.818696
-4.565748 -3.618825 -2.218134 -4.565748 -3.618825 -2.218134 1.142041 -0.682222 0.177526 -360.058291 -106.762229 -269.774656
-3.949815 -4.036982 -2.166166 -3.949815 -4.036982 -2.166166 0.903603 -0.694315 -0.014279 -434.734373 66.452194 -369.574524
-3.487729 -4.432111 -2.245702 -3.487729 -4.432111 -2.245702 0.633640 -0.606951 -0.258249 -465.141742 224.759117 -443.660282
-3.189122 -4.749614 -2.482305 -3.189122 -4.749614 -2.482305 0.365299 -0.441043 -0.533420 -429.329626 328.268305 -473.577687
-3.042156 -4.950750 -2.884943 -3.042156 -4.950750 -2.884943 0.133029 -0.222072 -0.804277 -344.902630 401.636152 -429.276511
-3.015612 -5.010889 -3.439769 -3.015612 -5.010889 -3.439769 -0.029867 0.022955 -1.036792 -198.085750 415.119796 -345.773149
-3.057537 -4.925080 -4.116022 -3.057537 -4.925080 -4.116022 -0.090467 0.258599 -1.203952 -3.913057 370.360826 -211.429875
-3.101148 -4.708035 -4.864023 -3.101148 -4.708035 -4.864023 -0.035947 0.456917 -1.268671 185.644109 290.696603 -4.299283
-3.076293 -4.388068 -5.613864 -3.076293 -4.388068 -5.613864 0.140480 0.598794 -1.210571 402.448739 182.227258 197.965878
-2.909676 -4.004212 -6.292764 -2.909676 -4.004212 -6.292764 0.431388 0.667024 -1.032746 567.244125 45.206465 394.785006
-2.541119 -3.602866 -6.830094 -2.541119 -3.602866 -6.830094 0.809836 0.659119 -0.739595 694.248455 -71.556816 582.386291
-1.926483 -3.224797 -7.161915 -1.926483 -3.224797 -7.161915 1.245233 0.593578 -0.354629 757.075303 -146.911602 700.830899
-1.043559 -2.898431 -7.245068 -1.043559 -2.898431 -7.245068 1.697032 0.488747 0.083241 748.919288 -202.526321 758.736721
0.103279 -2.642499 -7.058698 0.103279 -2.642499 -7.058698 2.115448 0.362924 0.537747 645.801025 -216.884222 756.283099
1.479709 -2.461096 -6.605392 1.479709 -2.461096 -6.605392 2.457515 0.246230 0.964152 494.424359 -172.093316 665.067756
3.030795 -2.340397 -5.916777 3.030795 -2.340397 -5.916777 2.692072 0.162660 1.315251 287.431018 -106.475099 505.263122
4.682994 -2.255907 -5.049031 4.682994 -2.255907 -5.049031 2.790622 0.129073 1.556648 41.069160 -5.482078 299.391380
6.350566 -2.172662 -4.075501 6.350566 -2.172662 -4.075501 2.744298 0.159726 1.664539 -195.482474 107.660597 60.245014
7.950193 -2.052243 -3.079507 7.950193 -2.052243 -3.079507 2.568184 0.250344 1.632821 -391.562411 194.399343 -165.971033
9.410564 -1.863175 -2.142180 9.410564 -1.863175 -2.142180 2.282952 0.386333 1.470784 -559.212445 258.895163 -374.152075
10.673152 -1.582734 -1.336745 10.673152 -1.582734 -1.336745 1.914803 0.551871 1.197850 -667.952151 292.900214 -535.628832
11.700148 -1.200642 -0.720360 11.700148 -1.200642 -0.720360 1.505757 0.718846 0.846917 -695.533875 263.680601 -634.147699
12.481735 -0.726264 -0.328465 12.481735 -0.726264 -0.328465 1.105084 0.855095 0.455886 -640.043484 190.483453 -669.286723
13.037022 -0.185027 -0.171225 13.037022 -0.185027 -0.171225 0.758282 0.938850 0.075213 -515.960390 88.699788 -599.623079
13.407756 0.386325 -0.227436 13.407756 0.386325 -0.227436 0.491891 0.952449 -0.251593 -372.009571 -43.368832 -489.729911
13.646918 0.941641 -0.457150 13.646918 0.941641 -0.457150 0.323630 0.884695 -0.498467 -188.861797 -182.478866 -333.183603
13.819388 1.432428 -0.805048 13.819388 1.432428 -0.805048 0.271746 0.739289 -0.642605 15.915727 -302.206799 -147.277076
13.995096 1.816496 -1.205417 13.995096 1.816496 -1.205417 0.330274 0.532424 -0.672451 179.178428 -387.344091 47.791059
14.232843 2.063947 -1.588886 14.232843 2.063947 -1.588886 0.474433 0.288612 -0.586784 301.350881 -425.362195 237.764958
14.577716 2.161391 -1.890734 14.577716 2.161391 -1.890734 0.685094 0.037604 -0.407000 400.850401 -411.330066 361.513705
15.062690 2.114738 -2.065085 15.062690 2.114738 -2.065085 0.934428 -0.185073 -0.166206 430.263841 -330.928386 441.133854
15.698883 1.951027 -2.083457 15.698883 1.951027 -2.083457 1.183032 -0.349132 0.108211 398.415639 -215.933269 473.588853
16.475862 1.712234 -1.934796 16.475862 1.712234 -1.934796 1.399302 -0.430921 0.384804 322.486504 -56.697698 448.387942
17.368098 1.454576 -1.626420 17.368098 1.454576 -1.626420 1.565831 -0.409437 0.637757 232.610145 128.312962 394.789587
18.342631 1.241841 -1.179412 18.342631 1.241841 -1.179412 1.671218 -0.283296 0.841089 118.677020 292.155776 282.983071
19.361232 1.133410 -0.630530 19.361232 1.133410 -0.630530 1.714970 -0.063212 0.977336 27.164203 441.456298 171.174361
20.390469 1.180578 -0.019077 20.390469 1.180578 -0.019077 1.708096 0.229827 1.051239 -50.078169 535.342807 75.166942
21.403087 1.416990 0.621308 21.403087 1.416990 0.621308 1.661923 0.561803 1.076899 -103.832522 571.242931 10.369160
22.380433 1.854839 1.265462 22.380433 1.854839 1.265462 1.594031 0.894266 1.063861 -122.471872 536.967436 -53.831950
23.316708 2.481883 1.893278 23.316708 2.481883 1.893278 1.530056 1.185598 1.027511 -90.779445 434.138668 -67.334319
24.221751 3.261541 2.499945 24.221751 3.261541 2.499945 1.492339 1.396853 0.998513 -34.943714 270.044396 -29.323945
25.114200 4.139384 3.095706 25.114200 4.139384 3.095706 1.488049 1.514492 0.990575 20.645717 122.086276 2.862261
26.010746 5.070054 3.690566 26.010746 5.070054 3.690566 1.500437 1.587744 0.992292 20.645717 122.086276 2.862261
