6.937704 2.235951 -5.709436 6.937704 2.235951 -5.709436 0.837655 -0.119537 -0.302601 21.441019 -136.950965 75.463628
7.444156 2.139577 -5.877414 7.444156 2.139577 -5.877414 0.850519 -0.201708 -0.257323 21.441019 -136.950965 75.463628
7.961933 2.000895 -6.020087 7.961933 2.000895 -6.020087 0.881415 -0.248910 -0.221359 81.543914 -20.391860 44.417914
8.505640 1.858622 -6.147693 8.505640 1.858622 -6.147693 0.931242 -0.207429 -0.208636 84.545569 158.663035 -2.008367
9.077183 1.770648 -6.275033 9.077183 1.770648 -6.275033 0.969871 -0.072608 -0.218827 44.217787 290.739473 -31.963290
9.664648 1.786963 -6.410584 9.664648 1.786963 -6.410584 0.984319 0.139571 -0.230513 3.943360 416.524973 -6.987557
10.251878 1.949847 -6.546444 10.251878 1.949847 -6.546444 0.966329 0.410320 -0.216178 -63.908629 485.971510 54.770828
10.816483 2.283436 -6.661232 10.816483 2.283436 -6.661232 0.909539 0.701512 -0.158015 -125.392173 484.669355 139.106415
11.337463 2.788495 -6.725853 11.337463 2.788495 -6.725853 0.823440 0.976870 -0.048810 -161.602951 433.190372 224.909852
11.803036 3.445704 -6.710184 11.803036 3.445704 -6.710184 0.729462 1.202350 0.108490 -151.659379 318.410563 299.422766
12.213996 4.215153 -6.587332 12.213996 4.215153 -6.587332 0.641374 1.347021 0.307454 -141.967222 163.826168 363.789764
12.577892 5.041988 -6.336358 12.577892 5.041988 -6.336358 0.579324 1.390983 0.530824 -64.866532 -17.287901 380.776984
12.920350 5.862354 -5.950794 12.920350 5.862354 -5.950794 0.573106 1.325052 0.751939 44.140035 -202.480055 356.271661
13.278296 6.610316 -5.439555 13.278296 6.610316 -5.439555 0.630276 1.150449 0.945440 146.427540 -379.532658 288.734525
13.689278 7.224096 -4.828623 13.689278 7.224096 -4.828623 0.750428 0.881863 1.077157 254.080739 -515.754410 150.322067
14.191559 7.656120 -4.164087 14.191559 7.656120 -4.164087 0.934323 0.551120 1.123267 358.899826 -586.721479 3.377604
14.820514 7.881101 -3.499611 14.820514 7.881101 -3.499611 1.168463 0.198681 1.074834 421.567632 -588.076129 -164.820154
15.597863 7.897592 -2.894835 15.597863 7.897592 -2.894835 1.423346 -0.138484 0.923656 428.043415 -535.805963 -339.107848
16.525883 7.725235 -2.410553 16.525883 7.725235 -2.410553 1.664994 -0.424071 0.675831 377.450373 -416.150397 -486.976111
17.586392 7.405754 -2.098338 17.586392 7.405754 -2.098338 1.859321 -0.624418 0.355504 270.304709 -251.673515 -580.780843
18.740983 6.996419 -1.991767 18.740983 6.996419 -1.991767 1.973224 -0.722338 -0.003916 109.373342 -74.724804 -617.286627
19.933602 6.560915 -2.102323 19.933602 6.560915 -2.102323 1.983832 -0.710428 -0.359763 -74.015843 114.423691 -568.868876
21.098606 6.165009 -2.414648 21.098606 6.165009 -2.414648 1.879562 -0.593000 -0.671436 -273.548909 277.002438 -470.040503
22.164940 5.866061 -2.892439 22.164940 5.866061 -2.892439 1.654613 -0.391842 -0.905073 -476.280260 393.526261 -308.749837
23.062807 5.705844 -3.478085 23.062807 5.705844 -3.478085 1.322989 -0.135459 -1.025456 -629.135123 461.081185 -92.525980
23.737348 5.707212 -4.096338 23.737348 5.707212 -4.096338 0.915471 0.139434 -1.012599 -729.258659 455.229580 135.380427
24.153598 5.868975 -4.664147 24.153598 5.868975 -4.664147 0.469083 0.393379 -0.854457 -758.699712 391.255406 391.760325
24.300242 6.170547 -5.096568 24.300242 6.170547 -5.096568 0.022665 0.603724 -0.570721 -729.360824 309.891998 554.026591
24.182556 6.588562 -5.339276 24.182556 6.588562 -5.339276 -0.414952 0.789659 -0.238305 -729.360824 309.891998 554.026591
