10.698317 -4.459632 3.098991 10.698317 -4.459632 3.098991 2.218140 0.828668 -1.269326 -644.094164 -307.401631 -223.541396
11.913263 -4.017763 2.297158 11.913263 -4.017763 2.297158 1.831683 0.644227 -1.403450 -644.094164 -307.401631 -223.541396
12.893145 -3.689270 1.424208 12.893145 -3.689270 1.424208 1.429271 0.446230 -1.490786 -697.277879 -352.586850 -67.578456
13.624343 -3.485939 0.530735 13.624343 -3.485939 0.530735 1.006630 0.229973 -1.465518 -711.527132 -368.271034 151.806964
14.104016 -3.411602 -0.311236 14.104016 -3.411602 -0.311236 0.598563 0.022222 -1.324362 -648.697367 -324.230380 318.713777
14.354281 -3.450845 -1.041687 14.354281 -3.450845 -1.041687 0.248809 -0.143395 -1.099146 -517.149375 -227.829510 432.005324
14.420777 -3.570661 -1.619139 14.420777 -3.570661 -1.619139 -0.009994 -0.243938 -0.818570 -345.525236 -107.312685 503.248436
14.363085 -3.729188 -2.020440 14.363085 -3.729188 -2.020440 -0.164816 -0.272566 -0.520339 -170.547181 11.885834 490.853313
14.244476 -3.883437 -2.248191 14.244476 -3.883437 -2.248191 -0.212246 -0.229678 -0.245331 12.446673 131.075911 425.841796
14.127993 -3.992962 -2.323683 14.127993 -3.992962 -2.323683 -0.161661 -0.127591 -0.014552 156.168593 209.214164 343.421570
14.065754 -4.028841 -2.276830 14.065754 -4.028841 -2.276830 -0.034724 0.013020 0.160340 266.955008 259.486454 239.551161
14.095827 -3.973851 -2.145431 14.095827 -3.973851 -2.145431 0.139730 0.171066 0.264452 314.557507 267.336214 107.489552
14.237133 -3.825812 -1.974167 14.237133 -3.825812 -1.974167 0.332704 0.317863 0.295165 328.691423 221.986581 -5.115352
14.493591 -3.600737 -1.801957 14.493591 -3.600737 -1.801957 0.518271 0.423052 0.272257 289.863306 128.642766 -71.242068
14.852447 -3.329450 -1.653621 14.852447 -3.329450 -1.653621 0.670781 0.471740 0.218537 218.504438 33.649588 -107.826572
15.288018 -3.046752 -1.542483 15.288018 -3.046752 -1.542483 0.770738 0.459913 0.150967 114.684421 -73.070361 -117.405234
15.765464 -2.789366 -1.470688 15.765464 -2.789366 -1.470688 0.811352 0.389023 0.092259 20.697489 -163.231633 -78.290348
16.252422 -2.588683 -1.426161 16.252422 -2.588683 -1.426161 0.805877 0.274343 0.061605 -38.948623 -219.035622 -23.887425
16.724962 -2.465252 -1.390407 16.724962 -2.465252 -1.390407 0.762630 0.134180 0.062726 -105.207462 -248.174066 27.622106
17.163371 -2.427116 -1.343844 17.163371 -2.427116 -1.343844 0.698347 -0.003229 0.099081 -109.070170 -209.855372 93.563771
17.563762 -2.462160 -1.265489 17.563762 -2.462160 -1.265489 0.637978 -0.105803 0.165539 -92.159025 -132.058981 127.961039
17.932294 -2.543632 -1.142639 17.932294 -2.543632 -1.142639 0.594355 -0.156135 0.244788 -53.253197 -35.714574 136.201932
18.283309 -2.635597 -0.973784 18.283309 -2.635597 -0.973784 0.582340 -0.136844 0.313838 13.203852 100.019882 93.966807
18.639267 -2.691714 -0.772945 18.639267 -2.691714 -0.772945 0.611148 -0.036901 0.348328 82.825236 233.124231 20.997476
19.024140 -2.665463 -0.565373 19.024140 -2.665463 -0.565373 0.677225 0.135116 0.334908 137.428814 340.264845 -65.730695
19.455751 -2.518222 -0.382318 19.455751 -2.518222 -0.382318 0.762375 0.363896 0.265176 146.406461 422.335209 -166.707786
19.939016 -2.222145 -0.259599 19.939016 -2.222145 -0.259599 0.847654 0.625890 0.133254 137.856222 450.978155 -273.031413
20.469356 -1.767394 -0.233915 20.469356 -1.767394 -0.233915 0.915034 0.886684 -0.056179 86.743814 418.334202 -358.414052
21.028314 -1.164498 -0.335057 21.028314 -1.164498 -0.335057 0.938700 1.115609 -0.285825 -7.858999 344.750616 -407.070079
21.582183 -0.441191 -0.578910 21.582183 -0.441191 -0.578910 0.894300 1.281895 -0.525495 -140.139175 209.534650 -391.829903
22.084744 0.353703 -0.959381 22.084744 0.353703 -0.959381 0.766250 1.347818 -0.733816 -286.694934 10.209935 -302.574705
22.487078 1.155000 -1.449312 22.487078 1.155000 -1.449312 0.565179 1.307783 -0.891255 -383.540283 -143.661174 -222.222333
22.757149 1.913810 -2.024065 22.757149 1.913810 -2.024065 0.335055 1.221586 -1.024588 -383.540283 -143.661174 -222.222333
