-2.807279 -2.311868 -8.407104 -2.807279 -2.311868 -8.407104 1.623547 0.354944 1.744203 146.314498 -476.469501 -127.759973
-1.806814 -2.184666 -7.383579 -1.806814 -2.184666 -7.383579 1.711335 0.069063 1.667547 146.314498 -476.469501 -127.759973
-0.753248 -2.226861 -6.415525 -0.753248 -2.226861 -6.415525 1.801268 -0.206161 1.543506 153.460128 -440.942146 -285.710778
0.352860 -2.423176 -5.552928 0.352860 -2.423176 -5.552928 1.881968 -0.436968 1.311685 115.541896 -328.414483 -487.023983
1.497097 -2.733800 -4.862520 1.497097 -2.733800 -4.862520 1.922585 -0.580664 0.974778 19.846728 -150.572735 -636.000132
2.648479 -3.098845 -4.395581 2.648479 -3.098845 -4.395581 1.905782 -0.618725 0.575941 -75.855426 23.703940 -693.455736
3.770565 -3.454689 -4.173832 3.770565 -3.454689 -4.173832 1.821624 -0.548879 0.164899 -204.672653 209.112882 -676.684551
4.818982 -3.736576 -4.191954 4.818982 -3.736576 -4.191954 1.660241 -0.374411 -0.217404 -333.270593 372.449930 -597.657685
5.750205 -3.885690 -4.420757 5.750205 -3.885690 -4.420757 1.435615 -0.108486 -0.529912 -415.482979 513.966324 -444.037565
6.532213 -3.853897 -4.805484 6.532213 -3.853897 -4.805484 1.163455 0.221747 -0.730599 -491.717588 586.808607 -224.918938
7.141445 -3.615974 -5.270732 7.141445 -3.615974 -5.270732 0.866768 0.570078 -0.797566 -497.238953 574.294070 1.696195
7.575038 -3.174063 -5.735411 7.575038 -3.174063 -5.735411 0.583601 0.897115 -0.728769 -446.648935 515.829564 227.627916
7.851299 -2.550327 -6.118728 7.851299 -2.550327 -6.118728 0.348097 1.169700 -0.527335 -338.366381 392.787183 443.817106
8.008585 -1.786871 -6.345807 8.008585 -1.786871 -6.345807 0.191742 1.360045 -0.213870 -182.814395 241.695877 601.065515
8.102801 -0.938595 -6.360037 8.102801 -0.938595 -6.360037 0.142441 1.448786 0.176270 18.475294 54.108486 699.404182
8.203909 -0.070977 -6.127267 8.203909 -0.070977 -6.127267 0.215116 1.424282 0.601490 223.776832 -135.788818 717.994569
8.384743 0.749377 -5.640123 8.384743 0.749377 -5.640123 0.406803 1.293948 1.017342 415.178995 -298.658589 668.177295
8.712473 1.465628 -4.915795 8.712473 1.465628 -4.915795 0.700492 1.082957 1.386502 563.785269 -404.644100 562.358058
9.241223 2.039469 -3.992143 9.241223 2.039469 -3.992143 1.073630 0.824685 1.676546 680.006029 -456.261912 404.455849
10.009562 2.451669 -2.924392 10.009562 2.451669 -2.924392 1.490433 0.548506 1.864326 709.338916 -464.334651 221.475503
11.028365 2.700167 -1.777486 11.028365 2.700167 -1.777486 1.900344 0.284781 1.939439 657.031731 -414.749917 28.900304
12.280207 2.802687 -0.618912 12.280207 2.802687 -0.618912 2.261413 0.067463 1.905320 546.530094 -309.640403 -142.629223
13.724598 2.796285 0.490510 13.724598 2.796285 0.490510 2.535172 -0.074048 1.779260 365.998632 -162.064342 -277.569830
15.298087 2.731200 1.503575 15.298087 2.731200 1.503575 2.687302 -0.128705 1.590076 141.104145 -20.127348 -353.043215
16.922193 2.657988 2.392182 16.922193 2.657988 2.392182 2.703593 -0.102614 1.368793 -86.802004 107.098636 -384.568803
18.514211 2.622225 3.145710 18.514211 2.622225 3.145710 2.578941 -0.005713 1.145425 -328.706181 215.903438 -359.991141
19.990764 2.661269 3.771736 19.990764 2.661269 3.771736 2.323496 0.141872 0.947281 -522.777040 276.047719 -300.486757
21.282720 2.797902 4.291036 21.282720 2.797902 4.291036 1.969624 0.316611 0.792083 -656.793657 306.414875 -216.842013
22.341767 3.040582 4.733813 22.341767 3.040582 4.733813 1.553026 0.488252 0.694772 -731.869373 265.723741 -107.527491
23.141661 3.377078 5.136772 23.141661 3.377078 5.136772 1.112980 0.626259 0.657513 -734.949967 194.299286 -16.669836
23.681432 3.781136 5.531808 23.681432 3.781136 5.531808 0.693377 0.709479 0.665154 -663.727515 83.101260 42.142054
23.986474 4.215962 5.940563 23.986474 4.215962 5.940563 0.337575 0.730243 0.700822 -522.276669 -13.890377 76.749016
24.105872 4.645618 6.374981 24.105872 4.645618 6.374981 0.078524 0.691963 0.747422 -341.227608 -113.708013 78.586458
24.102694 5.034767 6.835938 24.102694 5.034767 6.835938 -0.070570 0.595928 0.786367 -155.752253 -206.410352 51.228001
24.043666 5.353321 7.313907 24.043666 5.353321 7.313907 -0.107274 0.462838 0.801744 33.405296 -237.222493 0.029353
23.994612 5.589783 7.790444 23.994612 5.589783 7.790444 -0.040743 0.327801 0.779187 188.364127 -212.899026 -75.220161
24.011707 5.750259 8.241114 24.011707 5.750259 8.241114 0.110452 0.210650 0.717544 315.619210 -177.605755 -130.255215
24.138777 5.849507 8.646195 24.138777 5.849507 8.646195 0.319763 0.128221 0.629394 382.084952 -97.155827 -163.578169
24.399923 5.916028 8.993695 24.399923 5.916028 8.993695 0.551575 0.105309 0.527784 390.621918 20.779588 -175.121770
24.798216 5.990131 9.280563 24.798216 5.990131 9.280563 0.771130 0.153667 0.431312 341.228880 140.413935 -146.450159
25.317576 6.113148 9.517390 25.317576 6.113148 9.517390 0.952171 0.265625 0.365442 262.239281 232.779354 -73.119018
25.930312 6.319461 9.730107 25.930312 6.319461 9.730107 1.080667 0.430483 0.354639 166.081509 316.747356 37.109987
26.602169 6.635396 9.958226 26.602169 6.635396 9.958226 1.148125 0.623688 0.420183 58.777672 327.270925 181.371016
27.295791 7.066481 10.248741 27.295791 7.066481 10.248741 1.154230 0.809864 0.557799 -38.427290 293.316232 277.348126
27.981412 7.605196 10.633343 27.981412 7.605196 10.633343 1.131174 0.985854 0.724208 -38.427290 293.316232 277.348126
