9.321948 1.612744 5.260672 9.321948 1.612744 5.260672 0.680545 -0.377048 0.011340 87.125231 -443.050812 3.109066
9.745958 1.306766 5.268036 9.745958 1.306766 5.268036 0.732820 -0.642878 0.013205 87.125231 -443.050812 3.109066
10.197781 0.846585 5.279367 10.197781 0.846585 5.279367 0.767340 -0.882236 0.029311 27.940901 -354.807848 50.574621
10.658455 0.261085 5.307871 10.658455 0.261085 5.307871 0.760310 -1.056583 0.068730 -51.373483 -226.348570 80.823303
11.103353 -0.404262 5.362817 11.103353 -0.404262 5.362817 0.719280 -1.145666 0.113021 -85.394205 -70.596080 66.814014
11.518915 -1.092699 5.439151 11.518915 -1.092699 5.439151 0.664869 -1.129673 0.135585 -95.976263 123.906213 8.398021
11.901581 -1.737473 5.517233 11.901581 -1.737473 5.517233 0.612386 -1.001694 0.116719 -78.966440 302.690550 -71.282365
12.259475 -2.275546 5.568967 12.259475 -2.275546 5.568967 0.588390 -0.777784 0.046614 -1.020081 443.675563 -162.403235
12.615714 -2.656764 5.561032 12.615714 -2.656764 5.561032 0.604723 -0.483621 -0.084182 55.462531 536.868583 -273.581799
12.993297 -2.847152 5.455693 12.993297 -2.847152 5.455693 0.661832 -0.145762 -0.276253 134.903535 589.327901 -366.655659
13.420113 -2.830813 5.220459 13.420113 -2.830813 5.220459 0.769942 0.196424 -0.513670 225.460800 551.291641 -424.734491
13.924073 -2.619453 4.835072 13.924073 -2.619453 4.835072 0.912280 0.498566 -0.772174 248.999881 455.849555 -436.946238
14.516742 -2.248500 4.296064 14.516742 -2.248500 4.296064 1.064087 0.720878 -1.019606 257.022564 285.190174 -387.825843
15.199655 -1.773093 3.620019 15.199655 -1.773093 3.620019 1.209281 0.849719 -1.224665 226.960450 144.280522 -295.705677
15.966076 -1.237291 2.831993 15.966076 -1.237291 2.831993 1.345458 0.936287 -1.402089 226.960450 144.280522 -295.705677
