7.199160 4.806516 -0.377102 7.199160 4.806516 -0.377102 1.310403 -0.490291 1.350907 577.534147 -169.034807 473.971900
8.089358 4.481915 0.518757 8.089358 4.481915 0.518757 1.656923 -0.591711 1.635291 577.534147 -169.034807 473.971900
9.179613 4.106630 1.577043 9.179613 4.106630 1.577043 1.964169 -0.642295 1.878654 446.617352 0.423856 337.239172
10.425026 3.732912 2.751746 10.425026 3.732912 2.751746 2.164741 -0.584127 2.015039 221.958020 193.469804 117.376427
11.750335 3.427307 3.971294 11.750335 3.427307 3.971294 2.230478 -0.417814 2.032446 -2.835011 360.904055 -59.353435
13.074108 3.248662 5.170233 13.074108 3.248662 5.170233 2.158760 -0.165866 1.947613 -236.226413 478.923157 -223.422241
14.313731 3.239403 6.290781 14.313731 3.239403 6.290781 1.951463 0.141763 1.774542 -454.762724 546.507712 -353.479901
15.393509 3.422359 7.287525 15.393509 3.422359 7.287525 1.632389 0.467301 1.540679 -608.819005 538.617712 -426.065158
16.257010 3.796074 8.134031 16.257010 3.796074 8.134031 1.235377 0.772386 1.278991 -714.552525 478.333192 -446.226488
16.867826 4.338286 8.823632 16.867826 4.338286 8.823632 0.797690 1.022793 1.023893 -744.405138 356.356215 -404.100332
17.216021 5.005738 9.369343 17.216021 5.005738 9.369343 0.368918 1.184766 0.801997 -684.833220 183.556248 -335.553909
17.320489 5.737858 9.795925 17.320489 5.737858 9.795925 -0.010047 1.235999 0.629584 -578.384960 -12.782427 -239.155292
17.219925 6.466653 10.136647 17.219925 6.466653 10.136647 -0.309208 1.175816 0.516188 -418.818362 -187.827801 -138.832986
16.970091 7.128775 10.426424 16.970091 7.128775 10.426424 -0.505109 1.015325 0.458157 -234.184936 -347.139608 -54.603646
16.635497 7.667853 10.695694 16.635497 7.667853 10.695694 -0.592499 0.768881 0.446421 -57.115237 -474.341380 15.483777
16.280069 8.040292 10.969251 16.280069 8.040292 10.969251 -0.575005 0.466738 0.470301 115.427674 -532.801842 64.116817
15.964114 8.224924 11.261516 15.964114 8.224924 11.261516 -0.464391 0.149520 0.501487 253.288002 -524.591700 39.837709
15.736007 8.223932 11.567287 15.736007 8.223932 11.567287 -0.287741 -0.146622 0.513927 335.543255 -462.549502 1.629394
15.624767 8.059495 11.873722 15.624767 8.059495 11.873722 -0.081379 -0.390175 0.503835 352.330401 -349.293022 -35.271788
15.638150 7.770888 12.165432 15.638150 7.770888 12.165432 0.123973 -0.557894 0.461460 332.177840 -209.770294 -105.976031
15.769278 7.408231 12.420093 15.769278 7.408231 12.420093 0.308043 -0.634568 0.382178 281.388774 -45.810139 -158.296649
15.998896 7.028303 12.618465 15.998896 7.028303 12.618465 0.447585 -0.616759 0.274990 183.749468 105.172789 -198.999690
16.294660 6.682971 12.747431 16.294660 6.682971 12.747431 0.528530 -0.524694 0.154553 86.067300 201.713736 -202.454160
16.627270 6.404463 12.803721 16.627270 6.404463 12.803721 0.580170 -0.403665 0.033081 86.067300 201.713736 -202.454160
