11.990771 3.993845 4.690472 11.990771 3.993845 4.690472 0.719262 -0.529198 1.101912 -633.282448 113.387030 -414.485851
12.308337 3.696736 5.277012 12.308337 3.696736 5.277012 0.339292 -0.461165 0.853220 -633.282448 113.387030 -414.485851
12.403340 3.444623 5.705654 12.403340 3.444623 5.705654 -0.013587 -0.372250 0.561117 -542.983194 182.996583 -559.192619
12.305926 3.256424 5.932523 12.305926 3.256424 5.932523 -0.296997 -0.251395 0.179868 -401.713996 219.855369 -711.635576
12.066485 3.144947 5.909612 12.066485 3.144947 5.909612 -0.482700 -0.120550 -0.260804 -217.297315 216.294436 -757.272415
11.750768 3.107003 5.619197 11.750768 3.107003 5.619197 -0.547995 -0.013511 -0.703283 -0.353551 140.502537 -717.658950
11.436616 3.119226 5.073991 11.436616 3.119226 5.073991 -0.474663 0.045990 -1.104166 244.794095 57.832249 -618.614896
11.206632 3.151917 4.309190 11.206632 3.151917 4.309190 -0.274032 0.054124 -1.430092 423.974723 -30.716833 -467.807534
11.128845 3.172400 3.379751 11.128845 3.172400 3.379751 0.031934 0.003380 -1.646666 595.913415 -138.429736 -254.104798
11.261095 3.143371 2.361100 11.261095 3.143371 2.361100 0.418609 -0.110376 -1.723692 693.001811 -240.758999 -2.649181
11.636562 3.032851 1.340924 11.636562 3.032851 1.340924 0.832220 -0.259622 -1.652700 685.701064 -256.725381 239.290553
12.255938 2.829529 0.402131 12.255938 2.829529 0.402131 1.226730 -0.420347 -1.460354 629.333488 -279.026055 401.862989
13.105256 2.527096 -0.401746 13.105256 2.527096 -0.401746 1.604330 -0.587763 -1.219236 629.333488 -279.026055 401.862989
