-1.987379 -3.000995 -2.929672 -1.987379 -3.000995 -2.929672 0.151408 0.685780 0.751224 -193.011150 -290.813583 724.326887
-1.931276 -2.641873 -2.348559 -1.931276 -2.641873 -2.348559 0.035601 0.511292 1.185820 -193.011150 -290.813583 724.326887
-1.933438 -2.393268 -1.512711 -1.933438 -2.393268 -1.512711 -0.024110 0.307687 1.590301 -6.023510 -387.869189 623.942818
-1.934782 -2.283914 -0.456408 -1.934782 -2.283914 -0.456408 0.043305 0.047755 1.913729 230.738384 -478.572660 454.148544
-1.855921 -2.342059 0.762127 -1.855921 -2.342059 0.762127 0.238474 -0.242662 2.128976 419.823433 -489.483395 263.342833
-1.629729 -2.573618 2.073672 -1.629729 -2.573618 2.073672 0.528066 -0.525629 2.220767 545.486400 -453.741563 42.625766
-1.210304 -2.963950 3.403194 -1.210304 -2.963950 3.403194 0.877347 -0.764275 2.193289 618.782262 -341.744670 -134.216416
-0.573677 -3.474051 4.683374 -0.573677 -3.474051 4.683374 1.242806 -0.919434 2.054587 599.415632 -175.452166 -328.124150
0.275019 -4.046098 5.849367 0.275019 -4.046098 5.849367 1.578044 -0.968732 1.819231 518.041918 11.127555 -456.397521
1.310383 -4.615992 6.854442 1.310383 -4.615992 6.854442 1.865322 -0.915344 1.523828 439.552203 166.830070 -528.278835
2.508696 -5.135170 7.673648 2.508696 -5.135170 7.673648 2.129053 -0.815246 1.206861 439.552203 166.830070 -528.278835
