9.242255 -2.564264 -3.048105 9.242255 -2.564264 -3.048105 2.209214 0.059663 -0.020601 9.929972 358.393202 336.291905
10.569571 -2.463956 -2.999933 10.569571 -2.463956 -2.999933 2.215172 0.274699 0.181175 9.929972 358.393202 336.291905
11.888561 -2.231172 -2.837292 11.888561 -2.231172 -2.837292 2.161631 0.507001 0.349967 -188.399502 415.946833 226.351180
13.136971 -1.849895 -2.594936 13.136971 -1.849895 -2.594936 1.975307 0.767601 0.443940 -432.679121 452.717935 86.890298
14.233074 -1.310591 -2.322065 14.233074 -1.310591 -2.322065 1.659703 1.025500 0.450407 -619.334278 406.944826 -65.334400
15.110856 -0.628284 -2.067625 15.110856 -0.628284 -2.067625 1.255307 1.238455 0.390990 -728.653268 302.908019 -132.721105
15.730747 0.161057 -1.859738 15.730747 0.161057 -1.859738 0.807436 1.378922 0.297269 -764.251077 165.314873 -179.682694
16.079852 1.006381 -1.714735 16.079852 1.006381 -1.714735 0.359928 1.419178 0.184383 -727.441943 -31.130198 -196.602493
16.169217 1.842638 -1.637990 16.169217 1.842638 -1.637990 -0.054793 1.352272 0.073938 -654.960423 -191.888890 -171.550048
16.018449 2.619461 -1.624507 16.018449 2.619461 -1.624507 -0.447769 1.237139 -0.028992 -654.960423 -191.888890 -171.550048
