-6.724322 -0.695282 9.872437 -6.724322 -0.695282 9.872437 1.562053 0.051091 1.332729 -605.311814 99.272947 -196.960976
-5.896046 -0.646758 10.636622 -5.896046 -0.646758 10.636622 1.198866 0.110655 1.214553 -605.311814 99.272947 -196.960976
-5.289158 -0.556041 11.320195 -5.289158 -0.556041 11.320195 0.818299 0.202495 1.047848 -663.243778 206.858657 -358.720281
-4.919523 -0.390784 11.873496 -4.919523 -0.390784 11.873496 0.410553 0.359235 0.778422 -695.912271 315.608192 -539.366494
-4.793505 -0.114968 12.236944 -4.793505 -0.114968 12.236944 0.017757 0.565931 0.422209 -613.406909 373.380289 -648.011081
-4.884739 0.292435 12.370550 -4.884739 0.292435 12.370550 -0.307659 0.793137 0.018015 -471.313839 383.971458 -699.301292
-5.143375 0.834605 12.256053 -5.143375 0.834605 12.256053 -0.536470 1.009383 -0.398728 -291.388292 336.849432 -689.844575
-5.505843 1.495348 11.896820 -5.505843 1.495348 11.896820 -0.651984 1.183898 -0.791753 -93.659890 244.865290 -620.238856
-5.900908 2.241565 11.319121 -5.900908 2.241565 11.319121 -0.643257 1.289828 -1.118917 122.751656 108.236291 -470.307151
-6.252695 3.025256 10.575432 -6.252695 3.025256 10.575432 -0.509246 1.306328 -1.339518 323.952000 -53.236621 -265.026907
-6.491442 3.788770 9.738138 -6.491442 3.788770 9.738138 -0.272431 1.220884 -1.427926 465.429789 -231.574636 -29.667790
-6.566017 4.471396 8.890185 -6.566017 4.471396 8.890185 0.032361 1.040834 -1.375013 550.544531 -368.594144 206.044805
-6.445725 5.022337 8.115042 -6.445725 5.022337 8.115042 0.371575 0.783616 -1.187504 580.169132 -488.800178 418.983219
-6.120320 5.401014 7.487194 -6.120320 5.401014 7.487194 0.709822 0.472793 -0.889925 547.320720 -547.275167 572.946631
-5.600533 5.586270 7.062562 -5.600533 5.586270 7.062562 1.015094 0.144881 -0.515191 470.253105 -545.766200 676.167441
-4.914530 5.578896 6.877844 -4.914530 5.578896 6.877844 1.258752 -0.162905 -0.096057 341.938328 -480.186165 720.947348
-4.104784 5.402411 6.947000 -4.104784 5.402411 6.947000 1.428644 -0.412559 0.321610 224.368299 -351.991879 671.274836
-3.215559 5.102101 7.252902 -3.215559 5.102101 7.252902 1.521529 -0.570834 0.684905 85.250863 -175.594521 539.709436
-2.294477 4.739298 7.750333 -2.294477 4.739298 7.750333 1.536774 -0.619665 0.955433 -34.436323 12.825867 362.049632
-1.381954 4.380248 8.376648 -1.381954 4.380248 8.376648 1.499400 -0.559770 1.112093 -90.141907 186.823490 160.149574
-0.500792 4.088328 9.060221 -0.500792 4.088328 9.060221 1.434053 -0.396104 1.145635 -127.681615 358.730432 -48.340027
0.336490 3.922758 9.726479 0.336490 3.922758 9.726479 1.356608 -0.143261 1.054521 -130.468503 484.079638 -255.373537
1.128855 3.927637 10.303462 1.128855 3.927637 10.303462 1.287745 0.165692 0.852487 -99.074104 545.762838 -418.075411
1.887936 4.124674 10.732901 1.887936 4.124674 10.732901 1.249640 0.490073 0.567640 -27.944628 535.509936 -531.413605
2.635683 4.511202 10.974918 2.635683 4.511202 10.974918 1.247838 0.791842 0.234232 21.936971 470.384065 -579.945737
3.391971 5.062893 11.012836 3.391971 5.062893 11.012836 1.279182 1.033653 -0.104892 82.543496 335.653645 -550.469778
4.176109 5.733746 10.855051 4.176109 5.733746 10.855051 1.337565 1.186265 -0.414001 112.066651 173.054590 -479.890959
4.998138 6.466783 10.527012 4.998138 6.466783 10.527012 1.401394 1.240736 -0.668223 100.697596 8.514423 -367.516186
5.855256 7.201847 10.068613 5.855256 7.201847 10.068613 1.452596 1.191293 -0.845296 69.974978 -173.325698 -222.728959
6.735419 7.876377 9.529585 6.735419 7.876377 9.529585 1.474630 1.042065 -0.937727 3.471941 -324.100384 -85.374628
7.614870 8.437792 8.958612 7.614870 8.437792 8.958612 1.446955 0.820174 -0.953798 -95.722427 -415.534714 31.806153
8.459812 8.852088 8.398171 8.459812 8.852088 8.398171 1.359517 0.555792 -0.904150 -195.737657 -465.738923 133.687646
9.234944 9.102729 7.883119 9.234944 9.102729 7.883119 1.215346 0.281342 -0.807069 -284.831320 -449.095162 189.915592
9.908999 9.194593 7.433936 9.908999 9.194593 7.433936 1.025037 0.031362 -0.688750 -349.533193 -384.171851 204.482141
10.459587 9.150651 7.055943 10.459587 9.150651 7.055943 0.807726 -0.167183 -0.573815 -374.835266 -277.646054 178.633422
10.879017 9.008387 6.741061 10.879017 9.008387 6.741061 0.594147 -0.293660 -0.480368 -337.094015 -143.941704 132.857331
11.179909 8.814532 6.472821 11.179909 8.814532 6.472821 0.417294 -0.338770 -0.420320 -252.417782 -6.427225 67.300579
11.392201 8.616736 6.228606 11.392201 8.616736 6.228606 0.302597 -0.309513 -0.400627 -129.906095 103.950062 -1.654818
11.559786 8.455010 5.985420 11.559786 8.455010 5.985420 0.271707 -0.220789 -0.414182 26.939524 191.798472 -43.529297
11.739299 8.360089 5.728735 11.739299 8.360089 5.728735 0.346070 -0.090565 -0.442000 220.938366 242.281954 -49.197570
11.997820 8.349416 5.455745 11.997820 8.349416 5.455745 0.534183 0.055078 -0.466193 406.105567 243.195262 -31.444677
12.399647 8.423237 5.173352 12.399647 8.423237 5.173352 0.818936 0.185993 -0.470146 543.070490 193.185374 18.264987
12.995206 8.563126 4.900006 12.995206 8.563126 4.900006 1.177003 0.269501 -0.431918 650.486476 85.175772 109.164485
13.821306 8.735809 4.665240 13.821306 8.735809 4.665240 1.581349 0.298862 -0.342745 697.333489 12.693688 188.077178
14.895636 8.917411 4.493447 14.895636 8.917411 4.493447 1.999749 0.306478 -0.229899 697.333489 12.693688 188.077178
