4.793195 -2.207588 -7.981277 4.793195 -2.207588 -7.981277 0.279416 -0.308295 1.375185 619.047584 233.816588 240.107747
5.072274 -2.350478 -7.112947 5.072274 -2.350478 -7.112947 0.650845 -0.168005 1.519249 619.047584 233.816588 240.107747
5.568679 -2.411538 -6.164818 5.568679 -2.411538 -6.164818 0.994624 -0.039434 1.630115 526.882513 194.753906 129.446393
6.249193 -2.405148 -5.173229 6.249193 -2.405148 -5.173229 1.255256 0.052393 1.658876 341.892409 111.338558 -33.576900
7.050701 -2.359342 -4.191279 7.050701 -2.359342 -4.191279 1.394460 0.090841 1.602071 122.119017 16.820656 -155.773500
7.897117 -2.307570 -3.261755 7.897117 -2.307570 -3.261755 1.406526 0.072132 1.490211 -81.898586 -79.184627 -217.094514
8.714449 -2.285224 -2.407585 8.714449 -2.285224 -2.407585 1.298174 -0.008780 1.355557 -279.273598 -190.523660 -231.752686
9.434540 -2.328253 -1.634832 9.434540 -2.328253 -1.634832 1.087889 -0.140426 1.222179 -421.678042 -248.294003 -212.840470
10.006133 -2.457370 -0.937368 10.006133 -2.457370 -0.937368 0.808691 -0.290246 1.106813 -508.980330 -251.105316 -171.711000
10.397118 -2.675748 -0.300072 10.397118 -2.675748 -0.300072 0.490239 -0.436069 1.024367 -552.527760 -234.971724 -103.110201
10.593065 -2.974806 0.300727 10.593065 -2.974806 0.300727 0.165015 -0.552663 0.986195 -531.550206 -153.675445 -24.129727
10.601844 -3.327523 0.891423 10.601844 -3.327523 0.891423 -0.126669 -0.612153 0.988330 -440.730992 -44.625825 31.247327
10.452804 -3.694686 1.491217 10.452804 -3.694686 1.491217 -0.359643 -0.598121 1.012936 -335.849759 91.398159 50.773341
10.185073 -4.028328 2.107961 10.185073 -4.028328 2.107961 -0.518613 -0.499387 1.042613 -194.050372 237.718233 48.149193
9.847251 -4.278568 2.740530 9.847251 -4.278568 2.740530 -0.593671 -0.323744 1.063172 -56.142827 347.756873 20.379965
9.487197 -4.404521 3.378116 9.487197 -4.404521 3.378116 -0.596085 -0.086605 1.055473 48.096702 442.707983 -46.044296
9.142591 -4.375237 3.998203 9.142591 -4.375237 3.998203 -0.545286 0.186816 1.003303 121.233457 468.692675 -127.853699
8.840144 -4.179907 4.571796 8.840144 -4.179907 4.571796 -0.458035 0.462414 0.899718 169.603344 449.968170 -217.430096
8.595795 -3.825598 5.068844 8.595795 -3.825598 5.068844 -0.356557 0.711728 0.751033 168.654761 381.078516 -278.187508
8.410095 -3.338739 5.467109 8.410095 -3.338739 5.467109 -0.265979 0.896512 0.572714 133.274699 234.869289 -316.207209
8.271901 -2.767957 5.754203 8.271901 -2.767957 5.754203 -0.198997 0.990427 0.384901 89.997589 78.180313 -309.836569
8.164728 -2.170197 5.932726 8.164728 -2.170197 5.932726 -0.164871 0.984492 0.215767 23.755094 -97.964404 -253.945095
8.066105 -1.607564 6.022702 8.066105 -1.607564 6.022702 -0.170501 0.873570 0.094529 -42.521219 -271.773689 -150.181529
7.955176 -1.141441 6.060524 7.955176 -1.141441 6.060524 -0.200884 0.665008 0.045109 -58.754113 -423.435199 -14.550166
7.823646 -0.824247 6.093885 7.823646 -0.824247 6.093885 -0.238257 0.382983 0.080952 -65.822783 -516.648379 134.026356
7.671310 -0.688633 6.176925 7.671310 -0.688633 6.176925 -0.265421 0.067100 0.213086 -24.724568 -536.293464 306.420192
7.511759 -0.743263 6.369755 7.511759 -0.743263 6.369755 -0.259498 -0.246463 0.446050 44.468703 -508.916041 470.126519
7.369202 -0.977561 6.727498 7.369202 -0.977561 6.727498 -0.207129 -0.525888 0.755576 130.094952 -422.502261 561.627461
7.274508 -1.359338 7.284660 7.274508 -1.359338 7.284660 -0.098240 -0.730360 1.106170 232.867738 -259.070046 607.019871
7.262729 -1.833331 8.057710 7.262729 -1.833331 8.057710 0.067723 -0.831527 1.470805 320.341071 -78.152648 608.428459
7.365200 -2.335096 9.044788 7.365200 -2.335096 9.044788 0.280808 -0.822322 1.811251 389.943231 108.833901 526.392119
7.606415 -2.797913 10.216302 7.606415 -2.797913 10.216302 0.527473 -0.702091 2.077149 432.273057 291.936251 359.932738
7.998276 -3.158259 11.514506 7.998276 -3.158259 11.514506 0.774679 -0.485130 2.228745 391.744969 431.267269 145.390310
8.528943 -3.365820 12.867452 8.528943 -3.365820 12.867452 0.986451 -0.196923 2.263622 314.164392 529.424652 -29.135822
9.177363 -3.388677 14.220381 9.177363 -3.388677 14.220381 1.174950 0.120732 2.246140 314.164392 529.424652 -29.135822
