-10.867283 4.816805 8.300359 -10.867283 4.816805 8.300359 1.865276 0.435004 -1.047396 235.200068 132.897150 256.356842
-9.705782 5.101729 7.718066 -9.705782 5.101729 7.718066 2.006396 0.514742 -0.893582 235.200068 132.897150 256.356842
-8.471584 5.428106 7.233094 -8.471584 5.428106 7.233094 2.087636 0.562533 -0.714601 35.601712 26.405513 340.245299
-7.227146 5.762947 6.868076 -7.227146 5.762947 6.868076 2.036241 0.541218 -0.497958 -206.917950 -97.455785 381.897893
-6.055111 6.063874 6.637216 -6.055111 6.063874 6.637216 1.849768 0.451436 -0.272957 -414.659998 -201.817608 368.108598
-5.029805 6.293170 6.536764 -5.029805 6.293170 6.536764 1.551391 0.304155 -0.066776 -579.929924 -289.118231 319.158634
-4.209003 6.419893 6.547671 -4.209003 6.419893 6.547671 1.175206 0.112043 0.092340 -674.018310 -351.253926 211.229647
-3.625989 6.422879 6.634750 -3.625989 6.422879 6.634750 0.766860 -0.103782 0.187343 -687.137679 -368.162016 105.446370
-3.285895 6.296485 6.760819 -3.285895 6.296485 6.760819 0.372893 -0.313962 0.224028 -626.084908 -332.438358 16.835637
-3.167289 6.053174 6.894051 -3.167289 6.053174 6.894051 0.035069 -0.488896 0.213053 -499.995317 -250.675549 -53.418718
-3.225081 5.723660 7.009177 -3.225081 5.723660 7.009177 -0.209099 -0.594579 0.165551 -313.899070 -101.601006 -104.919327
-3.395044 5.357293 7.089167 -3.395044 5.357293 7.089167 -0.337445 -0.612194 0.100322 -113.919454 42.882709 -112.511273
-3.605772 5.006817 7.130614 -3.605772 5.006817 7.130614 -0.344573 -0.540860 0.040344 90.160738 194.898249 -87.416953
-3.784595 4.725617 7.141579 -3.784595 4.725617 7.141579 -0.232020 -0.382748 0.000363 285.014292 332.140135 -45.851930
-3.862846 4.562939 7.138281 -3.862846 4.562939 7.138281 -0.012715 -0.147537 -0.003457 446.002896 451.898306 33.119179
-3.785104 4.557383 7.145355 -3.785104 4.557383 7.145355 0.280338 0.131729 0.032347 530.841234 478.988966 86.225883
-3.519426 4.722048 7.182782 -3.519426 4.722048 7.182782 0.608459 0.416167 0.096573 562.893668 469.137476 127.862853
-3.053796 5.052675 7.264360 -3.053796 5.052675 7.264360 0.942367 0.680059 0.176384 550.134373 410.500548 138.173302
-2.394549 5.526615 7.393665 -2.394549 5.526615 7.393665 1.246456 0.886431 0.252305 463.496654 277.407950 114.897667
-1.570536 6.097731 7.561896 -1.570536 6.097731 7.561896 1.488107 0.999495 0.302077 342.003988 99.472455 51.008264
-0.623509 6.704126 7.746873 -0.623509 6.704126 7.746873 1.656320 1.003145 0.305427 218.706105 -87.306736 -39.842560
0.402224 7.279249 7.915928 0.402224 7.279249 7.915928 1.750412 0.895517 0.246376 94.934309 -271.451961 -156.992639
1.462624 7.758073 8.026525 1.462624 7.758073 8.026525 1.772698 0.684521 0.107329 -20.648667 -431.868253 -306.499682
2.518638 8.085348 8.029960 2.518638 8.085348 8.029960 1.740870 0.396893 -0.105534 -85.441592 -526.893601 -403.041269
3.547781 8.228643 7.894092 3.547781 8.228643 7.894092 1.689605 0.080757 -0.347358 -85.441592 -526.893601 -403.041269
