7.769970 4.877519 6.043932 7.769970 4.877519 6.043932 1.171354 -0.101611 0.133432 -137.617728 235.144423 -65.148100
8.448011 4.858878 6.112264 8.448011 4.858878 6.112264 1.088783 0.039476 0.094343 -137.617728 235.144423 -65.148100
9.072365 4.923983 6.152774 9.072365 4.923983 6.152774 0.985490 0.176027 0.033404 -206.694568 220.024739 -137.981961
9.622754 5.065004 6.141827 9.622754 5.065004 6.141827 0.842973 0.287046 -0.080147 -268.362363 150.040365 -240.521758
10.079982 5.258882 6.044800 10.079982 5.258882 6.044800 0.680703 0.350285 -0.252684 -272.537429 60.757117 -334.601322
10.441021 5.473620 5.829601 10.441021 5.473620 5.829601 0.525555 0.354892 -0.470247 -244.620721 -45.402837 -390.609960
10.715513 5.672028 5.475368 10.715513 5.672028 5.475368 0.394731 0.295876 -0.713490 -191.459829 -151.315669 -420.199762
10.923958 5.818330 4.973636 10.923958 5.818330 4.973636 0.310201 0.185153 -0.955617 -90.307901 -217.760282 -386.889023
11.103002 5.888105 4.336098 11.103002 5.888105 4.336098 0.301913 0.043896 -1.160388 62.681463 -253.097969 -295.681311
11.304425 5.868258 3.594692 11.304425 5.868258 3.594692 0.384487 -0.111096 -1.297550 212.565773 -263.542411 -161.527041
11.581219 5.757783 2.796464 11.581219 5.757783 2.796464 0.551225 -0.251119 -1.347584 343.226057 -203.200802 -5.251786
11.980313 5.575782 1.998359 11.980313 5.575782 1.998359 0.790052 -0.346809 -1.293782 452.865155 -115.764504 184.590923
12.540406 5.353647 1.266750 12.540406 5.353647 1.266750 1.084502 -0.382329 -1.125855 528.634673 -2.637149 375.165241
13.286753 5.132173 0.668441 13.286753 5.132173 0.668441 1.404140 -0.341918 -0.852381 536.825841 137.342384 536.416200
14.221948 4.957850 0.259822 14.221948 4.957850 0.259822 1.706649 -0.228984 -0.499259 471.537395 239.104515 640.657983
15.323943 4.868478 0.078550 15.323943 4.868478 0.078550 1.955218 -0.060623 -0.100040 357.027501 322.099045 690.072786
16.550704 4.893338 0.141693 16.550704 4.893338 0.141693 2.116259 0.148912 0.308769 179.772778 376.350940 672.620977
17.840069 5.049699 0.441373 17.840069 5.049699 0.441373 2.160374 0.371077 0.679081 -32.721822 364.195835 561.754134
19.116567 5.333378 0.940203 19.116567 5.333378 0.940203 2.071561 0.566981 0.967459 -263.322237 288.818296 399.504701
20.300193 5.719187 1.580911 20.300193 5.719187 1.580911 1.854006 0.708440 1.148771 -461.858947 182.712839 204.870301
21.319229 6.168018 2.292320 21.319229 6.168018 2.292320 1.525725 0.772462 1.198043 -632.413244 30.693754 -40.630772
22.112960 6.627045 2.990335 22.112960 6.627045 2.990335 1.106929 0.741001 1.106178 -763.572692 -135.564957 -265.585618
22.637072 7.037426 3.594142 22.637072 7.037426 3.594142 0.635777 0.610572 0.886353 -806.933726 -299.198420 -467.163709
22.876582 7.341800 4.032956 22.876582 7.341800 4.032956 0.168077 0.390489 0.561510 -752.067340 -434.411589 -615.646171
22.848173 7.491914 4.253489 22.848173 7.491914 4.253489 -0.252578 0.099917 0.164342 -650.115701 -534.160858 -708.248234
22.589106 7.454045 4.224152 22.589106 7.454045 4.224152 -0.595146 -0.228932 -0.262897 -491.776562 -562.003290 -715.881680
22.157042 7.217483 3.942108 22.157042 7.217483 3.942108 -0.822493 -0.556345 -0.669663 -266.048097 -529.373945 -640.004897
21.630884 6.794959 3.433937 21.630884 6.794959 3.433937 -0.905988 -0.841118 -1.009529 -12.266257 -419.866918 -492.882429
21.096135 6.222369 2.748391 21.096135 6.222369 2.748391 -0.858089 -1.054751 -1.260805 171.929932 -292.242691 -344.705387
20.612230 5.536915 1.929861 20.612230 5.536915 1.929861 -0.754931 -1.230096 -1.467629 171.929932 -292.242691 -344.705387
