4.113997 4.519296 -5.775463 4.113997 4.519296 -5.775463 -0.199547 0.211919 -0.824530 618.645382 -572.388815 -170.122285
4.105625 4.543417 -6.300803 4.105625 4.543417 -6.300803 0.171640 -0.131514 -0.926603 618.645382 -572.388815 -170.122285
4.319193 4.361847 -6.878062 4.319193 4.361847 -6.878062 0.538970 -0.473105 -0.982053 605.786540 -566.246736 -14.709404
4.749486 3.981777 -7.457995 4.749486 3.981777 -7.457995 0.891786 -0.784265 -0.931149 570.267631 -470.953391 184.389859
5.379361 3.434698 -7.975039 5.379361 3.434698 -7.975039 1.194722 -1.025578 -0.778235 439.520059 -333.424427 325.323211
6.164250 2.769414 -8.377665 6.164250 2.769414 -8.377665 1.403148 -1.175236 -0.554258 255.231068 -165.433892 421.265705
7.038656 2.046932 -8.631806 7.038656 2.046932 -8.631806 1.489166 -1.212305 -0.288573 31.497351 41.869129 464.352533
7.924539 1.337495 -8.722257 7.924539 1.337495 -8.722257 1.441630 -1.135138 -0.014414 -189.951487 215.353866 449.509807
8.741704 0.704454 -8.653215 8.741704 0.704454 -8.653215 1.259553 -0.959533 0.239185 -416.972465 369.996597 395.820991
9.411425 0.201986 -8.443879 9.411425 0.201986 -8.443879 0.954589 -0.704271 0.449562 -599.572591 480.876945 305.434131
9.869871 -0.131841 -8.125191 9.869871 -0.131841 -8.125191 0.562924 -0.404855 0.602688 -705.978946 517.176841 204.986436
10.077289 -0.282479 -7.732781 10.077289 -0.282479 -7.732781 0.123037 -0.098633 0.695176 -760.308992 503.563948 103.307620
10.016244 -0.255589 -7.302114 10.016244 -0.255589 -7.302114 -0.323207 0.180648 0.731991 -727.172069 427.371252 19.406719
9.698256 -0.078560 -6.862670 9.698256 -0.078560 -6.862670 -0.725376 0.395635 0.727418 -613.391235 289.253527 -34.650035
9.161911 0.201859 -6.433233 9.161911 0.201859 -6.433233 -1.046955 0.524051 0.702747 -458.540329 138.800484 -47.584034
8.463475 0.532431 -6.018300 8.463475 0.532431 -6.018300 -1.260705 0.563116 0.683443 -253.959686 -8.583257 -16.763652
7.675399 0.859955 -5.609078 7.675399 0.859955 -5.609078 -1.342781 0.513960 0.684255 -19.625637 -155.270977 19.468924
6.878906 1.133027 -5.191918 6.878906 1.133027 -5.191918 -1.291017 0.384022 0.711448 192.170853 -277.856313 71.174141
6.149670 1.310114 -4.748151 6.149670 1.310114 -4.748151 -1.121795 0.200749 0.774591 371.905227 -333.054938 139.304918
5.551661 1.370137 -4.255271 5.551661 1.370137 -4.255271 -0.858027 -0.001465 0.873425 507.320099 -340.990898 190.140036
5.132030 1.308910 -3.696831 5.132030 1.308910 -3.696831 -0.534301 -0.200909 0.988308 571.768062 -323.820544 192.802647
4.915213 1.135006 -3.070202 4.915213 1.135006 -3.070202 -0.187014 -0.370558 1.098690 585.854187 -241.677472 175.139793
4.905063 0.876812 -2.382655 4.905063 0.876812 -2.382655 0.147523 -0.477352 1.187810 529.267104 -114.301033 121.924673
5.081563 0.576875 -1.654561 5.081563 0.576875 -1.654561 0.428673 -0.510690 1.228276 407.899908 3.174217 12.964526
5.405061 0.276671 -0.922653 5.405061 0.276671 -0.922653 0.637778 -0.480595 1.199096 289.119170 97.139891 -110.230963
5.830674 0.011086 -0.230117 5.830674 0.011086 -0.230117 0.765770 -0.395874 1.097556 137.521119 185.265783 -228.236245
6.306976 -0.189953 0.380412 6.306976 -0.189953 0.380412 0.808714 -0.269029 0.926006 5.624973 237.550850 -343.596482
6.785990 -0.308798 0.868748 6.785990 -0.308798 0.868748 0.775954 -0.127432 0.692743 -114.825866 234.438876 -433.947260
7.227427 -0.345745 1.203545 7.227427 -0.345745 1.203545 0.689723 -0.000201 0.418681 -172.610303 189.661981 -479.594267
7.608698 -0.316401 1.369649 7.608698 -0.316401 1.369649 0.578693 0.090223 0.137038 -197.491035 111.752211 -459.215975
7.920912 -0.248097 1.374130 7.920912 -0.248097 1.374130 0.462933 0.127548 -0.113907 -188.374618 12.665528 -377.265155
8.167058 -0.175305 1.245430 8.167058 -0.175305 1.245430 0.361375 0.105066 -0.302507 -150.152482 -87.605583 -251.402713
8.360963 -0.134272 1.029470 8.360963 -0.134272 1.029470 0.291820 0.021312 -0.399365 -81.696733 -191.575666 -71.458349
8.526183 -0.160099 0.789329 8.526183 -0.160099 0.789329 0.266967 -0.114286 -0.380535 -1.146196 -260.417961 134.225841
8.689111 -0.276699 0.597590 8.689111 -0.276699 0.597590 0.281051 -0.276302 -0.237894 48.091038 -279.634731 341.243340
8.868661 -0.490878 0.527121 8.868661 -0.490878 0.527121 0.321220 -0.434398 0.021070 85.805280 -247.352199 521.969176
9.076686 -0.791589 0.642197 9.076686 -0.791589 0.642197 0.371944 -0.560553 0.376653 83.275437 -173.164377 663.309432
9.313100 -1.152626 0.992661 9.313100 -1.152626 0.992661 0.413202 -0.632128 0.800018 54.252020 -65.417772 747.905234
9.567208 -1.534700 1.607150 9.567208 -1.534700 1.607150 0.427860 -0.626488 1.248041 -5.391203 84.217012 745.505594
9.817550 -1.886883 2.483994 9.817550 -1.886883 2.483994 0.397609 -0.533207 1.664488 -95.447606 226.719817 642.650507
10.034387 -2.159136 3.591921 10.034387 -2.159136 3.591921 0.317599 -0.362866 2.017865 -171.249815 341.085082 535.275242
10.194122 -2.315460 4.898990 10.194122 -2.315460 4.898990 0.214850 -0.158215 2.339030 -171.249815 341.085082 535.275242
