-1.842780 5.837852 -2.246993 -1.842780 5.837852 -2.246993 2.224255 0.660243 0.101055 -672.937819 -244.460621 323.800186
-0.629356 6.189995 -2.128076 -0.629356 6.189995 -2.128076 1.820492 0.513566 0.295335 -672.937819 -244.460621 323.800186
0.340989 6.448959 -1.895137 0.340989 6.448959 -1.895137 1.412620 0.341026 0.476888 -686.636176 -330.672782 281.379248
1.066878 6.588374 -1.563838 1.066878 6.588374 -1.563838 1.010196 0.114223 0.618304 -654.776372 -425.337887 190.007398
1.563084 6.578788 -1.166568 1.563084 6.578788 -1.166568 0.657071 -0.148775 0.692737 -522.308057 -451.321720 58.100661
1.873167 6.410236 -0.750204 1.873167 6.410236 -0.750204 0.392961 -0.409813 0.678917 -358.059095 -418.804219 -104.168580
2.055617 6.094186 -0.371559 2.055617 6.094186 -0.371559 0.233747 -0.634981 0.566640 -172.654630 -331.756140 -270.087233
2.176962 5.661635 -0.089350 2.176962 5.661635 -0.089350 0.191028 -0.793271 0.358793 30.259253 -195.876930 -422.735913
2.308024 5.160998 0.042020 2.308024 5.160998 0.042020 0.264177 -0.857879 0.066086 213.569740 -19.486065 -552.951961
2.513870 4.652584 -0.021816 2.513870 4.652584 -0.021816 0.436803 -0.820463 -0.285470 361.850497 144.209373 -618.902863
2.845401 4.195919 -0.304353 2.845401 4.195919 -0.304353 0.675493 -0.685663 -0.656074 433.781611 305.123772 -616.443673
3.330858 3.847832 -0.803786 3.330858 3.847832 -0.803786 0.946169 -0.460648 -1.000082 468.473312 444.925237 -530.251085
3.982111 3.655929 -1.491700 3.982111 3.655929 -1.491700 1.223384 -0.171700 -1.280330 455.576402 518.234447 -403.906225
4.793709 3.647208 -2.321609 4.793709 3.647208 -2.321609 1.474548 0.144325 -1.467716 381.637944 535.181241 -220.714049
5.739778 3.827851 -3.227853 5.739778 3.827851 -3.227853 1.666755 0.454014 -1.529571 259.051191 497.116789 14.528086
6.780530 4.182078 -4.129196 6.780530 4.182078 -4.129196 1.792536 0.713972 -1.451930 160.217548 369.407775 244.278313
7.877922 4.667785 -4.943703 7.877922 4.667785 -4.943703 1.853824 0.889768 -1.241963 44.078081 216.581828 455.611419
8.991348 5.229895 -5.595773 8.991348 5.229895 -5.595773 1.846257 0.966039 -0.913106 -69.303837 37.655035 640.578750
10.084125 5.803882 -6.022235 10.084125 5.803882 -6.022235 1.792164 0.926557 -0.498276 -111.004734 -169.263999 742.186869
11.138173 6.319677 -6.184381 11.138173 6.319677 -6.184381 1.719209 0.776643 -0.036835 -132.179015 -330.447547 795.949911
12.146079 6.717442 -6.067392 12.146079 6.717442 -6.067392 1.640769 0.534672 0.419831 -129.287862 -476.123333 726.270180
13.109778 6.948737 -5.690011 13.109778 6.948737 -5.690011 1.575741 0.229967 0.829365 -87.471919 -539.560262 638.841513
14.039477 6.989596 -5.077400 14.039477 6.989596 -5.077400 1.523258 -0.093769 1.212670 -87.471919 -539.560262 638.841513
