4.691830 -2.493026 -9.424320 4.691830 -2.493026 -9.424320 0.264861 0.534156 0.621839 15.526820 182.888102 314.252193
4.853541 -2.139613 -8.994651 4.853541 -2.139613 -8.994651 0.274177 0.643889 0.810390 15.526820 182.888102 314.252193
5.023873 -1.726438 -8.450481 5.023873 -1.726438 -8.450481 0.298652 0.723230 1.005796 66.059248 81.580798 337.101784
5.218311 -1.285462 -7.786176 5.218311 -1.285462 -7.786176 0.355063 0.733946 1.208801 121.975045 -45.858417 339.581628
5.454765 -0.858562 -7.003824 5.454765 -0.858562 -7.003824 0.435552 0.680364 1.392281 146.323968 -132.751396 272.015254
5.740094 -0.478258 -6.125094 5.740094 -0.478258 -6.125094 0.511646 0.580618 1.527485 107.319490 -199.733920 178.666959
6.062570 -0.167042 -5.184671 6.062570 -0.167042 -5.184671 0.556890 0.454765 1.593545 43.495058 -219.774693 41.531562
6.399756 0.067696 -4.231636 6.399756 0.067696 -4.231636 0.559103 0.330089 1.565624 -36.118318 -195.811414 -134.599267
6.721406 0.234023 -3.325914 6.721406 0.234023 -3.325914 0.500879 0.230201 1.437740 -157.961494 -137.149174 -291.682584
6.986089 0.353030 -2.524819 6.986089 0.353030 -2.524819 0.369046 0.175778 1.217502 -281.481814 -44.263543 -442.442130
7.150498 0.457352 -1.880071 7.150498 0.457352 -1.880071 0.168398 0.183333 0.921466 -387.346190 69.448417 -544.345679
7.176469 0.586870 -1.428160 7.176469 0.586870 -1.428160 -0.090733 0.260092 0.579927 -476.422731 186.414886 -594.118623
7.034583 0.782069 -1.186816 7.034583 0.782069 -1.186816 -0.385037 0.399887 0.225102 -504.589928 279.567183 -588.630541
6.714489 1.075831 -1.152551 6.714489 1.075831 -1.152551 -0.679022 0.585165 -0.102293 -475.359133 338.026772 -502.685676
6.227111 1.488196 -1.295083 6.227111 1.488196 -1.295083 -0.936238 0.790085 -0.357266 -382.030111 345.042154 -347.224326
5.604714 2.021004 -1.559911 5.604714 2.021004 -1.559911 -1.124899 0.980359 -0.505443 -246.839684 289.204692 -146.699816
4.896282 2.656133 -1.876847 4.896282 2.656133 -1.876847 -1.218312 1.128162 -0.529781 -64.534576 203.468916 65.572225
4.166139 3.362168 -2.169400 4.166139 3.362168 -2.169400 -1.194728 1.212811 -0.422875 143.146685 78.696507 290.780736
3.487449 4.094491 -2.357326 3.487449 4.094491 -2.357326 -1.046940 1.212387 -0.181113 349.478842 -80.109272 515.094153
2.933383 4.797588 -2.365026 2.933383 4.797588 -2.365026 -0.781293 1.114741 0.169195 536.013536 -245.378990 652.600488
2.569365 5.414615 -2.141021 2.569365 5.414615 -2.141021 -0.418308 0.929268 0.585854 673.936723 -372.862900 736.261700
2.443745 5.898999 -1.654948 2.443745 5.898999 -1.654948 0.006334 0.675239 1.037778 741.533542 -473.900334 770.152211
2.581151 6.215110 -0.896958 2.581151 6.215110 -0.896958 0.451900 0.372247 1.483350 743.687039 -536.074119 715.088254
2.980735 6.342923 0.112433 2.980735 6.342923 0.112433 0.871017 0.055396 1.865727 653.371762 -520.096275 559.501939
3.612229 6.288012 1.321646 3.612229 6.288012 1.321646 1.219421 -0.229318 2.146757 507.974911 -428.951358 377.263746
4.423993 6.081142 2.665532 4.423993 6.081142 2.665532 1.467587 -0.447028 2.312738 319.244988 -296.748389 176.005967
5.347724 5.769245 4.070062 5.347724 5.769245 4.070062 1.587706 -0.576403 2.344371 81.151685 -134.500168 -70.563921
6.299988 5.411257 5.450781 6.299988 5.411257 5.450781 1.561563 -0.596785 2.236022 -168.297758 66.558763 -290.597778
7.195348 5.074565 6.731600 7.195348 5.074565 6.731600 1.404162 -0.509857 2.019230 -356.369567 223.203694 -432.041716
7.973699 4.808828 7.865371 7.973699 4.808828 7.865371 1.190341 -0.375934 1.760005 -356.369567 223.203694 -432.041716
