-2.617338 -4.649941 -2.762661 -2.617338 -4.649941 -2.762661 0.121037 -0.659194 -1.256098 505.101463 267.650749 214.062673
-2.453797 -4.997281 -3.477789 -2.453797 -4.997281 -3.477789 0.424098 -0.498604 -1.127660 505.101463 267.650749 214.062673
-2.103172 -5.243225 -4.111163 -2.103172 -5.243225 -4.111163 0.753404 -0.312809 -0.975768 592.585402 351.666753 292.244090
-1.541638 -5.364337 -4.639630 -1.541638 -5.364337 -4.639630 1.123086 -0.085443 -0.778476 639.690190 406.219542 365.395972
-0.754939 -5.342050 -5.040090 -0.754939 -5.342050 -5.040090 1.495416 0.160453 -0.554966 601.408196 413.433846 379.637433
0.243462 -5.173997 -5.307028 0.243462 -5.173997 -5.307028 1.820748 0.395332 -0.338647 483.033796 369.493743 341.424970
1.414109 -4.876580 -5.453271 1.414109 -4.876580 -5.453271 2.066828 0.585572 -0.156350 337.232682 264.641996 266.233384
2.705775 -4.485271 -5.504188 2.705775 -4.485271 -5.504188 2.223502 0.706005 -0.021757 185.011693 136.800417 182.410514
4.063448 -4.044161 -5.489506 4.063448 -4.044161 -5.489506 2.285862 0.752501 0.062205 22.856173 18.185806 97.460891
5.430313 -3.596093 -5.439116 5.430313 -3.596093 -5.439116 2.255741 0.729882 0.098299 -123.258568 -93.580909 22.851637
6.754558 -3.180262 -5.378087 6.754558 -3.180262 -5.378087 2.146720 0.647463 0.101692 -240.144370 -181.151069 -11.541214
7.995772 -2.826536 -5.320020 7.995772 -2.826536 -5.320020 1.984675 0.528053 0.090416 -300.007877 -216.880408 -26.042973
9.131454 -2.548283 -5.268914 9.131454 -2.548283 -5.268914 1.799063 0.400224 0.082509 -318.698733 -209.218140 -0.315066
10.155609 -2.343231 -5.216028 10.155609 -2.343231 -5.216028 1.618258 0.287573 0.099507 -283.983930 -166.284117 56.976658
11.078793 -2.195796 -5.141975 11.078793 -2.195796 -5.141975 1.464600 0.211918 0.154155 -228.210735 -85.900554 125.183191
11.920535 -2.077897 -5.023453 11.920535 -2.077897 -5.023453 1.347972 0.191427 0.246746 -160.548677 17.597668 183.452958
12.705673 -1.953848 -4.838922 12.705673 -1.953848 -4.838922 1.277911 0.232111 0.374127 -72.987744 118.017836 241.151055
13.462347 -1.787826 -4.569649 13.462347 -1.787826 -4.569649 1.249444 0.330482 0.525763 -21.902842 209.885225 264.300325
14.209892 -1.548306 -4.208591 14.209892 -1.548306 -4.208591 1.245409 0.473672 0.674473 8.455556 267.411818 231.401263
14.959149 -1.215750 -3.765388 14.959149 -1.215750 -3.765388 1.252929 0.635211 0.797649 16.610358 271.052301 179.185626
15.712711 -0.787363 -3.260538 15.712711 -0.787363 -3.260538 1.256972 0.790198 0.875195 -3.135957 245.571314 79.300884
16.461664 -0.273841 -2.728926 16.461664 -0.273841 -2.728926 1.231761 0.913543 0.883878 -80.898492 165.578118 -50.360274
17.182072 0.296764 -2.216590 17.182072 0.296764 -2.216590 1.162785 0.976270 0.809033 -149.022215 43.513831 -199.121633
17.849086 0.882592 -1.775505 17.849086 0.882592 -1.775505 1.054208 0.963542 0.647096 -212.900345 -85.942871 -340.669053
18.439205 1.437591 -1.454959 18.439205 1.437591 -1.454959 0.906048 0.873695 0.410738 -280.968691 -213.544859 -447.190280
18.930474 1.916954 -1.292129 18.930474 1.916954 -1.292129 0.728540 0.713492 0.126830 -310.721797 -320.466386 -499.170121
19.312874 2.282018 -1.307169 19.312874 2.282018 -1.307169 0.548136 0.494475 -0.179109 -290.626207 -409.589098 -520.625695
19.593155 2.503569 -1.505507 19.593155 2.503569 -1.505507 0.392323 0.241678 -0.477284 -228.751043 -433.067414 -473.292429
19.793146 2.573087 -1.869225 19.793146 2.573087 -1.869225 0.283933 -0.005844 -0.722032 -132.548182 -392.005680 -342.531933
19.947641 2.503793 -2.353715 19.947641 2.503793 -2.353715 0.244374 -0.217180 -0.875626 0.685484 -312.449227 -169.450800
20.103779 2.325959 -2.896967 20.103779 2.325959 -2.896967 0.291735 -0.361078 -0.914174 157.183598 -167.211053 40.959352
20.316804 2.089500 -3.425147 20.316804 2.089500 -3.425147 0.434500 -0.409974 -0.824837 318.700576 4.226006 256.831401
20.642299 1.854609 -3.861275 20.642299 1.854609 -3.861275 0.662864 -0.355776 -0.608017 442.513606 176.432376 465.901938
21.124849 1.681346 -4.132571 21.124849 1.681346 -4.132571 0.954267 -0.207692 -0.280218 528.828432 317.182573 626.761496
21.792598 1.613824 -4.187884 21.792598 1.613824 -4.187884 1.271564 -0.017382 0.095839 528.828432 317.182573 626.761496
