-2.169196 4.180369 -6.004683 -2.169196 4.180369 -6.004683 2.109898 0.244287 -0.239954 -200.766302 194.610567 -19.078700
-0.939395 4.361971 -6.152090 -0.939395 4.361971 -6.152090 1.989439 0.361054 -0.251401 -200.766302 194.610567 -19.078700
0.211298 4.608753 -6.306394 0.211298 4.608753 -6.306394 1.834816 0.453419 -0.262996 -314.641962 113.274486 -19.572433
1.246430 4.894338 -6.466856 1.246430 4.894338 -6.466856 1.600421 0.487107 -0.270443 -466.675128 -0.981621 -5.248376
2.117410 5.179903 -6.626813 2.117410 5.179903 -6.626813 1.294059 0.453904 -0.257325 -554.531521 -109.696537 48.973256
2.793280 5.427822 -6.768473 2.793280 5.427822 -6.768473 0.957592 0.364696 -0.208343 -567.024462 -187.662380 114.300462
3.269162 5.609862 -6.867063 3.269162 5.609862 -6.867063 0.634331 0.237106 -0.110554 -510.512758 -237.638592 211.662361
3.563447 5.708702 -6.889732 3.563447 5.708702 -6.889732 0.355917 0.091283 0.044267 -417.534446 -248.437163 304.410151
3.711327 5.721305 -6.805305 3.711327 5.721305 -6.805305 0.152827 -0.045019 0.242275 -259.430679 -205.903992 355.613344
3.768912 5.661911 -6.593807 3.768912 5.661911 -6.593807 0.060100 -0.145161 0.466259 -49.659417 -127.902357 391.001899
3.809221 5.558109 -6.244750 3.809221 5.558109 -6.244750 0.096241 -0.190317 0.695465 170.127319 -22.616278 373.016681
3.910090 5.447111 -5.764577 3.910090 5.447111 -5.764577 0.260830 -0.167573 0.898028 378.503771 98.430483 302.195834
4.145091 5.370228 -5.178717 4.145091 5.370228 -5.178717 0.539792 -0.078799 1.042584 551.368081 197.482532 179.656651
4.575860 5.363430 -4.529353 4.575860 5.363430 -4.529353 0.908853 0.064367 1.107755 678.838259 279.738092 37.577929
5.246930 5.454739 -3.868590 5.246930 5.454739 -3.868590 1.333992 0.243886 1.077035 738.288790 318.655754 -139.977146
6.178785 5.657214 -3.258002 6.178785 5.657214 -3.258002 1.769806 0.429010 0.940863 714.426038 298.426045 -313.930155
7.363518 5.965011 -2.759317 7.363518 5.965011 -2.759317 2.169723 0.591435 0.705879 618.631707 242.991827 -469.348497
8.766533 6.356823 -2.425929 8.766533 6.356823 -2.425929 2.490037 0.703290 0.395989 449.081499 129.858223 -563.617405
10.329018 6.793623 -2.292987 10.329018 6.793623 -2.292987 2.697626 0.738461 0.041814 242.881422 -12.623374 -616.968392
11.977156 7.224949 -2.377679 11.977156 7.224949 -2.377679 2.772573 0.683496 -0.321996 6.941570 -170.594699 -595.728550
13.628570 7.596040 -2.672601 13.628570 7.596040 -2.672601 2.709841 0.539643 -0.651899 -216.048002 -308.915288 -503.949112
15.203464 7.856218 -3.144243 15.203464 7.856218 -3.144243 2.519602 0.314279 -0.903230 -418.081360 -442.295011 -333.822271
16.630073 7.960934 -3.734535 16.630073 7.960934 -3.734535 2.219264 0.027713 -1.044852 -583.047200 -512.927602 -138.249799
17.851254 7.884378 -4.372777 17.851254 7.884378 -4.372777 1.842291 -0.284331 -1.060031 -673.527618 -527.219274 87.651449
18.834907 7.621372 -4.978124 18.834907 7.621372 -4.978124 1.435745 -0.588198 -0.932966 -681.627274 -485.668655 335.898303
19.577421 7.187180 -5.465432 19.577421 7.187180 -5.465432 1.045564 -0.848864 -0.671375 -618.974095 -383.217718 536.073452
20.098723 6.618233 -5.763084 20.098723 6.618233 -5.763084 0.701075 -1.032044 -0.306332 -529.323749 -227.384800 680.735736
20.433402 5.969251 -5.819170 20.433402 5.969251 -5.819170 0.430041 -1.112605 0.128011 -374.121632 -41.149902 767.075503
20.635418 5.305541 -5.603153 20.635418 5.305541 -5.603153 0.262235 -1.080993 0.593939 -185.234579 146.522576 786.016832
20.768570 4.693444 -5.109154 20.768570 4.693444 -5.109154 0.196859 -0.942460 1.046315 -32.685169 315.253226 721.903454
20.889635 4.193620 -4.359307 20.889635 4.193620 -4.359307 0.221415 -0.708775 1.440035 114.539283 463.698635 590.496635
21.050496 3.856492 -3.400087 21.050496 3.856492 -3.400087 0.327115 -0.407200 1.738881 237.794186 541.550665 405.655641
21.292824 3.710952 -2.297339 21.292824 3.710952 -2.297339 0.486071 -0.075765 1.914283 292.059395 563.232556 179.017940
21.637626 3.763441 -1.129717 21.637626 3.763441 -1.129717 0.664247 0.245006 1.955836 301.861679 506.004410 -40.508523
22.088946 3.995156 0.024550 22.088946 3.995156 0.024550 0.837549 0.516763 1.871819 275.811348 399.852996 -239.547552
22.636784 4.368688 1.095421 22.636784 4.368688 1.095421 0.981348 0.714176 1.682580 203.517470 258.189468 -391.248931
23.256670 4.831567 2.028731 23.256670 4.831567 2.028731 1.075680 0.808588 1.418768 110.923454 56.518764 -488.123336
23.917562 5.316266 2.788732 23.917562 5.316266 2.788732 1.119821 0.789362 1.108904 36.211129 -120.608527 -544.757702
24.591559 5.758999 3.358578 24.591559 5.758999 3.358578 1.119481 0.671124 0.794848 -37.342795 -273.518078 -502.093679
25.253437 6.104081 3.750001 25.253437 6.104081 3.750001 1.081629 0.465220 0.518047 -88.829179 -412.828635 -420.578103
25.885556 6.304813 3.991358 25.885556 6.304813 3.991358 1.023988 0.197067 0.296865 -103.310377 -481.014263 -316.696237
26.482208 6.336440 4.121652 26.482208 6.336440 4.121652 0.966276 -0.091694 0.152753 -89.061470 -481.522945 -163.675542
27.050118 6.198095 4.192931 27.050118 6.198095 4.192931 0.933718 -0.363877 0.099991 -19.466409 -425.751162 -12.198804
27.610516 5.907708 4.256930 27.610516 5.907708 4.256930 0.940394 -0.596459 0.123675 41.719789 -349.523835 91.146368
28.182262 5.486918 4.347542 28.182262 5.486918 4.347542 0.965426 -0.806173 0.178363 41.719789 -349.523835 91.146368
