-9.169641 4.252248 -4.166757 -9.169641 4.252248 -4.166757 0.763161 0.972909 -0.833698 690.534367 -515.168959 179.237955
-8.587448 4.743263 -4.634713 -8.587448 4.743263 -4.634713 1.177481 0.663808 -0.726155 690.534367 -515.168959 179.237955
-7.761098 5.049255 -5.036422 -7.761098 5.049255 -5.036422 1.569629 0.356895 -0.610004 616.625278 -507.874183 207.932926
-6.715019 5.175625 -5.363739 -6.715019 5.175625 -5.363739 1.906150 0.070422 -0.478959 505.109579 -447.034697 228.882962
-5.491202 5.144527 -5.612551 -5.491202 5.144527 -5.612551 2.155252 -0.162225 -0.354804 325.230971 -328.454734 184.967509
-4.150470 4.997795 -5.795627 -4.150470 4.997795 -5.795627 2.295584 -0.310672 -0.261267 142.542355 -166.371694 126.822661
-2.757785 4.790691 -5.933918 -2.757785 4.790691 -5.933918 2.329496 -0.364265 -0.206967 -29.502229 -12.270415 54.175042
-1.375121 4.579480 -6.051669 -1.375121 4.579480 -6.051669 2.263181 -0.323842 -0.191071 -191.546240 147.015547 -1.187020
-0.057133 4.416743 -6.167293 -0.057133 4.416743 -6.167293 2.121039 -0.210109 -0.195623 -282.260277 232.093196 -13.984591
1.160961 4.337063 -6.288282 1.160961 4.337063 -6.288282 1.933069 -0.047811 -0.209504 -344.306804 308.900495 -32.286317
2.257786 4.365751 -6.416887 2.257786 4.365751 -6.416887 1.721280 0.146395 -0.214329 -361.657502 338.451323 16.201001
3.228565 4.512286 -6.539810 3.228565 4.512286 -6.539810 1.519833 0.338346 -0.190816 -309.833884 301.387467 62.175928
4.088367 4.764832 -6.637182 4.088367 4.764832 -6.637182 1.352296 0.495624 -0.123880 -248.622036 222.872895 160.944110
4.861091 5.094574 -6.675549 4.861091 5.094574 -6.675549 1.233614 0.590596 0.007642 -146.983670 93.698232 277.462525
5.580727 5.459751 -6.617541 5.580727 5.459751 -6.617541 1.175048 0.616584 0.191514 -48.237238 -7.070710 335.446568
6.277073 5.828428 -6.442252 6.277073 5.828428 -6.442252 1.146105 0.612342 0.392782 -48.237238 -7.070710 335.446568
