5.434387 1.730272 7.699244 5.434387 1.730272 7.699244 1.376368 -0.275949 -0.417724 191.099830 -162.052670 256.269383
6.294606 1.535533 7.494738 6.294606 1.535533 7.494738 1.491028 -0.373181 -0.263963 191.099830 -162.052670 256.269383
7.212546 1.291574 7.389666 7.212546 1.291574 7.389666 1.550316 -0.424822 -0.074313 6.525980 -10.083626 375.897707
8.129479 1.045319 7.420210 8.129479 1.045319 7.420210 1.482075 -0.378606 0.188575 -233.994258 164.136146 500.394549
8.964838 0.856606 7.628294 8.964838 0.856606 7.628294 1.282843 -0.235595 0.513151 -430.112422 312.565553 581.526380
9.649240 0.777399 8.040144 9.649240 0.777399 8.040144 0.985354 -0.018611 0.858488 -561.518539 410.715029 569.595176
10.134888 0.841442 8.652431 10.134888 0.841442 8.652431 0.625987 0.234223 1.173583 -636.371997 432.065253 480.721724
10.395788 1.058450 9.435909 10.395788 1.058450 9.435909 0.243436 0.486974 1.426008 -638.796265 410.439752 360.696243
10.431046 1.420133 10.345284 10.431046 1.420133 10.345284 -0.118940 0.711334 1.586651 -569.123943 337.425214 174.780538
10.263527 1.901453 11.314637 10.263527 1.901453 11.314637 -0.428981 0.882704 1.621027 -464.346358 233.809692 -60.194508
9.931550 2.464633 12.263434 9.931550 2.464633 12.263434 -0.662618 0.980350 1.519988 -314.446069 91.674425 -276.603580
9.487714 3.060829 13.112861 9.487714 3.060829 13.112861 -0.799611 0.992778 1.290141 -142.195234 -50.247238 -489.553334
8.991389 3.640790 13.788903 8.991389 3.640790 13.788903 -0.839747 0.929324 0.946796 8.409282 -161.266268 -654.928653
8.496451 4.164336 14.232540 8.496451 4.164336 14.232540 -0.797717 0.807460 0.521074 131.690789 -244.945610 -764.143466
8.047345 4.602644 14.405572 8.047345 4.602644 14.405572 -0.689608 0.650105 0.052254 228.672294 -279.573048 -798.591453
7.678016 4.942467 14.296412 7.678016 4.942467 14.296412 -0.536030 0.482777 -0.410731 283.252429 -278.186089 -744.689825
7.407344 5.185296 13.923578 7.407344 5.185296 13.923578 -0.366277 0.332049 -0.819301 282.591082 -224.241335 -617.211390
7.235542 5.349755 13.331449 7.235542 5.349755 13.331449 -0.211229 0.225468 -1.136880 234.236240 -131.027700 -441.386623
7.147309 5.467316 12.582653 7.147309 5.467316 12.582653 -0.088977 0.176177 -1.337802 173.268854 -33.273830 -228.352927
7.120855 5.573296 11.752897 7.120855 5.573296 11.752897 -0.006298 0.187528 -1.404671 102.330184 71.109550 5.457067
7.131240 5.703390 10.923295 7.131240 5.703390 10.923295 0.033822 0.254082 -1.340306 31.403824 150.737234 209.091499
7.154451 5.886271 10.168258 7.154451 5.886271 10.168258 0.038987 0.361017 -1.157301 -14.189199 205.713392 400.925978
7.173575 6.140586 9.553912 7.173575 6.140586 9.553912 0.021901 0.487828 -0.877405 -42.762621 216.987651 532.060552
7.179771 6.470031 9.126338 7.179771 6.470031 9.126338 0.000009 0.606473 -0.542674 -30.210193 178.495359 583.709155
7.177324 6.861523 8.904742 7.177324 6.861523 8.904742 -0.003193 0.690966 -0.197746 19.534850 103.147983 566.052691
7.183628 7.287597 8.884054 7.183628 7.287597 8.884054 0.032046 0.717493 0.122234 97.930426 -14.724368 500.545278
7.224464 7.707929 9.040346 7.224464 7.707929 9.040346 0.110711 0.671092 0.386830 164.284042 -139.945444 381.441948
7.324586 8.078989 9.332514 7.324586 8.078989 9.332514 0.229901 0.555101 0.572750 233.016597 -246.690194 238.292722
7.508232 8.362112 9.709038 7.508232 8.362112 9.709038 0.388521 0.379421 0.665628 295.716254 -338.911524 71.299920
7.795323 8.524614 10.112375 7.795323 8.524614 10.112375 0.569701 0.155342 0.664039 308.217666 -408.015902 -76.595638
8.190138 8.544029 10.490215 8.190138 8.544029 10.490215 0.742209 -0.091207 0.584101 266.807837 -413.814064 -189.866349
8.677868 8.419241 10.801212 8.677868 8.419241 10.801212 0.874191 -0.317383 0.443746 173.132458 -340.108380 -277.983307
9.228841 8.172829 11.016599 9.228841 8.172829 11.016599 0.954541 -0.495261 0.272836 94.702884 -252.816837 -291.714629
9.818612 7.830165 11.127792 9.818612 7.830165 11.127792 1.011363 -0.646951 0.097808 94.702884 -252.816837 -291.714629
