5.722140 -3.876061 -4.331109 5.722140 -3.876061 -4.331109 1.897185 0.840135 1.297968 457.760488 33.701868 -165.745765
6.942848 -3.365914 -3.582163 6.942848 -3.365914 -3.582163 2.171841 0.860356 1.198521 457.760488 33.701868 -165.745765
8.319289 -2.850729 -2.903214 8.319289 -2.850729 -2.903214 2.401198 0.845102 1.047424 306.763518 -84.548970 -337.911383
9.801911 -2.367629 -2.346725 9.801911 -2.367629 -2.346725 2.518682 0.750658 0.788975 84.849531 -230.262720 -523.585457
11.312984 -1.965187 -1.972983 11.312984 -1.965187 -1.972983 2.492549 0.579975 0.447836 -171.961022 -338.681620 -613.543819
12.763968 -1.681851 -1.816094 12.763968 -1.681851 -1.816094 2.321410 0.358335 0.072834 -398.502286 -400.117866 -636.461295
14.074207 -1.539749 -1.884772 14.074207 -1.539749 -1.884772 2.027926 0.113870 -0.298120 -579.774968 -414.764855 -600.052987
15.178490 -1.543251 -2.164696 15.178490 -1.543251 -2.164696 1.639494 -0.120818 -0.623364 -715.000051 -367.530834 -484.093362
16.029000 -1.676268 -2.616490 16.029000 -1.676268 -2.616490 1.188066 -0.313189 -0.867015 -789.759902 -273.706105 -328.077969
16.600772 -1.904958 -3.185682 16.600772 -1.904958 -3.185682 0.719656 -0.434962 -1.013506 -771.606359 -132.200893 -160.225517
16.899153 -2.179589 -3.811587 16.899153 -2.179589 -3.811587 0.284072 -0.463568 -1.054444 -680.341117 36.847468 23.765200
16.956149 -2.439891 -4.430563 16.956149 -2.439891 -4.430563 -0.079060 -0.385429 -0.993122 -530.098658 223.614553 180.642761
16.825062 -2.621707 -4.986569 16.825062 -2.621707 -4.986569 -0.338286 -0.205306 -0.847977 -333.986913 376.794040 303.172239
16.574438 -2.670537 -5.436286 16.574438 -2.670537 -5.436286 -0.476352 0.053421 -0.643584 -126.231942 485.629294 378.138335
16.278653 -2.546317 -5.753254 16.278653 -2.546317 -5.753254 -0.488352 0.368574 -0.411113 86.230990 564.881391 396.766668
16.011698 -2.223365 -5.929854 16.011698 -2.223365 -5.929854 -0.383941 0.708145 -0.179805 261.804485 567.021050 374.259324
15.837071 -1.700988 -5.973327 15.837071 -1.700988 -5.973327 -0.183792 1.025490 0.029969 405.359260 490.796166 324.986706
15.803751 -1.003546 -5.902157 15.803751 -1.003546 -5.902157 0.079375 1.288992 0.198418 471.863226 387.546216 236.508996
15.937706 -0.170595 -5.746626 15.937706 -0.170595 -5.746626 0.369465 1.470505 0.309866 495.104948 217.494877 134.985715
16.245804 0.738359 -5.541066 16.245804 0.738359 -5.541066 0.653033 1.538514 0.367574 450.121015 9.203018 57.373700
16.712663 1.652756 -5.313132 16.712663 1.652756 -5.313132 0.893190 1.492196 0.387311 350.402357 -163.596579 8.417345
17.303683 2.507875 -5.080601 17.303683 2.507875 -5.080601 1.063601 1.340282 0.385506 217.635217 -342.782088 -14.433840
17.973095 3.242350 -4.851581 17.973095 3.242350 -4.851581 1.154567 1.094642 0.378417 85.582927 -476.018956 -9.198186
18.674079 3.809712 -4.623565 18.674079 3.809712 -4.623565 1.170109 0.790332 0.386005 -33.775232 -538.349771 34.494617
19.364160 4.187501 -4.381822 19.364160 4.187501 -4.381822 1.120323 0.469788 0.426358 -132.177873 -530.127084 100.015045
20.007264 4.376698 -4.104003 20.007264 4.376698 -4.104003 1.014525 0.165443 0.506375 -220.482730 -484.356640 166.705752
20.575259 4.395196 -3.767124 20.575259 4.395196 -3.767124 0.877069 -0.093090 0.621633 -237.702429 -377.420213 217.490373
21.060382 4.280759 -3.353112 21.060382 4.280759 -3.353112 0.742791 -0.272779 0.761546 -209.893098 -221.544074 248.885298
21.470572 4.087976 -2.851392 21.470572 4.087976 -2.851392 0.628334 -0.351892 0.910844 -171.629316 -42.164380 248.772790
21.819148 3.878608 -2.262840 21.819148 3.878608 -2.262840 0.537703 -0.330411 1.046440 -130.472731 113.767118 203.216006
22.123385 3.708948 -1.603998 22.123385 3.708948 -1.603998 0.484920 -0.221609 1.140364 -45.470357 248.904869 109.863356
22.409583 3.626987 -0.907955 22.409583 3.626987 -0.907955 0.474791 -0.041255 1.166528 11.704207 352.273847 -22.648748
22.696925 3.667238 -0.218502 22.696925 3.667238 -0.218502 0.483617 0.178083 1.121001 17.717800 378.853704 -129.110048
22.990285 3.842281 0.430858 22.990285 3.842281 0.430858 0.494248 0.405395 1.043535 17.717800 378.853704 -129.110048
