-7.746713 -2.742463 -5.961135 -7.746713 -2.742463 -5.961135 -0.291369 -0.537988 0.752450 383.177320 228.036172 -661.443302
-7.852562 -3.024209 -5.628725 -7.852562 -3.024209 -5.628725 -0.061463 -0.401166 0.355584 383.177320 228.036172 -661.443302
-7.815154 -3.215594 -5.530712 -7.815154 -3.215594 -5.530712 0.195016 -0.223003 -0.022669 471.751374 365.841972 -599.400419
-7.609041 -3.275017 -5.643976 -7.609041 -3.275017 -5.643976 0.499007 0.039141 -0.341163 541.550561 507.971232 -462.245947
-7.212579 -3.156424 -5.920574 -7.212579 -3.156424 -5.920574 0.821830 0.362289 -0.561986 534.526440 569.189056 -273.830984
-6.626826 -2.836460 -6.294622 -6.626826 -2.836460 -6.294622 1.124749 0.704487 -0.664119 475.203756 571.468962 -66.609876
-5.874183 -2.315221 -6.694103 -5.874183 -2.315221 -6.694103 1.371159 1.025777 -0.649185 346.162707 499.500153 116.387305
-4.998248 -1.617533 -7.051283 -4.998248 -1.617533 -7.051283 1.533509 1.287038 -0.522446 195.003702 371.367371 306.078805
-4.054840 -0.787601 -7.302111 -4.054840 -0.787601 -7.302111 1.591520 1.464170 -0.301073 -1.633978 219.075132 431.828830
-3.113279 0.118293 -7.400420 -3.113279 0.118293 -7.400420 1.525256 1.535409 -0.018945 -219.245020 18.386305 508.597386
-2.249443 1.031029 -7.319476 -2.249443 1.031029 -7.319476 1.334441 1.487346 0.290030 -416.805854 -178.595789 521.321947
-1.532518 1.881570 -7.053958 -1.532518 1.881570 -7.053958 1.040786 1.331592 0.591135 -562.043064 -340.584223 482.360104
-1.015007 2.612082 -6.617035 -1.015007 2.612082 -6.617035 0.674598 1.091548 0.857634 -658.581825 -459.562223 405.971254
-0.730704 3.180598 -6.036912 -0.730704 3.180598 -6.036912 0.269894 0.797353 1.063553 -690.434416 -521.088259 280.423361
-0.689266 3.564549 -5.355014 -0.689266 3.564549 -5.355014 -0.125468 0.481379 1.198261 -627.436651 -532.157437 168.605287
-0.870243 3.761708 -4.613241 -0.870243 3.761708 -4.613241 -0.465718 0.182680 1.261761 -506.731457 -463.508422 43.059137
-1.229672 3.794202 -3.852766 -1.229672 3.794202 -3.852766 -0.713691 -0.063837 1.265935 -319.844913 -358.212919 -29.145893
-1.702201 3.701146 -3.101550 -1.702201 3.701146 -3.101550 -0.839307 -0.230142 1.232953 -98.875590 -196.138669 -80.794236
-2.209669 3.536877 -2.378262 -2.209669 3.536877 -2.378262 -0.829062 -0.302218 1.174773 133.025111 -44.112762 -113.138562
-2.668962 3.356514 -1.692204 -2.668962 3.356514 -1.692204 -0.678248 -0.284144 1.114689 369.689156 104.359499 -87.142005
-2.997729 3.213341 -1.035689 -2.997729 3.213341 -1.035689 -0.398244 -0.178884 1.079338 563.656895 246.506621 -30.694053
-3.128583 3.155713 -0.390782 -3.128583 3.155713 -0.390782 -0.026881 -0.004327 1.075068 674.220771 335.351333 16.460383
-3.019340 3.215188 0.260366 -3.019340 3.215188 0.260366 0.397714 0.205426 1.100667 741.094527 363.823050 68.869301
-2.647109 3.402191 0.935557 -2.647109 3.402191 0.935557 0.843399 0.415012 1.153960 744.522745 334.798524 108.775277
-2.013002 3.708069 1.649371 -2.013002 3.708069 1.649371 1.260379 0.598929 1.228518 645.412799 278.258243 139.750321
-1.149520 4.111694 2.409285 -1.149520 4.111694 2.409285 1.603028 0.736789 1.300610 496.748306 181.275280 100.556893
-0.108282 4.578798 3.203730 -0.108282 4.578798 3.203730 1.851109 0.807556 1.340836 330.189663 54.614389 33.529697
1.050641 5.066046 4.009345 1.050641 5.066046 4.009345 1.993342 0.804743 1.336347 143.920353 -63.991146 -48.492796
2.261176 5.531275 4.795614 2.261176 5.531275 4.795614 2.022815 0.735856 1.273198 -45.676872 -165.631584 -162.004786
3.456608 5.939424 5.523262 3.456608 5.939424 5.523262 1.945233 0.618723 1.140447 -212.929305 -224.813497 -280.496040
4.579377 6.269142 6.152502 4.579377 6.269142 6.152502 1.787255 0.478590 0.949454 -313.664241 -242.297642 -356.147240
5.595271 6.512683 6.658068 5.595271 6.512683 6.658068 1.599057 0.333211 0.735766 -313.664241 -242.297642 -356.147240
