-5.790650 -2.015830 -4.212394 -5.790650 -2.015830 -4.212394 1.340090 -0.348209 -1.298884 -575.308356 485.455685 352.411545
-5.090151 -2.137373 -4.928290 -5.090151 -2.137373 -4.928290 0.994905 -0.056935 -1.087437 -575.308356 485.455685 352.411545
-4.598613 -2.080474 -5.513221 -4.598613 -2.080474 -5.513221 0.640472 0.252729 -0.855507 -606.133666 546.759325 420.688192
-4.320296 -1.828910 -5.948533 -4.320296 -1.828910 -5.948533 0.292481 0.588333 -0.591748 -553.836786 571.919190 458.506775
-4.235269 -1.376257 -6.223043 -4.235269 -1.376257 -6.223043 0.006326 0.915024 -0.326605 -400.012810 517.052866 425.303487
-4.292132 -0.741350 -6.346312 -4.292132 -0.741350 -6.346312 -0.176965 1.189367 -0.090729 -210.957968 397.423971 360.950346
-4.423521 0.033462 -6.341674 -4.423521 0.033462 -6.341674 -0.239726 1.376097 0.096367 1.756253 225.009471 262.702306
-4.553862 0.889209 -6.242848 -4.553862 0.889209 -6.242848 -0.172783 1.459040 0.222585 221.386910 51.465059 158.024651
-4.604030 1.763616 -6.085712 -4.604030 1.763616 -6.085712 0.028310 1.438516 0.293101 448.922731 -119.876304 77.030507
-4.495006 2.595029 -5.901034 -4.495006 2.595029 -5.901034 0.353822 1.315996 0.314079 636.115521 -288.526718 -7.104218
-4.162813 3.324465 -5.716589 -4.162813 3.324465 -5.716589 0.762488 1.101745 0.296197 726.104953 -425.641718 -52.501901
-3.571759 3.906285 -5.548501 -3.571759 3.906285 -5.548501 1.212464 0.833303 0.263795 773.815545 -469.166281 -55.506456
-2.706526 4.321715 -5.398183 -2.706526 4.321715 -5.398183 1.669091 0.551292 0.240656 748.273595 -470.868300 -21.624140
-1.577801 4.570726 -5.254986 -1.577801 4.570726 -5.254986 2.080965 0.283733 0.241159 624.639361 -420.995931 23.300923
-0.226779 4.671201 -5.102248 -0.226779 4.671201 -5.102248 2.405788 0.061206 0.274384 458.104994 -320.761273 87.451520
1.286225 4.658231 -4.918296 1.286225 4.658231 -4.918296 2.616011 -0.091033 0.344757 242.639225 -186.699993 147.124296
2.886840 4.578551 -4.682949 2.886840 4.578551 -4.682949 2.698262 -0.160322 0.443082 31.530172 -44.265148 180.625455
4.497917 4.482025 -4.383676 4.497917 4.482025 -4.383676 2.649400 -0.148710 0.556013 -194.403068 82.973701 195.810741
6.041524 4.414873 -4.016881 6.041524 4.414873 -4.016881 2.477559 -0.063233 0.663207 -378.402245 201.947068 161.501842
7.452882 4.417465 -3.594225 7.452882 4.417465 -3.594225 2.215189 0.078844 0.738412 -496.162396 271.644674 89.182791
8.688649 4.513748 -3.141131 8.688649 4.513748 -3.141131 1.897305 0.242231 0.761896 -563.450443 272.977433 -10.903441
9.725361 4.707253 -2.693354 9.725361 4.707253 -2.693354 1.557987 0.401171 0.718363 -567.610054 256.823947 -134.206003
10.562071 4.990016 -2.293663 10.562071 4.990016 -2.293663 1.237856 0.534429 0.601989 -499.492209 187.367750 -253.707047
11.220894 5.338318 -1.984495 11.220894 5.338318 -1.984495 0.968251 0.616439 0.417974 -399.193301 86.000349 -359.676352
11.738231 5.716257 -1.803208 11.738231 5.716257 -1.803208 0.769944 0.631017 0.178387 -261.828884 -37.409001 -438.946933
12.162760 6.082370 -1.776773 12.162760 6.082370 -1.776773 0.661304 0.579754 -0.092912 -100.306589 -133.466414 -465.384992
12.548999 6.402618 -1.913604 12.548999 6.402618 -1.913604 0.638680 0.481771 -0.358715 24.894275 -193.142621 -420.624803
12.943139 6.653669 -2.198190 12.943139 6.653669 -2.198190 0.685872 0.349655 -0.579310 132.414023 -247.245764 -314.689677
13.382356 6.819884 -2.595254 13.382356 6.819884 -2.595254 0.784613 0.205941 -0.732296 196.722220 -231.799906 -195.263562
13.888533 6.901725 -3.069779 13.888533 6.901725 -3.069779 0.902647 0.066861 -0.849454 196.722220 -231.799906 -195.263562
