8.551867 -3.973377 5.869813 8.551867 -3.973377 5.869813 0.703178 -0.079162 0.673707 -115.144118 196.447899 -635.440409
8.953048 -3.985514 6.159658 8.953048 -3.985514 6.159658 0.634091 0.038707 0.292443 -115.144118 196.447899 -635.440409
9.312744 -3.931898 6.226154 9.312744 -3.931898 6.226154 0.564841 0.131734 -0.061773 -115.691262 113.643763 -545.278311
9.633369 -3.838465 6.101184 9.633369 -3.838465 6.101184 0.508153 0.169600 -0.337721 -73.268366 12.577547 -374.547076
9.928804 -3.740783 5.843045 9.928804 -3.740783 5.843045 0.482847 0.145439 -0.502890 -11.082928 -93.117373 -176.016762
10.220210 -3.675489 5.523774 10.220210 -3.675489 5.523774 0.494663 0.063527 -0.537770 50.469566 -179.920813 59.750084
10.528995 -3.672641 5.225165 10.528995 -3.672641 5.225165 0.539456 -0.058838 -0.435428 98.838940 -227.962408 281.387663
10.872871 -3.748008 5.026241 10.872871 -3.748008 5.026241 0.610815 -0.190770 -0.208183 139.024273 -211.812137 476.096068
11.264334 -3.898379 4.996446 11.264334 -3.898379 4.996446 0.693979 -0.306772 0.124566 138.190238 -174.858893 633.067002
11.702962 -4.108995 5.190365 11.702962 -4.108995 5.190365 0.763725 -0.387082 0.530545 94.296402 -92.841108 720.196650
12.173673 -4.350810 5.637076 12.173673 -4.350810 5.637076 0.797817 -0.407059 0.956407 19.342892 26.250749 699.342574
12.648477 -4.582752 6.332620 12.648477 -4.582752 6.332620 0.772584 -0.353467 1.355103 -103.454158 152.387792 629.647285
13.086238 -4.760257 7.251973 13.086238 -4.760257 7.251973 0.674671 -0.226308 1.697661 -222.921553 271.477601 512.210573
13.442525 -4.840806 8.349977 13.442525 -4.840806 8.349977 0.498973 -0.031570 1.941037 -362.737485 377.647768 299.043606
13.670844 -4.788908 9.554740 13.670844 -4.788908 9.554740 0.252468 0.209335 2.052026 -458.946385 425.368147 70.919995
13.735513 -4.586910 10.787193 13.735513 -4.586910 10.787193 -0.043909 0.463710 2.036940 -528.977978 422.547765 -121.207766
13.612221 -4.234739 11.974236 13.612221 -4.234739 11.974236 -0.369945 0.706668 1.897696 -557.807284 387.312338 -342.939770
13.292212 -3.747783 13.041251 13.292212 -3.747783 13.041251 -0.692815 0.905252 1.642568 -518.425075 274.634469 -507.485018
12.791776 -3.165662 13.930919 12.791776 -3.165662 13.930919 -0.961023 1.017713 1.315449 -375.602026 100.235842 -582.911589
12.154963 -2.545878 14.613461 12.154963 -2.545878 14.613461 -1.149341 1.033426 0.956683 -252.124491 -47.859319 -612.976370
11.419976 -1.934437 15.077135 11.419976 -1.934437 15.077135 -1.300615 1.004710 0.588897 -252.124491 -47.859319 -612.976370
