-1.895281 -4.286204 -2.947891 -1.895281 -4.286204 -2.947891 2.823514 0.398110 0.197680 19.735345 510.082816 -510.194401
-0.197620 -3.955523 -2.921118 -0.197620 -3.955523 -2.921118 2.835355 0.704160 -0.108437 19.735345 510.082816 -510.194401
1.495915 -3.444065 -3.068707 1.495915 -3.444065 -3.068707 2.791046 0.995947 -0.368012 -167.431726 462.542261 -355.055939
3.125902 -2.770323 -3.339312 3.125902 -2.770323 -3.339312 2.618070 1.238054 -0.510482 -409.155590 344.481612 -119.844835
4.611395 -1.974397 -3.653073 4.611395 -1.974397 -3.653073 2.314076 1.400175 -0.511888 -604.158496 195.920951 115.157636
5.884985 -1.109247 -3.927454 5.884985 -1.109247 -3.927454 1.921045 1.466625 -0.382675 -705.945449 25.577992 315.552869
6.908586 -0.236542 -4.089515 6.908586 -0.236542 -4.089515 1.487701 1.422602 -0.139622 -738.533866 -172.319841 494.625087
7.669904 0.575810 -4.077637 7.669904 0.575810 -4.077637 1.052744 1.268250 0.190242 -711.320621 -342.186788 604.921415
8.179836 1.267156 -3.852641 8.179836 1.267156 -3.852641 0.657568 1.022888 0.563022 -605.933594 -475.688403 637.677757
8.475343 1.790879 -3.401016 8.475343 1.790879 -3.401016 0.344182 0.715543 0.940779 -438.688549 -548.792795 621.511012
8.615422 2.120473 -2.729843 8.615422 2.120473 -2.729843 0.143636 0.381523 1.287853 -229.796660 -564.606901 535.403233
8.672881 2.250045 -1.868807 8.672881 2.250045 -1.868807 0.068964 0.054196 1.568854 -19.108471 -526.484104 401.265772
8.723044 2.196442 -0.865508 8.723044 2.196442 -0.865508 0.118619 -0.218466 1.758407 184.623908 -382.388992 230.579045
8.836008 2.004596 0.222019 8.836008 2.004596 0.222019 0.272194 -0.407578 1.851647 327.292176 -247.985283 80.219052
9.058237 1.715412 1.347446 9.058237 1.715412 1.347446 0.468569 -0.556369 1.899778 327.292176 -247.985283 80.219052
