7.099943 6.043363 -10.894936 7.099943 6.043363 -10.894936 0.915301 -0.367023 -0.332198 220.884736 -453.428001 755.102618
7.688883 5.741532 -10.958337 7.688883 5.741532 -10.958337 1.047832 -0.639080 0.120864 220.884736 -453.428001 755.102618
8.351974 5.283848 -10.750227 8.351974 5.283848 -10.750227 1.153526 -0.874232 0.572289 131.428815 -330.409925 749.649903
9.062210 4.711245 -10.276929 9.062210 4.711245 -10.276929 1.204701 -1.015427 0.997019 39.154157 -140.240204 666.117179
9.787834 4.087785 -9.567473 9.787834 4.087785 -9.567473 1.206972 -1.044376 1.353402 -31.583167 43.742159 521.824334
10.503108 3.478835 -8.672818 10.503108 3.478835 -8.672818 1.171900 -0.969122 1.609926 -85.322528 207.104278 333.255919
11.189915 2.942706 -7.661255 11.189915 2.942706 -7.661255 1.115831 -0.804529 1.737989 -101.575462 341.540181 93.620457
11.842146 2.526697 -6.616383 11.842146 2.526697 -6.616383 1.059962 -0.573451 1.720292 -84.654686 428.720093 -152.609569
12.465801 2.260705 -5.623663 12.465801 2.260705 -5.623663 1.023749 -0.311674 1.568802 -36.056049 443.868456 -352.358061
13.077428 2.151596 -4.756197 13.077428 2.151596 -4.756197 1.021453 -0.055357 1.305432 28.404670 410.522728 -525.540347
13.698995 2.187054 -4.074377 13.698995 2.187054 -4.074377 1.056406 0.164843 0.955896 88.105796 323.475500 -639.579167
14.351906 2.336827 -3.618113 14.351906 2.336827 -3.618113 1.125311 0.322140 0.561401 141.575169 200.848480 -675.405925
15.054770 2.558672 -3.400181 15.054770 2.558672 -3.400181 1.221227 0.404690 0.169480 178.146167 74.317577 -630.996550
15.818549 2.806110 -3.405386 15.818549 2.806110 -3.405386 1.322995 0.405516 -0.175685 161.080038 -71.564029 -519.553817
16.638169 3.029283 -3.594257 16.638169 3.029283 -3.594257 1.403787 0.326301 -0.437119 108.225236 -192.486647 -351.892230
17.494334 3.186259 -3.909131 17.494334 3.186259 -3.909131 1.440783 0.190028 -0.594566 15.094687 -261.754762 -172.932606
18.354330 3.251396 -4.285205 18.354330 3.251396 -4.285205 1.413887 0.024152 -0.639361 -104.745488 -291.164853 23.617334
19.174828 3.214730 -4.652921 19.174828 3.214730 -4.652921 1.306141 -0.144285 -0.566942 -254.407954 -270.293269 217.777602
19.904319 3.083259 -4.945117 19.904319 3.083259 -4.945117 1.111494 -0.287697 -0.392428 -394.415160 -207.746132 363.938045
20.493052 2.878930 -5.109690 20.493052 2.878930 -5.109690 0.839001 -0.383927 -0.147194 -513.894745 -113.020708 453.508207
20.899154 2.633863 -5.113975 20.899154 2.633863 -5.113975 0.506675 -0.423575 0.136912 -593.860868 -19.140130 493.510806
21.094801 2.382355 -4.944068 21.094801 2.382355 -4.944068 0.143042 -0.404644 0.427658 -618.247507 82.244748 475.643342
21.071494 2.160267 -4.605600 21.071494 2.160267 -4.605600 -0.217143 -0.325825 0.694328 -582.370323 180.483421 413.254196
20.842978 2.000291 -4.119829 20.842978 2.000291 -4.119829 -0.533585 -0.202374 0.916226 -472.437047 231.022000 326.407266
20.447816 1.920150 -3.518449 20.447816 1.920150 -3.518449 -0.766906 -0.065267 1.076524 -305.299238 225.999383 207.919226
19.944152 1.918980 -2.841789 19.944152 1.918980 -2.841789 -0.892919 0.056885 1.167877 -114.743810 181.176870 96.591952
19.401548 1.981479 -2.129714 19.401548 1.981479 -2.129714 -0.892760 0.144370 1.195643 115.274981 110.439690 -4.039324
18.899272 2.081558 -1.415734 18.899272 2.081558 -1.415734 -0.760440 0.178523 1.179826 325.789794 3.400751 -48.685074
18.512260 2.181742 -0.718248 18.512260 2.181742 -0.718248 -0.511917 0.142854 1.142384 502.620136 -122.295130 -76.119274
18.304266 2.238462 -0.046969 18.304266 2.238462 -0.046969 -0.166923 0.034583 1.094462 647.359515 -238.608668 -83.621730
18.324117 2.211438 0.597462 18.324117 2.211438 0.597462 0.238896 -0.132704 1.058318 705.370982 -319.015208 -36.858301
18.593337 2.072613 1.230193 18.593337 2.072613 1.230193 0.656699 -0.333011 1.058077 687.305157 -348.676182 36.055966
19.105751 1.810408 1.874616 19.105751 1.810408 1.874616 1.042483 -0.540404 1.095140 598.644562 -342.630784 87.485404
19.829577 1.427382 2.550140 19.829577 1.427382 2.550140 1.354569 -0.731529 1.161097 441.641664 -294.454477 132.372393
20.709293 0.942205 3.271308 20.709293 0.942205 3.271308 1.556948 -0.874495 1.243934 232.955471 -182.099597 143.751011
21.672342 0.393875 4.042382 21.672342 0.393875 4.042382 1.631458 -0.938028 1.324373 15.411187 -29.676509 124.378802
22.639464 -0.164718 4.856973 22.639464 -0.164718 4.856973 1.568069 -0.908006 1.386895 -226.708368 129.749207 84.028793
23.527165 -0.676610 5.698864 23.527165 -0.676610 5.698864 1.370381 -0.782370 1.410456 -432.252036 289.039612 -5.492358
24.263302 -1.085865 6.536736 24.263302 -1.085865 6.536736 1.069597 -0.568247 1.370094 -570.361995 424.703438 -129.049246
24.796867 -1.344835 7.329114 24.796867 -1.344835 7.329114 0.699741 -0.285770 1.260420 -662.490599 516.884471 -236.530044
25.096062 -1.421518 8.036209 25.096062 -1.421518 8.036209 0.295239 0.033063 1.085595 -685.848685 545.894668 -346.221272
25.152943 -1.305031 8.620135 25.152943 -1.305031 8.620135 -0.100318 0.352537 0.852307 -632.676646 519.018634 -431.405970
24.985148 -1.005555 9.051258 24.985148 -1.005555 9.051258 -0.448539 0.636601 0.580425 -528.059381 427.861917 -474.866392
24.630520 -0.555602 9.315580 24.630520 -0.555602 9.315580 -0.717644 0.848204 0.303219 -368.957536 277.480601 -449.152318
24.145526 -0.008961 9.422549 24.145526 -0.008961 9.422549 -0.878993 0.953553 0.063150 -168.873072 73.682057 -351.079332
23.595928 0.567311 9.403530 23.595928 0.567311 9.403530 -0.939342 0.952148 -0.116071 -32.289303 -78.363820 -246.322416
23.026510 1.124495 9.289549 23.026510 1.124495 9.289549 -0.958716 0.905130 -0.263864 -32.289303 -78.363820 -246.322416
