-3.626345 3.361317 2.815229 -3.626345 3.361317 2.815229 0.576663 -0.306673 1.865123 -192.196934 418.300564 334.461898
-3.314943 3.252607 3.994506 -3.314943 3.252607 3.994506 0.461345 -0.055693 2.065801 -192.196934 418.300564 334.461898
-3.070503 3.297243 5.284043 -3.070503 3.297243 5.284043 0.357171 0.209074 2.215748 -155.048166 464.256808 165.361729
-2.881770 3.503939 6.629149 -2.881770 3.503939 6.629149 0.275838 0.476051 2.244424 -116.063205 425.665443 -69.775073
-2.731728 3.860374 7.949787 -2.731728 3.860374 7.949787 0.233352 0.702374 2.135275 -25.554535 328.745528 -294.055547
-2.593540 4.333252 9.165456 -2.593540 4.333252 9.165456 0.231903 0.861019 1.896013 20.725046 200.070683 -503.482107
-2.447678 4.874626 10.202614 -2.447678 4.874626 10.202614 0.259285 0.924806 1.544809 70.548499 12.551479 -667.197147
-2.277833 5.421557 11.003769 -2.277833 5.421557 11.003769 0.309489 0.881280 1.116313 96.797322 -157.636833 -761.123948
-2.076727 5.911643 11.535542 -2.076727 5.911643 11.535542 0.357511 0.735160 0.654576 63.275313 -329.429575 -777.999452
-1.853951 6.283709 11.792669 -1.853951 6.283709 11.792669 0.379877 0.488839 0.209887 11.277906 -491.640529 -704.299096
-1.628360 6.484416 11.797657 -1.628360 6.484416 11.797657 0.364814 0.173346 -0.183545 -61.487868 -560.004960 -607.139694
-1.420540 6.487622 11.578245 -1.420540 6.487622 11.578245 0.327921 -0.162657 -0.547829 -61.487868 -560.004960 -607.139694
