-4.186297 2.289352 2.640107 -4.186297 2.289352 2.640107 0.509924 0.388801 0.158737 174.562462 222.866540 -17.018256
-3.848922 2.562748 2.732286 -3.848922 2.562748 2.732286 0.614662 0.522521 0.148526 174.562462 222.866540 -17.018256
-3.451222 2.916659 2.813448 -3.451222 2.916659 2.813448 0.706805 0.657652 0.113868 132.582360 227.572226 -98.509341
-3.008403 3.348151 2.856835 -3.008403 3.348151 2.856835 0.760711 0.773882 0.018753 47.102854 159.858803 -218.539559
-2.550674 3.836041 2.822723 -2.550674 3.836041 2.822723 0.753093 0.843731 -0.142506 -72.496293 72.971346 -318.988710
-2.120467 4.348328 2.675219 -2.120467 4.348328 2.675219 0.666600 0.852081 -0.356813 -215.810652 -45.138246 -395.369251
-1.766796 4.844113 2.386171 -1.766796 4.844113 2.386171 0.499896 0.788308 -0.613003 -339.871073 -167.436011 -458.597924
-1.534238 5.279471 1.937137 -1.534238 5.279471 1.937137 0.264959 0.650403 -0.881585 -443.251293 -292.249338 -436.676378
-1.457449 5.611714 1.334088 -1.457449 5.611714 1.334088 -0.012997 0.448083 -1.121067 -483.268168 -382.148133 -361.596850
-1.552651 5.809732 0.602783 -1.552651 5.809732 0.602783 -0.305036 0.208569 -1.305915 -490.195186 -416.232814 -254.560918
-1.820891 5.860994 -0.216662 -1.820891 5.860994 -0.216662 -0.584069 -0.035961 -1.409026 -439.914638 -398.867749 -89.143362
-2.242112 5.770751 -1.066548 -2.242112 5.770751 -1.066548 -0.805996 -0.259632 -1.404632 -299.842621 -346.702184 103.789092
-2.769302 5.560009 -1.878231 -2.769302 5.560009 -1.878231 -0.934007 -0.430433 -1.280287 -126.860995 -222.635507 310.695819
-3.340465 5.271205 -2.580056 -3.340465 5.271205 -2.580056 -0.949741 -0.516363 -1.041764 74.412798 -63.798325 484.379458
-3.884282 4.959316 -3.108722 -3.884282 4.959316 -3.108722 -0.841927 -0.507581 -0.705112 284.966621 93.074488 637.794428
-4.325195 4.681641 -3.411967 -4.325195 4.681641 -3.411967 -0.606200 -0.401137 -0.297338 500.790439 261.737543 721.451308
-4.589801 4.496564 -3.460411 -4.589801 4.496564 -3.460411 -0.260863 -0.201632 0.136018 650.334119 403.279924 723.069567
-4.623315 4.453542 -3.252363 -4.623315 4.453542 -3.252363 0.159053 0.067173 0.551287 749.387006 492.734889 661.161606
-4.390804 4.584598 -2.810496 -4.390804 4.584598 -2.810496 0.619634 0.373111 0.908412 785.881801 527.059914 529.254454
-3.880285 4.901335 -2.181120 -3.880285 4.901335 -2.181120 1.077562 0.679347 1.171275 740.545826 493.724511 346.956482
-3.107533 5.391742 -1.429511 -3.107533 5.391742 -1.429511 1.486469 0.945224 1.311408 622.476442 392.535284 120.152034
-2.114699 6.020741 -0.635360 -2.114699 6.020741 -0.635360 1.804491 1.136784 1.311894 437.596545 245.995605 -118.530135
-0.966641 6.737137 0.116518 -0.966641 6.737137 0.116518 2.000030 1.234612 1.171161 214.200356 80.099503 -350.582374
0.258061 7.480488 0.745831 0.258061 7.480488 0.745831 2.059191 1.223501 0.909419 -16.997011 -117.135922 -521.888511
1.477090 8.181845 1.191026 1.477090 8.181845 1.191026 1.981863 1.094923 0.563700 -240.762157 -311.457801 -630.510840
2.610842 8.774334 1.412290 2.610842 8.774334 1.412290 1.777259 0.866039 0.168076 -441.250486 -451.489755 -688.235715
3.590273 9.206521 1.390209 3.590273 9.206521 1.390209 1.475014 0.564300 -0.240086 -566.234664 -554.306115 -672.304582
4.369426 9.443442 1.131952 4.369426 9.443442 1.131952 1.115607 0.222300 -0.609419 -631.789508 -585.693304 -558.805460
4.926113 9.473174 0.675368 4.926113 9.473174 0.675368 0.741760 -0.120233 -0.896440 -614.364693 -556.084851 -397.928946
5.265002 9.307134 0.076256 5.265002 9.307134 0.076256 0.395231 -0.422909 -1.083304 -540.731481 -452.834754 -224.951202
5.412367 8.979432 -0.600870 5.412367 8.979432 -0.600870 0.108584 -0.656845 -1.151533 -414.761011 -326.951226 -2.480213
5.413558 8.536542 -1.280656 5.413558 8.536542 -1.280656 -0.086785 -0.802672 -1.095120 -236.467308 -159.139252 190.524957
5.329882 8.037522 -1.894594 5.329882 8.037522 -1.894594 -0.173873 -0.842013 -0.936610 -53.828175 28.002212 337.841455
5.226842 7.546954 -2.388147 5.226842 7.546954 -2.388147 -0.151302 -0.777217 -0.695898 129.067778 187.985982 464.530442
5.167116 7.122280 -2.718914 5.167116 7.122280 -2.718914 -0.034750 -0.625334 -0.401395 259.438325 318.289346 517.148397
5.200240 6.808684 -2.866887 5.200240 6.808684 -2.866887 0.157290 -0.412796 -0.092222 380.692693 390.170680 513.428224
5.366510 6.632064 -2.832700 5.366510 6.632064 -2.832700 0.402562 -0.174563 0.201348 436.883435 403.938311 465.138057
5.686393 6.597832 -2.634089 5.686393 6.597832 -2.634089 0.663226 0.056785 0.450819 431.993911 367.222288 366.432286
6.158651 6.693748 -2.304647 6.158651 6.693748 -2.304647 0.905238 0.255846 0.635643 374.712321 296.313017 249.646754
6.765406 6.892643 -1.885309 6.765406 6.892643 -1.885309 1.110890 0.393890 0.750506 310.795349 163.834165 133.230038
7.482515 7.150901 -1.416859 7.482515 7.150901 -1.416859 1.270524 0.454362 0.801274 221.317954 37.740619 35.994802
8.277514 7.422932 -0.934798 8.277514 7.422932 -0.934798 1.367556 0.440110 0.796959 102.121946 -85.248966 -50.376591
9.111842 7.665346 -0.467870 9.111842 7.665346 -0.467870 1.405890 0.357421 0.755832 25.660074 -190.380011 -86.712315
9.957588 7.840911 -0.029444 9.957588 7.840911 -0.029444 1.409252 0.220101 0.706482 -14.455260 -267.351453 -77.788633
10.799462 7.923909 0.382260 10.799462 7.923909 0.382260 1.395203 0.054990 0.668889 -32.374243 -283.018460 -47.520887
11.632031 7.908605 0.778446 11.632031 7.908605 0.778446 1.382151 -0.101595 0.657407 -11.131315 -238.931618 9.246932
12.461217 7.808244 1.177359 12.461217 7.808244 1.177359 1.384965 -0.226935 0.676981 20.509335 -178.871116 55.998521
13.295887 7.639886 1.593627 13.295887 7.639886 1.593627 1.397270 -0.334258 0.710580 20.509335 -178.871116 55.998521
