4.450383 -2.746601 -8.923089 4.450383 -2.746601 -8.923089 -0.145564 0.796700 0.372963 -505.434812 -351.411761 31.495472
4.272067 -2.331836 -8.693642 4.272067 -2.331836 -8.693642 -0.448824 0.585853 0.391860 -505.434812 -351.411761 31.495472
3.915464 -2.046684 -8.455593 3.915464 -2.046684 -8.455593 -0.733737 0.359478 0.397075 -444.273470 -403.171718 -14.110970
3.400165 -1.905082 -8.222091 3.400165 -1.905082 -8.222091 -0.975736 0.110003 0.377593 -362.389437 -428.412348 -50.829694
2.758039 -1.914478 -8.001405 2.758039 -1.914478 -8.001405 -1.150443 -0.138458 0.363497 -219.968162 -399.790170 3.842092
2.040601 -2.062247 -7.779227 2.040601 -2.062247 -7.779227 -1.220315 -0.341993 0.382741 -12.937819 -278.658013 60.304164
1.318342 -2.309809 -7.535476 1.318342 -2.309809 -7.535476 -1.166783 -0.470227 0.435183 191.377603 -148.790995 114.502263
0.663762 -2.607433 -7.247295 0.663762 -2.607433 -7.247295 -0.996745 -0.503026 0.536190 375.415954 39.463238 222.189223
0.144431 -2.891653 -6.878956 0.144431 -2.891653 -6.878956 -0.715793 -0.426887 0.702657 561.088948 214.331595 332.700694
-0.177354 -3.100338 -6.394561 -0.177354 -3.100338 -6.394561 -0.345662 -0.253954 0.916853 672.681468 362.111725 381.285513
-0.259646 -3.178816 -5.773849 -0.259646 -3.178816 -5.773849 0.078057 0.006886 1.155469 739.715180 507.356344 414.101082
-0.081200 -3.079927 -5.006458 -0.081200 -3.079927 -5.006458 0.514203 0.328465 1.401787 714.104395 564.572059 406.958105
0.355860 -2.781226 -4.092134 0.355860 -2.781226 -4.092134 0.942665 0.667208 1.645961 714.104395 564.572059 406.958105
