10.136680 2.109188 -9.261402 10.136680 2.109188 -9.261402 2.490432 -0.316878 -0.045667 -467.956945 -77.762302 428.641841
11.546707 1.905064 -9.211647 11.546707 1.905064 -9.211647 2.209658 -0.363536 0.211518 -467.956945 -77.762302 428.641841
12.779982 1.680371 -9.015068 12.779982 1.680371 -9.015068 1.887444 -0.373067 0.431263 -606.090558 45.989706 303.841315
13.795153 1.475848 -8.708744 13.795153 1.475848 -8.708744 1.482798 -0.290278 0.577945 -742.728819 229.975118 185.097396
14.547841 1.352157 -8.335437 14.547841 1.352157 -8.335437 1.020659 -0.106890 0.655113 -797.733036 381.318099 72.131333
15.018977 1.362849 -7.936089 15.018977 1.362849 -7.936089 0.553683 0.152844 0.664873 -758.853901 484.462385 -39.598719
15.221131 1.545040 -7.547172 15.221131 1.545040 -7.547172 0.131058 0.459930 0.626719 -649.896546 539.156767 -87.581670
15.192257 1.917145 -7.188135 15.192257 1.917145 -7.188135 -0.211519 0.778915 0.568021 -492.026309 524.126962 -108.077913
14.989368 2.474151 -6.866134 14.989368 2.474151 -6.866134 -0.443797 1.069964 0.506386 -282.235203 446.037238 -97.374252
14.687222 3.186229 -6.576560 14.687222 3.186229 -6.576560 -0.538465 1.286647 0.464310 -33.325052 276.237582 -42.877309
14.367900 3.999082 -6.303000 14.367900 3.999082 -6.303000 -0.509682 1.408101 0.452046 129.270165 128.608770 1.997923
14.085360 4.867092 -6.031412 14.085360 4.867092 -6.031412 -0.432120 1.485266 0.453245 129.270165 128.608770 1.997923
