-6.726177 4.846625 4.525248 -6.726177 4.846625 4.525248 2.694911 0.441118 -0.405640 -33.210383 -158.406339 -561.076200
-5.115208 5.082782 4.180870 -5.115208 5.082782 4.180870 2.674985 0.346074 -0.742286 -33.210383 -158.406339 -561.076200
-3.527861 5.259395 3.636923 -3.527861 5.259395 3.636923 2.596728 0.238441 -1.066844 -227.646698 -200.370112 -520.783546
-2.024574 5.363675 2.910084 -2.024574 5.363675 2.910084 2.391273 0.104628 -1.344269 -457.203368 -245.673418 -403.967085
-0.682058 5.382788 2.041696 -0.682058 5.382788 2.041696 2.067195 -0.039991 -1.532217 -623.056102 -236.388621 -222.524768
0.440836 5.319460 1.095044 0.440836 5.319460 1.095044 1.666995 -0.165738 -1.602067 -710.944073 -182.767568 -10.308902
1.313004 5.193145 0.144489 1.313004 5.193145 0.144489 1.240135 -0.245271 -1.545550 -711.924760 -82.343534 198.697345
1.932612 5.038062 -0.734097 1.932612 5.038062 -0.734097 0.831348 -0.260171 -1.361438 -650.698527 32.677378 415.009857
2.322152 4.894624 -1.466199 2.322152 4.894624 -1.466199 0.480216 -0.206653 -1.062139 -519.740867 145.716885 582.652915
2.527677 4.802459 -1.990816 2.527677 4.802459 -1.990816 0.223114 -0.091233 -0.673602 -337.263448 239.014260 712.470005
2.613796 4.794328 -2.264545 2.613796 4.794328 -2.264545 0.085544 0.070105 -0.235182 -121.305303 298.781271 748.930488
2.655488 4.892043 -2.272744 2.655488 4.892043 -2.272744 0.073765 0.258732 0.204691 82.043766 329.974515 717.313069
2.725926 5.105132 -2.026326 2.725926 5.105132 -2.026326 0.180044 0.448988 0.607516 272.218504 304.210394 625.436821
2.892384 5.424324 -1.559679 2.892384 5.424324 -1.559679 0.390538 0.606719 0.930571 429.428072 221.560738 451.414717
3.209975 5.819844 -0.932999 3.209975 5.819844 -0.932999 0.678050 0.697696 1.136832 528.944789 81.695976 236.120327
3.713820 6.244809 -0.222285 3.713820 6.244809 -0.222285 1.004445 0.704925 1.209071 559.038925 -57.598626 4.676630
4.415211 6.647451 0.490417 4.415211 6.647451 0.490417 1.330350 0.620638 1.143965 527.311238 -223.357332 -221.696477
5.302736 6.970884 1.125449 5.302736 6.970884 1.125449 1.618735 0.442896 0.953738 433.973351 -369.118162 -412.394872
6.345200 7.164479 1.615326 6.345200 7.164479 1.615326 1.844653 0.192920 0.665630 319.086796 -464.134262 -547.963057
7.501397 7.192723 1.910477 7.501397 7.192723 1.910477 1.995954 -0.105383 0.308882 185.249511 -530.210573 -641.198220
8.723795 7.033755 1.980417 8.723795 7.033755 1.980417 2.064504 -0.425010 -0.075705 43.249179 -535.212252 -640.758595
9.962911 6.686744 1.824082 9.962911 6.686744 1.824082 2.053599 -0.724468 -0.438037 -79.600246 -462.978973 -567.014992
11.175889 6.177783 1.467644 11.175889 6.177783 1.467644 1.981572 -0.956978 -0.736007 -160.490097 -312.055308 -426.216266
12.333480 5.555329 0.957121 12.333480 5.555329 0.957121 1.872959 -1.104697 -0.952741 -201.553228 -180.341919 -296.232758
13.420975 4.860049 0.332154 13.420975 4.860049 0.332154 1.752027 -1.212902 -1.130481 -201.553228 -180.341919 -296.232758
