9.016647 -1.598655 -0.714955 9.016647 -1.598655 -0.714955 -0.535701 0.035319 0.854388 123.026685 521.718683 -378.313995
8.717371 -1.483554 -0.270419 8.717371 -1.483554 -0.270419 -0.461885 0.348350 0.627400 123.026685 521.718683 -378.313995
8.466447 -1.182304 0.037301 8.466447 -1.182304 0.037301 -0.367754 0.653035 0.397297 190.743613 493.897097 -388.696655
8.281704 -0.706751 0.209045 8.281704 -0.706751 0.209045 -0.245430 0.923527 0.180735 217.001884 407.743231 -333.176351
8.171597 -0.087107 0.263870 8.171597 -0.087107 0.263870 -0.124778 1.128840 0.012609 185.173608 276.634973 -227.242687
8.127336 0.629637 0.238310 8.127336 0.629637 0.238310 -0.027302 1.243051 -0.084844 139.746735 104.065987 -97.599731
8.132709 1.384664 0.180826 8.132709 1.384664 0.180826 0.039547 1.257811 -0.088454 83.082360 -54.866023 85.566001
8.166818 2.121651 0.154953 8.166818 2.121651 0.154953 0.066524 1.185773 0.021870 6.841811 -185.259710 282.181072
8.204585 2.792904 0.228586 8.204585 2.792904 0.228586 0.053735 1.040298 0.239774 -49.473787 -299.655860 444.166478
8.226663 3.359387 0.460725 8.226663 3.359387 0.460725 0.017762 0.841716 0.547891 -70.435301 -362.286321 582.890157
8.225145 3.798992 0.899601 8.225145 3.798992 0.899601 -0.021984 0.623279 0.923732 -62.051038 -365.836582 669.911102
8.202455 4.109381 1.574560 8.202455 4.109381 1.574560 -0.050863 0.415141 1.326359 -34.212578 -327.954429 672.179235
8.170851 4.304792 2.487790 8.170851 4.304792 2.487790 -0.046031 0.245156 1.711776 50.319567 -238.663478 612.543729
8.156794 4.415037 3.617173 8.156794 4.415037 3.617173 0.006682 0.132511 2.039602 125.390121 -136.820956 480.211021
8.187924 4.477523 4.916574 8.187924 4.477523 4.916574 0.104666 0.088457 2.273739 201.222988 -10.024700 300.243938
8.291437 4.535472 6.321533 8.291437 4.535472 6.321533 0.247865 0.115835 2.387242 276.107560 101.285802 78.101352
8.492355 4.626832 7.752692 8.492355 4.626832 7.752692 0.426029 0.194746 2.357878 317.772115 161.749165 -175.981312
8.804118 4.776082 9.122335 8.804118 4.776082 9.122335 0.611426 0.308235 2.185253 300.217609 216.547589 -399.437347
9.222351 4.999319 10.351413 9.222351 4.999319 10.351413 0.778250 0.434748 1.894719 255.861328 205.162541 -569.008552
9.728827 5.293441 11.377510 9.728827 5.293441 11.377510 0.899122 0.539567 1.511749 147.046116 144.235868 -707.558225
10.286267 5.638541 12.153970 10.286267 5.638541 12.153970 0.944844 0.603093 1.071068 5.361212 67.516251 -761.377688
10.844742 6.006882 12.660963 10.844742 6.006882 12.660963 0.901075 0.615263 0.621245 -151.257765 -26.949905 -738.032122
11.347636 6.364044 12.906685 11.347636 6.364044 12.906685 0.757700 0.563367 0.207528 -326.659971 -146.035842 -641.026027
11.734638 6.669683 12.924669 11.734638 6.669683 12.924669 0.517608 0.445273 -0.132830 -473.644154 -247.612268 -493.500431
11.953185 6.890056 12.768444 11.953185 6.890056 12.768444 0.199611 0.285603 -0.367412 -586.346532 -284.620643 -288.437902
11.964581 7.009050 12.508776 11.964581 7.009050 12.508776 -0.166339 0.109152 -0.476984 -633.487003 -303.547755 -76.804093
11.751650 7.020597 12.220269 11.751650 7.020597 12.220269 -0.541934 -0.069506 -0.465528 -618.498296 -291.981777 114.990847
11.320181 6.931935 11.973054 11.320181 6.931935 11.973054 -0.887924 -0.216704 -0.339515 -534.801791 -198.677014 305.051788
10.700370 6.773669 11.831304 10.700370 6.773669 11.831304 -1.162768 -0.298320 -0.121235 -381.344703 -73.377800 422.549209
9.946282 6.589052 11.837752 9.946282 6.589052 11.837752 -1.330499 -0.304429 0.147946 -177.759066 53.017037 474.722050
9.128908 6.424529 12.013102 9.128908 6.424529 12.013102 -1.372540 -0.229665 0.438442 37.624231 196.194583 493.598096
8.326070 6.329103 12.361126 8.326070 6.329103 12.361126 -1.280397 -0.076656 0.715153 269.520050 313.835233 428.771307
7.619951 6.345124 12.861696 7.619951 6.345124 12.861696 -1.050660 0.139270 0.943915 496.267381 405.917941 333.768982
7.088477 6.504428 13.480900 7.088477 6.504428 13.480900 -0.704931 0.396203 1.108056 656.163920 450.526080 213.366530
6.789107 6.821060 14.175588 6.789107 6.821060 14.175588 -0.283837 0.655596 1.193322 747.483278 414.116428 70.855654
6.754847 7.284903 14.897383 6.754847 7.284903 14.897383 0.172130 0.883789 1.201071 772.406755 346.526615 -45.027022
6.993801 7.869184 15.603946 6.993801 7.869184 15.603946 0.618789 1.049869 1.144182 716.457131 207.074553 -144.604405
7.486938 8.525694 16.260627 7.486938 8.525694 16.260627 1.013167 1.120693 1.038420 598.136330 29.005812 -207.934266
8.191860 9.192979 16.845957 8.191860 9.192979 16.845957 1.318834 1.086336 0.912190 420.754166 -143.527612 -212.831296
9.045467 9.808276 17.356113 9.045467 9.808276 17.356113 1.504141 0.946869 0.790253 196.935435 -321.365630 -193.627361
9.970236 10.310006 17.797317 9.970236 10.310006 17.797317 1.556478 0.711322 0.683599 -22.479157 -463.788685 -161.884130
10.888335 10.647365 18.182472 10.888335 10.647365 18.182472 1.484286 0.403287 0.607142 -218.162079 -562.996819 -92.975227
11.729410 10.786613 18.534517 11.729410 10.786613 18.534517 1.302249 0.058570 0.573837 -388.626507 -586.056893 -18.040260
12.433889 10.717589 18.877093 12.433889 10.717589 18.877093 1.034484 -0.286444 0.570618 -503.925759 -563.992253 7.309743
12.963872 10.444204 19.220780 12.963872 10.444204 19.220780 0.732128 -0.624840 0.575004 -503.925759 -563.992253 7.309743
