-4.670987 5.173931 3.175992 -4.670987 5.173931 3.175992 0.079759 -0.955954 0.745521 520.316108 -122.838710 56.192196
-4.529475 4.578248 3.633419 -4.529475 4.578248 3.633419 0.391949 -1.029657 0.779236 520.316108 -122.838710 56.192196
-4.207762 3.948009 4.108571 -4.207762 3.948009 4.108571 0.668573 -1.055028 0.800428 401.763171 38.267500 14.446467
-3.744924 3.334330 4.588726 -3.744924 3.334330 4.588726 0.856515 -0.969818 0.795585 224.712450 245.767006 -30.587192
-3.200066 2.806411 5.056896 -3.200066 2.806411 5.056896 0.943847 -0.773690 0.758857 66.393505 407.993447 -91.841120
-2.630211 2.421924 5.490933 -2.630211 2.421924 5.490933 0.941663 -0.497455 0.680024 -73.675147 512.790393 -170.934133
-2.085341 2.218380 5.866663 -2.085341 2.218380 5.866663 0.863125 -0.176645 0.569881 -188.116733 556.575147 -196.208769
-1.604873 2.211288 6.171860 -1.604873 2.211288 6.171860 0.732524 0.150858 0.445084 -247.218753 535.102474 -219.781197
-1.210416 2.393223 6.400776 -1.210416 2.393223 6.400776 0.581403 0.447424 0.320348 -256.518785 453.448457 -196.005333
-0.907118 2.734666 6.561865 -0.907118 2.734666 6.561865 0.430640 0.676338 0.223547 -246.025278 309.598575 -126.667039
-0.689766 3.185563 6.679510 -0.689766 3.185563 6.679510 0.299287 0.808929 0.179135 -191.816248 132.372300 -21.370828
-0.539551 3.684318 6.791052 -0.539551 3.684318 6.791052 0.210048 0.836205 0.205849 -105.648938 -41.451579 110.416018
-0.427970 4.168224 6.942462 -0.427970 4.168224 6.942462 0.169502 0.759554 0.312227 -29.504773 -214.052879 244.178289
-0.327898 4.576493 7.181420 -0.327898 4.576493 7.181420 0.170210 0.586455 0.497083 31.866382 -362.944591 372.008426
-0.217255 4.857297 7.551977 -0.217255 4.857297 7.551977 0.203231 0.339996 0.747017 78.202791 -458.583525 461.105514
-0.080759 4.976772 8.086242 -0.080759 4.976772 8.086242 0.252558 0.054955 1.038956 86.221582 -491.555080 512.022863
0.084785 4.922985 8.801517 0.084785 4.922985 8.801517 0.296739 -0.231379 1.344855 61.046521 -462.889011 507.640772
0.270125 4.705536 9.694601 0.270125 4.705536 9.694601 0.314905 -0.485619 1.623418 -0.492833 -384.579205 420.901498
0.454464 4.351828 10.735983 0.454464 4.351828 10.735983 0.292034 -0.681927 1.833805 -75.744588 -269.779959 280.389562
0.612138 3.902434 11.876685 0.612138 3.902434 11.876685 0.227026 -0.802182 1.951783 -140.946603 -131.069587 112.870144
0.719833 3.406630 13.055567 0.719833 3.406630 13.055567 0.126707 -0.835336 1.956985 -193.450553 20.556208 -95.528859
0.758869 2.917716 14.198509 0.758869 2.917716 14.198509 -0.000197 -0.780065 1.829398 -229.561503 163.681046 -329.761695
0.717383 2.484461 15.225525 0.717383 2.484461 15.225525 -0.138171 -0.655251 1.575211 -230.352707 252.363248 -517.529359
0.596496 2.139279 16.068144 0.596496 2.139279 16.068144 -0.258988 -0.491115 1.217932 -172.371284 294.756501 -673.400438
0.417104 1.897704 16.672002 0.417104 1.897704 16.672002 -0.327273 -0.314074 0.785449 -55.244699 295.383035 -768.209083
0.218734 1.759893 17.004077 0.218734 1.759893 17.004077 -0.320730 -0.149522 0.319941 77.052737 253.120744 -783.484874
0.048646 1.710914 17.059390 0.048646 1.710914 17.059390 -0.232093 -0.021786 -0.128272 218.405935 172.668455 -710.558933
-0.041579 1.722496 16.861483 -0.041579 1.722496 16.861483 -0.052460 0.049682 -0.519821 380.369238 65.555506 -594.603697
0.004120 1.757282 16.453510 0.004120 1.757282 16.453510 0.219304 0.054901 -0.821846 525.511478 -48.155850 -412.146651
0.235826 1.776319 15.900453 0.235826 1.776319 15.900453 0.562265 -0.000175 -0.997944 617.692415 -135.431574 -174.846712
0.686615 1.748237 15.284514 0.686615 1.748237 15.284514 0.944108 -0.099431 -1.031356 655.117640 -195.423909 63.473475
1.369987 1.652097 14.689981 1.369987 1.652097 14.689981 1.332109 -0.223207 -0.928994 638.218180 -217.161965 277.733036
2.278714 1.480204 14.193291 2.278714 1.480204 14.193291 1.687951 -0.347903 -0.708778 547.921954 -198.492085 456.320483
3.380619 1.240183 13.857660 3.380619 1.240183 13.857660 1.969246 -0.444752 -0.397498 389.726912 -124.336664 581.279861
4.620669 0.956770 13.727026 4.620669 0.956770 13.727026 2.144845 -0.490258 -0.032558 195.603566 -27.349032 635.188527
5.928596 0.664193 13.820043 5.928596 0.664193 13.820043 2.191263 -0.474167 0.339646 -40.875561 80.984537 605.491216
7.222683 0.401123 14.127367 7.222683 0.401123 14.127367 2.100172 -0.391311 0.675679 -262.763156 195.202952 514.617423
8.424253 0.206979 14.617928 8.424253 0.206979 14.617928 1.886336 -0.246656 0.947062 -450.022603 286.978429 389.994220
9.465799 0.114431 15.245132 9.465799 0.114431 15.245132 1.570064 -0.055524 1.124896 -604.215433 350.130101 202.783856
10.293386 0.144859 15.946496 10.293386 0.144859 15.946496 1.179071 0.158152 1.196196 -699.097373 362.121684 34.881890
10.874708 0.301716 16.660502 10.874708 0.301716 16.660502 0.758195 0.359342 1.167174 -703.819540 308.511249 -131.619246
11.207690 0.567483 17.327898 11.207690 0.567483 17.327898 0.359669 0.517602 1.042116 -624.603385 219.022759 -285.241119
11.320451 0.908801 17.896332 11.320451 0.908801 17.896332 0.031849 0.605678 0.843508 -468.130335 74.564014 -376.785127
11.264294 1.278123 18.332369 11.264294 1.278123 18.332369 -0.204045 0.612886 0.606204 -318.179733 -50.537001 -414.228236
11.084595 1.636758 18.621531 11.084595 1.636758 18.621531 -0.394952 0.582564 0.357667 -318.179733 -50.537001 -414.228236
