-8.509108 -0.841072 -8.274360 -8.509108 -0.841072 -8.274360 -0.080959 1.037577 0.721380 -204.316858 105.232455 -156.687103
-8.594461 -0.199584 -7.869736 -8.594461 -0.199584 -7.869736 -0.203549 1.100717 0.627367 -204.316858 105.232455 -156.687103
-8.744903 0.471983 -7.517027 -8.744903 0.471983 -7.517027 -0.283816 1.124831 0.555819 -63.238601 -24.853763 -81.808645
-8.915004 1.132338 -7.194027 -8.915004 1.132338 -7.194027 -0.263904 1.059571 0.527902 129.610257 -192.677542 -11.245796
-9.036712 1.725572 -6.876455 -9.036712 1.725572 -6.876455 -0.119612 0.904828 0.535432 351.365449 -323.133519 36.344462
-9.034634 2.205031 -6.545923 -9.034634 2.205031 -6.545923 0.144200 0.684581 0.570891 528.006293 -411.022340 81.853653
-8.845406 2.537747 -6.187664 -8.845406 2.537747 -6.187664 0.499340 0.417726 0.624959 655.793066 -478.495097 98.372819
-8.422443 2.702524 -5.797008 -8.422443 2.702524 -5.797008 0.919395 0.131980 0.673847 744.391799 -473.989941 64.587499
-7.736562 2.700844 -5.384344 -7.736562 2.700844 -5.384344 1.367302 -0.130163 0.696248 748.630155 -399.820257 10.079763
-6.784864 2.557341 -4.969887 -6.784864 2.557341 -4.969887 1.799297 -0.337243 0.676769 691.353846 -290.445982 -75.007505
-5.589253 2.312116 -4.581827 -5.589253 2.312116 -4.581827 2.172054 -0.464509 0.609264 551.167982 -133.775132 -150.010077
-4.198402 2.020778 -4.247471 -4.198402 2.020778 -4.247471 2.444795 -0.487539 0.498254 357.969321 57.008485 -220.023997
-2.680888 1.749513 -3.991933 -2.680888 1.749513 -3.991933 2.590593 -0.398351 0.347188 128.024183 240.284617 -283.529061
-1.117947 1.563052 -3.835466 -1.117947 1.563052 -3.835466 2.595111 -0.207687 0.173021 -112.963841 395.263366 -297.027520
0.405790 1.516081 -3.782766 0.405790 1.516081 -3.782766 2.462351 0.061938 0.006568 -329.567863 503.483971 -257.816082
1.812876 1.647018 -3.819521 1.812876 1.647018 -3.819521 2.209601 0.379765 -0.119569 -512.933097 555.940340 -162.638544
3.038412 1.974729 -3.912994 3.038412 1.974729 -3.912994 1.862358 0.712245 -0.179433 -644.542527 552.325934 -36.910127
4.037344 2.496567 -4.018386 4.037344 2.496567 -4.018386 1.463301 1.019002 -0.157021 -685.647371 470.199584 111.617074
4.793748 3.184155 -4.082430 4.793748 3.184155 -4.082430 1.061114 1.258876 -0.039667 -654.977511 329.378541 279.564746
5.317380 3.988602 -4.045707 5.317380 3.988602 -4.045707 0.692427 1.405669 0.179081 -573.979167 159.932666 449.595085
5.639035 4.849730 -3.849220 5.639035 4.849730 -3.849220 0.395615 1.446323 0.489394 -415.394547 -24.421597 584.781392
5.812713 5.702179 -3.446140 5.812713 5.702179 -3.446140 0.201779 1.376924 0.861175 -230.724855 -206.906247 654.487545
5.904942 6.481335 -2.811006 5.904942 6.481335 -2.811006 0.126802 1.204003 1.256974 -19.198175 -369.496844 664.841185
5.988712 7.130047 -1.940414 5.988712 7.130047 -1.940414 0.171005 0.946403 1.639560 166.541616 -489.169022 610.447851
6.130683 7.607171 -0.853923 6.130683 7.607171 -0.853923 0.317880 0.639564 1.970204 323.042495 -533.628365 491.697529
6.386102 7.895471 0.405961 6.386102 7.895471 0.405961 0.544424 0.322460 2.211500 432.104023 -523.387363 312.624180
6.793110 7.999189 1.775887 6.793110 7.999189 1.775887 0.816560 0.030686 2.332841 475.014268 -449.191436 91.845531
7.368112 7.944189 3.178234 7.368112 7.944189 3.178234 1.099387 -0.201610 2.318499 467.742020 -325.129435 -139.653217
8.109541 7.773038 4.530453 8.109541 7.773038 4.530453 1.368049 -0.355000 2.165993 427.799860 -186.168090 -368.700988
9.001255 7.535592 5.752414 9.001255 7.535592 5.752414 1.594128 -0.421379 1.888432 325.796665 -35.096912 -556.503094
10.008902 7.286176 6.778187 10.008902 7.286176 6.778187 1.752240 -0.393794 1.518953 201.241710 127.048566 -675.090488
11.090144 7.079973 7.563912 11.090144 7.079973 7.563912 1.841361 -0.281541 1.093242 95.829552 247.125760 -743.948940
12.205891 6.958841 8.087304 12.205891 6.958841 8.087304 1.867264 -0.116714 0.653665 -9.487302 302.297271 -721.305451
13.320204 6.944380 8.356051 13.320204 6.944380 8.356051 1.839882 0.070434 0.252793 -81.784336 321.530020 -614.934632
14.407483 7.042971 8.407494 14.407483 7.042971 8.407494 1.781164 0.255631 -0.063890 -113.944627 295.794761 -440.676743
15.455109 7.244970 8.299377 15.455109 7.244970 8.299377 1.709990 0.409990 -0.280601 -123.299320 218.736150 -281.694024
16.458910 7.530336 8.080311 16.458910 7.530336 8.080311 1.636011 0.541232 -0.449618 -123.299320 218.736150 -281.694024
