2.153667 3.459303 7.698811 2.153667 3.459303 7.698811 1.563597 0.106693 1.231611 190.085224 -173.984769 -69.552783
3.126040 3.492001 8.425258 3.126040 3.492001 8.425258 1.677648 0.002302 1.189880 190.085224 -173.984769 -69.552783
4.169024 3.468713 9.120132 4.169024 3.468713 9.120132 1.802595 -0.068848 1.115477 226.404030 -63.182375 -178.454675
5.289774 3.423505 9.749002 5.289774 3.423505 9.749002 1.930640 -0.069386 0.966929 200.414596 61.391343 -316.704916
6.480005 3.400197 10.268346 6.480005 3.400197 10.268346 2.029752 0.003810 0.757873 129.959567 182.593216 -380.150615
7.715142 3.442117 10.655097 7.715142 3.442117 10.655097 2.077191 0.147203 0.532057 28.168496 295.383022 -372.567877
8.958599 3.588241 10.908258 8.958599 3.588241 10.908258 2.054452 0.347602 0.313462 -103.963020 372.614638 -356.083424
10.163261 3.865520 11.036918 10.163261 3.865520 11.036918 1.945595 0.579409 0.123201 -258.896592 400.075878 -278.119223
11.275955 4.281850 11.065834 11.275955 4.281850 11.065834 1.749949 0.802809 -0.018388 -393.254192 344.590577 -193.842695
12.247444 4.820629 11.024648 12.247444 4.820629 11.024648 1.475522 0.984898 -0.111000 -521.503495 262.372964 -114.864210
13.038886 5.458795 10.937373 13.038886 5.458795 10.937373 1.162620 1.142322 -0.179918 -521.503495 262.372964 -114.864210
