-9.666796 2.379946 0.375136 -9.666796 2.379946 0.375136 -0.151204 -0.665182 0.880443 361.028590 116.689963 -671.400631
-9.692533 2.001841 0.782550 -9.692533 2.001841 0.782550 0.065413 -0.595168 0.477603 361.028590 116.689963 -671.400631
-9.579697 1.670117 0.953034 -9.579697 1.670117 0.953034 0.325044 -0.503286 0.098636 504.406590 189.582967 -591.822192
-9.284908 1.405570 0.914702 -9.284908 1.405570 0.914702 0.672537 -0.373041 -0.211390 653.905214 244.568778 -441.597995
-8.758825 1.225471 0.720735 -8.758825 1.225471 0.720735 1.089168 -0.227782 -0.414574 734.863580 239.628395 -235.682756
-7.973422 1.128360 0.442996 -7.973422 1.128360 0.442996 1.528219 -0.101878 -0.488843 728.640973 180.050809 -11.881063
-6.929032 1.094896 0.162175 -6.929032 1.094896 0.162175 1.946920 -0.017581 -0.422851 667.028618 100.939290 231.856182
-5.649953 1.096200 -0.037549 -5.649953 1.096200 -0.037549 2.301447 0.011401 -0.222476 514.725580 -4.332248 436.061145
-4.188160 1.096129 -0.082526 -4.188160 1.096129 -0.082526 2.551653 -0.021856 0.089246 319.295077 -106.523752 603.009181
-2.612767 1.059196 0.084880 -2.612767 1.059196 0.084880 2.677873 -0.109000 0.477636 101.439639 -183.955619 691.625685
-1.002950 0.957182 0.497701 -1.002950 0.957182 0.497701 2.662903 -0.236882 0.901345 -151.338698 -242.319016 720.739019
0.554380 0.770851 1.165193 0.554380 0.770851 1.165193 2.506246 -0.385199 1.318551 -370.854064 -252.070767 669.945941
1.981476 0.496428 2.069922 1.981476 0.496428 2.069922 2.234245 -0.526095 1.685558 -535.814655 -217.584055 553.411348
3.217804 0.147333 3.169837 3.217804 0.147333 3.169837 1.873892 -0.628006 1.962434 -665.361091 -122.119694 369.508612
4.219874 -0.244918 4.401661 4.219874 -0.244918 4.401661 1.462177 -0.668610 2.123401 -707.022569 -13.225355 167.049553
4.971514 -0.641232 5.694461 4.971514 -0.641232 5.694461 1.045949 -0.640382 2.167079 -680.405425 107.317180 -21.456975
5.483642 -0.998515 6.978982 5.483642 -0.998515 6.978982 0.672868 -0.537843 2.094887 -563.195709 234.480532 -219.184411
5.795121 -1.271791 8.186737 5.795121 -1.271791 8.186737 0.380617 -0.361037 1.914754 -410.975746 354.872316 -381.256894
5.960541 -1.420784 9.261495 5.960541 -1.420784 9.261495 0.189157 -0.129352 1.658657 -227.223341 417.412259 -472.401930
6.046293 -1.422728 10.169187 6.046293 -1.422728 10.169187 0.118613 0.123757 1.362868 -7.925803 426.282368 -513.560580
6.127881 -1.274024 10.895713 6.127881 -1.274024 10.895713 0.173090 0.368123 1.060965 189.516201 388.271675 -492.783147
6.275442 -0.989153 11.448190 6.275442 -0.989153 11.448190 0.334774 0.571628 0.788287 349.430093 290.077702 -416.144652
6.545498 -0.602218 11.851317 6.545498 -0.602218 11.851317 0.575902 0.704396 0.563906 454.330360 152.484853 -331.790995
6.975247 -0.162894 12.137753 6.975247 -0.162894 12.137753 0.860641 0.742084 0.403907 494.802019 -26.859513 -201.539873
7.581301 0.268073 12.351309 7.581301 0.268073 12.351309 1.160549 0.678724 0.320429 504.888704 -184.339509 -76.719605
8.368510 0.642126 12.529757 8.368510 0.642126 12.529757 1.463482 0.568121 0.274397 504.888704 -184.339509 -76.719605
