-9.565032 1.137389 5.535849 -9.565032 1.137389 5.535849 -0.625898 0.390597 -1.584388 269.791060 -377.417377 405.418769
-9.892008 1.303812 4.658192 -9.892008 1.303812 4.658192 -0.464023 0.164146 -1.341137 269.791060 -377.417377 405.418769
-10.112276 1.337475 3.934361 -10.112276 1.337475 3.934361 -0.254232 -0.046755 -1.058505 429.512996 -325.587874 536.686963
-10.175366 1.257264 3.404349 -10.175366 1.257264 3.404349 0.064159 -0.209868 -0.694058 631.788456 -218.122247 678.136217
-10.015862 1.099452 3.111707 -10.015862 1.099452 3.111707 0.479668 -0.303883 -0.278535 753.243330 -95.261520 706.941520
-9.589927 0.910454 3.068823 -9.589927 0.910454 3.068823 0.944369 -0.308644 0.130563 795.758776 79.393086 656.718503
-8.881726 0.749663 3.259008 -8.881726 0.749663 3.259008 1.413537 -0.210487 0.492786 768.137182 247.795592 550.688543
-7.901795 0.675094 3.644490 -7.901795 0.675094 3.644490 1.842139 -0.026209 0.776632 660.535752 366.466514 395.466353
-6.688710 0.732831 4.169409 -6.688710 0.732831 4.169409 2.182987 0.231163 0.952688 475.622609 491.440905 191.385639
-5.307305 0.962160 4.762189 -5.307305 0.962160 4.762189 2.398362 0.536885 1.001113 242.293145 527.631250 -29.968697
-3.835302 1.377506 5.347817 -3.835302 1.377506 5.347817 2.490603 0.844669 0.934906 65.177964 498.313817 -190.720484
-2.329209 1.974003 5.874431 -2.329209 1.974003 5.874431 2.529710 1.143657 0.820474 65.177964 498.313817 -190.720484
