-0.823583 4.509709 4.966188 -0.823583 4.509709 4.966188 0.528405 0.134093 -0.653515 -118.236126 -274.691025 344.845207
-0.527822 4.540721 4.636151 -0.527822 4.540721 4.636151 0.457463 -0.030722 -0.446608 -118.236126 -274.691025 344.845207
-0.267589 4.477334 4.435294 -0.267589 4.477334 4.435294 0.421711 -0.173085 -0.214524 -0.937638 -199.854844 428.769574
-0.003200 4.343239 4.388463 -0.003200 4.343239 4.388463 0.478805 -0.264346 0.066263 191.251312 -104.346010 507.185429
0.328698 4.174822 4.519562 0.328698 4.174822 4.519562 0.644507 -0.282091 0.370812 361.090004 45.196332 507.979772
0.789363 4.022755 4.830191 0.789363 4.022755 4.830191 0.905981 -0.209713 0.659128 510.488276 196.062301 453.073662
1.430680 3.939626 5.299916 1.430680 3.939626 5.299916 1.241479 -0.055038 0.894448 607.838140 319.520103 331.323902
2.286768 3.968680 5.886502 2.286768 3.968680 5.886502 1.615131 0.159494 1.044637 637.671123 395.586999 169.309173
3.369841 4.138131 6.531556 3.369841 4.138131 6.531556 1.993799 0.409589 1.085203 624.554648 438.063293 -34.091683
4.672947 4.461768 7.163326 4.672947 4.461768 7.163326 2.340569 0.667590 0.998671 531.345919 421.940342 -254.346360
6.162229 4.934114 7.704939 6.162229 4.934114 7.704939 2.605863 0.899963 0.787025 352.967294 352.636125 -451.140805
7.777320 5.528953 8.086149 7.777320 5.528953 8.086149 2.757839 1.068481 0.467345 153.617070 209.091201 -614.460466
9.445886 6.198496 8.249618 9.445886 6.198496 8.249618 2.781068 1.148026 0.066990 -76.185277 56.056443 -720.054948
11.086737 6.885745 8.158520 11.086737 6.885745 8.158520 2.664978 1.123374 -0.373455 -310.783574 -138.227445 -748.094173
12.617085 7.524391 7.802124 12.617085 7.524391 7.802124 2.415015 0.987951 -0.810640 -522.423540 -313.184955 -709.190088
13.963583 8.052565 7.195069 13.963583 8.052565 7.195069 2.059189 0.758923 -1.201242 -663.664002 -450.239787 -592.815457
15.074133 8.420649 6.378665 15.074133 8.420649 6.378665 1.633469 0.457648 -1.501691 -755.403090 -554.009446 -408.682121
15.916938 8.592434 5.416949 15.916938 8.592434 5.416949 1.173710 0.109829 -1.682595 -777.125278 -605.387109 -194.330630
16.486030 8.552051 4.386649 16.486030 8.552051 4.386649 0.731174 -0.239956 -1.728010 -697.997508 -560.564885 42.944850
16.806897 8.312273 3.371899 16.806897 8.312273 3.371899 0.351388 -0.550806 -1.630611 -567.953910 -475.602307 281.719535
16.926700 7.904146 2.455738 16.926700 7.904146 2.455738 0.066627 -0.796342 -1.404101 -381.249567 -342.848084 473.314841
16.910467 7.376337 1.706013 16.910467 7.376337 1.706013 -0.100046 -0.943508 -1.082417 -174.326259 -147.706924 598.962931
16.832969 6.795408 1.169452 16.832969 6.795408 1.169452 -0.135103 -0.973319 -0.697662 57.467779 48.337830 683.555965
16.773574 6.230701 0.873760 16.773574 6.230701 0.873760 -0.044006 -0.891395 -0.288201 246.189511 224.740156 681.313050
16.800636 5.744570 0.818722 16.800636 5.744570 0.818722 0.149462 -0.715289 0.096817 398.702731 362.281637 602.079729
16.968767 5.387229 0.977682 16.968767 5.387229 0.977682 0.422122 -0.464811 0.420542 510.166479 472.645591 477.002565
17.315142 5.195114 1.304630 17.315142 5.195114 1.304630 0.734581 -0.172748 0.650558 531.360267 500.895154 289.717768
17.849800 5.180256 1.738145 17.849800 5.180256 1.738145 1.044721 0.120936 0.779546 502.441680 478.053883 140.244522
18.567072 5.338867 2.231117 18.567072 5.338867 2.231117 1.346186 0.407769 0.863693 502.441680 478.053883 140.244522
