9.307720 -4.578375 5.009896 9.307720 -4.578375 5.009896 2.000825 -0.233296 -0.581000 -120.137604 297.633114 274.638056
10.486590 -4.664778 4.710731 10.486590 -4.664778 4.710731 1.928742 -0.054716 -0.416217 -120.137604 297.633114 274.638056
11.612628 -4.643400 4.519356 11.612628 -4.643400 4.519356 1.808746 0.127031 -0.206833 -279.849830 308.189859 423.306715
12.636369 -4.513073 4.482193 12.636369 -4.513073 4.482193 1.585168 0.305120 0.100862 -465.410918 285.439754 602.345572
13.496841 -4.281938 4.657443 13.496841 -4.281938 4.657443 1.271650 0.459803 0.493819 -579.646840 230.170707 707.510968
14.153286 -3.971334 5.081830 14.153286 -3.971334 5.081830 0.912818 0.564362 0.922042 -616.462509 118.358510 719.897162
14.591689 -3.617773 5.760554 14.591689 -3.617773 5.760554 0.551321 0.603576 1.333569 -588.525582 12.357132 651.861505
14.821210 -3.259647 6.669860 14.821210 -3.259647 6.669860 0.221521 0.579768 1.683831 -510.808724 -91.718131 515.679338
14.869194 -2.932931 7.761691 14.869194 -2.932931 7.761691 -0.049881 0.501563 1.936789 -393.862890 -168.965564 327.512071
14.777320 -2.664488 8.969396 14.777320 -2.664488 8.969396 -0.241449 0.389774 2.066694 -244.699662 -203.662770 105.505775
14.596947 -2.466666 10.214492 14.596947 -2.466666 10.214492 -0.345558 0.270661 2.060439 -102.328402 -193.380383 -126.356404
14.378024 -2.336828 11.415028 14.378024 -2.336828 11.415028 -0.372802 0.165882 1.919712 11.513325 -155.885664 -342.732286
14.162393 -2.260277 12.494886 14.162393 -2.260277 12.494886 -0.336002 0.097758 1.662684 111.152984 -71.191923 -514.027814
13.984518 -2.207454 13.392868 13.984518 -2.207454 13.392868 -0.250714 0.089955 1.318748 173.142903 45.181923 -632.428517
13.865615 -2.138330 14.067426 13.865615 -2.138330 14.067426 -0.145034 0.152153 0.925022 179.122233 162.144611 -679.990406
13.809344 -2.012193 14.501394 13.809344 -2.012193 14.501394 -0.045020 0.277736 0.523797 154.256656 256.463777 -657.425400
13.806644 -1.794147 14.701955 13.806644 -1.794147 14.701955 0.030262 0.457822 0.152438 96.684106 343.823174 -580.439004
13.838506 -1.455600 14.697265 13.838506 -1.455600 14.697265 0.069785 0.673944 -0.154195 35.058852 376.582399 -441.670518
13.883012 -0.985968 14.535164 13.883012 -0.985968 14.535164 0.072442 0.887297 -0.369615 -26.201002 334.594834 -276.395236
13.918729 -0.397653 14.273669 13.918729 -0.397653 14.273669 0.041562 1.066602 -0.485325 -76.731726 263.090867 -109.305261
13.929474 0.283511 13.971489 13.929474 0.283511 13.971489 -0.006384 1.193689 -0.507459 -83.089755 160.530699 35.524222
13.911715 1.019278 13.681076 13.911715 1.019278 13.681076 -0.051097 1.243297 -0.447806 -65.951028 4.827954 163.318772
13.871790 1.756084 13.446705 13.871790 1.756084 13.446705 -0.077648 1.195989 -0.325238 -22.552838 -162.519550 245.242530
13.826203 2.435735 13.297158 13.826203 2.435735 13.297158 -0.065874 1.055035 -0.170829 61.799600 -307.328632 269.452643
13.803422 3.006378 13.242556 13.803422 3.006378 13.242556 -0.000697 0.835342 -0.012187 155.455243 -424.979301 259.356415
13.836116 3.426137 13.279021 13.836116 3.426137 13.279021 0.118227 0.555603 0.128892 240.958339 -507.484556 210.907096
13.954271 3.667329 13.389343 13.954271 3.667329 13.389343 0.282035 0.247000 0.230553 305.070226 -521.190997 127.962333
14.179888 3.724892 13.545994 14.179888 3.724892 13.545994 0.472493 -0.049827 0.283757 329.788972 -468.232324 49.383220
14.522502 3.617629 13.720983 14.522502 3.617629 13.720983 0.669144 -0.296194 0.292616 325.712720 -352.991860 -19.851911
14.978934 3.385262 13.889879 14.978934 3.385262 13.889879 0.846160 -0.463550 0.265204 264.340696 -204.861570 -71.522987
15.527332 3.081828 14.034960 15.527332 3.081828 14.034960 0.970371 -0.528613 0.216454 149.695964 -12.014618 -90.975584
16.127296 2.773078 14.149291 16.127296 2.773078 14.149291 1.014170 -0.482919 0.166039 -3.698434 164.326950 -77.076467
16.724255 2.523465 14.237732 16.724255 2.523465 14.237732 0.957563 -0.331523 0.133253 -184.990781 340.327904 -32.210074
17.255639 2.394554 14.316400 17.255639 2.394554 14.316400 0.797293 -0.083612 0.136500 -349.244366 486.040795 43.033459
17.662469 2.436175 14.410580 17.662469 2.436175 14.410580 0.544337 0.229518 0.184987 -493.942447 557.727013 118.592118
17.892980 2.673897 14.545897 17.892980 2.673897 14.545897 0.212065 0.562253 0.271032 -613.631318 551.388198 168.224300
17.906766 3.107464 14.740848 17.906766 3.107464 14.740848 -0.171109 0.877917 0.382226 -663.612403 500.825520 202.422333
17.686194 3.718263 15.007856 17.686194 3.718263 15.007856 -0.561562 1.147911 0.509860 -637.899535 399.154786 223.023191
17.239912 4.469442 15.351388 17.239912 4.469442 15.351388 -0.916915 1.340326 0.631034 -546.610131 242.228504 180.889061
16.600693 5.306096 15.756362 16.600693 5.306096 15.756362 -1.198282 1.429948 0.708535 -391.278666 56.512056 77.448732
15.823835 6.162479 16.188161 15.823835 6.162479 16.188161 -1.370342 1.405064 0.718690 -182.256928 -139.460383 -43.598955
14.981963 6.971328 16.603242 14.981963 6.971328 16.603242 -1.413996 1.275956 0.651107 36.743470 -290.897993 -181.677878
14.154177 7.677380 16.952323 14.154177 7.677380 16.952323 -1.321963 1.065620 0.497695 270.035624 -410.222654 -329.695733
13.423169 8.238547 17.183105 13.423169 8.238547 17.183105 -1.092124 0.797659 0.257428 496.093392 -482.981765 -471.194611
12.866962 8.630054 17.246485 12.866962 8.630054 17.246485 -0.745614 0.507114 -0.056597 658.938428 -485.500090 -575.552814
12.543340 8.850632 17.106202 12.543340 8.850632 17.106202 -0.324564 0.234310 -0.415553 744.564079 -423.847323 -620.969111
12.483414 8.920672 16.746082 12.483414 8.920672 16.746082 0.126126 0.008732 -0.783204 757.733699 -328.079882 -604.535063
12.691165 8.875356 16.174091 12.691165 8.875356 16.174091 0.559184 -0.145619 -1.112183 685.795024 -186.423415 -492.059487
13.144479 8.761530 15.424888 13.144479 8.761530 15.424888 0.942465 -0.221965 -1.374034 591.807091 -68.063379 -380.776318
13.816483 8.616099 14.531928 13.816483 8.616099 14.531928 1.297549 -0.262803 -1.602499 591.807091 -68.063379 -380.776318
