12.251310 -4.829406 3.183538 12.251310 -4.829406 3.183538 1.157712 0.222282 0.901461 -636.151838 -197.698660 609.309970
12.831430 -4.731622 3.834090 12.831430 -4.731622 3.834090 0.776021 0.103663 1.267047 -636.151838 -197.698660 609.309970
13.187663 -4.703259 4.700862 13.187663 -4.703259 4.700862 0.419967 -0.006197 1.616969 -550.693679 -168.499408 557.098220
13.349442 -4.732613 5.762975 13.349442 -4.732613 5.762975 0.134169 -0.083828 1.909499 -401.967995 -90.272958 417.999093
13.368504 -4.791953 6.973133 13.368504 -4.791953 6.973133 -0.052436 -0.101964 2.106391 -220.047935 29.819387 238.310091
13.307314 -4.841560 8.266590 13.307314 -4.841560 8.266590 -0.135064 -0.053050 2.183009 -55.377609 133.229582 17.082873
13.224589 -4.842841 9.564552 13.224589 -4.842841 9.564552 -0.126884 0.059724 2.118668 82.645015 242.683833 -231.552233
13.170946 -4.757409 10.781158 13.170946 -4.757409 10.781158 -0.039243 0.234907 1.915159 209.491481 341.258874 -446.812681
13.187903 -4.552450 11.839369 13.187903 -4.552450 11.839369 0.100424 0.452603 1.594782 256.062375 384.395446 -621.111299
13.296394 -4.213005 12.677110 13.296394 -4.213005 12.677110 0.264788 0.676700 1.185472 291.819439 362.592648 -743.254204
13.505392 -3.744436 13.251973 13.505392 -3.744436 13.251973 0.427868 0.880663 0.726350 251.779156 317.282775 -787.153273
13.804119 -3.164915 13.547533 13.804119 -3.164915 13.547533 0.562367 1.041095 0.261243 196.552617 217.493386 -763.201847
14.171474 -2.510124 13.573816 14.171474 -2.510124 13.573816 0.653075 1.126520 -0.162110 105.805479 67.256764 -647.976133
14.576948 -1.832657 13.371252 14.576948 -1.832657 13.371252 0.689479 1.114113 -0.494207 15.541851 -108.614554 -459.014684
14.989767 -1.192546 13.002436 14.989767 -1.192546 13.002436 0.680474 1.004916 -0.717958 -45.557088 -255.375785 -286.822214
15.389851 -0.635564 12.520033 15.389851 -0.635564 12.520033 0.653140 0.851691 -0.890052 -45.557088 -255.375785 -286.822214
