-7.395452 -3.112416 -9.147391 -7.395452 -3.112416 -9.147391 0.375486 -0.022562 -0.626756 29.485221 -421.316325 406.770257
-7.164853 -3.201790 -9.450226 -7.164853 -3.201790 -9.450226 0.393177 -0.275352 -0.382694 29.485221 -421.316325 406.770257
-6.921274 -3.436937 -9.604913 -6.921274 -3.436937 -9.604913 0.422695 -0.498636 -0.130077 68.907517 -322.962525 435.286775
-6.654268 -3.785153 -9.604939 -6.654268 -3.785153 -9.604939 0.468965 -0.646920 0.129439 85.324716 -171.320308 429.764875
-6.358214 -4.193728 -9.454155 -6.358214 -4.193728 -9.454155 0.516744 -0.697637 0.366112 73.938549 2.265947 359.146787
-6.037134 -4.600098 -9.175097 -6.037134 -4.600098 -9.175097 0.549728 -0.637255 0.555323 36.009989 199.007718 271.555250
-5.704377 -4.936379 -8.799349 -5.704377 -4.936379 -8.799349 0.553525 -0.466598 0.686627 -23.353763 369.846694 166.126798
-5.381135 -5.141366 -8.363669 -5.381135 -5.141366 -8.363669 0.516169 -0.202692 0.755306 -101.167647 509.839958 62.801063
-5.094776 -5.167499 -7.902343 -5.094776 -5.167499 -7.902343 0.429809 0.121766 0.777179 -186.698990 571.688426 10.109221
-4.873430 -4.990861 -7.436187 -4.873430 -4.990861 -7.436187 0.303120 0.468149 0.773393 -235.596856 582.922472 -22.729308
-4.734254 -4.607683 -6.976643 -4.734254 -4.607683 -6.976643 0.160317 0.804717 0.757752 -240.413694 538.967672 -29.407290
-4.680098 -4.034397 -6.525771 -4.680098 -4.034397 -6.525771 0.022272 1.095306 0.747678 -219.734576 429.664460 -4.170399
-4.701367 -3.309392 -6.074512 -4.701367 -3.309392 -6.074512 -0.084969 1.305512 0.762190 -137.736924 271.022928 52.542578
-4.770327 -2.489364 -5.604445 -4.770327 -2.489364 -5.604445 -0.133541 1.407806 0.810193 -24.168363 69.957383 107.466906
-4.846371 -1.642872 -5.094878 -4.846371 -1.642872 -5.094878 -0.105888 1.395864 0.895208 116.342356 -109.765353 175.918176
-4.878291 -0.834689 -4.523998 -4.878291 -0.834689 -4.523998 0.017273 1.282112 1.011208 294.194314 -269.406778 210.747917
-4.805744 -0.121641 -3.879782 -4.805744 -0.121641 -3.879782 0.239932 1.081841 1.135438 448.004525 -398.166264 203.351535
-4.574312 0.450765 -3.163739 -4.574312 0.450765 -3.163739 0.542895 0.817798 1.248335 561.872279 -481.976524 172.971306
-4.142126 0.854929 -2.388072 -4.142126 0.854929 -2.388072 0.906575 0.529817 1.329771 650.392927 -477.959532 98.482430
-3.479380 1.089777 -1.578868 -3.479380 1.089777 -1.578868 1.305465 0.257993 1.356932 679.240163 -428.121571 -7.947457
-2.577486 1.173041 -0.773939 -2.577486 1.173041 -0.773939 1.694766 0.028773 1.313169 618.431856 -335.944366 -137.928467
-1.456767 1.138121 -0.019749 -1.456767 1.138121 -0.019749 2.028532 -0.131363 1.185992 494.120348 -197.841482 -285.994717
-0.160535 1.033027 0.634117 -0.160535 1.033027 0.634117 2.275860 -0.203392 0.983142 330.304542 -42.256884 -390.171093
1.251931 0.911820 1.148947 1.251931 0.911820 1.148947 2.411522 -0.186572 0.724916 121.904077 98.324919 -470.581789
2.706335 0.824450 1.497229 2.706335 0.824450 1.497229 2.412404 -0.093204 0.432757 -118.964395 212.903277 -503.282836
4.119416 0.812342 1.668793 4.119416 0.812342 1.668793 2.276287 0.061997 0.143288 -334.759769 304.433279 -461.612471
5.413533 0.905871 1.676744 5.413533 0.905871 1.676744 2.018441 0.252319 -0.108338 -524.726071 329.971523 -377.143091
6.522051 1.115629 1.551990 6.522051 1.115629 1.551990 1.663124 0.445164 -0.293947 -659.665204 312.846533 -241.551798
7.398560 1.434429 1.344609 7.398560 1.434429 1.344609 1.254198 0.609815 -0.376549 -703.421168 235.988663 -33.789454
8.025368 1.837191 1.124699 8.025368 1.837191 1.124699 0.836673 0.723386 -0.336313 -688.326190 142.581663 167.911355
8.408239 2.290708 0.965267 8.408239 2.290708 0.965267 0.447503 0.778039 -0.174908 -608.909850 39.594449 370.105693
8.577532 2.758032 0.938272 8.577532 2.758032 0.938272 0.134131 0.768663 0.103807 -435.662202 -70.846835 558.942131
8.591685 3.201071 1.109090 8.591685 3.201071 1.109090 -0.066798 0.699125 0.478793 -234.100946 -160.947895 691.013284
8.522651 3.588409 1.524092 8.522651 3.588409 1.524092 -0.141341 0.586727 0.910118 -14.377273 -213.711460 746.735100
8.448541 3.900998 2.203068 8.448541 3.900998 2.203068 -0.083556 0.453602 1.350624 206.995032 -230.039177 721.618058
8.447144 4.134372 3.138723 8.447144 4.134372 3.138723 0.098028 0.328680 1.760543 398.286252 -186.365687 644.779214
8.586211 4.302030 4.302469 8.586211 4.302030 4.302469 0.379793 0.236841 2.104213 540.930379 -119.764027 500.788150
8.916335 4.428874 5.641155 8.916335 4.428874 5.641155 0.728755 0.196465 2.334765 622.273574 -14.823358 267.717513
9.466432 4.551086 7.076411 9.466432 4.551086 7.076411 1.106291 0.222578 2.426433 636.182281 101.867893 37.841486
10.240878 4.708758 8.525920 10.240878 4.708758 8.525920 1.468794 0.312643 2.383329 572.159800 198.347471 -181.519680
11.219031 4.936483 9.910074 11.219031 4.936483 9.910074 1.781529 0.453833 2.208569 470.289970 272.284900 -401.013668
12.364186 5.260892 11.152911 12.364186 5.260892 11.152911 2.021631 0.632693 1.917349 330.048944 323.917003 -569.719604
13.625765 5.696884 12.195013 13.625765 5.696884 12.195013 2.165621 0.817399 1.546728 149.919896 291.768243 -665.684381
14.944030 6.236102 13.002317 14.944030 6.236102 13.002317 2.215105 0.973765 1.142770 15.024560 229.451988 -680.841965
16.275797 6.861663 13.565428 16.275797 6.861663 13.565428 2.224119 1.111436 0.734265 15.024560 229.451988 -680.841965
