-6.670807 -1.382597 7.349201 -6.670807 -1.382597 7.349201 0.843258 0.266831 0.391036 -624.768506 198.531098 348.910625
-6.277310 -1.186763 7.646627 -6.277310 -1.186763 7.646627 0.468397 0.385950 0.600383 -624.768506 198.531098 348.910625
-6.103875 -0.917757 8.070753 -6.103875 -0.917757 8.070753 0.117813 0.513571 0.815190 -543.842958 226.872860 367.114098
-6.122405 -0.569800 8.626133 -6.122405 -0.569800 8.626133 -0.165121 0.644582 1.036384 -399.272933 209.831898 370.199898
-6.282124 -0.147953 9.311091 -6.282124 -0.147953 9.311091 -0.348573 0.757122 1.240960 -212.231095 165.301937 311.718893
-6.517434 0.330013 10.105035 -6.517434 0.330013 10.105035 -0.415732 0.825992 1.394286 -11.632353 64.264419 199.366747
-6.757893 0.829602 10.966581 -6.757893 0.829602 10.966581 -0.367342 0.826682 1.459349 172.931292 -61.965219 17.509559
-6.937974 1.308659 11.833999 -6.937974 1.308659 11.833999 -0.217603 0.760512 1.413140 326.200437 -158.602180 -171.537187
-7.003825 1.730077 12.640188 -7.003825 1.730077 12.640188 0.008092 0.633647 1.256125 426.112958 -264.280932 -351.846936
-6.918389 2.058368 13.320486 -6.918389 2.058368 13.320486 0.283162 0.453446 0.994795 490.787637 -336.389829 -519.253490
-6.660459 2.268384 13.815228 -6.660459 2.268384 13.815228 0.576093 0.244101 0.639894 485.649521 -361.424371 -663.749298
-6.230580 2.352130 14.075323 -6.230580 2.352130 14.075323 0.851514 0.038958 0.219811 432.421827 -322.385273 -736.529314
-5.646977 2.322525 14.074331 -5.646977 2.322525 14.074331 1.085256 -0.129227 -0.223624 346.718016 -238.231466 -741.585825
-4.940291 2.209182 13.811955 -4.940291 2.209182 13.811955 1.258902 -0.236794 -0.642155 232.102813 -120.327326 -653.518659
-4.149284 2.054656 13.316964 -4.149284 2.054656 13.316964 1.367602 -0.262944 -0.994586 130.229785 33.161822 -521.250612
-3.310881 1.911927 12.637637 -3.310881 1.911927 12.637637 1.417740 -0.197706 -1.251092 36.895198 184.298003 -333.767765
-2.457930 1.835470 11.841586 -2.457930 1.835470 11.841586 1.418205 -0.042163 -1.377939 -35.343458 334.178908 -89.056871
-1.615193 1.877533 11.012877 -1.615193 1.877533 11.012877 1.387881 0.194387 -1.360948 -65.736008 454.319818 145.692333
-0.793795 2.078387 10.235828 -0.793795 2.078387 10.235828 1.350947 0.479203 -1.207060 -57.377190 495.067681 367.269878
0.009376 2.455256 9.587410 0.009376 2.455256 9.587410 1.331174 0.777415 -0.938152 -8.535304 498.970405 529.088666
0.809451 3.008105 9.127250 0.809451 3.008105 9.127250 1.340589 1.059724 -0.583221 39.918823 442.061895 654.015563
1.624160 3.715809 8.897976 1.624160 3.715809 8.897976 1.380392 1.286457 -0.176132 92.758456 313.715587 702.948640
2.472340 4.534158 8.916155 2.472340 4.534158 8.916155 1.452287 1.424716 0.232270 146.892457 147.145173 658.389691
3.371722 5.403666 9.168101 3.371722 5.403666 9.168101 1.548269 1.453962 0.597677 173.047734 -49.656847 559.634998
4.330959 6.256274 9.617530 4.330959 6.256274 9.617530 1.647731 1.370014 0.883897 158.490753 -230.171408 394.431941
5.345224 7.027047 10.206404 5.345224 7.027047 10.206404 1.728313 1.182889 1.058247 110.116018 -393.578653 186.733587
6.397245 7.658842 10.863673 6.397245 7.658842 10.863673 1.770447 0.911270 1.113828 30.332352 -511.816443 -1.464845
7.458282 8.108773 11.519890 7.458282 8.108773 11.519890 1.755193 0.580660 1.053872 -81.181461 -590.217615 -198.388332
8.488902 8.350804 12.106457 8.488902 8.350804 12.106457 1.667065 0.225900 0.884608 -212.576399 -592.314780 -365.824611
9.443905 8.384762 12.565070 9.443905 8.384762 12.565070 1.504658 -0.104313 0.633595 -328.781615 -508.397138 -470.886470
10.282141 8.238228 12.857132 10.282141 8.238228 12.857132 1.280498 -0.371528 0.334386 -418.418196 -382.316684 -526.476050
10.972930 7.955480 12.964265 10.972930 7.955480 12.964265 1.018475 -0.555989 0.024841 -454.992812 -232.555342 -505.340988
11.502095 7.590884 12.891191 11.502095 7.590884 12.891191 0.745378 -0.641231 -0.263449 -455.328592 -51.585262 -455.624861
11.870590 7.208783 12.657100 11.870590 7.208783 12.657100 0.488315 -0.612569 -0.506869 -401.548599 147.124800 -355.776095
12.099221 6.875995 12.296988 12.099221 6.875995 12.296988 0.286988 -0.482936 -0.680091 -269.540404 284.985931 -221.628974
12.233883 6.644254 11.856941 12.233883 6.644254 11.856941 0.180197 -0.278329 -0.773564 -86.431629 397.037331 -89.946473
12.336266 6.552131 11.382275 12.336266 6.552131 11.382275 0.177449 -0.023068 -0.799221 77.272929 453.834619 4.421277
12.456644 6.619981 10.903538 12.456644 6.619981 10.903538 0.223813 0.249233 -0.796568 77.272929 453.834619 4.421277
