-7.179821 4.042477 -6.396367 -7.179821 4.042477 -6.396367 0.512008 -0.307447 -0.449946 169.899610 414.381717 439.986960
-6.842035 3.932598 -6.587137 -6.842035 3.932598 -6.587137 0.613947 -0.058818 -0.185954 169.899610 414.381717 439.986960
-6.444576 3.970099 -6.624721 -6.444576 3.970099 -6.624721 0.708428 0.180829 0.051993 145.036097 384.441180 353.167965
-5.995300 4.141828 -6.538390 -5.995300 4.141828 -6.538390 0.786014 0.381654 0.221717 113.583223 284.975419 212.579550
-5.507994 4.416675 -6.372767 -5.507994 4.416675 -6.372767 0.830427 0.525431 0.320909 34.461626 194.282215 118.061308
-5.009121 4.758598 -6.164781 -5.009121 4.758598 -6.164781 0.823171 0.600469 0.362694 -58.651059 55.841398 21.219618
-4.533417 5.121309 -5.947602 -4.533417 5.121309 -5.947602 0.749774 0.595864 0.354142 -186.002773 -71.190082 -49.725873
-4.123486 5.458796 -5.746145 -4.123486 5.458796 -5.746145 0.605907 0.517067 0.313920 -293.554749 -191.467616 -84.345539
-3.817951 5.730543 -5.572757 -3.817951 5.730543 -5.572757 0.403927 0.382041 0.264403 -379.711630 -258.616256 -80.713065
-3.646644 5.911942 -5.425826 -3.646644 5.911942 -5.425826 0.162591 0.220494 0.230064 -424.743331 -279.875110 -33.750063
-3.624211 5.994218 -5.291379 -3.624211 5.994218 -5.291379 -0.085590 0.054356 0.222228 -402.527391 -273.918762 7.630641
-3.745102 5.981774 -5.153133 -3.745102 5.981774 -5.153133 -0.312518 -0.088757 0.244487 -353.897439 -203.123643 66.564514
-3.989168 5.897162 -4.989839 -3.989168 5.897162 -4.989839 -0.489123 -0.184609 0.307526 -234.787630 -116.383440 143.566167
-4.313815 5.772276 -4.778908 -4.313815 5.772276 -4.778908 -0.574553 -0.220296 0.396537 -49.978583 -2.572663 153.139119
-4.654986 5.645234 -4.513882 -4.654986 5.645234 -4.513882 -0.541755 -0.193846 0.486114 159.307685 90.737590 145.450678
-4.941325 5.550018 -4.198081 -4.941325 5.550018 -4.198081 -0.395978 -0.115608 0.563138 326.614679 170.055910 111.296631
-5.120121 5.511263 -3.840165 -5.120121 5.511263 -3.840165 -0.200009 -0.013575 0.629916 326.614679 170.055910 111.296631
