8.992273 -5.244177 -6.654662 8.992273 -5.244177 -6.654662 0.834758 0.312715 1.448866 -45.304429 280.801645 -484.332318
9.484973 -5.006003 -5.872523 9.484973 -5.006003 -5.872523 0.807576 0.481196 1.158266 -45.304429 280.801645 -484.332318
9.957837 -4.670892 -5.270766 9.957837 -4.670892 -5.270766 0.762759 0.628923 0.837549 -104.085283 211.619684 -584.724663
10.395657 -4.262282 -4.878960 10.395657 -4.262282 -4.878960 0.694810 0.721718 0.459349 -122.409297 97.696764 -675.941697
10.791842 -3.819870 -4.724800 10.791842 -3.819870 -4.724800 0.628028 0.739316 0.054884 -100.199905 -39.035535 -672.276012
11.154114 -3.392332 -4.807177 11.154114 -3.392332 -4.807177 0.585365 0.670766 -0.319971 -42.009854 -189.463397 -577.240711
11.502816 -3.031111 -5.093933 11.502816 -3.031111 -5.093933 0.585382 0.521412 -0.620665 42.066247 -308.384335 -425.071941
11.866527 -2.780025 -5.532191 11.866527 -2.780025 -5.532191 0.635176 0.305121 -0.822438 123.914408 -412.586838 -247.505849
12.275359 -2.672909 -6.057805 12.275359 -2.672909 -6.057805 0.736631 0.049114 -0.908944 214.269976 -440.769740 -40.847422
12.760947 -2.721620 -6.598804 12.760947 -2.721620 -6.598804 0.890397 -0.209552 -0.874855 298.284049 -421.449032 154.477363
13.351002 -2.919191 -7.086368 13.351002 -2.919191 -7.086368 1.079996 -0.442313 -0.734452 333.712906 -354.419862 313.531880
14.059278 -3.240477 -7.462853 14.059278 -3.240477 -7.462853 1.281273 -0.615481 -0.507581 337.210328 -222.809799 442.706561
14.885012 -3.639579 -7.683826 14.885012 -3.639579 -7.683826 1.464961 -0.697702 -0.222513 275.082158 -51.258041 507.520532
15.806189 -4.056396 -7.725611 15.806189 -4.056396 -7.725611 1.593434 -0.673306 0.083842 153.159510 132.575819 513.662214
16.781208 -4.426820 -7.585646 16.781208 -4.426820 -7.585646 1.642282 -0.545281 0.378040 9.667229 294.176421 466.998416
17.758124 -4.691240 -7.280450 17.758124 -4.691240 -7.280450 1.597119 -0.319788 0.629803 -160.209697 457.465290 372.210847
18.676068 -4.794429 -6.841529 18.676068 -4.794429 -6.841529 1.443541 -0.013608 0.823334 -351.716109 563.136022 272.891598
19.468705 -4.699958 -6.305346 19.468705 -4.699958 -6.305346 1.181618 0.330626 0.952377 -521.362709 584.309917 157.251324
20.076040 -4.397770 -5.712606 20.076040 -4.397770 -5.712606 0.829853 0.674395 1.011770 -651.186462 561.587803 40.726390
20.452835 -3.896505 -5.102883 20.452835 -3.896505 -5.102883 0.419626 0.989059 1.012861 -716.236764 487.292372 -37.088594
20.576211 -3.224957 -4.504291 20.576211 -3.224957 -4.504291 -0.007504 1.233435 0.978363 -707.527998 327.294723 -77.906960
20.447658 -2.437100 -3.931176 20.447658 -2.437100 -3.931176 -0.415498 1.374227 0.932222 -652.453809 142.009029 -75.896405
20.089035 -1.597542 -3.384502 20.089035 -1.597542 -3.384502 -0.766383 1.406731 0.891695 -517.161606 -33.660777 -59.191410
19.548716 -0.770943 -2.856753 19.548716 -0.770943 -2.856753 -1.013679 1.329634 0.873111 -307.160181 -223.328180 -2.755283
18.899281 -0.022678 -2.329586 18.899281 -0.022678 -2.329586 -1.127668 1.149052 0.890436 -72.801865 -378.611893 60.503862
18.223249 0.592970 -1.781338 18.223249 0.592970 -1.781338 -1.102985 0.893720 0.942218 155.079086 -472.494390 112.102367
17.602077 1.042236 -1.194217 17.602077 1.042236 -1.194217 -0.946415 0.600637 1.017536 366.819056 -504.449981 138.957701
17.110878 1.312920 -0.558233 17.110878 1.312920 -0.558233 -0.673207 0.303482 1.103161 543.873959 -486.067494 146.458985
16.812021 1.412706 0.128263 16.812021 1.412706 0.128263 -0.311036 0.037786 1.182223 663.362919 -399.583972 117.080809
16.747853 1.371372 0.853970 16.747853 1.371372 0.853970 0.102226 -0.162368 1.228962 714.178692 -267.595993 38.715976
16.935371 1.234743 1.592618 16.935371 1.234743 1.592618 0.518885 -0.278135 1.223703 674.685078 -118.296745 -56.245873
17.361476 1.055985 2.309939 17.361476 1.055985 2.309939 0.890348 -0.302026 1.156072 563.525626 38.660899 -169.188968
17.986517 0.890216 2.966585 17.986517 0.890216 2.966585 1.175447 -0.236395 1.021842 386.804394 180.109397 -278.245100
18.750303 0.787358 3.523831 18.750303 0.787358 3.523831 1.351998 -0.095529 0.826021 201.696151 289.443539 -374.491317
19.585319 0.786436 3.948965 19.585319 0.786436 3.948965 1.410573 0.099615 0.585972 -6.445514 361.036808 -425.674788
20.417784 0.911667 4.223247 20.417784 0.911667 4.223247 1.343116 0.318611 0.327170 -218.412158 368.950546 -436.996064
21.173803 1.166785 4.344111 21.173803 1.166785 4.344111 1.159385 0.527684 0.081078 -394.022360 327.960084 -383.312910
21.792033 1.536559 4.330579 21.792033 1.536559 4.330579 0.890587 0.695114 -0.114820 -501.970232 230.138113 -269.679628
22.233545 1.988653 4.222222 22.233545 1.988653 4.222222 0.576974 0.801201 -0.231242 -543.406710 123.484342 -118.392713
22.481420 2.485289 4.073919 22.481420 2.485289 4.073919 0.248451 0.843732 -0.243511 -551.671700 18.288445 77.495351
22.535416 2.988085 3.953361 22.535416 2.988085 3.953361 -0.061418 0.821030 -0.139018 -481.225137 -93.963080 270.816637
22.418948 3.458224 3.929831 22.418948 3.458224 3.929831 -0.315141 0.736822 0.079138 -364.516515 -186.730735 456.369420
22.171030 3.864309 4.068551 22.171030 3.864309 4.068551 -0.499950 0.612804 0.398414 -251.514482 -226.662992 607.882807
21.834050 4.191643 4.422757 21.834050 4.191643 4.422757 -0.609545 0.479060 0.791839 -113.801681 -219.148026 703.533289
21.456650 4.442765 5.025341 21.456650 4.442765 5.025341 -0.633770 0.363236 1.218184 33.051845 -166.934981 717.617200
21.087058 4.635172 5.882110 21.087058 4.635172 5.882110 -0.590337 0.285642 1.632189 111.723190 -91.709821 662.401246
20.752966 4.790049 6.980656 20.752966 4.790049 6.980656 -0.523303 0.230616 2.029630 111.723190 -91.709821 662.401246
