-4.988277 4.655986 -1.672985 -4.988277 4.655986 -1.672985 1.279530 0.031552 2.020720 103.951203 226.365584 345.369815
-4.201848 4.715663 -0.398386 -4.201848 4.715663 -0.398386 1.341901 0.167371 2.227942 103.951203 226.365584 345.369815
-3.387465 4.854302 0.989586 -3.387465 4.854302 0.989586 1.356927 0.290545 2.380366 -53.865326 184.213351 162.710682
-2.595966 5.057765 2.431536 -2.595966 5.057765 2.431536 1.259800 0.380964 2.400204 -269.889821 117.184351 -96.584892
-1.900479 5.301096 3.840541 -1.900479 5.301096 3.840541 1.038805 0.419572 2.273591 -466.761168 11.508502 -325.457524
-1.369835 5.548945 5.134220 -1.369835 5.548945 5.134220 0.715637 0.396650 2.018850 -610.465726 -87.915310 -523.681378
-1.055150 5.765537 6.242481 -1.055150 5.765537 6.242481 0.325292 0.316034 1.660707 -690.682487 -180.804962 -670.126559
-0.984788 5.918047 7.113299 -0.984788 5.918047 7.113299 -0.091568 0.184724 1.233713 -698.852782 -256.893050 -753.187530
-1.160465 5.981372 7.717752 -1.160465 5.981372 7.717752 -0.485591 0.024244 0.780796 -614.555294 -278.039850 -756.535090
-1.553922 5.947777 8.054635 -1.553922 5.947777 8.054635 -0.811738 -0.133053 0.349783 -472.602420 -246.285624 -680.175837
-2.114952 5.827269 8.151069 -2.114952 5.827269 8.151069 -1.039892 -0.262548 -0.013343 -287.909521 -185.362884 -530.245876
-2.776684 5.642670 8.058989 -2.776684 5.642670 8.058989 -1.142505 -0.342288 -0.274641 -54.135069 -80.438034 -340.745612
-3.457484 5.430663 7.845037 -3.457484 5.430663 7.845037 -1.102749 -0.351329 -0.418256 186.656743 50.300854 -137.970648
-4.072435 5.236064 7.582300 -4.072435 5.236064 7.582300 -0.925256 -0.285423 -0.435780 404.985259 169.386221 79.555360
-4.544100 5.101614 7.347514 -4.544100 5.101614 7.347514 -0.629308 -0.152221 -0.326235 581.507447 274.622305 285.595405
-4.810215 5.064537 7.212120 -4.810215 5.064537 7.212120 -0.246412 0.036668 -0.110177 694.813047 355.006235 434.596898
-4.830419 5.152867 7.229407 -4.830419 5.152867 7.229407 0.183363 0.261812 0.176407 737.769620 395.474499 520.684620
-4.589015 5.379579 7.430395 -4.589015 5.379579 7.430395 0.618961 0.491295 0.495921 714.224594 369.467821 544.360511
-4.095175 5.735447 7.823678 -4.095175 5.735447 7.823678 1.017013 0.685910 0.811266 612.616921 279.247719 506.789251
-3.383415 6.189127 8.396476 -3.383415 6.189127 8.396476 1.340987 0.812809 1.089423 467.294813 143.750531 420.400969
-2.505357 6.693927 9.117672 -2.505357 6.693927 9.117672 1.568129 0.855257 1.301016 289.846326 -2.257281 284.909932
-1.524285 7.196360 9.940821 -1.524285 7.196360 9.940821 1.682146 0.802326 1.428240 90.210572 -174.180577 139.169993
-0.509437 7.635952 10.814515 -0.509437 7.635952 10.814515 1.682885 0.645566 1.470240 -87.749224 -348.352347 0.829766
0.475615 7.953439 11.689178 0.475615 7.953439 11.689178 1.585811 0.400805 1.432585 -235.830908 -467.518419 -126.345269
1.379565 8.104216 12.521093 1.379565 8.104216 12.521093 1.418879 0.092532 1.332308 -320.608702 -560.057459 -207.910486
2.170951 8.058440 13.280095 2.170951 8.058440 13.280095 1.215354 -0.245926 1.192766 -357.807064 -568.133578 -257.230451
2.835652 7.811367 13.949007 2.835652 7.811367 13.949007 1.000143 -0.573074 1.036197 -359.564133 -522.360069 -264.665959
3.374099 7.379913 14.525627 3.374099 7.379913 14.525627 0.799815 -0.854411 0.890104 -308.194999 -415.430197 -222.311342
3.804700 6.801741 15.022643 3.804700 6.801741 15.022643 0.645837 -1.057411 0.771566 -205.064399 -261.236645 -172.815182
4.160915 6.131807 15.458101 4.160915 6.131807 15.458101 0.550919 -1.156480 0.686003 -111.329242 -68.995243 -112.393719
4.476953 5.436570 15.853834 4.476953 5.436570 15.853834 0.511748 -1.142525 0.640375 -19.240702 115.512562 -39.702568
4.785584 4.783434 16.233805 4.785584 4.783434 16.233805 0.525433 -1.015282 0.631020 64.858206 308.632064 8.521881
5.116054 4.237608 16.614181 5.116054 4.237608 16.614181 0.582026 -0.791155 0.637279 123.783855 438.457355 12.341387
5.488565 3.846296 16.997099 5.488565 3.846296 16.997099 0.661365 -0.505789 0.636330 140.680449 512.764047 -15.506575
5.908756 3.637386 17.373308 5.908756 3.637386 17.373308 0.736018 -0.186800 0.613037 108.161843 550.529748 -62.137244
6.366764 3.621718 17.725034 6.366764 3.621718 17.725034 0.785559 0.130100 0.551202 56.975939 505.803964 -143.978240
6.845117 3.784344 18.024613 6.845117 3.784344 18.024613 0.803553 0.401192 0.438681 3.001358 397.835392 -231.092886
7.324858 4.087185 18.241722 7.324858 4.087185 18.241722 0.790701 0.592471 0.277515 -45.840380 239.763506 -306.124423
7.787605 4.476500 18.349510 7.787605 4.476500 18.349510 0.746082 0.689700 0.075747 -102.888719 84.331213 -366.438138
8.215024 4.895207 18.327094 8.215024 4.895207 18.327094 0.675798 0.688839 -0.153645 -131.391693 -87.200349 -398.202122
8.598906 5.283543 18.165080 8.598906 5.283543 18.165080 0.607234 0.590164 -0.383319 -97.155906 -241.714393 -367.377243
8.949449 5.586961 17.873987 8.949449 5.586961 17.873987 0.567391 0.409275 -0.578613 -35.652394 -361.248765 -283.602931
9.289583 5.765199 17.483934 9.289583 5.765199 17.483934 0.576584 0.181013 -0.707957 66.295365 -399.624784 -147.542221
9.653381 5.800688 17.040038 9.653381 5.800688 17.040038 0.645934 -0.064699 -0.759300 164.871690 -419.415135 -23.601668
10.070618 5.686374 16.580210 10.070618 5.686374 16.580210 0.744857 -0.316348 -0.773461 164.871690 -419.415135 -23.601668
