4.516817 -5.173294 10.220727 4.516817 -5.173294 10.220727 -0.004111 -0.625711 0.731670 121.137981 467.962328 -316.066429
4.536156 -5.464487 10.602837 4.536156 -5.464487 10.602837 0.068572 -0.344934 0.542030 121.137981 467.962328 -316.066429
4.595347 -5.583521 10.874686 4.595347 -5.583521 10.874686 0.122472 -0.045692 0.370007 58.527662 529.512567 -257.343719
4.675509 -5.513638 11.056973 4.675509 -5.513638 11.056973 0.138307 0.281948 0.248623 -5.743464 562.619445 -147.267402
4.754457 -5.245377 11.184466 4.754457 -5.245377 11.184466 0.119848 0.608622 0.184401 -55.786514 526.292793 -66.807369
4.815829 -4.791659 11.285831 4.815829 -4.791659 11.285831 0.083903 0.893458 0.158066 -64.030501 423.161465 -20.976275
4.856007 -4.188123 11.378928 4.856007 -4.188123 11.378928 0.052291 1.103815 0.155642 -41.342069 278.028580 12.896244
4.883277 -3.485134 11.473552 4.883277 -3.485134 11.473552 0.044171 1.223906 0.157968 14.275602 122.274527 -5.143175
4.916717 -2.739561 11.565126 4.916717 -2.739561 11.565126 0.074576 1.243372 0.143480 87.074160 -57.386063 -43.149449
4.982128 -2.013077 11.640614 4.982128 -2.013077 11.640614 0.151780 1.162892 0.103422 170.270548 -210.883743 -90.377521
5.106552 -1.359349 11.681479 5.106552 -1.359349 11.681479 0.267481 1.006119 0.024596 215.401529 -311.691962 -172.375899
5.307873 -0.814967 11.661897 5.307873 -0.814967 11.661897 0.407019 0.803180 -0.095388 249.725862 -364.771694 -227.571581
5.597757 -0.399331 11.561461 5.597757 -0.399331 11.561461 0.560464 0.581254 -0.243131 261.757292 -374.980921 -264.904642
5.977790 -0.116030 11.367422 5.977790 -0.116030 11.367422 0.700708 0.366490 -0.404461 205.721211 -340.898309 -272.861888
6.429698 0.048862 11.078044 6.429698 0.048862 11.078044 0.796411 0.193750 -0.556111 113.288656 -234.902256 -232.638817
6.920344 0.130115 10.707920 6.920344 0.130115 10.707920 0.826422 0.089238 -0.668606 -13.252411 -113.470284 -142.342095
7.404075 0.169651 10.287592 7.404075 0.169651 10.287592 0.769783 0.053243 -0.721728 -175.542992 -6.514019 -34.731317
7.825233 0.207098 9.857438 7.825233 0.207098 9.857438 0.618890 0.082702 -0.696896 -327.433688 104.710681 117.503458
8.130388 0.281518 9.469144 8.130388 0.281518 9.469144 0.386223 0.175285 -0.582928 -448.124485 203.898399 262.389163
8.275789 0.425569 9.174604 8.275789 0.425569 9.174604 0.088996 0.308515 -0.385560 -542.630224 240.202965 395.503404
8.228662 0.653642 9.020249 8.228662 0.653642 9.020249 -0.250835 0.451276 -0.119302 -590.139856 235.668033 492.023504
7.973463 0.964303 9.040546 7.973463 0.964303 9.040546 -0.597284 0.580052 0.192481 -564.689599 193.583950 547.252908
7.518781 1.342788 9.253791 7.518781 1.342788 9.253791 -0.909440 0.674242 0.517091 -475.832016 120.384333 534.780935
6.897500 1.762623 9.655309 6.897500 1.762623 9.655309 -1.144776 0.714575 0.812972 -308.619922 14.058771 451.489356
6.166439 2.186958 10.215719 6.166439 2.186958 10.215719 -1.273163 0.688306 1.040660 -119.339172 -101.622948 307.471736
5.394495 2.576159 10.884387 5.394495 2.576159 10.884387 -1.277595 0.599880 1.169779 104.566713 -193.131561 122.925103
4.660040 2.898059 11.595614 4.660040 2.898059 11.595614 -1.148453 0.467680 1.179700 325.908405 -247.535898 -89.855352
4.041930 3.133084 12.273725 4.041930 3.133084 12.273725 -0.891415 0.314028 1.058111 530.883030 -264.636902 -315.440527
3.612184 3.275278 12.840042 3.612184 3.275278 12.840042 -0.525165 0.162307 0.809994 689.950886 -241.100370 -511.618541
3.425438 3.333753 13.225395 3.425438 3.333753 13.225395 -0.090388 0.040091 0.460260 759.304676 -166.286165 -654.159631
3.509557 3.334829 13.377740 3.509557 3.334829 13.377740 0.373581 -0.024916 0.037457 787.259817 -50.403936 -755.185274
3.870691 3.318248 13.263316 3.870691 3.318248 13.263316 0.822330 -0.017950 -0.420479 708.570033 73.626091 -771.267983
4.482496 3.328079 12.876974 4.482496 3.328079 12.876974 1.201795 0.062966 -0.859371 556.312285 196.094235 -691.705592
5.293532 3.408860 12.245407 5.293532 3.408860 12.245407 1.484698 0.219146 -1.231580 386.697670 324.504631 -548.989957
6.240432 3.603595 11.417772 6.240432 3.603595 11.417772 1.649095 0.438030 -1.510319 161.293691 405.110375 -380.141347
7.244434 3.940772 10.457069 7.244434 3.940772 10.457069 1.673431 0.688289 -1.668833 -80.172380 429.086355 -148.235711
8.222011 4.428999 9.443545 8.222011 4.428999 9.443545 1.565074 0.935832 -1.685486 -281.018111 396.054203 92.725544
9.100620 5.056909 8.461809 9.100620 5.056909 8.461809 1.347201 1.149073 -1.565525 -445.224806 314.751592 307.141931
9.822937 5.794180 7.588998 9.822937 5.794180 7.588998 1.050750 1.293783 -1.325146 -542.948184 167.612579 494.123544
10.352880 6.592008 6.889650 10.352880 6.592008 6.889650 0.711100 1.351286 -0.994686 -589.216394 24.066925 607.409107
10.673481 7.407111 6.402173 10.673481 7.407111 6.402173 0.357570 1.365727 -0.630240 -589.216394 24.066925 607.409107
