5.471276 -0.265166 -7.769445 5.471276 -0.265166 -7.769445 -0.538913 -0.847355 0.005521 -506.701711 446.017627 151.167448
5.056722 -0.693295 -7.738922 5.056722 -0.693295 -7.738922 -0.842934 -0.579744 0.096222 -506.701711 446.017627 151.167448
4.469557 -0.960733 -7.646442 4.469557 -0.960733 -7.646442 -1.097949 -0.311508 0.224609 -343.350584 448.100863 276.790196
3.762465 -1.068944 -7.453006 3.762465 -1.068944 -7.453006 -1.236556 -0.052468 0.434921 -118.671982 415.368017 424.248779
3.011156 -1.031126 -7.110304 3.011156 -1.031126 -7.110304 -1.247827 0.169414 0.716394 81.102771 324.237329 513.996165
2.288068 -0.879496 -6.584054 2.288068 -0.879496 -6.584054 -1.144117 0.322054 1.044265 264.596518 184.562870 578.905917
1.658539 -0.661409 -5.852698 1.658539 -0.661409 -5.852698 -0.938789 0.390960 1.394576 419.830112 45.123934 588.796004
1.175798 -0.426519 -4.914837 1.175798 -0.426519 -4.914837 -0.662079 0.378993 1.723517 502.537846 -85.014187 507.676142
0.870165 -0.220681 -3.797033 0.870165 -0.220681 -3.797033 -0.354768 0.296705 1.989679 521.830385 -189.279664 379.530665
0.749358 -0.081395 -2.545084 0.749358 -0.081395 -2.545084 -0.051048 0.159808 2.166530 490.572528 -267.043285 209.972436
0.801809 -0.034270 -1.220222 0.801809 -0.034270 -1.220222 0.217181 -0.003878 2.228257 403.522587 -278.575993 -4.217404
0.997866 -0.085114 0.102773 0.997866 -0.085114 0.102773 0.424865 -0.162895 2.159726 288.758971 -251.481130 -224.219529
1.297233 -0.224397 1.346215 1.297233 -0.224397 1.346215 0.560475 -0.295177 1.965024 163.271974 -189.457457 -424.786171
1.655429 -0.429192 2.438081 1.655429 -0.429192 2.438081 0.621052 -0.376789 1.656721 38.652649 -82.582618 -602.891126
2.029715 -0.663932 3.317992 2.029715 -0.663932 3.317992 0.617726 -0.395346 1.266981 -49.740467 20.723393 -696.241082
2.387717 -0.891257 3.951067 2.387717 -0.891257 3.951067 0.569483 -0.352148 0.840286 -111.069365 123.272806 -726.076653
2.706977 -1.076056 4.326380 2.706977 -1.076056 4.326380 0.490657 -0.256684 0.413817 -151.682964 194.939322 -695.485505
2.974862 -1.191690 4.456909 2.974862 -1.191690 4.456909 0.403613 -0.123280 0.033653 -138.465785 249.739060 -571.728367
3.195624 -1.221877 4.385064 3.195624 -1.221877 4.385064 0.338123 0.020700 -0.255012 -79.832312 230.196455 -390.488200
3.387443 -1.171523 4.174535 3.387443 -1.171523 4.174535 0.306801 0.141312 -0.425474 -24.573166 171.841877 -177.718354
3.570719 -1.059586 3.901104 3.570719 -1.059586 3.901104 0.310147 0.225511 -0.462888 35.725913 108.821642 53.005049
3.766521 -0.911302 3.646635 3.766521 -0.911302 3.646635 0.347999 0.257752 -0.362475 90.448019 -1.349809 281.705920
3.992800 -0.765203 3.491163 3.992800 -0.765203 3.491163 0.408262 0.215394 -0.136921 110.427183 -139.843177 470.138807
4.257540 -0.667192 3.501289 4.257540 -0.667192 3.501289 0.474046 0.101220 0.183435 108.853412 -240.739106 597.714690
4.558853 -0.653792 3.722486 4.558853 -0.653792 3.722486 0.525818 -0.063219 0.559797 63.720296 -307.388616 656.826314
4.880772 -0.749611 4.175658 4.880772 -0.749611 4.175658 0.538838 -0.260443 0.949222 -20.319826 -350.027738 641.255439
5.195057 -0.967808 4.856702 5.195057 -0.967808 4.856702 0.499846 -0.465089 1.314396 -109.655614 -332.124156 575.994096
5.469283 -1.302053 5.741070 5.469283 -1.302053 5.741070 0.404335 -0.641408 1.620252 -208.712372 -255.604491 443.525207
5.668738 -1.725417 6.782725 5.668738 -1.725417 6.782725 0.251218 -0.757326 1.834714 -301.679483 -130.789543 271.345928
5.762030 -2.194461 7.921714 5.762030 -2.194461 7.921714 0.054527 -0.791329 1.944110 -353.955808 17.445192 93.308681
5.730293 -2.656795 9.094222 5.730293 -2.656795 9.094222 -0.161552 -0.734245 1.946331 -366.308709 172.836010 -85.906286
5.569390 -3.056857 10.237950 5.569390 -3.056857 10.237950 -0.371516 -0.583674 1.851750 -333.572010 329.065640 -229.361218
5.291593 -3.340170 11.302102 5.291593 -3.340170 11.302102 -0.545882 -0.347937 1.686065 -247.647035 456.723859 -322.921976
4.928663 -3.462351 12.252071 4.928663 -3.462351 12.252071 -0.648591 -0.052046 1.474593 -94.716122 529.581288 -381.986599
4.532791 -3.396618 13.067718 4.532791 -3.396618 13.067718 -0.653763 0.273886 1.243646 77.477509 556.857509 -387.835908
4.165367 -3.134889 13.747522 4.165367 -3.134889 13.747522 -0.552839 0.593815 1.028078 258.935123 509.572136 -330.724334
3.892007 -2.695096 14.309087 3.892007 -2.695096 14.309087 -0.338806 0.858463 0.850883 454.506366 372.587639 -259.925703
3.778591 -2.120303 14.777264 3.778591 -2.120303 14.777264 -0.025817 1.045264 0.717097 588.792460 250.084414 -186.027831
3.869084 -1.448129 15.174037 3.869084 -1.448129 15.174037 0.327459 1.195315 0.605480 588.792460 250.084414 -186.027831
