-9.379047 6.411987 -7.388393 -9.379047 6.411987 -7.388393 1.190347 -0.626790 1.481917 210.777893 -308.295796 -127.299162
-8.626899 5.980419 -6.522157 -8.626899 5.980419 -6.522157 1.316813 -0.811768 1.405537 210.777893 -308.295796 -127.299162
-7.799734 5.447433 -5.712546 -7.799734 5.447433 -5.712546 1.438968 -0.948905 1.275171 196.405462 -148.828178 -307.256339
-6.904705 4.863427 -5.015128 -6.904705 4.863427 -5.015128 1.538286 -0.977575 1.028923 134.653192 53.262374 -513.570332
-5.964288 4.296417 -4.498187 -5.964288 4.296417 -4.498187 1.585116 -0.895880 0.680929 21.445722 219.053586 -646.407580
-5.016517 3.806468 -4.209639 -5.016517 3.806468 -4.209639 1.562190 -0.723701 0.274806 -97.864757 354.877407 -707.337324
-4.104656 3.441110 -4.171469 -4.104656 3.441110 -4.171469 1.464288 -0.485850 -0.146563 -228.474261 437.957006 -697.225414
-3.274496 3.229517 -4.379000 -3.274496 3.229517 -4.379000 1.290766 -0.217652 -0.535357 -349.932709 456.036183 -598.756252
-2.568367 3.179069 -4.797979 -2.568367 3.179069 -4.797979 1.054090 0.046254 -0.844555 -438.988961 423.651373 -431.903350
-2.017554 3.277227 -5.370646 -2.017554 3.277227 -5.370646 0.777585 0.271186 -1.044653 -482.694056 326.121562 -235.088741
-1.636894 3.491508 -6.026165 -1.636894 3.491508 -6.026165 0.492940 0.431197 -1.117763 -466.122745 207.250386 -8.610520
-1.420351 3.779106 -6.684893 -1.420351 3.779106 -6.684893 0.236671 0.513419 -1.055530 -388.106531 66.821199 216.054335
-1.341235 4.090197 -7.267918 -1.341235 4.090197 -7.267918 0.038669 0.508571 -0.868886 -271.899343 -82.981696 406.092410
-1.355153 4.373549 -7.707488 -1.355153 4.373549 -7.707488 -0.065358 0.424513 -0.581906 -74.857602 -197.211651 550.505863
-1.395053 4.587972 -7.952130 -1.395053 4.587972 -7.952130 -0.046325 0.282251 -0.224548 138.299708 -276.994104 640.688145
-1.386468 4.704984 -7.971170 -1.386468 4.704984 -7.971170 0.094086 0.103656 0.161688 329.739657 -318.323226 646.765440
-1.259475 4.710946 -7.760660 -1.259475 4.710946 -7.760660 0.347868 -0.082004 0.535142 516.197807 -300.544511 598.080367
-0.948028 4.611632 -7.337450 -0.948028 4.611632 -7.337450 0.706642 -0.242398 0.866342 679.717034 -234.100343 505.920564
-0.397019 4.429288 -6.735554 -0.397019 4.429288 -6.735554 1.137845 -0.356692 1.125022 757.625412 -146.879021 356.345135
0.421526 4.195037 -6.006435 0.421526 4.195037 -6.006435 1.589748 -0.413812 1.288648 748.719291 -43.522092 189.075694
1.505958 3.945687 -5.207750 1.505958 3.945687 -5.207750 2.018047 -0.406066 1.359406 678.944625 69.340621 46.784494
2.831415 3.719332 -4.391228 2.831415 3.719332 -4.391228 2.387504 -0.340446 1.349761 552.575766 149.392812 -78.934777
4.351040 3.545019 -3.601654 4.351040 3.545019 -3.601654 2.657348 -0.235488 1.272028 346.905612 200.469597 -180.176764
5.993988 3.441362 -2.873709 5.993988 3.441362 -2.873709 2.795971 -0.107449 1.149722 115.169756 226.326150 -227.508823
7.677885 3.415450 -2.224843 7.677885 3.415450 -2.224843 2.792993 0.017437 1.013138 -125.093969 189.960832 -227.769760
9.318494 3.454564 -1.656075 9.318494 3.454564 -1.656075 2.654586 0.103711 0.885896 -336.264605 97.618156 -196.373295
10.839834 3.528512 -1.156086 10.839834 3.528512 -1.156086 2.398408 0.133032 0.787066 -517.659980 0.119442 -133.058493
12.178623 3.602302 -0.703033 12.178623 3.602302 -0.703033 2.052428 0.102849 0.731047 -635.607267 -100.730294 -53.672878
13.292907 3.638887 -0.270521 13.292907 3.638887 -0.270521 1.657243 0.007448 0.716573 -681.675615 -217.271059 5.426001
14.166588 3.598605 0.163294 14.166588 3.598605 0.163294 1.258420 -0.151127 0.734299 -647.735603 -311.314330 53.663763
14.809780 3.450214 0.615437 14.809780 3.450214 0.615437 0.893442 -0.346309 0.776020 -568.859149 -339.293149 85.403396
15.252288 3.181436 1.095631 15.252288 3.181436 1.095631 0.596317 -0.549481 0.823306 -421.556131 -337.946762 72.217890
15.545489 2.793855 1.599431 15.545489 2.793855 1.599431 0.399834 -0.737555 0.850726 -233.385702 -288.966147 19.182590
15.754536 2.306139 2.109252 15.754536 2.306139 2.109252 0.315585 -0.876780 0.841895 -47.447323 -175.115046 -48.618285
15.945588 1.757361 2.600847 15.945588 1.757361 2.600847 0.338326 -0.937796 0.788772 123.250929 -28.274199 -128.458168
16.178705 1.199077 3.046460 16.178705 1.199077 3.046460 0.451954 -0.907347 0.689054 255.510804 129.773712 -203.937743
16.502097 0.686382 3.420108 16.502097 0.686382 3.420108 0.636400 -0.787715 0.551316 359.308317 268.997061 -255.187167
16.950797 0.270682 3.703765 16.950797 0.270682 3.703765 0.862907 -0.583765 0.392207 395.713840 410.836917 -275.176491
17.538308 0.000246 3.891068 17.538308 0.000246 3.891068 1.093029 -0.307905 0.234657 371.361211 508.696399 -249.991148
18.257576 -0.091862 3.991177 18.257576 -0.091862 3.991177 1.298872 0.002664 0.106225 314.783018 526.532702 -178.113466
19.089400 0.002231 4.030071 19.089400 0.002231 4.030071 1.466944 0.307180 0.035452 245.455819 488.523141 -57.797617
20.007203 0.269425 4.050137 20.007203 0.269425 4.050137 1.581488 0.575048 0.046766 136.359032 404.370120 95.511654
20.974004 0.678562 4.104829 20.974004 0.678562 4.104829 1.630119 0.774277 0.151273 25.744600 259.725347 252.843768
21.953078 1.179173 4.249961 21.953078 1.179173 4.249961 1.627408 0.876588 0.347261 -34.784000 81.311207 400.449601
22.919880 1.707919 4.538038 22.919880 1.707919 4.538038 1.589632 0.866156 0.625731 -91.135963 -116.082956 527.784249
23.856015 2.196177 5.013961 23.856015 2.196177 5.013961 1.528750 0.743807 0.969817 -111.802636 -291.749626 619.169441
24.754773 2.581783 5.708435 24.754773 2.581783 5.708435 1.469833 0.527941 1.346983 -84.589353 -427.803362 638.051175
25.624643 2.815811 6.627429 25.624643 2.815811 6.627429 1.435061 0.242597 1.709587 -31.316187 -523.342851 570.628416
26.483881 2.864836 7.750658 26.483881 2.864836 7.750658 1.435464 -0.083064 2.025784 32.658481 -562.194417 483.360736
27.351038 2.713802 9.053134 27.351038 2.713802 9.053134 1.455059 -0.420381 2.315801 32.658481 -562.194417 483.360736
