5.502558 -1.092324 5.174843 5.502558 -1.092324 5.174843 -0.085480 -0.460212 -0.191403 243.278340 57.300844 -276.476757
5.495061 -1.358137 5.010235 5.495061 -1.358137 5.010235 0.060487 -0.425832 -0.357289 243.278340 57.300844 -276.476757
5.579499 -1.594272 4.756980 5.579499 -1.594272 4.756980 0.228233 -0.346202 -0.468755 315.873893 208.131966 -95.075858
5.777511 -1.754016 4.473267 5.777511 -1.754016 4.473267 0.438832 -0.168754 -0.452532 386.123204 383.360294 149.150435
6.110265 -1.779151 4.241667 6.110265 -1.779151 4.241667 0.670271 0.096825 -0.297682 385.341093 501.905088 367.016560
6.578365 -1.626998 4.140025 6.578365 -1.626998 4.140025 0.884352 0.416544 -0.022950 328.261242 563.824391 548.755350
7.162029 -1.276188 4.232303 7.162029 -1.276188 4.232303 1.051139 0.751815 0.342664 227.694351 553.744363 669.958196
7.824981 -0.729716 4.561406 7.824981 -0.729716 4.561406 1.144177 1.062605 0.759201 82.432334 482.223646 718.501309
8.515500 -0.012629 5.144700 8.515500 -0.012629 5.144700 1.139508 1.315559 1.182516 -97.994721 360.954122 692.548225
9.170423 0.831719 5.973077 9.170423 0.831719 5.973077 1.025001 1.482334 1.569088 -283.694552 194.963628 596.023054
9.723626 1.744209 7.012220 9.723626 1.744209 7.012220 0.801122 1.539296 1.878732 -462.568730 -5.091129 436.125098
10.112633 2.655061 8.205166 10.112633 2.655061 8.205166 0.481557 1.477193 2.076427 -602.648099 -201.916191 222.857168
10.288152 3.495595 9.477192 10.288152 3.495595 9.477192 0.095276 1.308858 2.140421 -684.954124 -359.200376 -9.542325
10.221308 4.208858 10.745956 10.221308 4.208858 10.745956 -0.319285 1.056362 2.065842 -696.917008 -482.454533 -239.056357
9.907735 4.752137 11.931328 9.907735 4.752137 11.931328 -0.720220 0.748406 1.866893 -639.534435 -544.064568 -424.105614
9.368098 5.103695 12.965923 9.368098 5.103695 12.965923 -1.065885 0.424198 1.566419 -512.680902 -536.628251 -577.475654
8.647851 5.265740 13.796834 8.647851 5.265740 13.796834 -1.315661 0.122816 1.194960 -319.906028 -467.978827 -660.720943
7.813743 5.261672 14.394333 7.813743 5.261672 14.394333 -1.443244 -0.125583 0.795793 -105.371285 -360.019804 -669.833110
6.943011 5.130486 14.755037 6.943011 5.130486 14.755037 -1.435564 -0.296756 0.412882 130.970800 -210.555303 -606.539702
6.119910 4.925111 14.899639 6.119910 4.925111 14.899639 -1.283665 -0.370195 0.079212 375.361154 -34.242907 -505.694054
5.428436 4.706105 14.864675 5.428436 4.706105 14.864675 -1.002649 -0.344367 -0.181536 561.358160 120.335630 -363.465807
4.934795 4.528710 14.701291 4.934795 4.528710 14.701291 -0.631316 -0.234340 -0.344808 676.418669 246.421522 -180.774084
4.681825 4.437589 14.470810 4.681825 4.437589 14.470810 -0.205142 -0.060849 -0.408558 744.161653 331.881519 -31.723929
4.691595 4.463681 14.227472 4.691595 4.463681 14.227472 0.235883 0.152591 -0.390053 725.921597 379.587658 93.407899
4.958620 4.621417 14.017471 4.958620 4.621417 14.017471 0.645581 0.369621 -0.297923 639.738167 343.844289 213.691220
5.451641 4.900655 13.880195 5.451641 4.900655 13.880195 0.982021 0.553799 -0.154642 481.729245 270.082351 263.911884
6.114311 5.275695 13.833848 6.114311 5.275695 13.833848 1.204792 0.686575 -0.001626 260.838914 172.504955 246.141121
6.874049 5.712871 13.875573 6.874049 5.712871 13.875573 1.310853 0.760977 0.138034 92.697085 75.502667 219.392939
7.677246 6.183048 13.997884 7.677246 6.183048 13.997884 1.366471 0.806279 0.269670 92.697085 75.502667 219.392939
