0.924341 1.379642 0.822337 0.924341 1.379642 0.822337 1.262931 -0.042984 0.837707 164.644910 71.771166 286.330348
1.711736 1.366770 1.376501 1.711736 1.366770 1.376501 1.361718 0.000079 1.009506 164.644910 71.771166 286.330348
2.554430 1.374699 2.028214 2.554430 1.374699 2.028214 1.440640 0.017956 1.153652 98.428286 -12.181269 194.158302
3.430223 1.376056 2.748937 3.430223 1.376056 2.748937 1.468158 -0.025473 1.238065 -6.701519 -132.579974 87.218784
4.307469 1.331740 3.501822 4.307469 1.331740 3.501822 1.451923 -0.130858 1.262127 -47.414453 -218.705181 -7.014926
5.168639 1.212656 4.253713 5.168639 1.212656 4.253713 1.416229 -0.268093 1.237308 -71.566137 -238.743617 -75.712335
6.006728 1.009356 4.980412 6.006728 1.009356 4.980412 1.379458 -0.408692 1.181589 -51.002625 -229.918355 -110.017427
6.828761 0.725028 5.670435 6.828761 0.725028 5.670435 1.366548 -0.535279 1.119941 7.968186 -192.039735 -95.477360
7.651967 0.375148 6.327168 7.651967 0.375148 6.327168 1.380544 -0.621231 1.072428 38.684383 -94.466801 -62.900012
8.492266 -0.007544 6.961923 8.492266 -0.007544 6.961923 1.428800 -0.642661 1.047788 122.170477 23.033904 -19.234043
9.376112 -0.381118 7.592393 9.376112 -0.381118 7.592393 1.524977 -0.589457 1.062547 198.419002 154.313548 68.431598
10.328613 -0.699680 8.243663 10.328613 -0.699680 8.243663 1.653028 -0.460192 1.110729 228.416757 276.566998 92.174736
11.361545 -0.926013 8.926692 11.361545 -0.926013 8.926692 1.790078 -0.294252 1.166034 228.416757 276.566998 92.174736
