-2.238030 -3.494024 5.318738 -2.238030 -3.494024 5.318738 0.363639 0.263394 0.560585 39.073989 181.359369 104.038260
-2.012813 -3.303343 5.673815 -2.012813 -3.303343 5.673815 0.387084 0.372209 0.623008 39.073989 181.359369 104.038260
-1.776754 -3.053298 6.059292 -1.776754 -3.053298 6.059292 0.394407 0.451399 0.650158 -14.664683 82.605749 -13.535666
-1.548578 -2.775987 6.439676 -1.548578 -2.775987 6.439676 0.356466 0.458978 0.605663 -111.805361 -57.343683 -134.782673
-1.361480 -2.518823 6.774003 -1.361480 -2.518823 6.774003 0.256103 0.385067 0.500743 -222.737007 -189.024094 -214.951117
-1.253147 -2.329643 7.033017 -1.253147 -2.329643 7.033017 0.096279 0.232475 0.358068 -310.008375 -319.616082 -260.632419
-1.254964 -2.252217 7.201518 -1.254964 -2.252217 7.201518 -0.108642 0.018064 0.204562 -373.061968 -395.089423 -251.053317
-1.388185 -2.314273 7.282083 -1.388185 -2.314273 7.282083 -0.336903 -0.227879 0.069019 -387.807491 -424.718553 -200.757769
-1.657783 -2.525517 7.290995 -1.657783 -2.525517 7.290995 -0.557842 -0.473049 -0.033251 -348.655793 -392.516131 -140.142337
-2.050277 -2.874957 7.249820 -2.050277 -2.874957 7.249820 -0.742190 -0.683344 -0.097333 -265.837469 -308.466520 -73.462124
-2.535208 -3.332897 7.181862 -2.535208 -3.332897 7.181862 -0.860529 -0.830473 -0.123085 -128.625731 -181.962962 -12.378636
-3.063669 -3.854100 7.108293 -3.063669 -3.854100 7.108293 -0.882661 -0.890480 -0.117959 54.851877 -18.059161 29.465538
-3.572235 -4.381065 7.043112 -3.572235 -4.381065 7.043112 -0.793961 -0.848450 -0.098827 240.812705 158.158776 34.306264
-3.994443 -4.851122 6.988716 -3.994443 -4.851122 6.988716 -0.595360 -0.700832 -0.084620 421.192018 333.899483 13.052575
-4.266213 -5.202751 6.936775 -4.266213 -5.202751 6.936775 -0.294492 -0.456654 -0.094379 581.702526 480.028989 -45.582861
-4.331583 -5.385166 6.867155 -4.331583 -5.385166 6.867155 0.087625 -0.142773 -0.145668 692.018968 566.241415 -125.382357
-4.151993 -5.367430 6.751772 -4.151993 -5.367430 6.751772 0.515093 0.204351 -0.247965 732.874419 590.838352 -215.607224
-3.712332 -5.141220 6.559821 -3.712332 -5.141220 6.559821 0.948255 0.545094 -0.399144 711.000264 544.969449 -288.321038
-3.021211 -4.721993 6.265897 -3.021211 -4.721993 6.265897 1.345794 0.842457 -0.584833 614.127299 446.241529 -330.642930
-2.113557 -4.144848 5.854602 -2.113557 -4.144848 5.854602 1.662447 1.066940 -0.787619 441.385532 302.033720 -345.312344
-1.049926 -3.461397 5.322011 -1.049926 -3.461397 5.322011 1.860846 1.192763 -0.984123 219.942576 117.377965 -309.698472
0.092667 -2.736947 4.681125 0.092667 -2.736947 4.681125 1.925290 1.201513 -1.143273 -5.129991 -88.212563 -220.803321
1.233304 -2.042402 3.962863 1.233304 -2.042402 3.962863 1.854144 1.096163 -1.238522 -232.023323 -262.954772 -96.692566
2.291416 -1.439981 3.212348 2.291416 -1.439981 3.212348 1.651877 0.898665 -1.246526 -442.198328 -395.369725 70.013839
3.194075 -0.977485 2.488179 3.194075 -0.977485 2.488179 1.342205 0.633761 -1.148796 -590.043493 -487.644332 255.750907
3.888347 -0.687053 1.854538 3.888347 -0.687053 1.854538 0.963960 0.330931 -0.947337 -670.773567 -521.790095 415.779486
4.345208 -0.580259 1.369575 4.345208 -0.580259 1.369575 0.557620 0.028649 -0.654875 -683.691593 -485.816641 559.094718
4.561508 -0.644057 1.082368 4.561508 -0.644057 1.082368 0.171366 -0.230544 -0.294015 -603.821424 -378.158785 643.770408
4.562975 -0.842030 1.023447 4.562975 -0.842030 1.023447 -0.154247 -0.415328 0.100296 -481.554041 -237.788459 670.600084
4.394344 -1.125043 1.201167 4.394344 -1.125043 1.201167 -0.390199 -0.513073 0.486830 -304.953645 -88.028423 617.846745
4.119403 -1.438441 1.596051 4.119403 -1.438441 1.596051 -0.502819 -0.514435 0.815404 -70.448095 83.489419 477.399577
3.816520 -1.723374 2.163187 3.816520 -1.723374 2.163187 -0.487640 -0.420841 1.061655 121.044980 228.491846 343.437332
3.545724 -1.934750 2.861999 3.545724 -1.934750 2.861999 -0.415013 -0.283745 1.267717 121.044980 228.491846 343.437332
