-7.053530 -1.674712 -2.731148 -7.053530 -1.674712 -2.731148 1.238803 -0.556066 -0.156067 -464.811130 143.713835 44.439805
-6.393914 -1.982483 -2.816789 -6.393914 -1.982483 -2.816789 0.959917 -0.469837 -0.129403 -464.811130 143.713835 44.439805
-5.906947 -2.235461 -2.889398 -5.906947 -2.235461 -2.889398 0.654444 -0.368330 -0.117572 -553.431425 194.643593 -5.003450
-5.617284 -2.418652 -2.963070 -5.617284 -2.418652 -2.963070 0.305456 -0.237686 -0.131715 -609.862024 240.837320 -42.137238
-5.541039 -2.518134 -3.048539 -5.541039 -2.518134 -3.048539 -0.046727 -0.094291 -0.151272 -564.080371 237.144848 -23.055318
-5.664609 -2.535871 -3.141221 -5.664609 -2.535871 -3.141221 -0.355174 0.028754 -0.153948 -464.076809 173.005650 14.135800
-5.952232 -2.493034 -3.227280 -5.952232 -2.493034 -3.227280 -0.588543 0.104776 -0.126640 -313.820553 80.402378 76.891753
-6.349432 -2.421446 -3.285258 -6.349432 -2.421446 -3.285258 -0.714767 0.124266 -0.059679 -106.926954 -15.435987 146.311776
-6.783244 -2.355977 -3.290847 -6.783244 -2.355977 -3.290847 -0.707445 0.083443 0.047520 131.334184 -120.641139 211.018515
-7.170104 -2.332546 -3.222246 -7.170104 -2.332546 -3.222246 -0.558810 -0.013538 0.184658 364.118042 -202.629818 246.108912
-7.428681 -2.380955 -3.066121 -7.428681 -2.380955 -3.066121 -0.284503 -0.154180 0.337475 550.236641 -266.176850 263.280342
-7.491154 -2.521755 -2.818114 -7.491154 -2.521755 -2.818114 0.091571 -0.315787 0.486098 703.345348 -272.513566 232.127464
-7.304117 -2.757069 -2.490072 -7.304117 -2.757069 -2.490072 0.541041 -0.463237 0.598380 794.887502 -218.986722 142.147106
-6.837006 -3.069294 -2.112929 -6.837006 -3.069294 -2.112929 1.015002 -0.568958 0.646310 784.983343 -133.414245 17.620102
-6.091214 -3.428366 -1.729560 -6.091214 -3.428366 -1.729560 1.463460 -0.617421 0.618938 709.875301 -28.128548 -108.861179
-5.093215 -3.794308 -1.386829 -5.093215 -3.794308 -1.386829 1.850114 -0.586427 0.508437 578.971019 131.441761 -259.475758
-3.890605 -4.113984 -1.136547 -3.890605 -4.113984 -1.136547 2.139131 -0.464962 0.312382 384.420447 273.440753 -394.038944
-2.551337 -4.337651 -1.025899 -2.551337 -4.337651 -1.025899 2.302752 -0.270444 0.046688 160.981257 374.950964 -491.608086
-1.153571 -4.427401 -1.089779 -1.153571 -4.427401 -1.089779 2.335030 -0.020343 -0.265297 -53.386517 458.718828 -548.343187
0.225244 -4.355213 -1.346457 0.225244 -4.355213 -1.346457 2.240033 0.264011 -0.588290 -263.272543 489.129331 -528.300385
1.512938 -4.111083 -1.790311 1.512938 -4.111083 -1.790311 2.037384 0.545889 -0.884202 -412.224340 450.464336 -458.071697
2.655436 -3.707648 -2.393960 2.655436 -3.707648 -2.393960 1.761389 0.790258 -1.112417 -507.756155 364.098462 -302.645539
3.618306 -3.175878 -3.104689 3.618306 -3.175878 -3.104689 1.443901 0.969104 -1.238018 -550.536813 232.055900 -116.025850
4.387856 -2.563598 -3.856318 4.387856 -2.563598 -3.856318 1.125109 1.053572 -1.247301 -512.103559 49.504403 85.085538
4.975716 -1.932874 -4.575422 4.975716 -1.932874 -4.575422 0.842707 1.031624 -1.126443 -429.236432 -122.664494 317.773927
5.411973 -1.346808 -5.181935 5.411973 -1.346808 -5.181935 0.624643 0.903881 -0.875013 -297.643495 -303.147918 520.326772
5.742178 -0.867533 -5.603616 5.742178 -0.867533 -5.603616 0.491034 0.679557 -0.514481 -147.721774 -444.598328 681.446608
6.018065 -0.544739 -5.784384 6.018065 -0.544739 -5.784384 0.441682 0.388235 -0.079310 -16.783374 -526.474036 769.120785
6.288040 -0.407537 -5.692600 6.288040 -0.407537 -5.692600 0.471546 0.067482 0.386803 116.330082 -542.701308 784.591446
6.598198 -0.462152 -5.322317 6.598198 -0.462152 -5.322317 0.572797 -0.245230 0.842431 221.172526 -499.674266 734.168344
6.983500 -0.692940 -4.692456 6.983500 -0.692940 -4.692456 0.714565 -0.513575 1.244191 251.386189 -394.807377 605.030658
7.458299 -1.062826 -3.848922 7.458299 -1.062826 -3.848922 0.869449 -0.703841 1.547776 264.895968 -239.414228 406.920646
8.026258 -1.517463 -2.859841 8.026258 -1.517463 -2.859841 1.021427 -0.793675 1.727777 241.696815 -60.030776 193.082322
8.678493 -1.992952 -1.802397 8.678493 -1.992952 -1.802397 1.145812 -0.772089 1.773743 172.919561 131.984687 -39.862311
9.392874 -2.421643 -0.759208 9.392874 -2.421643 -0.759208 1.228403 -0.638872 1.680418 102.384650 312.070512 -271.222716
10.144157 -2.740630 0.190603 10.144157 -2.740630 0.190603 1.268892 -0.410814 1.469584 32.576399 448.123951 -431.556770
10.908836 -2.901418 0.987740 10.908836 -2.901418 0.987740 1.275843 -0.116749 1.175986 -9.404831 532.091794 -547.103648
11.671066 -2.875113 1.591020 11.671066 -2.875113 1.591020 1.262282 0.205398 0.828556 -35.798477 541.729758 -610.996256
12.422873 -2.656407 1.978943 12.422873 -2.656407 1.978943 1.245211 0.520213 0.465805 -21.106857 507.653600 -598.172292
13.168816 -2.258527 2.156842 13.168816 -2.258527 2.156842 1.245629 0.796681 0.137335 22.500417 413.908089 -496.728918
13.924309 -1.714481 2.157852 13.924309 -1.714481 2.157852 1.279456 1.002692 -0.120600 90.258471 272.795899 -363.054816
14.713327 -1.074369 2.029252 14.713327 -1.074369 2.029252 1.359100 1.113339 -0.292884 175.219586 96.025447 -211.225688
15.565125 -0.397977 1.826321 15.565125 -0.397977 1.826321 1.488223 1.126476 -0.365518 255.191716 -52.235089 -30.885230
16.507223 0.260682 1.611201 16.507223 0.260682 1.611201 1.657490 1.056013 -0.335301 309.030557 -182.641799 131.608276
17.558612 0.854876 1.439953 17.558612 0.854876 1.439953 1.849252 0.913738 -0.225120 330.176139 -291.606882 235.659131
18.727594 1.350630 1.347299 18.727594 1.350630 1.347299 2.047357 0.738774 -0.083725 330.176139 -291.606882 235.659131
