-9.618735 -5.640124 -3.970443 -9.618735 -5.640124 -3.970443 0.880641 0.566080 0.853877 -76.054046 336.148093 98.707475
-9.104040 -5.239970 -3.440350 -9.104040 -5.239970 -3.440350 0.835008 0.767768 0.913101 -76.054046 336.148093 98.707475
-8.615786 -4.725084 -2.884746 -8.615786 -4.725084 -2.884746 0.794073 0.938049 0.922207 -60.396359 231.454772 -68.354957
-8.148176 -4.129113 -2.354357 -8.148176 -4.129113 -2.354357 0.768022 1.034317 0.828038 -26.441773 89.437188 -245.543106
-7.689768 -3.501809 -1.908975 -7.689768 -3.501809 -1.908975 0.763927 1.041056 0.644497 12.792924 -66.973402 -366.260220
-7.225364 -2.899110 -1.592399 -7.225364 -2.899110 -1.592399 0.790329 0.951474 0.403763 75.212151 -231.633610 -436.183796
-6.733952 -2.378436 -1.428550 -6.733952 -2.378436 -1.428550 0.853840 0.769915 0.142576 136.494265 -373.563083 -434.439547
-6.194991 -1.989697 -1.418230 -6.194991 -1.989697 -1.418230 0.946176 0.515934 -0.103223 171.292297 -473.038360 -384.892156
-5.597529 -1.767647 -1.545162 -5.597529 -1.767647 -1.545162 1.043568 0.220290 -0.312744 153.347649 -512.442918 -313.510274
-4.946369 -1.725986 -1.782549 -4.946369 -1.725986 -1.782549 1.122660 -0.078543 -0.467397 110.289323 -483.667662 -201.999746
-4.256326 -1.855290 -2.091518 -4.256326 -1.855290 -2.091518 1.171808 -0.344332 -0.549447 53.539069 -402.295599 -71.501366
-3.549959 -2.125654 -2.427854 -3.549959 -2.125654 -2.427854 1.172159 -0.542468 -0.561338 -52.368220 -258.156475 31.864277
-2.863689 -2.487668 -2.754972 -2.863689 -2.487668 -2.754972 1.102741 -0.647686 -0.522469 -179.025117 -92.572055 97.699406
-2.241040 -2.881451 -3.048440 -2.241040 -2.881451 -3.048440 0.961471 -0.645774 -0.451712 -291.874908 98.946967 138.157667
-1.720990 -3.239601 -3.294043 -1.720990 -3.239601 -3.294043 0.764869 -0.528885 -0.366037 -363.466803 290.683660 147.425899
-1.330529 -3.495430 -3.489040 -1.330529 -3.495430 -3.489040 0.531604 -0.308581 -0.287142 -414.081641 443.662400 115.559266
-1.085845 -3.594789 -3.643483 -1.085845 -3.594789 -3.643483 0.284440 -0.012732 -0.232600 -409.797583 542.501742 66.246900
-0.984380 -3.502505 -3.774276 -0.984380 -3.502505 -3.774276 0.061383 0.324131 -0.208639 -333.727482 580.373068 13.622235
-1.000814 -3.204680 -3.900598 -1.000814 -3.204680 -3.900598 -0.104818 0.666750 -0.218418 -220.276504 561.690924 -46.217822
-1.094109 -2.708438 -4.041893 -1.094109 -2.708438 -4.041893 -0.190755 0.979205 -0.255774 -66.179209 479.825107 -78.303484
-1.207890 -2.043292 -4.209511 -1.207890 -2.043292 -4.209511 -0.167542 1.223370 -0.303052 143.555108 334.059344 -79.290244
-1.270906 -1.260258 -4.403895 -1.270906 -1.260258 -4.403895 -0.023064 1.368214 -0.342031 338.040151 148.752944 -50.638862
-1.213545 -0.423096 -4.613889 -1.213545 -0.423096 -4.613889 0.231518 1.404755 -0.350716 510.566050 -26.950959 21.687790
-0.973537 0.405622 -4.813438 -0.973537 0.405622 -4.813438 0.583836 1.342166 -0.302816 663.825627 -181.676861 137.980894
-0.498990 1.169132 -4.963317 -0.498990 1.169132 -4.963317 1.005917 1.187721 -0.185159 743.111210 -333.140940 254.207791
0.238817 1.816057 -5.022895 0.238817 1.816057 -5.022895 1.454269 0.959128 -0.003838 751.397469 -428.834318 350.196277
1.242422 2.313526 -4.956561 1.242422 2.313526 -4.956561 1.884063 0.697739 0.234288 681.246817 -442.464387 443.557867
2.487329 2.653081 -4.732078 2.487329 2.653081 -4.732078 2.252036 0.435037 0.520773 545.331725 -433.208568 511.390800
3.925798 2.841011 -4.327801 3.925798 2.841011 -4.327801 2.524674 0.199540 0.826420 363.460997 -351.780655 507.433354
5.491442 2.905400 -3.743680 5.491442 2.905400 -3.743680 2.669835 0.028396 1.115532 120.408528 -218.700220 456.271466
7.100534 2.890588 -2.998718 7.100534 2.890588 -2.998718 2.669664 -0.065238 1.356867 -120.977472 -93.413489 348.178751
8.667970 2.842854 -2.131439 8.667970 2.842854 -2.131439 2.534148 -0.080173 1.518208 -330.743673 43.632957 189.625769
10.117869 2.810190 -1.198277 10.117869 2.810190 -1.198277 2.280419 -0.016061 1.572505 -515.019143 170.071437 -8.635902
11.385707 2.835396 -0.268469 11.385707 2.835396 -0.268469 1.932860 0.107130 1.506621 -643.511491 240.565994 -210.978555
12.426361 2.945223 0.585925 12.426361 2.945223 0.585925 1.530605 0.262703 1.322021 -697.336997 278.010356 -404.353308
13.220823 3.152764 1.297651 13.220823 3.152764 1.297651 1.120297 0.428898 1.035892 -670.357968 275.972050 -549.410947
13.779743 3.455586 1.814889 13.779743 3.455586 1.814889 0.755114 0.573521 0.679231 -546.918036 206.106469 -639.460574
14.141363 3.832436 2.105608 14.141363 3.832436 2.105608 0.461949 0.675376 0.286972 -430.300162 133.408798 -668.068956
14.341078 4.261675 2.157538 14.341078 4.261675 2.157538 0.203768 0.755421 -0.113870 -430.300162 133.408798 -668.068956
