11.456624 -5.006687 -10.443958 11.456624 -5.006687 -10.443958 0.206545 0.527302 0.281594 -149.682627 358.151176 686.462456
11.553608 -4.625838 -10.151439 11.553608 -4.625838 -10.151439 0.116736 0.742193 0.693471 -149.682627 358.151176 686.462456
11.604376 -4.124882 -9.617322 11.604376 -4.124882 -9.617322 0.065273 0.912950 1.077702 -21.859535 211.039216 594.306004
11.647396 -3.551886 -8.873732 11.647396 -3.551886 -8.873732 0.091112 0.975766 1.384259 107.989511 -1.651378 427.552109
11.727153 -2.977652 -7.979176 11.727153 -2.977652 -7.979176 0.184164 0.920131 1.575994 202.185076 -183.798676 211.565390
11.875320 -2.468334 -7.010368 11.875320 -2.468334 -7.010368 0.311849 0.761467 1.628581 223.428530 -345.081878 -36.275423
12.102879 -2.081252 -6.052620 12.102879 -2.081252 -6.052620 0.447069 0.516003 1.542461 227.306815 -473.130931 -250.793596
12.409193 -1.861251 -5.184422 12.409193 -1.861251 -5.184422 0.569241 0.209934 1.331305 179.933724 -547.100706 -453.058260
12.778899 -1.833333 -4.476630 12.778899 -1.833333 -4.476630 0.656068 -0.116146 1.012271 109.490035 -539.831452 -610.387729
13.187727 -1.997199 -3.983213 13.187727 -1.997199 -3.983213 0.699153 -0.425090 0.625657 34.124465 -489.983623 -678.327174
13.609452 -2.332504 -3.730755 13.609452 -2.332504 -3.730755 0.700086 -0.679347 0.214474 -31.013833 -357.538193 -692.281366
14.020430 -2.794539 -3.721750 14.020430 -2.794539 -3.721750 0.664019 -0.844220 -0.176238 -89.209799 -192.040032 -610.093872
14.402428 -3.325329 -3.929157 14.402428 -3.325329 -3.929157 0.608716 -0.907902 -0.501528 -95.132014 -20.232955 -474.203936
14.752243 -3.862463 -4.304306 14.752243 -3.862463 -4.304306 0.560185 -0.863795 -0.730429 -66.640693 167.256283 -288.801500
15.078771 -4.340739 -4.782677 15.078771 -4.340739 -4.782677 0.532260 -0.713965 -0.844359 -26.442246 332.177747 -90.964886
15.397057 -4.702443 -5.291870 15.397057 -4.702443 -5.291870 0.534845 -0.480245 -0.829953 35.059651 446.887199 138.985806
15.729761 -4.907108 -5.754228 15.729761 -4.907108 -5.754228 0.583310 -0.196897 -0.693579 126.492100 497.606859 315.593799
16.106623 -4.935655 -6.104900 16.106623 -4.935655 -6.104900 0.679745 0.101774 -0.460883 194.956487 497.965516 460.060807
16.551776 -4.788494 -6.293910 16.551776 -4.788494 -6.293910 0.807789 0.382868 -0.161304 231.856078 439.011866 538.533898
17.079178 -4.485847 -6.291963 17.079178 -4.485847 -6.291963 0.951876 0.615797 0.170786 248.434647 337.419025 568.433685
17.692352 -4.063660 -6.089105 17.692352 -4.063660 -6.089105 1.087585 0.778113 0.502188 203.929637 203.634299 536.240360
18.376521 -3.569875 -5.696140 18.376521 -3.569875 -5.696140 1.184496 0.851610 0.799577 119.107413 41.355510 455.055672
19.101296 -3.059511 -5.142319 19.101296 -3.059511 -5.142319 1.219151 0.836193 1.033433 -3.590880 -92.744758 324.464279
19.823316 -2.580432 -4.471152 19.823316 -2.580432 -4.471152 1.172875 0.750832 1.191630 -150.662872 -191.792596 202.858188
20.489724 -2.169216 -3.728010 20.489724 -2.169216 -3.728010 1.031487 0.611955 1.271594 -320.631962 -271.130488 63.691031
21.041631 -1.851479 -2.959695 21.041631 -1.851479 -2.959695 0.792750 0.446116 1.279278 -475.156189 -281.667479 -38.080643
21.426061 -1.632886 -2.201989 21.426061 -1.632886 -2.201989 0.479196 0.285234 1.241401 -570.023252 -254.605823 -88.175334
21.610975 -1.507575 -1.473020 21.610975 -1.507575 -1.473020 0.137183 0.132470 1.188496 -570.023252 -254.605823 -88.175334
