11.995504 -2.172206 -1.296095 11.995504 -2.172206 -1.296095 2.019987 0.700256 -0.269134 -619.634688 -196.156441 522.559017
13.095962 -1.787360 -1.363514 13.095962 -1.787360 -1.363514 1.648207 0.582562 0.044402 -619.634688 -196.156441 522.559017
13.966673 -1.474069 -1.238494 13.966673 -1.474069 -1.238494 1.243033 0.460177 0.379527 -730.943066 -211.796372 594.524431
14.577523 -1.233577 -0.901343 14.577523 -1.233577 -0.901343 0.787464 0.345649 0.748347 -787.622253 -169.960753 634.876342
14.909252 -1.050848 -0.341008 14.909252 -1.050848 -0.341008 0.320005 0.273333 1.114516 -770.573641 -71.093343 585.686223
14.968542 -0.893514 0.426716 14.968542 -0.893514 0.426716 -0.112386 0.261333 1.433884 -670.728664 31.091654 478.874661
14.790324 -0.725725 1.363348 14.790324 -0.725725 1.363348 -0.465102 0.306951 1.671728 -504.991031 120.970530 313.938806
14.431541 -0.513658 2.414264 14.431541 -0.513658 2.414264 -0.712212 0.410139 1.816944 -318.711283 222.989713 170.113167
13.960271 -0.223966 3.524337 13.960271 -0.223966 3.524337 -0.836314 0.561285 1.865445 -94.960461 280.828796 -8.442786
13.454519 0.163603 4.633403 13.454519 0.163603 4.633403 -0.827643 0.731028 1.816971 123.861861 284.982961 -153.136683
12.991038 0.651642 5.690163 12.991038 0.651642 5.690163 -0.699275 0.892640 1.695800 304.033688 253.723809 -250.766052
12.634185 1.227188 6.658553 12.634185 1.227188 6.658553 -0.476927 1.016333 1.525577 437.124218 158.585802 -316.643194
12.430144 1.858257 7.516347 12.430144 1.858257 7.516347 -0.197488 1.075102 1.332807 494.339060 37.310303 -325.923973
12.401610 2.502604 8.259084 12.401610 2.502604 8.259084 0.104003 1.060340 1.145849 510.633709 -86.518303 -297.269185
12.553004 3.114574 8.896950 12.553004 3.114574 8.896950 0.395773 0.965124 0.986811 461.931814 -230.869084 -232.859862
12.867268 3.644993 9.451054 12.867268 3.644993 9.451054 0.641198 0.791108 0.866760 356.150826 -349.181150 -167.309753
13.308556 4.051402 9.945752 13.308556 4.051402 9.945752 0.817199 0.554585 0.790160 230.518709 -439.232058 -88.022273
13.831726 4.302703 10.408053 13.831726 4.302703 10.408053 0.912298 0.279103 0.757591 86.478454 -479.038390 -20.540530
14.386576 4.387008 10.861275 14.386576 4.387008 10.861275 0.923710 0.007029 0.757093 -48.436444 -427.876299 18.878181
14.926539 4.319458 11.318513 14.926539 4.319458 11.318513 0.866925 -0.223446 0.766341 -140.850072 -340.373496 11.950888
15.421341 4.124123 11.780469 15.421341 4.124123 11.780469 0.782414 -0.427670 0.773512 -140.850072 -340.373496 11.950888
