8.756696 4.831159 2.356962 8.756696 4.831159 2.356962 1.463943 -0.361210 0.157388 355.875327 -19.000557 149.709063
9.699119 4.611013 2.478342 9.699119 4.611013 2.478342 1.677468 -0.372610 0.247213 355.875327 -19.000557 149.709063
10.760426 4.391328 2.651479 10.760426 4.391328 2.651479 1.844837 -0.347505 0.326344 202.021669 102.685586 114.059344
11.890720 4.209529 2.862296 11.890720 4.209529 2.862296 1.901189 -0.244788 0.367179 -14.183757 239.702487 22.056489
13.016409 4.111641 3.078630 13.016409 4.111641 3.078630 1.830318 -0.071775 0.340697 -222.051675 337.009272 -110.328937
14.062232 4.133085 3.255864 14.062232 4.133085 3.255864 1.635097 0.149663 0.237877 -428.685519 401.118064 -232.405757
14.954935 4.295153 3.349305 14.954935 4.295153 3.349305 1.321925 0.390678 0.061172 -615.219582 402.264374 -356.610041
15.629792 4.598612 3.315163 15.629792 4.598612 3.315163 0.914998 0.615259 -0.186071 -741.204805 346.337985 -467.532693
16.042705 5.023738 3.116247 16.042705 5.023738 3.116247 0.456934 0.791212 -0.482177 -785.674877 240.173819 -519.487162
16.176848 5.532631 2.733182 16.176848 5.532631 2.733182 -0.007454 0.889991 -0.795125 -762.286204 89.088037 -523.672714
16.040496 6.073002 2.164861 16.040496 6.073002 2.164861 -0.438164 0.895146 -1.094256 -673.414175 -71.904727 -473.430798
15.666778 6.586391 1.430241 15.666778 6.586391 1.430241 -0.790235 0.798225 -1.342561 -500.156692 -251.164009 -354.252003
15.115567 7.010749 0.571905 15.115567 7.010749 0.571905 -1.025541 0.600687 -1.500278 -284.194937 -407.297225 -171.473532
14.463008 7.291266 -0.346970 14.463008 7.291266 -0.346970 -1.126455 0.323399 -1.542378 -52.186933 -516.995730 31.141009
13.791046 7.388674 -1.253874 13.791046 7.388674 -1.253874 -1.091240 -0.004656 -1.459105 169.572519 -576.522007 246.436222
13.179050 7.282387 -2.072660 13.179050 7.282387 -2.072660 -0.928371 -0.349166 -1.249650 373.325033 -571.843992 451.748547
12.698181 6.974379 -2.731180 12.698181 6.974379 -2.731180 -0.659603 -0.670155 -0.928827 522.566507 -498.119437 617.659186
12.402488 6.490689 -3.171240 12.402488 6.490689 -3.171240 -0.316032 -0.928705 -0.527942 622.671810 -363.713357 718.626314
12.325918 5.878524 -3.355476 12.325918 5.878524 -3.355476 0.062415 -1.094299 -0.080889 638.818404 -188.267962 771.547759
12.473475 5.200643 -3.268835 12.473475 5.200643 -3.268835 0.421305 -1.144325 0.363522 557.481666 21.515989 709.822159
12.820664 4.527193 -2.929810 12.820664 4.527193 -2.929810 0.726091 -1.085059 0.755135 458.470911 176.037993 595.556202
13.338844 3.907844 -2.369529 13.338844 3.907844 -2.369529 1.001174 -0.979436 1.112469 458.470911 176.037993 595.556202
