11.920494 -2.162636 4.104456 11.920494 -2.162636 4.104456 -0.411645 0.630059 0.841295 -172.584986 -489.377845 370.672147
11.642442 -1.872688 4.675954 11.642442 -1.872688 4.675954 -0.515196 0.336432 1.063699 -172.584986 -489.377845 370.672147
11.313187 -1.758225 5.381631 11.313187 -1.758225 5.381631 -0.564105 0.046269 1.289787 9.555761 -477.833311 382.956004
10.989694 -1.813225 6.223738 10.989694 -1.813225 6.223738 -0.492124 -0.224187 1.516074 230.382401 -423.685204 371.332844
10.746178 -2.016576 7.194651 10.746178 -2.016576 7.194651 -0.302446 -0.441276 1.711015 401.877683 -299.946095 278.472104
10.643240 -2.324605 8.262423 10.643240 -2.324605 8.262423 -0.030364 -0.567611 1.833285 505.061741 -121.167965 129.094600
10.718664 -2.676218 9.374944 10.718664 -2.676218 9.374944 0.286332 -0.586495 1.857306 550.589903 58.219494 -49.024806
10.987965 -3.006838 10.469364 10.987965 -3.006838 10.469364 0.608660 -0.497573 1.772198 523.838914 238.187006 -234.667993
11.442032 -3.252516 11.479076 11.442032 -3.252516 11.479076 0.895867 -0.304701 1.574563 433.515699 404.721250 -424.116622
12.050137 -3.355067 12.337896 12.050137 -3.355067 12.337896 1.118733 -0.024767 1.272208 309.370215 528.392232 -583.733596
12.768846 -3.271818 12.989409 12.768846 -3.271818 12.989409 1.263270 0.307257 0.888269 172.420594 578.354741 -696.064540
13.548189 -2.983623 13.394548 13.548189 -2.983623 13.394548 1.318452 0.652953 0.457977 11.521727 573.963960 -738.238912
14.332901 -2.493444 13.537645 14.332901 -2.493444 13.537645 1.283198 0.972803 0.021002 -129.036820 492.203985 -718.347099
15.074097 -1.828329 13.427649 15.074097 -1.828329 13.427649 1.178294 1.232307 -0.376477 -220.643467 372.809037 -606.580554
15.737815 -1.032077 13.102984 15.737815 -1.032077 13.102984 1.028196 1.404802 -0.688400 -279.684056 202.172581 -433.165462
16.303441 -0.164666 12.623705 16.303441 -0.164666 12.623705 0.855644 1.466799 -0.889641 -295.488303 4.483835 -237.636283
16.765050 0.706225 12.061253 16.765050 0.706225 12.061253 0.685405 1.419510 -0.961687 -271.975017 -162.114266 -2.518324
17.130122 1.519550 11.498362 17.130122 1.519550 11.498362 0.536143 1.276243 -0.890329 -225.563926 -315.440124 240.380482
17.416063 2.221732 11.019637 17.416063 2.221732 11.019637 0.425086 1.053056 -0.685081 -144.627044 -428.516592 443.779270
17.649691 2.773342 10.697453 17.649691 2.773342 10.697453 0.361356 0.780492 -0.373891 -67.804638 -480.030883 593.520139
17.856815 3.155832 10.584334 17.856815 3.155832 10.584334 0.333247 0.495473 0.004130 -25.894334 -470.032615 666.549144
18.053906 3.373073 10.707328 18.053906 3.373073 10.707328 0.326732 0.236269 0.406745 4.179265 -393.979403 675.502531
18.251131 3.450364 11.069975 18.251131 3.450364 11.069975 0.331406 0.032110 0.797092 11.398832 -286.551378 625.652057
18.449130 3.426595 11.651949 18.449130 3.426595 11.651949 0.323763 -0.097100 1.127992 -36.873968 -144.148587 477.347361
18.633094 3.350620 12.403823 18.633094 3.350620 12.403823 0.283357 -0.142431 1.360185 -97.812912 -6.956041 296.629377
18.780919 3.272092 13.261808 18.780919 3.272092 13.261808 0.201755 -0.105689 1.480567 -174.194559 129.429467 104.643854
18.865873 3.238636 14.156191 18.865873 3.238636 14.156191 0.073519 0.005268 1.479391 -253.258384 240.426713 -108.563219
18.860729 3.287581 15.012421 18.860729 3.287581 15.012421 -0.096781 0.162060 1.354938 -314.407217 282.215644 -306.279744
18.744198 3.436210 15.762956 18.744198 3.436210 15.762956 -0.294772 0.334364 1.134679 -345.562177 292.130583 -427.916158
18.505828 3.687593 16.361053 18.505828 3.687593 16.361053 -0.498639 0.500547 0.849502 -333.997243 261.811452 -522.672991
18.150107 4.030449 16.775349 18.150107 4.030449 16.775349 -0.681124 0.634643 0.529279 -274.285133 185.174222 -544.737443
17.699334 4.437618 16.997131 17.699334 4.437618 16.997131 -0.809333 0.711007 0.213775 -153.077151 69.374417 -506.944288
17.194840 4.870002 17.038273 17.194840 4.870002 17.038273 -0.857883 0.719090 -0.069756 -8.756559 -42.430094 -438.158093
16.688055 5.288321 16.924235 16.688055 5.288321 16.924235 -0.815532 0.666147 -0.299232 149.926930 -134.049079 -326.761688
16.236172 5.659682 16.694230 16.236172 5.659682 16.694230 -0.673327 0.564724 -0.453532 324.089251 -204.025383 -187.570905
15.899202 5.959597 16.395402 15.899202 5.959597 16.395402 -0.435421 0.431336 -0.530807 468.930832 -240.601113 -70.014881
15.728875 6.176042 16.069604 15.728875 6.176042 16.069604 -0.121475 0.291732 -0.546370 577.557131 -224.745660 18.138702
15.763151 6.314622 15.749296 15.763151 6.314622 15.749296 0.241063 0.176858 -0.514240 630.902632 -158.169601 88.963294
16.019680 6.396944 15.458861 16.019680 6.396944 15.458861 0.611245 0.105344 -0.450385 603.034759 -80.209925 123.886226
16.490104 6.452473 15.209789 16.490104 6.452473 15.209789 0.948719 0.091020 -0.381758 521.880392 32.464478 104.869141
17.144762 6.520059 14.997467 17.144762 6.520059 14.997467 1.219289 0.146149 -0.329552 380.019915 151.297841 69.151737
17.931998 6.641045 14.808764 17.931998 6.641045 14.808764 1.383598 0.267243 -0.305157 167.676655 252.350511 12.166204
18.778553 6.850173 14.623755 18.778553 6.850173 14.623755 1.415275 0.435451 -0.318380 -62.087240 308.342268 -56.243627
19.603338 7.167338 14.419647 19.603338 7.167338 14.419647 1.312002 0.622418 -0.366909 -282.157418 314.878826 -105.521326
20.328085 7.596558 14.180181 20.328085 7.596558 14.180181 1.084376 0.806799 -0.431856 -476.595913 299.726912 -110.966872
20.883035 8.129537 13.901764 20.883035 8.129537 13.901764 0.748979 0.961381 -0.495085 -641.392964 215.546225 -99.796101
21.211850 8.736031 13.590075 21.211850 8.736031 13.590075 0.338537 1.045040 -0.538336 -726.746272 63.316696 -44.375709
21.283764 9.366850 13.263024 21.283764 9.366850 13.263024 -0.099482 1.045022 -0.545268 -733.316835 -63.377083 21.270121
21.092078 9.982456 12.939692 21.092078 9.982456 12.939692 -0.539472 1.006996 -0.532506 -733.316835 -63.377083 21.270121
