-9.458405 -6.268953 2.396528 -9.458405 -6.268953 2.396528 1.402082 0.530114 1.154186 464.118913 476.147491 -356.181642
-8.533614 -5.865178 3.024926 -8.533614 -5.865178 3.024926 1.680554 0.815802 0.940477 464.118913 476.147491 -356.181642
-7.449162 -5.296118 3.515609 -7.449162 -5.296118 3.515609 1.921919 1.070852 0.679314 340.431333 374.018849 -514.359647
-6.245199 -4.596191 3.821137 -6.245199 -4.596191 3.821137 2.073847 1.245723 0.323319 165.996949 208.882224 -672.290748
-4.980338 -3.822831 3.889752 -4.980338 -3.822831 3.889752 2.126810 1.312693 -0.101873 10.546576 14.351560 -745.017811
-3.710465 -3.043552 3.694529 -3.710465 -3.043552 3.694529 2.092580 1.266706 -0.548866 -124.646700 -167.641290 -744.956656
-2.483141 -2.321611 3.236856 -2.483141 -2.321611 3.236856 1.988854 1.126582 -0.967143 -221.107220 -299.439818 -649.302305
-1.332118 -1.705357 2.548846 -1.332118 -1.705357 2.548846 1.843738 0.917940 -1.310974 -262.614698 -396.032595 -496.800893
-0.272891 -1.228272 1.684795 -0.272891 -1.228272 1.684795 1.687443 0.668356 -1.549267 -258.366438 -435.913773 -297.506743
0.694795 -0.904796 0.715503 0.694795 -0.904796 0.715503 1.541054 0.411445 -1.658672 -229.597381 -420.456300 -67.176420
1.581673 -0.729990 -0.278709 1.581673 -0.729990 -0.278709 1.421162 0.177274 -1.633564 -170.042703 -360.114496 150.869591
2.409177 -0.681087 -1.218946 2.409177 -0.681087 -1.218946 1.346204 -0.001996 -1.479322 -79.816122 -237.449752 363.268429
3.206512 -0.717126 -2.031359 3.206512 -0.717126 -2.031359 1.318212 -0.104970 -1.212401 -13.492930 -105.798125 526.470581
3.997815 -0.790666 -2.658720 3.997815 -0.790666 -2.658720 1.324140 -0.126020 -0.869944 33.254350 35.632346 615.050397
4.799941 -0.852475 -3.067759 4.799941 -0.852475 -3.067759 1.352372 -0.067696 -0.489818 60.851859 158.781340 652.037700
5.621258 -0.859478 -3.246658 5.621258 -0.859478 -3.246658 1.383586 0.052741 -0.110474 43.195311 242.675079 612.442001
6.456452 -0.781676 -3.209140 6.456452 -0.781676 -3.209140 1.395839 0.210724 0.224805 -2.352727 283.934352 505.155964
7.290115 -0.603801 -2.990929 7.290115 -0.603801 -2.990929 1.377345 0.382745 0.489901 -59.294550 289.469047 378.496903
8.101431 -0.325009 -2.638628 8.101431 -0.325009 -2.638628 1.319679 0.541632 0.668151 -132.924834 240.154238 215.670581
8.864124 0.037283 -2.209144 8.864124 0.037283 -2.209144 1.213982 0.656151 0.746417 -219.399605 141.574853 45.213851
9.550012 0.450346 -1.761708 9.550012 0.450346 -1.761708 1.067299 0.710539 0.730781 -269.541889 39.718219 -97.334698
10.141417 0.877977 -1.346409 10.141417 0.877977 -1.346409 0.903291 0.705162 0.644136 -277.152445 -57.642186 -191.480059
10.635073 1.285371 -0.998092 10.635073 1.285371 -0.998092 0.744841 0.643941 0.510757 -251.012345 -146.428109 -253.116502
11.041430 1.641095 -0.738665 11.041430 1.641095 -0.738665 0.617405 0.534669 0.351552 -173.775138 -217.811884 -277.565862
11.387301 1.921946 -0.575568 11.387301 1.921946 -0.575568 0.546677 0.400260 0.195648 -61.984756 -230.216124 -242.114504
11.713149 2.122648 -0.497597 11.713149 2.122648 -0.497597 0.554484 0.272056 0.071196 88.008471 -197.130782 -172.728047
12.071058 2.254091 -0.481657 12.071058 2.254091 -0.481657 0.654174 0.172239 -0.010872 244.291214 -135.593135 -100.829505
12.515985 2.339688 -0.501736 12.515985 2.339688 -0.501736 0.842996 0.124189 -0.048406 385.113340 -24.573978 -24.285546
13.098354 2.416346 -0.531350 13.098354 2.416346 -0.531350 1.110323 0.142284 -0.043968 505.978361 84.891214 39.079521
13.860251 2.524113 -0.548415 13.860251 2.524113 -0.548415 1.437045 0.228797 -0.009115 583.095017 203.487353 77.098430
14.827809 2.704253 -0.539501 14.827809 2.704253 -0.539501 1.788768 0.382062 0.039667 589.313801 307.393230 85.508008
16.003309 2.991670 -0.502142 16.003309 2.991670 -0.502142 2.123172 0.580741 0.081808 525.368486 354.870572 54.961278
17.364715 3.404258 -0.446332 17.364715 3.404258 -0.446332 2.403073 0.795000 0.098947 407.633530 359.327771 2.167682
18.869525 3.943637 -0.391372 18.869525 3.943637 -0.391372 2.595614 0.999096 0.076256 234.168385 320.991866 -77.802672
20.455888 4.594760 -0.363715 20.455888 4.594760 -0.363715 2.670340 1.161122 0.009113 14.920518 219.095098 -146.009376
22.045473 5.322087 -0.387246 22.045473 5.322087 -0.387246 2.602764 1.248661 -0.092079 -240.176106 72.699384 -191.295602
23.553028 6.075758 -0.478380 23.553028 6.075758 -0.478380 2.404304 1.249225 -0.214124 -421.356368 -70.818892 -215.521062
24.919766 6.812545 -0.645648 24.919766 6.812545 -0.645648 2.151490 1.206733 -0.343436 -421.356368 -70.818892 -215.521062
