10.308173 3.784974 -7.287422 10.308173 3.784974 -7.287422 0.772414 0.222269 0.977942 48.412218 -150.437249 -426.395475
10.780336 3.891257 -6.777408 10.780336 3.891257 -6.777408 0.801462 0.132007 0.722105 48.412218 -150.437249 -426.395475
11.271439 3.947616 -6.421068 11.271439 3.947616 -6.421068 0.838066 0.062912 0.465412 73.600899 -79.877935 -429.249300
11.783020 3.978478 -6.215875 11.783020 3.978478 -6.215875 0.859697 0.052448 0.223918 -1.496209 44.996471 -375.729285
12.293419 4.025316 -6.142631 12.293419 4.025316 -6.142631 0.833050 0.115799 0.031098 -87.327578 166.174794 -267.002999
12.771396 4.129816 -6.164288 12.771396 4.129816 -6.164288 0.749981 0.241047 -0.090380 -189.567256 251.318005 -137.925016
13.180675 4.322693 -6.236924 13.180675 4.322693 -6.236924 0.603300 0.406894 -0.141039 -299.371801 301.506524 -30.937720
13.482443 4.621744 -6.320133 13.482443 4.621744 -6.320133 0.392053 0.591013 -0.124689 -404.785176 312.222291 85.437571
13.640917 5.029737 -6.376615 13.640917 5.029737 -6.376615 0.129702 0.764273 -0.058663 -469.718202 265.311522 134.647590
13.631517 5.529852 -6.384131 13.631517 5.529852 -6.384131 -0.165485 0.892437 0.039355 -514.238810 161.899549 192.080367
13.439663 6.094456 -6.325944 13.439663 6.094456 -6.325944 -0.474029 0.989576 0.154603 -514.238810 161.899549 192.080367
