-10.632729 -3.523593 -7.261992 -10.632729 -3.523593 -7.261992 1.796238 0.834601 0.209222 -66.457736 43.529647 21.488319
-9.566948 -3.014997 -7.132590 -9.566948 -3.014997 -7.132590 1.756364 0.860719 0.222115 -66.457736 43.529647 21.488319
-8.531929 -2.500065 -6.991993 -8.531929 -2.500065 -6.991993 1.682308 0.840162 0.252308 -180.393883 -112.052099 79.155100
-7.562370 -2.026740 -6.822146 -7.562370 -2.026740 -6.822146 1.537295 0.719915 0.320873 -302.984599 -288.770807 149.394896
-6.697206 -1.653828 -6.602238 -6.697206 -1.653828 -6.602238 1.342126 0.511359 0.412975 -347.577240 -406.415414 157.610473
-5.954506 -1.423871 -6.327550 -5.954506 -1.423871 -6.327550 1.133522 0.248991 0.500206 -347.770399 -468.144527 133.161766
-5.334094 -1.359450 -6.005929 -5.334094 -1.359450 -6.005929 0.939345 -0.035436 0.567746 -299.484363 -479.947915 91.971669
-4.819528 -1.463652 -5.654090 -4.819528 -1.463652 -5.654090 0.783985 -0.306153 0.596108 -218.383275 -422.441056 2.566762
-4.382485 -1.717183 -5.301618 -4.382485 -1.717183 -5.301618 0.682761 -0.528617 0.569378 -119.031440 -319.106442 -91.665425
-3.988519 -2.083506 -4.984264 -3.988519 -2.083506 -4.984264 0.640015 -0.678645 0.475509 -23.455873 -180.987188 -221.232525
-3.603960 -2.513539 -4.745447 -3.603960 -2.513539 -4.745447 0.649804 -0.738582 0.309436 56.086579 -18.800683 -332.344180
-3.200813 -2.951393 -4.622616 -3.200813 -2.951393 -4.622616 0.699301 -0.706463 0.094989 108.905490 125.863351 -382.478102
-2.760638 -3.345468 -4.635985 -2.760638 -3.345468 -4.635985 0.769600 -0.595211 -0.142081 125.424515 244.975899 -407.755746
-2.277629 -3.653768 -4.794303 -2.277629 -3.653768 -4.794303 0.838217 -0.424569 -0.385103 103.296469 323.830573 -402.317315
-1.759132 -3.848446 -5.092688 -1.759132 -3.848446 -5.092688 0.885065 -0.221400 -0.601025 52.863911 353.400092 -317.424722
-1.222122 -3.919468 -5.501219 -1.222122 -3.919468 -5.501219 0.899061 -0.018331 -0.745373 -6.208333 323.495487 -163.734613
-0.687615 -3.876368 -5.967391 -0.687615 -3.876368 -5.967391 0.876273 0.155113 -0.790997 -69.751817 254.651175 11.654773
-0.177025 -3.742690 -6.428590 -0.177025 -3.742690 -6.428590 0.821331 0.281768 -0.727495 -113.389640 167.533471 200.020016
0.294154 -3.549842 -6.817420 0.294154 -3.549842 -6.817420 0.747248 0.350443 -0.549165 -133.554564 61.383331 394.411706
0.718894 -3.335422 -7.065455 0.718894 -3.335422 -7.065455 0.669270 0.352799 -0.260170 -126.369506 -53.531815 568.906175
1.101292 -3.138953 -7.111220 1.101292 -3.138953 -7.111220 0.611359 0.292809 0.120841 -66.667504 -146.432551 701.129163
1.462493 -2.992242 -6.909009 1.462493 -2.992242 -6.909009 0.603290 0.191868 0.559036 39.769961 -190.040039 759.521659
1.838615 -2.911757 -6.438421 1.838615 -2.911757 -6.438421 0.662097 0.075702 1.007011 156.251311 -197.178569 733.726683
2.271252 -2.899330 -5.706876 2.271252 -2.899330 -5.706876 0.792118 -0.030119 1.423585 277.154115 -155.558083 654.855770
2.804237 -2.940738 -4.744576 2.804237 -2.940738 -4.744576 0.997540 -0.100135 1.767874 407.584523 -77.827442 492.772726
3.481465 -3.009338 -3.607608 3.481465 -3.009338 -3.607608 1.268789 -0.119381 2.001262 496.578482 13.672338 285.188312
4.335210 -3.071295 -2.369026 4.335210 -3.071295 -2.369026 1.582173 -0.075124 2.104827 548.035840 133.850078 60.027235
5.382477 -3.085560 -1.110426 5.382477 -3.085560 -1.110426 1.907576 0.038771 2.065340 536.641229 245.800806 -191.651056
6.619326 -3.014136 0.082081 6.619326 -3.014136 0.082081 2.208100 0.205838 1.889349 465.105791 311.090305 -394.983123
8.020249 -2.833236 1.134534 8.020249 -2.833236 1.134534 2.448884 0.399496 1.602063 337.506111 334.436195 -562.637976
9.539896 -2.533449 1.989202 9.539896 -2.533449 1.989202 2.599216 0.599614 1.238006 163.601776 332.624163 -650.885292
11.116347 -2.117500 2.612729 11.116347 -2.117500 2.612729 2.634744 0.780726 0.836888 -45.175772 271.080729 -686.175064
12.675777 -1.607184 2.994069 12.675777 -1.607184 2.994069 2.541214 0.908808 0.438776 -266.591167 155.860229 -640.865100
14.140738 -1.042088 3.149316 14.140738 -1.042088 3.149316 2.322354 0.961102 0.090939 -462.941823 18.454282 -518.591077
15.442147 -0.471029 3.120864 15.442147 -0.471029 3.120864 2.001220 0.927558 -0.168558 -607.506157 -130.267362 -346.399069
16.527841 0.052997 2.968948 16.527841 0.052997 2.968948 1.608283 0.804092 -0.318543 -702.280729 -281.287051 -153.549884
17.364554 0.477737 2.762007 17.364554 0.477737 2.762007 1.177685 0.599902 -0.351559 -733.048458 -399.345768 43.494232
17.941907 0.761456 2.569994 17.941907 0.761456 2.569994 0.751307 0.338596 -0.269992 -688.210714 -471.675829 228.397760
18.277745 0.879901 2.457157 18.277745 0.879901 2.457157 0.383042 0.056536 -0.092719 -539.339212 -468.522601 362.511031
18.423068 0.833647 2.472300 18.423068 0.833647 2.472300 0.122334 -0.203787 0.152399 -329.686232 -399.222621 454.550716
18.446716 0.644288 2.647657 18.446716 0.644288 2.647657 -0.027524 -0.419453 0.435618 -169.841279 -319.663532 489.510479
18.399630 0.335077 2.997139 18.399630 0.335077 2.997139 -0.129429 -0.611251 0.729324 -169.841279 -319.663532 489.510479
