7.905147 2.221664 11.665322 7.905147 2.221664 11.665322 2.459070 0.119588 0.671471 -120.587338 -84.052373 -762.261151
9.358884 2.278287 11.930997 9.358884 2.278287 11.930997 2.386718 0.069156 0.214114 -120.587338 -84.052373 -762.261151
10.758984 2.300331 11.925251 10.758984 2.300331 11.925251 2.263241 -0.002877 -0.228282 -291.000684 -156.057409 -712.393358
12.051885 2.267103 11.666170 12.051885 2.267103 11.666170 2.025322 -0.113571 -0.625121 -502.062797 -212.922771 -610.402348
13.167343 2.159553 11.193005 13.167343 2.159553 11.193005 1.677266 -0.246731 -0.932464 -658.123733 -230.945344 -414.073274
14.049742 1.971035 10.570375 14.049742 1.971035 10.570375 1.254900 -0.379847 -1.124001 -749.762468 -212.772826 -224.384699
14.666350 1.710056 9.868670 14.666350 1.710056 9.868670 0.798164 -0.481371 -1.193207 -772.691609 -125.643621 -6.300357
15.009290 1.403998 9.161908 15.009290 1.403998 9.161908 0.350183 -0.529854 -1.145505 -720.579252 -35.965778 165.305205
15.096944 1.087890 8.514549 15.096944 1.087890 8.514549 -0.045923 -0.510039 -0.995381 -599.773039 102.015297 335.109545
14.972987 0.806016 7.983150 14.972987 0.806016 7.983150 -0.348007 -0.419898 -0.766767 -407.173394 198.454678 426.936269
14.706211 0.594950 7.601659 14.706211 0.594950 7.601659 -0.515718 -0.275068 -0.502002 -151.864349 284.312754 455.614699
14.380717 0.484924 7.382524 14.380717 0.484924 7.382524 -0.550473 -0.085289 -0.228356 36.013730 348.285574 456.535912
14.056915 0.496442 7.327686 14.056915 0.496442 7.327686 -0.528865 0.123683 0.045565 36.013730 348.285574 456.535912
