-1.820324 1.464938 -9.888642 -1.820324 1.464938 -9.888642 0.201303 0.737719 1.183183 83.097951 -76.114551 638.649547
-1.684584 1.893868 -9.063775 -1.684584 1.893868 -9.063775 0.251162 0.692050 1.566373 83.097951 -76.114551 638.649547
-1.519666 2.289855 -8.017211 -1.519666 2.289855 -8.017211 0.297337 0.618666 1.908482 70.820059 -168.499722 501.712561
-1.331086 2.625698 -6.795114 -1.331086 2.625698 -6.795114 0.326981 0.492434 2.143007 27.993897 -252.274164 280.037419
-1.134718 2.873494 -5.472959 -1.134718 2.873494 -5.472959 0.319479 0.329796 2.240751 -53.003072 -289.853042 45.777901
-0.957968 3.019993 -4.134287 -0.957968 3.019993 -4.134287 0.260697 0.159859 2.198121 -142.936450 -276.603012 -187.878602
-0.832154 3.069337 -2.861403 -0.832154 3.069337 -2.861403 0.150554 0.009982 2.024545 -224.205134 -222.986081 -390.708577
-0.787543 3.041872 -1.725783 -0.787543 3.041872 -1.725783 -0.010791 -0.090393 1.746218 -313.610769 -111.598402 -537.047154
-0.853351 2.974640 -0.779720 -0.853351 2.974640 -0.779720 -0.213374 -0.121896 1.398995 -361.668621 6.588592 -620.364777
-1.044919 2.910962 -0.052826 -1.044919 2.910962 -0.052826 -0.422592 -0.076572 1.022589 -335.724600 144.492533 -634.320596
-1.356725 2.899063 0.449435 -1.356725 2.899063 0.449435 -0.613128 0.050297 0.656426 -299.394615 278.403225 -586.223964
-1.772432 2.984888 0.744983 -1.772432 2.984888 0.744983 -0.762460 0.245013 0.340756 -198.378679 370.649446 -466.009706
-2.256079 3.202254 0.875182 -2.256079 3.202254 0.875182 -0.833799 0.485610 0.109284 -39.419068 431.341987 -305.562281
-2.752020 3.571774 0.895789 -2.752020 3.571774 0.895789 -0.800279 0.746975 -0.023863 151.152268 439.875167 -138.262172
-3.195220 4.094441 0.866460 -3.195220 4.094441 0.866460 -0.660790 0.987421 -0.057442 313.813201 361.611567 26.332335
-3.524804 4.745175 0.846482 -3.524804 4.745175 0.846482 -0.420484 1.170345 0.007095 487.204833 248.134063 188.791701
-3.680448 5.483253 0.891308 -3.680448 5.483253 0.891308 -0.083413 1.275258 0.153305 636.368038 101.574007 298.575047
-3.611440 6.255706 1.039868 -3.611440 6.255706 1.039868 0.320958 1.281279 0.346618 711.532989 -81.501775 345.800002
-3.290646 6.999621 1.310716 -3.290646 6.999621 1.310716 0.748591 1.181467 0.557265 713.911181 -251.205569 356.358482
-2.716162 7.653189 1.707328 -2.716162 7.653189 1.707328 1.161065 0.980268 0.761619 661.002415 -419.457378 324.821129
-1.909105 8.158919 2.218866 -1.909105 8.158919 2.218866 1.514857 0.693950 0.937008 518.302926 -534.936842 259.810451
-0.917837 8.475742 2.822635 -0.917837 8.475742 2.822635 1.771135 0.356695 1.066883 335.958772 -589.244359 173.104377
0.192064 8.584825 3.488499 0.192064 8.584825 3.488499 1.906449 0.008798 1.143622 115.086882 -570.414786 82.694238
1.342228 8.491756 4.184390 1.342228 8.491756 4.184390 1.903396 -0.311817 1.167403 -125.263715 -498.300822 -3.424437
2.448367 8.222354 4.881365 2.448367 8.222354 4.881365 1.761479 -0.573882 1.151095 -347.790904 -375.249027 -50.936993
3.432069 7.821019 5.562330 3.432069 7.821019 5.562330 1.499889 -0.746336 1.117918 -524.177222 -199.598995 -59.653053
4.230820 7.348596 6.223419 4.230820 7.348596 6.223419 1.151229 -0.809563 1.087506 -638.023235 -11.157428 -41.720265
4.803427 6.872170 6.870657 4.803427 6.872170 6.870657 0.751985 -0.759660 1.073692 -692.790385 177.501348 -4.326206
5.131170 6.458099 7.518433 5.131170 6.458099 7.518433 0.342585 -0.604282 1.092795 -671.875325 340.426406 68.004089
5.222932 6.163687 8.190350 5.222932 6.163687 8.190350 -0.024799 -0.365629 1.153590 -552.739323 455.084371 134.645136
5.117486 6.029347 8.909066 5.117486 6.029347 8.909066 -0.311809 -0.076966 1.246009 -403.961022 507.124782 173.418251
4.869801 6.073985 9.689293 4.869801 6.073985 9.689293 -0.493619 0.224982 1.357091 -202.069256 499.369154 196.856193
4.550427 6.294755 10.538674 4.550427 6.294755 10.538674 -0.549012 0.504075 1.473665 17.424571 430.939064 191.721855
4.236999 6.667059 11.453621 4.236999 6.667059 11.453621 -0.474340 0.724088 1.569889 231.481303 302.438265 129.024721
4.003461 7.146822 12.412819 4.003461 7.146822 12.412819 -0.288456 0.859907 1.617502 388.133565 150.290216 29.687186
3.907543 7.680267 13.380870 3.907543 7.680267 13.380870 -0.019120 0.902328 1.596342 509.650998 -8.885031 -100.220868
3.992590 8.210616 14.312316 3.992590 8.210616 14.312316 0.310582 0.849752 1.494612 589.357165 -166.369737 -238.880278
4.284887 8.682421 15.157587 4.284887 8.682421 15.157587 0.663511 0.709431 1.308797 587.073846 -301.364817 -380.503335
4.784464 9.049395 15.867104 4.784464 9.049395 15.867104 0.994741 0.506421 1.044142 517.023748 -375.336693 -501.680847
5.468268 9.284785 16.398489 5.468268 9.284785 16.398489 1.274431 0.276707 0.719144 415.278487 -390.376431 -581.644450
6.300354 9.381674 16.724531 6.300354 9.381674 16.724531 1.486986 0.048146 0.366419 293.238576 -371.493778 -594.105967
7.237023 9.347296 16.840316 7.237023 9.347296 16.840316 1.621401 -0.156734 0.024319 154.808363 -311.440490 -546.227195
8.229820 9.204229 16.762809 8.229820 9.204229 16.762809 1.674741 -0.308435 -0.272307 22.994694 -194.228420 -442.525444
9.233424 8.991244 16.529772 9.233424 8.991244 16.529772 1.661638 -0.389785 -0.487812 -66.674327 -76.938350 -275.823688
10.215189 8.750553 16.201083 10.215189 8.750553 16.201083 1.605551 -0.400806 -0.585076 -120.281664 40.201589 -48.389691
11.154795 8.523074 15.851808 11.154795 8.523074 15.851808 1.523013 -0.347844 -0.561706 -154.843973 136.338959 126.288407
12.040731 8.338908 15.537517 12.040731 8.338908 15.537517 1.430107 -0.266041 -0.485933 -154.843973 136.338959 126.288407
