-10.640742 0.020603 -4.675042 -10.640742 0.020603 -4.675042 0.146062 -0.742593 1.215560 347.522826 222.762235 -75.545204
-10.490550 -0.384855 -3.959305 -10.490550 -0.384855 -3.959305 0.354576 -0.608936 1.170233 347.522826 222.762235 -75.545204
-10.211106 -0.703714 -3.267550 -10.211106 -0.703714 -3.267550 0.583811 -0.443252 1.140970 416.595310 329.516797 -21.995798
-9.781791 -0.904810 -2.583646 -9.781791 -0.904810 -2.583646 0.853976 -0.217829 1.144180 483.952591 421.892275 32.696018
-9.181677 -0.958630 -1.888258 -9.181677 -0.958630 -1.888258 1.147431 0.039994 1.178771 494.231105 437.518060 82.607999
-8.407219 -0.857835 -1.164019 -8.407219 -0.857835 -1.164019 1.429161 0.292730 1.238870 444.869964 404.936488 117.721358
-7.476275 -0.614498 -0.398263 -7.476275 -0.614498 -0.398263 1.662939 0.509745 1.315719 334.389444 318.447349 138.439693
-6.427691 -0.259094 0.413950 -6.427691 -0.259094 0.413950 1.816723 0.661994 1.388099 178.224793 189.048426 102.827509
-5.315735 0.162266 1.262129 -5.315735 0.162266 1.262129 1.872866 0.726096 1.433849 8.917854 24.625185 49.673887
-4.202869 0.590969 2.125758 -4.202869 0.590969 2.125758 1.815924 0.683935 1.435542 -198.722704 -165.161864 -44.030505
-3.160243 0.961995 2.971625 -3.160243 0.961995 2.971625 1.640896 0.536810 1.371463 -384.706623 -325.255756 -169.566057
-2.253735 1.218041 3.756615 -2.253735 1.218041 3.756615 1.366162 0.304189 1.232890 -531.072061 -450.147234 -292.346220
-1.536251 1.314335 4.438090 -1.536251 1.314335 4.438090 1.014417 0.008138 1.029302 -641.410965 -536.689706 -386.280400
-1.044327 1.221636 4.982733 -1.044327 1.221636 4.982733 0.623210 -0.318768 0.780497 -662.611649 -552.997148 -443.069780
-0.786327 0.933907 5.369528 -0.786327 0.933907 5.369528 0.242359 -0.635207 0.505903 -606.894051 -501.797008 -472.243361
-0.743667 0.468766 5.589441 -0.743667 0.468766 5.589441 -0.089345 -0.904755 0.229434 -498.785907 -396.696639 -449.317189
-0.876384 -0.136187 5.652878 -0.876384 -0.136187 5.652878 -0.335262 -1.096244 -0.006892 -320.937823 -241.602701 -338.438622
-1.122211 -0.826108 5.596175 -1.122211 -0.826108 5.596175 -0.462325 -1.184637 -0.168198 -102.605364 -53.040120 -199.245383
-1.403104 -1.534080 5.470192 -1.403104 -1.534080 5.470192 -0.449036 -1.154671 -0.233744 146.902272 152.926919 -19.242347
-1.632873 -2.189141 5.338749 -1.632873 -2.189141 5.338749 -0.294841 -1.011841 -0.183957 367.082166 323.172632 185.198725
-1.732718 -2.730143 5.272820 -1.732718 -2.730143 5.272820 -0.019669 -0.778281 -0.017292 550.157596 455.360309 370.350930
-1.636688 -3.109795 5.339822 -1.636688 -3.109795 5.339822 0.354443 -0.478306 0.258491 696.883380 544.557992 548.925117
-1.294887 -3.298052 5.600399 -1.294887 -3.298052 5.600399 0.791053 -0.148036 0.621225 758.483397 556.340368 660.188827
-0.684273 -3.289450 6.093940 -0.684273 -3.289450 6.093940 1.243416 0.172180 1.027202 749.392022 511.046288 693.068713
0.192085 -3.099765 6.833370 0.192085 -3.099765 6.833370 1.670143 0.450752 1.434824 673.033152 417.529835 665.670077
1.305701 -2.762835 7.808245 1.305701 -2.762835 7.808245 2.025881 0.657885 1.805027 512.758734 272.911786 568.341976
2.602201 -2.329677 8.983300 2.602201 -2.329677 8.983300 2.276913 0.768148 2.094716 324.015614 94.633685 397.285961
4.015436 -1.861113 10.299345 4.015436 -1.861113 10.299345 2.415140 0.778130 2.271608 136.739629 -61.361596 192.353580
5.476805 -1.413914 11.682436 5.476805 -1.413914 11.682436 2.435546 0.698144 2.314532 -68.720956 -205.257315 -49.272349
6.914797 -1.038251 13.047646 6.914797 -1.038251 13.047646 2.339485 0.543604 2.211768 -251.479684 -309.878844 -293.275535
8.266204 -0.770979 14.309410 8.266204 -0.770979 14.309410 2.153510 0.342117 1.973267 -368.439045 -361.744709 -501.726144
9.486957 -0.630851 15.394855 9.486957 -0.630851 15.394855 1.907277 0.124931 1.631210 -452.337567 -362.206520 -638.464817
10.549034 -0.618139 16.253421 10.549034 -0.618139 16.253421 1.631530 -0.077640 1.221949 -466.817204 -313.031102 -725.739201
11.447933 -0.714754 16.855299 11.447933 -0.714754 16.855299 1.371478 -0.233884 0.783212 -400.022201 -207.781295 -736.716575
12.203355 -0.885835 17.195764 12.203355 -0.885835 17.195764 1.154164 -0.325306 0.356916 -324.360192 -96.959468 -684.270354
12.837469 -1.098471 17.286744 12.837469 -1.098471 17.286744 0.959548 -0.383482 -0.053646 -324.360192 -96.959468 -684.270354
