-4.777636 5.355509 -6.283738 -4.777636 5.355509 -6.283738 2.387454 -0.139819 -0.953885 -587.259311 105.010420 -198.211687
-3.450870 5.290520 -6.891747 -3.450870 5.290520 -6.891747 2.035099 -0.076813 -1.072812 -587.259311 105.010420 -198.211687
-2.340801 5.266468 -7.559983 -2.340801 5.266468 -7.559983 1.656325 0.001863 -1.136093 -675.318762 157.241633 -12.724223
-1.469884 5.298503 -8.230105 -1.469884 5.298503 -8.230105 1.244533 0.109281 -1.074608 -697.322872 200.817963 217.673240
-0.845136 5.399574 -8.824227 -0.845136 5.399574 -8.824227 0.843868 0.226548 -0.886696 -638.225970 190.073266 408.701798
-0.445841 5.566397 -9.274602 -0.445841 5.566397 -9.274602 0.500209 0.323997 -0.601096 -507.304892 134.755935 543.296744
-0.227018 5.779854 -9.532743 -0.227018 5.779854 -9.532743 0.245888 0.378865 -0.251500 -340.430842 48.137192 622.024992
-0.128094 6.009696 -9.571386 -0.128094 6.009696 -9.571386 0.104974 0.377039 0.123176 -129.283091 -54.222658 626.892098
-0.076346 6.219232 -9.388359 -0.076346 6.219232 -9.388359 0.087578 0.309871 0.480714 71.294923 -169.671809 564.902340
0.000618 6.369495 -9.004387 0.000618 6.369495 -9.004387 0.188275 0.182473 0.788965 264.362978 -254.987363 462.602291
0.169446 6.430290 -8.455863 0.169446 6.430290 -8.455863 0.388281 0.015526 1.025905 402.323998 -301.501650 327.197711
0.479771 6.384571 -7.790536 0.479771 6.384571 -7.790536 0.654364 -0.169196 1.176664 484.619590 -314.238482 175.332845
0.962201 6.228460 -7.061617 0.962201 6.228460 -7.061617 0.958036 -0.347891 1.238667 527.619232 -281.411936 31.340751
1.629470 5.974684 -6.319906 1.629470 5.974684 -6.319906 1.261988 -0.488676 1.221821 485.554227 -187.871401 -87.491500
2.469105 5.655111 -5.606520 2.469105 5.655111 -5.606520 1.528534 -0.564151 1.149534 402.932433 -63.712449 -153.466573
3.452510 5.313135 -4.946619 3.452510 5.313135 -4.946619 1.739078 -0.562465 1.046480 298.882356 69.332409 -190.045501
4.542402 4.996807 -4.353420 4.542402 4.996807 -4.353420 1.881637 -0.477508 0.930045 176.314577 213.858992 -198.072928
5.695743 4.756514 -3.828158 5.695743 4.756514 -3.828158 1.950536 -0.310611 0.825644 53.346404 342.464174 -149.931245
6.868898 4.636487 -3.355857 6.868898 4.636487 -3.355857 1.948704 -0.081651 0.755199 -59.451840 420.734564 -84.882835
8.023184 4.664789 -2.913923 8.023184 4.664789 -2.913923 1.891857 0.178589 0.724732 -130.038370 446.734031 -16.673647
9.133826 4.850364 -2.478312 9.133826 4.850364 -2.478312 1.808508 0.436678 0.733594 -147.792317 413.560046 46.213270
10.192314 5.181702 -2.027585 10.192314 5.181702 -2.027585 1.719761 0.659267 0.772580 -148.031516 328.402935 83.740355
11.199430 5.628819 -1.548741 11.199430 5.628819 -1.548741 1.640471 0.818531 0.823940 -116.267354 202.479730 87.459651
12.166652 6.145813 -1.040781 12.166652 6.145813 -1.040781 1.590049 0.887165 0.865679 -51.804294 26.297742 51.667845
13.114419 6.671381 -0.515463 13.114419 6.671381 -0.515463 1.574276 0.845622 0.879734 -0.773718 -164.771876 -4.814825
14.062284 7.139223 0.007076 14.062284 7.139223 0.007076 1.591004 0.697395 0.854670 56.532304 -329.317768 -78.732144
15.028682 7.489875 0.500429 15.028682 7.489875 0.500429 1.633024 0.457264 0.781044 83.537034 -471.119005 -166.688787
16.022098 7.674099 0.934434 16.022098 7.674099 0.934434 1.675971 0.147926 0.657943 59.618600 -560.010150 -243.647194
17.035839 7.660689 1.282413 17.035839 7.660689 1.282413 1.698878 -0.194899 0.497105 16.736365 -582.739874 -292.480652
18.053835 7.440607 1.526962 18.053835 7.440607 1.526962 1.687203 -0.535786 0.316278 -55.650425 -553.549293 -310.277541
19.049538 7.025844 1.663601 19.049538 7.025844 1.663601 1.620801 -0.836183 0.143721 -165.690880 -447.772259 -264.910380
19.985218 6.454100 1.708350 19.985218 6.454100 1.708350 1.486506 -1.052021 0.015777 -281.959728 -271.687875 -161.569279
20.822400 5.783579 1.695071 20.822400 5.783579 1.695071 1.297486 -1.167058 -0.049476 -348.105701 -111.771784 -55.942538
21.538232 5.063225 1.655316 21.538232 5.063225 1.655316 1.088623 -1.234122 -0.083042 -348.105701 -111.771784 -55.942538
