-7.545558 2.025843 0.146565 -7.545558 2.025843 0.146565 -1.058297 0.966383 -0.445514 467.235228 258.540442 626.915407
-8.096434 2.652210 -0.007899 -8.096434 2.652210 -0.007899 -0.777956 1.121507 -0.069365 467.235228 258.540442 626.915407
-8.474353 3.363259 0.059297 -8.474353 3.363259 0.059297 -0.473853 1.234669 0.286632 546.439999 118.664443 559.742764
-8.656173 4.113496 0.322040 -8.656173 4.113496 0.322040 -0.125329 1.246247 0.572530 615.307412 -80.070791 393.248276
-8.620939 4.837496 0.724972 -8.620939 4.837496 0.724972 0.242239 1.151525 0.751626 609.920708 -235.668517 203.739756
-8.371419 5.478702 1.201582 -8.371419 5.478702 1.201582 0.580143 0.973682 0.818674 516.424050 -357.142081 19.752151
-7.936777 5.994326 1.686326 -7.936777 5.994326 1.686326 0.857998 0.737899 0.780447 409.761531 -428.800719 -147.174043
-7.357015 6.359020 2.120132 -7.357015 6.359020 2.120132 1.059887 0.476314 0.652292 263.201705 -443.149908 -280.010195
-6.682559 6.567786 2.455667 -6.682559 6.567786 2.455667 1.173542 0.224145 0.457093 115.645542 -397.413856 -370.652749
-5.965695 6.636008 2.660545 -5.965695 6.636008 2.660545 1.202542 0.012044 0.221401 -18.976833 -309.588768 -414.986786
-5.252824 6.593812 2.720392 -5.252824 6.593812 2.720392 1.164964 -0.142190 -0.019073 -106.282348 -204.525565 -386.592274
-4.576971 6.479966 2.642985 -4.576971 6.479966 2.642985 1.081222 -0.223492 -0.232911 -172.859909 -66.481603 -326.200805
-3.960518 6.341839 2.449345 -3.960518 6.341839 2.449345 0.971678 -0.223702 -0.404521 -192.284418 65.784302 -245.832553
-3.409771 6.224540 2.168860 -3.409771 6.224540 2.168860 0.868064 -0.158828 -0.519633 -153.095311 150.461910 -137.877223
-2.913802 6.159763 1.838711 -2.913802 6.159763 1.838711 0.789645 -0.051369 -0.570113 -108.304461 207.735030 -30.388875
-2.455603 6.168066 1.495583 -2.455603 6.168066 1.495583 0.744199 0.081930 -0.566298 -43.180350 236.594285 43.106362
-2.012605 6.257844 1.166248 -2.012605 6.257844 1.166248 0.739547 0.214054 -0.527010 27.674062 203.818831 87.852360
-1.560198 6.417944 0.866350 -1.560198 6.417944 0.866350 0.774634 0.311246 -0.471823 89.282824 120.156165 96.104278
-1.079047 6.621139 0.599521 -1.079047 6.621139 0.599521 0.829703 0.357433 -0.419330 94.278512 33.798985 78.874960
-0.565055 6.835775 0.359381 -0.565055 6.835775 0.359381 0.882273 0.348175 -0.385704 80.956745 -64.657476 33.209905
-0.022836 7.026305 0.130025 -0.022836 7.026305 0.130025 0.922262 0.275697 -0.385336 52.339829 -176.936816 -31.983904
0.536013 7.155661 -0.110422 0.536013 7.155661 -0.110422 0.934016 0.148463 -0.421967 -13.160801 -247.175893 -90.119492
1.088273 7.198987 -0.381968 1.088273 7.198987 -0.381968 0.897219 -0.006142 -0.486755 -109.494538 -268.175245 -125.839784
1.601352 7.147607 -0.697621 1.601352 7.147607 -0.697621 0.803803 -0.164163 -0.567006 -201.894237 -258.561383 -141.661871
2.043741 7.006184 -1.061280 2.043741 7.006184 -1.061280 0.664907 -0.301224 -0.641784 -261.090804 -198.307338 -107.599009
2.394146 6.796044 -1.461679 2.394146 6.796044 -1.461679 0.500541 -0.388757 -0.686146 -286.797032 -93.470294 -40.273455
2.643627 6.552699 -1.874388 2.643627 6.552699 -1.874388 0.332358 -0.411170 -0.679174 -273.813097 18.758702 63.512205
2.796235 6.317061 -2.263307 2.796235 6.317061 -2.263307 0.180470 -0.361478 -0.605302 -232.480445 146.882821 182.729412
2.869929 6.133670 -2.586225 2.869929 6.133670 -2.586225 0.077274 -0.238064 -0.458805 -111.504802 264.496721 305.593957
2.905408 6.043640 -2.798714 2.905408 6.043640 -2.798714 0.056297 -0.053373 -0.236510 41.580241 351.139653 435.387390
2.956178 6.077491 -2.856893 2.956178 6.077491 -2.856893 0.128786 0.170660 0.051508 200.050248 395.637022 524.674809
3.080129 6.250105 -2.729897 3.080129 6.250105 -2.729897 0.302169 0.403061 0.374561 377.892670 379.032708 552.165535
3.338156 6.555138 -2.406673 3.338156 6.555138 -2.406673 0.572426 0.605332 0.701350 522.965775 295.204736 537.131906
3.782556 6.963862 -1.894247 3.782556 6.963862 -1.894247 0.920259 0.744396 0.998286 636.476907 168.341865 452.656478
4.451581 7.431063 -1.223584 4.451581 7.431063 -1.223584 1.313663 0.796707 1.220946 674.868853 6.028798 289.542759
5.360974 7.902224 -0.448108 5.360974 7.902224 -0.448108 1.717181 0.760584 1.348627 670.190854 -126.438208 136.060257
6.511917 8.335816 0.385559 6.511917 8.335816 0.385559 2.119295 0.684721 1.430263 670.190854 -126.438208 136.060257
