4.348815 4.764761 2.264835 4.348815 4.764761 2.264835 1.051182 0.537606 1.046708 -205.698786 -250.981061 -450.042080
4.942498 5.042149 2.811852 4.942498 5.042149 2.811852 0.927763 0.387018 0.776682 -205.698786 -250.981061 -450.042080
5.468214 5.229538 3.190448 5.468214 5.229538 3.190448 0.834762 0.238203 0.474626 -104.305170 -245.066850 -556.813349
5.957459 5.331717 3.371990 5.957459 5.331717 3.371990 0.807994 0.108010 0.125504 15.077881 -188.910383 -606.924843
6.450049 5.367620 3.338987 6.450049 5.367620 3.338987 0.842436 0.020170 -0.233950 99.728388 -103.888753 -591.255422
6.974632 5.366702 3.097214 6.974632 5.366702 3.097214 0.908129 -0.013764 -0.563586 119.248877 -9.227385 -507.531328
7.540852 5.363156 2.675891 7.540852 5.363156 2.675891 0.979068 0.012565 -0.827185 117.214802 96.992232 -371.133204
8.148394 5.393934 2.121920 8.148394 5.393934 2.121920 1.044406 0.099661 -1.004145 100.577242 193.328636 -218.733240
8.788744 5.491270 1.489531 8.788744 5.491270 1.489531 1.082766 0.229362 -1.088038 27.290246 239.008628 -60.908551
9.440208 5.671338 0.834021 9.440208 5.671338 0.834021 1.083605 0.369908 -1.083199 -24.493801 229.475868 77.038512
10.082281 5.933268 0.204382 10.082281 5.933268 0.204382 1.050504 0.500993 -1.004911 -85.843156 207.474540 183.918719
10.694966 6.264836 -0.360592 10.694966 6.264836 -0.360592 0.988171 0.593612 -0.870224 -121.932362 101.255658 265.038500
11.266592 6.632159 -0.833926 11.266592 6.632159 -0.833926 0.918365 0.619014 -0.705731 -110.754222 -16.581336 283.271105
11.798656 6.993897 -1.207129 11.798656 6.993897 -1.207129 0.856816 0.575636 -0.539534 -94.408062 -128.013120 270.718426
12.300133 7.306962 -1.485170 12.300133 7.306962 -1.485170 0.822077 0.452456 -0.392350 -21.389149 -282.585927 219.895835
12.795272 7.521535 -1.685662 12.795272 7.521535 -1.685662 0.837956 0.252732 -0.283730 74.319721 -383.162619 142.171018
13.317517 7.600729 -1.833807 13.317517 7.600729 -1.833807 0.913019 0.005454 -0.215917 175.888206 -441.096561 83.873450
13.903686 7.524165 -1.952378 13.903686 7.524165 -1.952378 1.052038 -0.261398 -0.186181 287.507856 -448.410492 15.245302
14.590563 7.288628 -2.063643 14.590563 7.288628 -2.063643 1.244059 -0.520366 -0.188538 352.564857 -414.813972 -23.100698
15.400460 6.901742 -2.180924 15.400460 6.901742 -2.180924 1.455598 -0.769254 -0.202398 352.564857 -414.813972 -23.100698
