-2.698841 -4.250526 -7.779633 -2.698841 -4.250526 -7.779633 0.886291 0.487616 -0.038092 -673.507096 352.832649 644.510257
-2.288298 -3.894447 -7.686476 -2.288298 -3.894447 -7.686476 0.482186 0.699315 0.348614 -673.507096 352.832649 644.510257
-2.121568 -3.420018 -7.369802 -2.121568 -3.420018 -7.369802 0.071329 0.867663 0.692792 -696.018733 208.326924 502.750789
-2.202452 -2.874441 -6.875258 -2.202452 -2.874441 -6.875258 -0.338272 0.930062 0.936306 -669.318005 -0.331263 308.960821
-2.520249 -2.328398 -6.269219 -2.520249 -2.328398 -6.269219 -0.711646 0.870193 1.064898 -575.259644 -199.230155 119.678670
-3.038581 -1.851447 -5.620022 -3.038581 -1.851447 -5.620022 -0.995791 0.704134 1.080284 -371.890525 -354.299324 -68.392371
-3.690189 -1.499150 -4.994067 -3.690189 -1.499150 -4.994067 -1.154890 0.459506 0.989724 -158.440846 -461.127811 -233.471962
-4.396874 -1.309864 -4.449814 -4.396874 -1.309864 -4.449814 -1.176117 0.165758 0.811860 87.683057 -518.033858 -359.408888
-5.074260 -1.303144 -4.030931 -5.074260 -1.303144 -4.030931 -1.060998 -0.142507 0.578518 296.047567 -509.514630 -418.396633
-5.646119 -1.476074 -3.758740 -5.646119 -1.476074 -3.758740 -0.826112 -0.426781 0.329436 486.906954 -438.067351 -411.879635
-6.044835 -1.803876 -3.632969 -6.044835 -1.803876 -3.632969 -0.487428 -0.654027 0.093547 642.037594 -319.417322 -374.414848
-6.217583 -2.243350 -3.638169 -6.217583 -2.243350 -3.638169 -0.081495 -0.793490 -0.100770 711.073232 -145.460633 -273.309895
-6.139312 -2.736799 -3.742536 -6.139312 -2.736799 -3.742536 0.341023 -0.836628 -0.238302 697.322340 1.667551 -185.128424
-5.809180 -3.238476 -3.918840 -5.809180 -3.238476 -3.918840 0.759417 -0.835628 -0.349379 697.322340 1.667551 -185.128424
