-2.070713 -5.839825 4.571762 -2.070713 -5.839825 4.571762 0.001882 -0.284116 0.471731 -308.881747 332.088878 694.985106
-2.125182 -5.950519 4.979898 -2.125182 -5.950519 4.979898 -0.183447 -0.084863 0.888722 -308.881747 332.088878 694.985106
-2.284298 -5.936662 5.634122 -2.284298 -5.936662 5.634122 -0.336021 0.139385 1.285183 -199.698763 415.404229 626.550230
-2.513089 -5.775205 6.509441 -2.513089 -5.775205 6.509441 -0.412005 0.403896 1.618261 -53.579727 466.300506 483.711105
-2.763799 -5.450715 7.555311 -2.763799 -5.450715 7.555311 -0.413467 0.674765 1.847715 48.704897 436.595220 281.134108
-2.998581 -4.971851 8.701745 -2.998581 -4.971851 8.701745 -0.361585 0.913813 1.952404 124.233902 360.231669 67.831716
-3.189639 -4.366093 9.871792 -3.189639 -4.366093 9.871792 -0.269388 1.093094 1.925075 183.089691 237.371813 -158.929825
-3.318292 -3.676213 10.985618 -3.318292 -3.676213 10.985618 -0.159419 1.191997 1.766662 183.474927 92.305997 -369.113716
-3.382909 -2.955591 11.970931 -3.382909 -2.955591 11.970931 -0.059286 1.191426 1.503974 150.300395 -94.212227 -506.510913
-3.394352 -2.268736 12.776055 -3.394352 -2.268736 12.776055 0.016263 1.079688 1.169625 101.532142 -278.244483 -607.986669
-3.370214 -1.678829 13.366786 -3.370214 -1.678829 13.366786 0.057705 0.873631 0.796800 36.605968 -408.615398 -634.762551
-3.332167 -1.233881 13.733255 -3.332167 -1.233881 13.733255 0.063846 0.600064 0.429172 -16.136774 -503.273640 -590.663871
-3.298226 -0.966676 13.888944 -3.298226 -0.966676 13.888944 0.046851 0.286881 0.097297 -40.512338 -540.669178 -515.586427
-3.278132 -0.890448 13.862603 -3.278132 -0.890448 13.862603 0.018925 -0.030421 -0.171620 -52.574159 -517.004732 -380.805697
-3.274207 -0.995911 13.700662 -3.274207 -0.995911 13.700662 -0.002456 -0.311371 -0.352223 -18.695328 -419.493198 -221.202970
-3.274468 -1.249137 13.458802 -3.274468 -1.249137 13.458802 0.009219 -0.517542 -0.438496 57.613090 -267.744413 -66.373871
-3.253572 -1.597862 13.190108 -3.253572 -1.597862 13.190108 0.068753 -0.628220 -0.446564 140.831615 -101.181266 39.480344
-3.180119 -1.980803 12.935152 -3.180119 -1.980803 12.935152 0.187512 -0.627911 -0.393496 255.031100 102.209008 137.414179
-3.016116 -2.328748 12.728273 -3.016116 -2.328748 12.728273 0.368480 -0.514565 -0.288627 348.198111 275.612627 212.148319
-2.727021 -2.578343 12.592890 -2.727021 -2.578343 12.592890 0.604057 -0.301529 -0.163307 437.057819 434.507854 205.584846
-2.283362 -2.675239 12.529544 -2.283362 -2.675239 12.529544 0.879065 -0.011774 -0.051792 479.633076 531.341564 166.131346
-1.670456 -2.585103 12.526032 -1.670456 -2.585103 12.526032 1.162510 0.314825 0.036184 465.183674 557.319697 127.123519
-0.894356 -2.298416 12.565110 -0.894356 -2.298416 12.565110 1.415926 0.636588 0.084888 379.537005 515.226332 35.220463
0.017947 -1.828081 12.619058 0.017947 -1.828081 12.619058 1.615803 0.923932 0.089398 286.721364 442.586025 -20.187153
1.039039 -1.194056 12.669063 1.039039 -1.194056 12.669063 1.787836 1.189484 0.077285 286.721364 442.586025 -20.187153
