8.562994 -4.590120 -9.519931 8.562994 -4.590120 -9.519931 0.700394 0.574777 -0.862592 -43.688499 -199.188142 255.407312
8.975366 -4.281108 -9.991513 8.975366 -4.281108 -9.991513 0.674181 0.455264 -0.709348 -43.688499 -199.188142 255.407312
9.369531 -4.044068 -10.362437 9.369531 -4.044068 -10.362437 0.635569 0.334424 -0.512550 -85.019771 -203.612842 400.584687
9.734240 -3.877978 -10.586351 9.734240 -3.877978 -10.586351 0.577911 0.222690 -0.214644 -107.173848 -168.834759 592.436805
10.062492 -3.769536 -10.601943 10.062492 -3.769536 -10.601943 0.517591 0.147478 0.173598 -93.891712 -81.871190 701.700915
10.358714 -3.689901 -10.368811 10.358714 -3.689901 -10.368811 0.474095 0.127780 0.607952 -51.094896 16.209907 746.147783
10.638230 -3.603596 -9.871311 10.638230 -3.603596 -9.871311 0.464719 0.171106 1.047751 19.839766 128.212189 719.847059
10.924695 -3.473140 -9.119292 10.924695 -3.473140 -9.119292 0.496940 0.271601 1.448642 87.564277 206.771212 616.456431
11.241159 -3.268798 -8.148611 11.241159 -3.268798 -8.148611 0.562169 0.416478 1.771182 129.867687 276.149604 458.677641
11.603824 -2.967132 -7.016289 11.603824 -2.967132 -7.016289 0.650027 0.592532 1.981647 162.990438 310.698492 242.871397
12.021436 -2.558709 -5.797995 12.021436 -2.558709 -5.797995 0.739107 0.763838 2.055316 133.942484 260.320901 2.693341
12.486979 -2.057000 -4.578400 12.486979 -2.057000 -4.578400 0.809322 0.902776 1.986533 100.109698 202.806704 -231.970257
12.984860 -1.486047 -3.440580 12.984860 -1.486047 -3.440580 0.840728 0.988371 1.785624 4.576040 82.509326 -437.727720
13.482743 -0.885425 -2.456890 13.482743 -0.885425 -2.456890 0.806583 1.001613 1.478522 -118.393100 -38.369993 -585.942981
13.936245 -0.300851 -1.680627 13.936245 -0.300851 -1.680627 0.689862 0.931155 1.100051 -270.677954 -196.488259 -675.628106
14.294187 0.215263 -1.143067 14.294187 0.215263 -1.143067 0.491193 0.777209 0.690389 -391.551192 -316.665158 -689.912181
14.512846 0.619495 -0.847739 14.512846 0.619495 -0.847739 0.228376 0.561741 0.302833 -484.503660 -401.562700 -601.940704
14.558056 0.881910 -0.768176 14.558056 0.881910 -0.768176 -0.085352 0.309061 -0.027270 -561.256715 -440.703533 -498.402233
14.405819 0.988020 -0.874251 14.405819 0.988020 -0.874251 -0.422106 0.044639 -0.326311 -561.256715 -440.703533 -498.402233
