5.157870 -1.922629 5.130376 5.157870 -1.922629 5.130376 -0.029733 0.078201 1.543307 -13.634129 163.073069 438.198667
5.137576 -1.846355 6.135236 5.137576 -1.846355 6.135236 -0.037913 0.176045 1.806226 -13.634129 163.073069 438.198667
5.108247 -1.705936 7.287932 5.108247 -1.705936 7.287932 -0.066732 0.301085 2.019570 -82.428998 253.727023 272.947485
5.048985 -1.473715 8.534104 5.048985 -1.473715 8.534104 -0.138118 0.482814 2.109835 -155.523481 352.035153 27.935388
4.935793 -1.119238 9.790725 4.935793 -1.119238 9.790725 -0.243067 0.701147 2.055059 -194.305600 375.742969 -210.521529
4.752919 -0.632290 10.972908 4.752919 -0.632290 10.972908 -0.369944 0.919727 1.863954 -228.620589 352.855498 -426.496032
4.489033 -0.021089 12.003843 4.489033 -0.021089 12.003843 -0.510955 1.110695 1.554715 -241.413495 283.704988 -604.299716
4.141815 0.689199 12.820793 4.141815 0.689199 12.820793 -0.641757 1.244935 1.156607 -194.593834 163.762403 -722.725043
3.728197 1.455968 13.382207 3.728197 1.455968 13.382207 -0.726198 1.294850 0.710675 -86.877003 2.618855 -763.718137
3.284019 2.223826 13.672789 3.284019 2.223826 13.672789 -0.742431 1.248804 0.260677 32.766891 -156.102560 -736.274792
2.852386 2.935869 13.702701 2.852386 2.935869 13.702701 -0.683133 1.109435 -0.150912 164.891912 -308.461030 -635.687773
2.481413 3.537903 13.507679 2.481413 3.537903 13.507679 -0.538067 0.883838 -0.482576 318.662270 -443.531559 -469.856772
2.223702 3.983975 13.145288 2.223702 3.983975 13.145288 -0.308017 0.595747 -0.705851 448.171332 -516.771852 -274.394051
2.125892 4.246717 12.684084 2.125892 4.246717 12.684084 -0.007467 0.277246 -0.811998 553.661786 -544.896306 -79.430361
2.223272 4.318621 12.194387 2.223272 4.318621 12.194387 0.335738 -0.031502 -0.800659 590.353822 -484.263810 117.226306
2.528872 4.218321 11.745116 2.528872 4.218321 11.745116 0.679415 -0.293219 -0.680207 555.236569 -388.127062 284.280971
3.031858 3.981432 11.393913 3.031858 3.981432 11.393913 0.989533 -0.481565 -0.480885 478.491861 -239.690919 380.125106
3.702850 3.660728 11.176903 3.702850 3.660728 11.176903 1.232345 -0.568483 -0.237314 330.880546 -50.038420 431.780038
4.490292 3.322496 11.112342 4.490292 3.322496 11.112342 1.373256 -0.539185 0.022285 138.822348 147.700442 433.548376
5.325787 3.036063 11.200108 5.325787 3.036063 11.200108 1.389317 -0.398102 0.264201 -85.286409 322.575625 372.838212
6.131035 2.862748 11.419810 6.131035 2.862748 11.419810 1.273194 -0.167148 0.458257 -301.788260 447.272252 274.015458
6.829803 2.848286 11.736897 6.829803 2.848286 11.736897 1.037989 0.127804 0.586716 -482.229820 535.898434 154.183112
7.356910 3.022763 12.110148 7.356910 3.022763 12.110148 0.704226 0.456009 0.646567 -630.313313 558.118460 45.319640
7.661334 3.393881 12.500076 7.661334 3.393881 12.500076 0.302764 0.776137 0.642907 -707.892938 508.977705 -57.518841
7.714519 3.944202 12.870716 7.714519 3.944202 12.870716 -0.127235 1.046640 0.584640 -725.435480 392.697389 -136.704821
7.513155 4.633959 13.194743 7.513155 4.633959 13.194743 -0.534723 1.237695 0.491865 -632.859778 244.152609 -172.547718
7.087350 5.409738 13.459043 7.087350 5.409738 13.459043 -0.869720 1.330256 0.389536 -483.795099 64.385544 -168.547262
6.489776 6.208697 13.664847 6.489776 6.208697 13.664847 -1.103293 1.314967 0.300510 -294.783311 -115.349443 -128.206018
5.787833 6.967302 13.824868 5.787833 6.967302 13.824868 -1.214693 1.197693 0.237547 -76.549836 -275.563772 -81.670361
5.059876 7.628795 13.956427 5.059876 7.628795 13.956427 -1.187431 0.994750 0.207202 167.423240 -400.913032 -19.479703
4.390636 8.149417 14.081002 4.390636 8.149417 14.081002 -1.021568 0.733880 0.214313 385.453855 -468.652979 43.182980
3.856656 8.505504 14.218837 3.856656 8.505504 14.218837 -0.742400 0.453272 0.247597 545.107702 -466.707793 67.762202
3.516244 8.695589 14.379441 3.516244 8.695589 14.379441 -0.380794 0.183894 0.287497 660.243061 -431.218702 65.238980
3.409002 8.734336 14.561798 3.409002 8.734336 14.561798 0.027310 -0.044689 0.317220 700.104992 -330.725759 33.836270
3.549128 8.655683 14.753924 3.549128 8.655683 14.753924 0.435977 -0.204670 0.316040 662.119104 -202.543769 -37.767254
3.923881 8.505156 14.930776 3.923881 8.505156 14.930776 0.803175 -0.282532 0.263507 561.874033 -56.997395 -137.344952
4.499098 8.332774 15.057289 4.499098 8.332774 15.057289 1.101172 -0.279747 0.146756 431.449999 66.283039 -251.824292
5.226999 8.182832 15.093802 5.226999 8.182832 15.093802 1.307721 -0.210101 -0.035401 257.046650 165.869395 -355.367184
6.048110 8.091088 15.003903 6.048110 8.091088 15.003903 1.413000 -0.088279 -0.272082 93.882590 240.204375 -433.567332
6.903180 8.083006 14.760269 6.903180 8.083006 14.760269 1.421186 0.064086 -0.543934 -66.598445 267.679155 -472.605381
7.736210 8.166942 14.349863 7.736210 8.166942 14.349863 1.342755 0.211204 -0.822383 -194.835264 222.712987 -455.559476
8.502468 8.329931 13.778598 8.502468 8.329931 13.778598 1.204231 0.325719 -1.074890 -266.913718 159.002493 -386.130448
9.175053 8.548268 13.071365 9.175053 8.548268 13.071365 1.034536 0.392547 -1.270543 -298.733734 63.759806 -266.047367
9.744239 8.788325 12.272459 9.744239 8.788325 12.272459 0.866482 0.396064 -1.373633 -261.449089 -52.036348 -77.584518
10.219809 9.011867 11.443697 10.219809 9.011867 11.443697 0.723320 0.341193 -1.373268 -215.754812 -130.867394 78.802401
10.614966 9.193027 10.633921 10.614966 9.193027 10.633921 0.593868 0.262673 -1.325986 -215.754812 -130.867394 78.802401
