3.053770 -4.561414 -6.338823 3.053770 -4.561414 -6.338823 0.329691 0.244476 1.866607 -380.458984 -198.872489 384.917840
3.183102 -4.450525 -5.149573 3.183102 -4.450525 -5.149573 0.101416 0.125153 2.097558 -380.458984 -198.872489 384.917840
3.179243 -4.410750 -3.833075 3.179243 -4.410750 -3.833075 -0.107989 0.008228 2.271900 -317.558484 -190.874998 196.223485
3.064097 -4.438357 -2.449099 3.064097 -4.438357 -2.449099 -0.264480 -0.097228 2.317212 -204.076930 -160.646903 -45.184935
2.875939 -4.521381 -1.080245 2.875939 -4.521381 -1.080245 -0.350610 -0.172468 2.223402 -83.024506 -90.151521 -267.515021
2.655935 -4.634115 0.195502 2.655935 -4.634115 0.195502 -0.373892 -0.191691 2.012188 5.418811 26.074045 -436.532636
2.436352 -4.737823 1.317786 2.436352 -4.737823 1.317786 -0.351752 -0.142982 1.718004 68.382310 136.290229 -544.080575
2.239639 -4.793410 2.247674 2.239639 -4.793410 2.247674 -0.300576 -0.032859 1.376655 102.204016 230.784145 -593.747090
2.077417 -4.767280 2.967521 2.077417 -4.767280 2.967521 -0.240620 0.127135 1.024052 97.649752 302.530283 -581.596699
1.948900 -4.634699 3.481944 1.948900 -4.634699 3.481944 -0.190644 0.317876 0.698488 68.937017 333.273577 -503.615779
1.843761 -4.385552 3.817909 1.843761 -4.385552 3.817909 -0.165088 0.510000 0.433931 16.248603 307.138297 -378.241886
1.743507 -4.027322 4.019173 1.743507 -4.027322 4.019173 -0.175969 0.679007 0.251929 -52.516773 256.220316 -228.431322
1.626122 -3.581484 4.138039 1.626122 -3.581484 4.138039 -0.219232 0.794312 0.159001 -91.693836 128.126785 -81.328180
1.475996 -3.089688 4.227464 1.475996 -3.089688 4.227464 -0.284658 0.831918 0.153524 -126.393146 -2.772821 63.071259
1.282583 -2.599386 4.338013 1.282583 -2.599386 4.338013 -0.359832 0.788508 0.226772 -124.186565 -141.926397 181.088669
1.048020 -2.160997 4.510336 1.048020 -2.160997 4.510336 -0.415894 0.657507 0.353744 -62.688444 -294.742335 242.151679
0.792380 -1.825398 4.767020 0.792380 -1.825398 4.767020 -0.427605 0.451401 0.503287 23.653402 -392.278374 256.325160
0.546147 -1.628731 5.114136 0.546147 -1.628731 5.114136 -0.383052 0.198216 0.652106 124.855341 -451.672920 239.737752
0.346066 -1.591294 5.545172 0.346066 -1.591294 5.545172 -0.271755 -0.073744 0.779047 246.134094 -454.859245 183.396850
0.234311 -1.713646 6.041839 0.234311 -1.713646 6.041839 -0.089108 -0.327812 0.870222 362.689479 -392.034921 120.520887
0.252275 -1.974517 6.581022 0.252275 -1.974517 6.581022 0.159232 -0.531123 0.919317 465.110291 -285.668070 43.127939
0.435705 -2.334991 7.135951 0.435705 -2.334991 7.135951 0.459153 -0.654423 0.923074 534.627336 -125.331000 -30.602536
0.807305 -2.738268 7.682261 0.807305 -2.738268 7.682261 0.779306 -0.669940 0.894582 532.549624 73.606314 -64.371463
1.366418 -3.116545 8.207611 1.366418 -3.116545 8.207611 1.077189 -0.573585 0.856897 460.393995 247.576290 -61.243909
2.089014 -3.407179 8.712539 2.089014 -3.407179 8.712539 1.320481 -0.380275 0.829218 350.580158 396.792694 -31.020893
2.934939 -3.556327 9.207627 2.934939 -3.556327 9.207627 1.483490 -0.104225 0.826313 192.783350 523.374550 21.339403
3.847979 -3.520200 9.711478 3.847979 -3.520200 9.711478 1.540382 0.232071 0.860223 -3.143952 597.609371 91.693523
4.759269 -3.274599 10.249354 4.759269 -3.274599 10.249354 1.476630 0.584582 0.941428 -209.362815 577.426985 178.988740
5.595841 -2.823821 10.850070 5.595841 -2.823821 10.850070 1.292407 0.911499 1.067027 -404.715391 512.296937 239.674984
6.288882 -2.192249 11.534783 6.288882 -2.192249 11.534783 1.001804 1.181175 1.217606 -563.961135 386.623338 262.253412
6.782465 -1.424279 12.312595 6.782465 -1.424279 12.312595 0.633496 1.361513 1.375171 -663.730174 214.505385 262.965849
7.041999 -0.579778 13.182346 7.041999 -0.579778 13.182346 0.229796 1.435127 1.519523 -681.937940 30.873540 218.205413
7.060305 0.274908 14.126882 7.060305 0.274908 14.126882 -0.163478 1.393910 1.618176 -628.975409 -168.264157 110.637666
6.857359 1.071662 15.107696 6.857359 1.071662 15.107696 -0.499080 1.246432 1.634523 -489.697905 -323.330394 -56.146925
6.479063 1.755021 16.071032 6.479063 1.755021 16.071032 -0.746412 1.020928 1.564480 -334.741722 -428.346717 -177.329301
5.970963 2.290475 16.977801 5.970963 2.290475 16.977801 -0.947257 0.763920 1.458083 -334.741722 -428.346717 -177.329301
