9.047347 2.837664 -5.979757 9.047347 2.837664 -5.979757 0.178270 -0.483198 -0.456576 370.166380 -344.480046 544.107765
9.220939 2.485739 -6.155763 9.220939 2.485739 -6.155763 0.400370 -0.689886 -0.130111 370.166380 -344.480046 544.107765
9.526800 2.017711 -6.129575 9.526800 2.017711 -6.129575 0.617512 -0.857025 0.227930 353.641471 -212.652107 649.361986
9.957291 1.475919 -5.872513 9.957291 1.475919 -5.872513 0.811342 -0.931114 0.634639 292.458675 -34.310253 706.334410
10.490881 0.920003 -5.366572 10.490881 0.920003 -5.366572 0.957524 -0.907062 1.048529 194.814917 114.483238 673.300683
11.093612 0.403230 -4.621665 11.093612 0.403230 -4.621665 1.040166 -0.804085 1.425487 80.658098 228.775484 583.222937
11.727016 -0.033235 -3.670390 11.727016 -0.033235 -3.670390 1.062487 -0.642789 1.730431 -6.255007 308.876380 433.259330
12.359098 -0.360820 -2.565488 12.359098 -0.360820 -2.565488 1.037311 -0.445010 1.933670 -77.664197 350.387780 244.202478
12.963781 -0.565953 -1.372265 12.963781 -0.565953 -1.372265 0.972096 -0.240761 2.025515 -139.721075 330.439768 61.949040
13.521919 -0.655183 -0.156216 13.521919 -0.655183 -0.156216 0.888410 -0.063760 2.010630 -139.230663 259.564705 -111.568019
14.031902 -0.652997 1.021752 14.031902 -0.652997 1.021752 0.814866 0.060584 1.902056 -105.918324 154.916163 -250.345220
14.504383 -0.594717 2.112296 14.504383 -0.594717 2.112296 0.764451 0.123753 1.723710 -62.128995 55.645310 -344.140707
14.955207 -0.516921 3.081183 14.955207 -0.516921 3.081183 0.743853 0.124782 1.500258 -6.533655 -52.212391 -400.696941
15.404128 -0.457545 3.909494 15.404128 -0.457545 3.909494 0.758861 0.062981 1.261245 56.562888 -153.791941 -396.013259
15.872294 -0.450559 4.599339 15.872294 -0.450559 4.599339 0.806142 -0.044898 1.045537 101.038169 -205.804456 -323.013520
16.374353 -0.515000 5.173677 16.374353 -0.515000 5.173677 0.867698 -0.170665 0.877522 104.149072 -213.420073 -237.039061
16.911725 -0.653953 5.662344 16.911725 -0.653953 5.662344 0.920219 -0.289412 0.759403 70.920311 -182.402407 -156.689346
17.473478 -0.855627 6.095391 17.473478 -0.855627 6.095391 0.947056 -0.374826 0.693436 18.536489 -102.312472 -63.201405
18.038879 -1.092944 6.504878 18.038879 -1.092944 6.504878 0.927333 -0.406237 0.679523 -84.280148 -2.390170 16.824380
18.572382 -1.330976 6.917813 18.572382 -1.330976 6.917813 0.838131 -0.376969 0.700584 -213.058863 99.951414 53.380331
19.029723 -1.532868 7.348572 19.029723 -1.532868 7.348572 0.674363 -0.285509 0.736614 -332.834678 204.915680 66.719137
19.367942 -1.662264 7.800826 19.367942 -1.662264 7.800826 0.442221 -0.137435 0.768023 -440.971094 288.664435 37.976722
19.549007 -1.690904 8.265302 19.549007 -1.690904 8.265302 0.153174 0.045068 0.774942 -522.518300 319.677260 -14.912150
19.545826 -1.607231 8.723884 19.545826 -1.607231 8.723884 -0.165503 0.232328 0.747500 -539.738090 304.522953 -76.560769
19.351139 -1.416046 9.155047 19.351139 -1.416046 9.155047 -0.480504 0.399908 0.683785 -510.267144 254.077702 -135.824274
18.976211 -1.136751 9.537743 18.976211 -1.136751 9.537743 -0.760554 0.520436 0.586656 -423.232582 147.682837 -187.938443
18.453045 -0.806425 9.855191 18.453045 -0.806425 9.855191 -0.967753 0.566451 0.470311 -267.429321 5.699429 -199.877213
17.835758 -0.473909 10.103118 17.835758 -0.473909 10.103118 -1.070698 0.527973 0.358976 -75.722889 -133.961000 -171.241540
17.191608 -0.189490 10.291179 17.191608 -0.189490 10.291179 -1.056634 0.406336 0.273726 122.603822 -271.495244 -112.925434
16.591881 -0.001382 10.441543 16.591881 -0.001382 10.441543 -0.922150 0.209320 0.238245 325.677357 -385.224433 -5.344516
16.108264 0.051034 10.590855 16.108264 0.051034 10.590855 -0.671488 -0.040997 0.271675 509.863401 -449.165192 116.778337
15.804772 -0.055148 10.782484 15.804772 -0.055148 10.782484 -0.327446 -0.314164 0.379763 636.940892 -461.391120 243.515423
15.727336 -0.323391 11.061828 15.727336 -0.323391 11.061828 0.076630 -0.574469 0.564137 709.979137 -406.290775 371.066559
15.900532 -0.734187 11.472102 15.900532 -0.734187 11.472102 0.499728 -0.783157 0.811779 700.348113 -289.338505 454.404096
16.320674 -1.247384 12.043102 16.320674 -1.247384 12.043102 0.891150 -0.912867 1.095120 604.392995 -143.026890 490.067606
16.953249 -1.809272 12.786857 16.953249 -1.809272 12.786857 1.199257 -0.940798 1.381513 422.627994 49.922830 464.575082
17.738999 -2.355211 13.696190 17.738999 -2.355211 13.696190 1.403448 -0.863074 1.644270 258.009513 209.156585 411.282384
18.627509 -2.835407 14.756783 18.627509 -2.835407 14.756783 1.558254 -0.737580 1.891040 258.009513 209.156585 411.282384
