9.559463 -2.942843 5.675755 9.559463 -2.942843 5.675755 0.933536 0.896015 0.110220 -449.039309 -16.393971 31.860676
10.038758 -2.408185 5.747622 10.038758 -2.408185 5.747622 0.664113 0.886179 0.129336 -449.039309 -16.393971 31.860676
10.351131 -1.888394 5.826118 10.351131 -1.888394 5.826118 0.368351 0.831516 0.124246 -536.833055 -165.813855 -48.827981
10.470839 -1.430175 5.887579 10.470839 -1.430175 5.887579 0.022891 0.677806 0.073461 -614.699723 -346.553786 -120.457245
10.373193 -1.092955 5.903221 10.373193 -1.092955 5.903221 -0.349602 0.434453 -0.032571 -626.943081 -464.621993 -232.982579
10.055315 -0.919867 5.836539 10.055315 -0.919867 5.836539 -0.702104 0.135922 -0.198372 -548.065748 -530.481770 -319.685682
9.542953 -0.932581 5.655733 9.542953 -0.932581 5.655733 -0.993183 -0.176269 -0.411384 -422.195451 -510.155244 -390.353249
8.881219 -1.126098 5.336563 8.881219 -1.126098 5.336563 -1.195644 -0.462005 -0.655975 -252.676551 -442.297319 -424.951117
8.131230 -1.476222 4.866670 8.131230 -1.476222 4.866670 -1.282855 -0.693918 -0.910031 -38.026051 -330.748232 -421.902439
7.368943 -1.942248 4.249866 7.368943 -1.942248 4.249866 -1.234317 -0.843069 -1.137385 199.819032 -166.418977 -335.944804
6.677235 -2.468315 3.514629 6.677235 -2.468315 3.514629 -1.049850 -0.894274 -1.300633 415.071922 -4.266343 -208.216582
6.132047 -2.995302 2.706371 6.132047 -2.995302 2.706371 -0.750762 -0.845103 -1.377557 581.886856 168.170948 -48.194982
5.792563 -3.464262 1.881985 5.792563 -3.464262 1.881985 -0.370458 -0.705047 -1.352358 685.793461 298.681857 132.192888
5.696833 -3.829278 1.106664 5.696833 -3.829278 1.106664 0.056525 -0.504593 -1.211546 737.485737 369.499198 337.179480
5.860780 -4.063513 0.450799 5.860780 -4.063513 0.450799 0.485440 -0.272840 -0.957391 692.227818 403.010735 510.005075
6.270993 -4.154775 -0.025504 6.270993 -4.154775 -0.025504 0.872515 -0.031531 -0.619737 598.024202 401.351074 615.507874
6.902146 -4.101450 -0.286555 6.902146 -4.101450 -0.286555 1.231330 0.209280 -0.250432 598.024202 401.351074 615.507874
