-8.916541 0.293048 -1.614194 -8.916541 0.293048 -1.614194 0.750734 -1.292812 -0.928390 712.962472 244.181673 239.583464
-8.337768 -0.438686 -2.128103 -8.337768 -0.438686 -2.128103 1.178512 -1.146303 -0.784640 712.962472 244.181673 239.583464
-7.506517 -1.074338 -2.555583 -7.506517 -1.074338 -2.555583 1.585343 -0.958908 -0.639999 643.140591 380.468407 242.551240
-6.446823 -1.573065 -2.896863 -6.446823 -1.573065 -2.896863 1.934841 -0.689956 -0.499166 521.853350 516.040877 226.891249
-5.202212 -1.891425 -3.159440 -5.202212 -1.891425 -3.159440 2.196816 -0.366705 -0.382618 351.399356 561.461859 161.604377
-3.832506 -2.010974 -3.364694 -3.832506 -2.010974 -3.364694 2.349479 -0.032771 -0.309518 157.475643 551.650288 82.060009
-2.405191 -1.935743 -3.538455 -2.405191 -1.935743 -3.538455 2.390375 0.276200 -0.274387 -21.154182 478.254844 35.044888
-0.984363 -1.691935 -3.700090 -0.984363 -1.691935 -3.700090 2.329732 0.523165 -0.269915 -180.990140 344.959713 -20.139847
0.373715 -1.325846 -3.866469 0.373715 -1.325846 -3.866469 2.185223 0.680627 -0.286021 -300.708271 179.914993 -33.545398
1.626273 -0.895638 -4.042384 1.626273 -0.895638 -4.042384 1.982557 0.735812 -0.297467 -374.842760 4.034101 -4.608373
2.747889 -0.463447 -4.218501 2.747889 -0.463447 -4.218501 1.755422 0.688122 -0.284271 -382.273316 -163.001711 48.593944
3.734377 -0.088500 -4.375889 3.734377 -0.088500 -4.375889 1.536275 0.547388 -0.232972 -348.218991 -306.111780 122.402865
4.597518 0.179491 -4.488224 4.597518 0.179491 -4.488224 1.347620 0.337014 -0.132452 -280.629377 -395.132882 212.663626
5.361148 0.308879 -4.525244 5.361148 0.308879 -4.525244 1.207098 0.091453 0.016003 -187.779669 -423.404880 282.188553
6.057519 0.288237 -4.461513 6.057519 0.288237 -4.461513 1.123998 -0.159097 0.201993 -89.220371 -411.760715 337.777350
6.721102 0.122916 -4.277224 6.721102 0.122916 -4.277224 1.096685 -0.384882 0.416125 -1.822234 -340.857665 375.995227
7.382116 -0.161856 -3.961888 7.382116 -0.161856 -3.961888 1.112246 -0.551836 0.631632 53.692630 -215.654648 342.363634
8.060311 -0.524056 -3.526192 8.060311 -0.524056 -3.526192 1.150378 -0.642634 0.812510 73.412998 -87.004247 260.561480
8.763437 -0.917233 -2.999074 8.763437 -0.917233 -2.999074 1.192849 -0.654514 0.932399 68.157491 47.401831 139.067768
9.489064 -1.294144 -2.423630 9.489064 -1.294144 -2.423630 1.221989 -0.589749 0.970703 28.977979 168.483054 -11.387832
10.223742 -1.612958 -1.852953 10.223742 -1.612958 -1.852953 1.220722 -0.465113 0.915395 -33.203633 246.968997 -172.972432
10.945810 -1.845765 -1.345071 10.945810 -1.845765 -1.345071 1.178854 -0.307900 0.760514 -106.354650 277.076809 -343.297937
11.631087 -1.980718 -0.959354 11.631087 -1.980718 -0.959354 1.100585 -0.142090 0.510547 -154.543025 275.620345 -489.923168
12.262026 -2.019566 -0.746672 12.262026 -2.019566 -0.746672 0.999888 0.007254 0.189295 -181.113004 222.194259 -580.919084
12.829638 -1.980111 -0.739493 12.829638 -1.980111 -0.739493 0.892615 0.116107 -0.168420 -176.464405 140.649615 -611.463622
13.336031 -1.891401 -0.947613 13.336031 -1.891401 -0.947613 0.799675 0.169142 -0.520321 -133.333856 36.132305 -561.539143
13.796882 -1.790315 -1.354586 13.796882 -1.790315 -1.354586 0.744908 0.156309 -0.825762 -49.225546 -78.909421 -456.596745
14.241302 -1.715679 -1.922770 14.241302 -1.715679 -1.922770 0.747049 0.084236 -1.052418 56.362463 -161.330896 -298.922962
14.707631 -1.696671 -2.595056 14.707631 -1.696671 -2.595056 0.820640 -0.025034 -1.166913 188.943155 -202.904880 -82.728740
15.241991 -1.748574 -3.295553 15.241991 -1.748574 -3.295553 0.973836 -0.148576 -1.143843 321.708179 -208.901101 159.628256
15.890449 -1.873318 -3.939474 15.890449 -1.873318 -3.939474 1.198106 -0.263896 -0.979805 425.860191 -175.497958 387.166713
16.689719 -2.058951 -4.446907 16.689719 -2.058951 -4.446907 1.472382 -0.347728 -0.693703 488.392845 -103.941376 566.505286
17.661780 -2.279077 -4.752246 17.661780 -2.279077 -4.752246 1.769021 -0.373991 -0.309242 500.404967 16.397115 715.030991
18.809846 -2.492856 -4.804403 18.809846 -2.492856 -4.804403 2.052166 -0.325832 0.143192 443.411075 144.133642 793.084739
20.114234 -2.655940 -4.577008 20.114234 -2.655940 -4.577008 2.284584 -0.206998 0.612666 331.314030 251.977918 771.827557
21.535655 -2.729380 -4.074929 21.535655 -2.729380 -4.074929 2.438541 -0.028798 1.053511 181.876740 342.022452 697.656543
23.018845 -2.681143 -3.325712 23.018845 -2.681143 -3.325712 2.484305 0.196178 1.429766 -29.330157 407.896740 556.525374
24.490811 -2.489570 -2.379858 24.490811 -2.489570 -2.379858 2.400020 0.443141 1.702785 -251.619210 415.314202 353.540445
25.874223 -2.152377 -1.308350 25.874223 -2.152377 -1.308350 2.192508 0.675086 1.845906 -440.088011 357.834841 123.528733
27.100062 -1.688760 -0.190866 27.100062 -1.688760 -0.190866 1.876202 0.860567 1.858549 -614.266214 260.436810 -81.386093
28.107685 -1.134410 0.897655 28.107685 -1.134410 0.897655 1.469993 0.972484 1.749920 -739.763317 112.618887 -280.712078
28.854183 -0.540072 1.888135 28.854183 -0.540072 1.888135 1.014432 0.992934 1.536778 -778.774536 -44.451256 -429.759224
29.324617 0.037675 2.727337 29.324617 0.037675 2.727337 0.556939 0.916203 1.251380 -746.200428 -211.320836 -521.569465
29.532088 0.539475 3.382997 29.532088 0.539475 3.382997 0.147340 0.739990 0.932011 -619.131116 -376.056030 -542.991261
29.517763 0.910992 3.847191 29.517763 0.910992 3.847191 -0.180566 0.490423 0.619845 -473.886085 -455.831251 -497.564542
29.324124 1.123196 4.129536 29.324124 1.123196 4.129536 -0.464897 0.216925 0.321306 -473.886085 -455.831251 -497.564542
