-12.260920 2.596684 -3.317486 -12.260920 2.596684 -3.317486 0.890256 -0.899774 -0.878184 686.078184 424.103259 405.878816
-11.603272 2.133158 -3.771338 -11.603272 2.133158 -3.771338 1.301903 -0.645312 -0.634657 686.078184 424.103259 405.878816
-10.706633 1.826146 -4.074253 -10.706633 1.826146 -4.074253 1.673566 -0.371666 -0.367022 552.798181 488.049277 486.236113
-9.616085 1.690297 -4.201302 -9.616085 1.690297 -4.201302 1.939768 -0.082324 -0.047071 334.541685 476.424551 580.269838
-8.406798 1.722804 -4.124984 -8.406798 1.722804 -4.124984 2.066534 0.184254 0.301647 88.012350 412.169337 582.121980
-7.162893 1.900068 -3.843788 -7.162893 1.900068 -3.843788 2.060055 0.394164 0.628053 -109.608561 287.529662 505.899834
-5.959389 2.178942 -3.383144 -5.959389 2.178942 -3.383144 1.930290 0.519782 0.895343 -322.942050 131.199182 385.066929
-4.869046 2.505127 -2.787355 -4.869046 2.505127 -2.787355 1.688020 0.552001 1.072739 -484.625276 -23.801862 206.250500
-3.947389 2.824358 -2.119790 -3.947389 2.824358 -2.119790 1.377631 0.499295 1.130469 -550.005003 -151.884625 -13.815955
-3.221210 3.090422 -1.454741 -3.221210 3.090422 -1.454741 1.040635 0.377295 1.068453 -573.315697 -254.783482 -192.903926
-2.700026 3.270938 -0.848392 -2.700026 3.270938 -0.848392 0.696645 0.224425 0.952711 -573.315697 -254.783482 -192.903926
