4.431339 2.308755 -11.088702 4.431339 2.308755 -11.088702 -0.132640 0.288142 -0.649266 -132.534093 -471.533524 722.579762
4.327899 2.396764 -11.348197 4.327899 2.396764 -11.348197 -0.212160 0.005222 -0.215718 -132.534093 -471.533524 722.579762
4.174910 2.316010 -11.344341 4.174910 2.316010 -11.344341 -0.300866 -0.272753 0.233943 -163.152320 -455.050617 776.291047
3.964391 2.075138 -11.064464 3.964391 2.075138 -11.064464 -0.401917 -0.522338 0.698613 -173.683738 -376.896667 772.610237
3.695001 1.701265 -10.510781 3.695001 1.701265 -10.510781 -0.491011 -0.711623 1.139401 -123.294621 -254.054908 696.682946
3.382847 1.237387 -9.711723 3.382847 1.237387 -9.711723 -0.541758 -0.819927 1.507482 -45.861581 -106.956886 530.252565
3.055264 0.735491 -8.724399 3.055264 0.735491 -8.724399 -0.540644 -0.837540 1.762585 49.573763 48.244696 320.089205
2.746707 0.249398 -7.622189 2.746707 0.249398 -7.622189 -0.476369 -0.769857 1.889852 164.677250 177.367488 104.135636
2.499348 -0.175697 -6.483834 2.499348 -0.175697 -6.483834 -0.333461 -0.638969 1.880832 311.682170 258.923538 -134.202567
2.361421 -0.510158 -5.391885 2.361421 -0.510158 -5.391885 -0.116219 -0.472047 1.738338 412.456690 297.484868 -340.776957
2.370051 -0.738998 -4.419549 2.370051 -0.738998 -4.419549 0.151852 -0.289351 1.487237 481.113201 311.501150 -496.228161
2.549146 -0.860019 -3.622268 2.549146 -0.860019 -3.622268 0.447440 -0.119853 1.160801 504.181037 253.493775 -591.891000
2.907126 -0.892196 -3.033321 2.907126 -0.892196 -3.033321 0.743764 0.002774 0.800702 483.564956 155.261721 -608.438612
3.434070 -0.868104 -2.659724 3.434070 -0.868104 -2.659724 1.002125 0.068332 0.449112 377.638351 63.265294 -563.526391
4.094787 -0.821782 -2.485202 4.094787 -0.821782 -2.485202 1.186043 0.075967 0.143444 235.422560 -37.816998 -455.369585
4.836766 -0.789144 -2.472852 4.836766 -0.789144 -2.472852 1.267180 0.022603 -0.088529 35.032487 -140.063298 -317.872555
5.591907 -0.804012 -2.572937 5.591907 -0.804012 -2.572937 1.230839 -0.077530 -0.228004 -156.168385 -193.710659 -147.042701
6.290232 -0.886622 -2.725395 6.290232 -0.886622 -2.725395 1.076795 -0.199875 -0.262168 -357.310446 -214.105844 33.161710
6.861044 -1.043136 -2.867610 6.861044 -1.043136 -2.867610 0.807662 -0.318590 -0.196691 -539.799612 -181.612299 185.093688
7.241246 -1.263124 -2.946162 7.241246 -1.263124 -2.946162 0.447624 -0.408277 -0.054901 -660.327240 -117.343227 287.539237
7.388464 -1.523457 -2.923709 7.388464 -1.523457 -2.923709 0.038941 -0.449908 0.135802 -701.949175 -21.428253 348.138307
7.286377 -1.789618 -2.778631 7.286377 -1.789618 -2.778631 -0.377734 -0.424563 0.349348 -686.969123 105.912141 363.682326
6.941516 -2.018718 -2.504857 6.941516 -2.018718 -2.504857 -0.762745 -0.328145 0.561067 -596.401108 215.482223 342.046639
6.387332 -2.171220 -2.110374 6.387332 -2.171220 -2.110374 -1.066508 -0.170868 0.747670 -416.141176 308.774489 279.962944
5.684655 -2.215808 -1.616606 5.684655 -2.215808 -1.616606 -1.255527 0.026160 0.889509 -213.923154 347.985637 192.835713
4.907057 -2.137183 -1.053369 4.907057 -2.137183 -1.053369 -1.312759 0.236411 0.979317 23.150709 352.851129 106.524817
4.137698 -1.933713 -0.451120 4.137698 -1.933713 -0.451120 -1.228222 0.438673 1.020654 258.639683 321.353881 31.265487
3.459303 -1.619015 0.163996 3.459303 -1.619015 0.163996 -1.013125 0.599734 1.024888 458.349865 215.517828 -17.153813
2.944073 -1.228468 0.774732 2.944073 -1.228468 0.774732 -0.687404 0.688613 1.009050 627.386001 80.744190 -35.639802
2.650398 -0.810203 1.374900 2.650398 -0.810203 1.374900 -0.281783 0.689877 0.993433 724.685193 -76.532249 -16.415961
2.612497 -0.419121 1.971188 2.612497 -0.419121 1.971188 0.156656 0.598615 0.999499 736.778985 -227.672295 36.635764
2.834999 -0.108422 2.581370 2.834999 -0.108422 2.581370 0.578163 0.424567 1.040923 668.241728 -352.489092 101.443468
3.295756 0.077101 3.228079 3.295756 0.077101 3.228079 0.946988 0.184225 1.121263 561.177002 -448.649418 166.355711
3.955867 0.103622 3.934123 3.955867 0.103622 3.934123 1.238228 -0.101252 1.237787 409.621739 -502.942302 222.059952
4.760250 -0.045768 4.717780 4.760250 -0.045768 4.717780 1.422571 -0.393561 1.376093 204.854918 -471.421658 238.960539
5.639396 -0.360841 5.586076 5.639396 -0.360841 5.586076 1.489132 -0.646813 1.517608 17.016320 -372.752072 232.753443
6.525816 -0.808772 6.535020 6.525816 -0.808772 6.535020 1.448734 -0.834206 1.639675 -151.678413 -251.889975 174.136875
7.360059 -1.343959 7.544754 7.360059 -1.343959 7.544754 1.319248 -0.931952 1.717080 -279.940124 -73.931242 83.879360
8.097001 -1.903071 8.580935 8.097001 -1.903071 8.580935 1.130198 -0.909477 1.721584 -350.225691 148.848292 -68.865724
8.710912 -2.413383 9.594081 8.710912 -2.413383 9.594081 0.914226 -0.777259 1.643223 -369.681055 291.879084 -192.337046
9.192905 -2.827200 10.545394 9.192905 -2.827200 10.545394 0.692418 -0.602132 1.527821 -369.681055 291.879084 -192.337046
