-7.192182 4.277415 -7.543368 -7.192182 4.277415 -7.543368 -0.410208 0.261070 -0.168747 -166.342675 5.642551 -8.867327
-7.468248 4.435073 -7.646212 -7.468248 4.435073 -7.646212 -0.510013 0.264456 -0.174067 -166.342675 5.642551 -8.867327
-7.796987 4.589847 -7.752500 -7.796987 4.589847 -7.752500 -0.573765 0.243265 -0.180644 -46.162288 -76.280228 -13.054769
-8.139012 4.714337 -7.862001 -8.139012 4.714337 -7.862001 -0.548750 0.158805 -0.182303 129.544418 -205.251931 7.524376
-8.435377 4.766076 -7.965123 -8.435377 4.766076 -7.965123 -0.423186 0.002665 -0.153260 289.003473 -315.215306 89.283093
-8.627524 4.708624 -8.036015 -8.627524 4.708624 -8.036015 -0.201063 -0.198026 -0.074722 451.407164 -353.753383 172.510579
-8.659983 4.524933 -8.043979 -8.659983 4.524933 -8.043979 0.104404 -0.416280 0.057869 566.814275 -373.759509 269.459993
-8.490222 4.210441 -7.956331 -8.490222 4.210441 -7.956331 0.469956 -0.627770 0.241666 651.694119 -331.208784 343.197552
-8.088620 3.780452 -7.746397 -8.088620 3.780452 -7.746397 0.872588 -0.795044 0.463377 690.411393 -226.370214 395.840129
-7.444766 3.269992 -7.397262 -7.444766 3.269992 -7.397262 1.266969 -0.894301 0.700169 624.190635 -104.488041 393.464566
-6.579345 2.723892 -6.908222 -6.579345 2.723892 -6.908222 1.605913 -0.910551 0.926823 505.623048 50.322040 362.050321
-5.534490 2.196884 -6.292650 -5.534490 2.196884 -6.292650 1.860760 -0.829031 1.115596 343.869341 221.413451 267.190926
-4.369793 1.748172 -5.583959 -4.369793 1.748172 -5.583959 1.998804 -0.651925 1.232109 116.276187 368.937174 121.185379
-3.163457 1.428443 -4.831889 -3.163457 1.428443 -4.831889 1.999192 -0.405475 1.259779 -114.983395 452.564776 -28.951409
-1.997039 1.270079 -4.092835 -1.997039 1.270079 -4.092835 1.868199 -0.116640 1.184398 -321.659474 510.216594 -222.316957
-0.946076 1.291706 -3.432164 -0.946076 1.291706 -3.432164 1.614916 0.188354 1.001252 -522.617182 506.430086 -388.169262
-0.078118 1.489731 -2.910174 -0.078118 1.489731 -2.910174 1.266743 0.461489 0.723894 -637.960805 404.021899 -536.359823
0.564414 1.833090 -2.575115 0.564414 1.833090 -2.575115 0.870560 0.672611 0.388420 -682.648003 299.717944 -581.886823
0.963873 2.290606 -2.446802 0.963873 2.290606 -2.446802 0.460971 0.852442 0.039288 -682.648003 299.717944 -581.886823
