-0.390148 5.117617 -3.343337 -0.390148 5.117617 -3.343337 -0.214308 0.588966 -1.014472 689.135882 -322.228583 -38.230422
-0.394689 5.412996 -3.958902 -0.394689 5.412996 -3.958902 0.199173 0.395629 -1.037411 689.135882 -322.228583 -38.230422
-0.155486 5.594723 -4.580446 -0.155486 5.594723 -4.580446 0.590925 0.214044 -1.021429 616.702882 -283.054787 91.500959
0.300789 5.677213 -5.168890 0.300789 5.677213 -5.168890 0.914517 0.069276 -0.926810 461.936707 -199.506733 223.896905
0.920528 5.689596 -5.679844 0.920528 5.689596 -5.679844 1.131078 -0.016784 -0.768322 259.935122 -87.360906 304.396567
1.634391 5.670606 -6.083369 1.634391 5.670606 -6.083369 1.229180 -0.035173 -0.572297 67.072002 26.065612 349.019935
2.372151 5.659456 -6.365084 2.372151 5.659456 -6.365084 1.210319 0.006778 -0.368687 -129.944140 113.769961 329.680697
3.064280 5.688295 -6.530399 3.064280 5.688295 -6.530399 1.078987 0.096510 -0.188106 -307.826855 185.337774 272.255198
3.649698 5.779668 -6.598372 3.649698 5.779668 -6.598372 0.861463 0.208244 -0.045329 -417.254246 187.110115 203.667312
4.087827 5.937628 -6.593187 4.087827 5.937628 -6.593187 0.592896 0.317180 0.055484 -477.970472 176.007384 132.378503
4.357508 6.156225 -6.540536 4.357508 6.156225 -6.540536 0.306007 0.405820 0.112573 -478.325822 119.462285 57.917044
4.457926 6.414586 -6.465858 4.457926 6.414586 -6.465858 0.033570 0.444325 0.130868 -429.795493 8.886105 3.067526
4.406138 6.676064 -6.387454 4.406138 6.676064 -6.387454 -0.197140 0.416074 0.129361 -339.240786 -103.055295 -8.093955
4.234256 6.900849 -6.310066 4.234256 6.900849 -6.310066 -0.363356 0.322697 0.130648 -214.810387 -208.203110 12.385439
3.984854 7.052106 -6.227153 3.984854 7.052106 -6.227153 -0.455855 0.173353 0.149555 -93.520392 -289.609581 50.637191
3.701517 7.099917 -6.123777 3.701517 7.099917 -6.123777 -0.476921 -0.020771 0.202578 23.299934 -357.471012 126.107956
3.425067 7.023740 -5.975052 3.425067 7.023740 -5.975052 -0.435396 -0.232101 0.300636 115.117906 -346.962095 200.749808
3.186839 6.824394 -5.754746 3.186839 6.824394 -5.754746 -0.354887 -0.428435 0.440031 153.245066 -307.483335 263.901761
3.002524 6.517752 -5.441046 3.002524 6.517752 -5.441046 -0.257772 -0.584097 0.609272 170.470966 -211.389887 300.233466
2.877498 6.137319 -5.021555 2.877498 6.137319 -5.021555 -0.160726 -0.670557 0.788842 153.014857 -76.809616 298.333346
2.805209 5.730176 -4.496925 2.805209 5.730176 -4.496925 -0.085899 -0.671558 0.955966 96.409772 73.471605 258.746163
2.767226 5.349559 -3.881935 2.767226 5.349559 -3.881935 -0.047040 -0.582008 1.085396 33.119583 225.027064 172.688952
2.742409 5.048741 -3.206827 2.742409 5.048741 -3.206827 -0.039938 -0.407581 1.152939 -9.446830 356.398110 52.453358
2.714095 4.873856 -2.514723 2.714095 4.873856 -2.514723 -0.058862 -0.166184 1.138906 -53.631377 448.257352 -99.230783
2.668600 4.856662 -1.859040 2.668600 4.856662 -1.859040 -0.093663 0.111921 1.030374 -62.371414 478.758980 -262.542196
2.602796 5.009039 -1.296390 2.602796 5.009039 -1.296390 -0.122980 0.394416 0.831268 -35.353868 462.891248 -401.144397
2.526457 5.323971 -0.876092 2.526457 5.323971 -0.876092 -0.125127 0.646964 0.559295 28.197258 378.937701 -505.430032
2.462492 5.771958 -0.634451 2.462492 5.771958 -0.634451 -0.078030 0.832322 0.241246 128.791793 238.921812 -554.736054
2.445058 6.303128 -0.588680 2.445058 6.303128 -0.588680 0.030253 0.919533 -0.087216 232.151715 51.779834 -540.135990
2.511151 6.853628 -0.733894 2.511151 6.853628 -0.733894 0.200313 0.897899 -0.389598 334.716294 -123.890921 -467.802330
2.696630 7.359631 -1.043235 2.696630 7.359631 -1.043235 0.426354 0.771381 -0.627168 418.753138 -297.836405 -324.100684
3.031052 7.759317 -1.466684 3.031052 7.759317 -1.466684 0.693779 0.545021 -0.765681 472.663323 -456.696276 -137.606801
3.532913 7.998106 -1.937680 3.532913 7.998106 -1.937680 0.979950 0.240913 -0.782337 481.239216 -556.998794 82.086914
4.203453 8.040069 -2.378730 4.203453 8.040069 -2.378730 1.248425 -0.104913 -0.665200 413.679332 -595.753438 308.369072
5.020227 7.871870 -2.710203 5.020227 7.871870 -2.710203 1.462918 -0.452444 -0.419475 301.298022 -562.684970 510.714232
5.943716 7.505466 -2.860233 5.943716 7.505466 -2.860233 1.601217 -0.758323 -0.064416 159.699060 -456.910301 672.814656
6.921695 6.976715 -2.772261 6.921695 6.976715 -2.772261 1.639551 -0.990037 0.366846 -31.921535 -315.468807 764.726067
7.888022 6.336334 -2.413116 7.888022 6.336334 -2.413116 1.562111 -1.127191 0.832615 -226.211442 -141.712584 787.838858
8.773822 5.645406 -1.775480 8.773822 5.645406 -1.775480 1.372641 -1.157744 1.286598 -405.354651 39.870215 725.436367
9.516217 4.969092 -0.880469 9.516217 4.969092 -0.880469 1.088302 -1.078048 1.684231 -542.441375 225.783331 600.007656
10.065765 4.371599 0.226895 10.065765 4.371599 0.226895 0.733868 -0.899104 1.988354 -639.007084 370.696592 413.734195
10.389702 3.903582 1.480580 10.389702 3.903582 1.480580 0.343653 -0.653086 2.167598 -661.709666 449.363866 183.747775
10.481734 3.594672 2.799287 10.481734 3.594672 2.799287 -0.028631 -0.373190 2.203214 -579.235773 483.621628 -65.028339
10.367071 3.456036 4.099086 10.367071 3.456036 4.099086 -0.342286 -0.091884 2.112075 -466.280925 454.066250 -238.770414
10.077768 3.482638 5.323352 10.077768 3.482638 5.323352 -0.622055 0.180556 1.968812 -466.280925 454.066250 -238.770414
