-3.066393 4.054444 -6.787458 -3.066393 4.054444 -6.787458 -0.766861 0.589511 0.881825 650.263434 -185.095079 104.500393
-3.409462 4.374834 -6.239553 -3.409462 4.374834 -6.239553 -0.376703 0.478454 0.944525 650.263434 -185.095079 104.500393
-3.514583 4.626491 -5.654256 -3.514583 4.626491 -5.654256 0.032722 0.356908 1.006085 714.487233 -220.059724 100.696784
-3.366508 4.798701 -5.036336 -3.366508 4.798701 -5.036336 0.460585 0.213252 1.047223 711.721989 -258.793500 36.430595
-2.967043 4.882181 -4.407604 -2.967043 4.882181 -4.407604 0.862641 0.068536 1.038281 628.463357 -223.592475 -66.236323
-2.344786 4.888679 -3.802003 -2.344786 4.888679 -3.802003 1.197464 -0.037508 0.971316 487.615419 -129.887918 -156.979677
-1.551088 4.848064 -3.253233 -1.551088 4.848064 -3.253233 1.427276 -0.089092 0.848309 278.422973 -42.058518 -253.043121
-0.658455 4.793997 -2.794494 -0.658455 4.793997 -2.794494 1.525088 -0.079530 0.672988 47.617091 73.930951 -331.361347
0.250816 4.766901 -2.452580 0.250816 4.766901 -2.452580 1.481890 0.001399 0.463003 -191.608471 195.835180 -368.587886
1.092577 4.808120 -2.240905 1.092577 4.808120 -2.240905 1.302511 0.144549 0.242944 -406.323843 281.328701 -364.941809
1.791706 4.949451 -2.157348 1.791706 4.949451 -2.157348 1.012517 0.333155 0.041379 -560.321819 347.358930 -306.943595
2.292787 5.211445 -2.180418 2.292787 5.211445 -2.180418 0.648468 0.539456 -0.106025 -653.173947 340.310316 -184.402096
2.561830 5.592650 -2.269118 2.561830 5.592650 -2.269118 0.244234 0.725020 -0.176126 -694.274984 278.238896 -49.268863
2.586054 6.072262 -2.372355 2.586054 6.072262 -2.372355 -0.159065 0.864547 -0.149153 -650.053923 186.849699 139.178474
2.381913 6.616725 -2.425120 2.381913 6.616725 -2.425120 -0.507560 0.937167 -0.007274 -511.595200 55.216674 333.752813
1.994856 7.179144 -2.360267 1.994856 7.179144 -2.360267 -0.766689 0.921193 0.238690 -352.168432 -108.463876 486.126319
1.482426 7.702113 -2.121193 1.482426 7.702113 -2.121193 -0.923122 0.805000 0.572151 -169.274020 -278.846217 625.412185
0.911031 8.126981 -1.660943 0.911031 8.126981 -1.660943 -0.959947 0.597993 0.969324 46.522150 -411.178035 698.497414
0.354183 8.405840 -0.954289 0.354183 8.405840 -0.954289 -0.878304 0.321663 1.385071 225.621406 -509.920243 687.324989
-0.123740 8.504383 -0.004083 -0.123740 8.504383 -0.004083 -0.700692 0.002365 1.774687 366.420152 -554.407225 611.396447
-0.472143 8.406952 1.162699 -0.472143 8.406952 1.162699 -0.450555 -0.325558 2.101120 467.369165 -538.670107 476.710703
-0.655752 8.120354 2.497510 -0.655752 8.120354 2.497510 -0.157150 -0.620274 2.328802 510.647508 -443.714189 282.232144
-0.659335 7.676012 3.931746 -0.659335 7.676012 3.931746 0.143194 -0.848047 2.428907 490.500131 -315.529028 51.450139
-0.489415 7.121263 5.383823 -0.489415 7.121263 5.383823 0.416061 -0.982996 2.387132 419.056175 -134.301748 -190.700748
-0.169963 6.518729 6.768827 -0.169963 6.518729 6.768827 0.639416 -1.006388 2.207969 325.460875 56.327864 -406.509764
0.264972 5.935952 8.010015 0.264972 5.935952 8.010015 0.798207 -0.918005 1.911955 203.840651 238.282325 -580.202971
0.774133 5.437384 9.045103 0.774133 5.437384 9.045103 0.888240 -0.728314 1.525590 96.268521 394.021241 -707.679868
1.319953 5.078460 9.830634 1.319953 5.078460 9.830634 0.923740 -0.456199 1.088781 22.066665 513.029230 -748.350627
1.873814 4.899375 10.352247 1.873814 4.899375 10.352247 0.915205 -0.136937 0.655006 -50.517710 551.175780 -697.565483
2.412471 4.914354 10.625194 2.412471 4.914354 10.625194 0.878029 0.183419 0.263993 -73.401155 516.677193 -605.810176
2.926963 5.112647 10.684532 2.926963 5.112647 10.684532 0.838422 0.469624 -0.049553 -58.623210 437.339678 -439.345021
3.422076 5.466201 10.587549 3.422076 5.466201 10.587549 0.816306 0.697319 -0.254008 -15.096333 321.645513 -242.172099
3.912743 5.931480 10.404785 3.912743 5.931480 10.404785 0.825254 0.835263 -0.333151 44.921773 138.168661 -21.637008
4.419283 6.445616 10.212519 4.419283 6.445616 10.212519 0.868714 0.858701 -0.288536 99.947009 -60.042352 170.352278
4.962040 6.940509 10.080467 4.962040 6.940509 10.080467 0.946373 0.775078 -0.134294 158.915358 -218.703534 343.787532
5.559016 7.359360 10.067903 5.559016 7.359360 10.067903 1.044462 0.609711 0.102635 168.048656 -332.516969 445.976556
6.215942 7.665334 10.209760 6.215942 7.665334 10.209760 1.145291 0.410201 0.370221 168.048656 -332.516969 445.976556
