-0.632338 -1.135552 -2.553606 -0.632338 -1.135552 -2.553606 -1.516485 0.398922 -0.079489 332.951739 432.497302 -555.179893
-1.482298 -0.818349 -2.701232 -1.482298 -0.818349 -2.701232 -1.316714 0.658420 -0.412597 332.951739 432.497302 -555.179893
-2.203229 -0.346011 -3.042134 -2.203229 -0.346011 -3.042134 -1.071109 0.915103 -0.712765 485.732866 423.111666 -445.380199
-2.747663 0.274352 -3.539898 -2.747663 0.274352 -3.539898 -0.725676 1.144672 -0.929675 665.708425 342.120195 -277.653592
-3.059205 1.015807 -4.138018 -3.059205 1.015807 -4.138018 -0.306070 1.315297 -1.047955 732.980713 226.629680 -116.612480
-3.112611 1.836535 -4.776639 -3.112611 1.836535 -4.776639 0.125217 1.405054 -1.062210 704.642323 72.559746 69.095264
-2.915108 2.681010 -5.392393 -2.915108 2.681010 -5.392393 0.525689 1.390497 -0.975081 630.262631 -121.085219 221.335606
-2.494013 3.483279 -5.931373 -2.494013 3.483279 -5.931373 0.865019 1.266680 -0.811142 500.837134 -291.638372 325.127016
-1.896130 4.182345 -6.355981 -1.896130 4.182345 -6.355981 1.109126 1.049462 -0.598294 312.853003 -432.419731 384.365570
-1.186090 4.727807 -6.645534 -1.186090 4.727807 -6.645534 1.238093 0.758113 -0.366485 117.037009 -538.742707 388.331641
-0.433515 5.083358 -6.797860 -0.433515 5.083358 -6.797860 1.251581 0.423150 -0.145162 -72.074933 -577.802486 349.411655
0.294079 5.234858 -6.826005 0.294079 5.234858 -6.826005 1.156429 0.084544 0.044776 -245.100566 -550.884242 283.714659
0.936507 5.192283 -6.753585 0.936507 5.192283 -6.753585 0.972815 -0.216701 0.187436 -366.943552 -453.264491 191.818108
1.451216 4.988847 -6.610898 1.451216 4.988847 -6.610898 0.737993 -0.447797 0.281016 -415.797444 -317.057665 120.117302
1.818792 4.673773 -6.425740 1.818792 4.673773 -6.425740 0.486633 -0.584660 0.327719 -422.068820 -139.150528 35.558233
2.037009 4.309827 -6.225566 2.037009 4.309827 -6.225566 0.244441 -0.608663 0.334768 -385.240042 59.141481 -12.062545
2.119212 3.966404 -6.026500 2.119212 3.966404 -6.026500 0.037705 -0.517531 0.329411 -303.878415 244.630407 -5.795101
2.094216 3.707984 -5.828688 2.094216 3.707984 -5.828688 -0.109225 -0.330426 0.331979 -185.888756 379.054165 14.355352
2.001849 3.584508 -5.624879 2.001849 3.584508 -5.624879 -0.187616 -0.070247 0.350780 -75.412751 488.208696 48.314638
1.882231 3.632669 -5.401049 1.882231 3.632669 -5.401049 -0.200236 0.234833 0.403099 33.346047 528.725295 126.082653
1.772598 3.867258 -5.132698 1.772598 3.867258 -5.132698 -0.157697 0.544664 0.497734 108.449874 504.042355 189.368530
1.700207 4.279139 -4.796614 1.700207 4.279139 -4.796614 -0.079098 0.818866 0.628141 153.547719 409.964881 245.321136
1.679943 4.834894 -4.374356 1.679943 4.834894 -4.374356 0.010809 1.018054 0.781410 146.139837 253.996097 265.576342
1.711424 5.482908 -3.859912 1.711424 5.482908 -3.859912 0.091946 1.127761 0.929725 124.317954 111.692409 228.807369
1.788969 6.179669 -3.260891 1.788969 6.179669 -3.260891 0.166537 1.194776 1.067010 124.317954 111.692409 228.807369
