2.051106 -1.159111 -7.918739 2.051106 -1.159111 -7.918739 -0.522681 0.648979 0.923113 -525.268530 -508.933492 138.548122
1.642949 -0.861331 -7.339932 1.642949 -0.861331 -7.339932 -0.837842 0.343619 1.006242 -525.268530 -508.933492 138.548122
1.054907 -0.748472 -6.718715 1.054907 -0.748472 -6.718715 -1.106947 0.029738 1.052037 -371.746135 -537.333628 14.099099
0.337336 -0.827123 -6.096363 0.337336 -0.827123 -6.096363 -1.262438 -0.291529 1.003458 -146.558630 -533.557220 -176.029047
-0.433044 -1.093822 -5.535640 -0.433044 -1.093822 -5.535640 -1.283056 -0.590370 0.849508 77.832058 -462.580936 -337.137412
-1.176900 -1.523438 -5.094658 -1.176900 -1.523438 -5.094658 -1.176514 -0.828567 0.607038 277.309254 -331.409799 -471.094490
-1.823164 -2.070733 -4.821200 -1.823164 -2.070733 -4.821200 -0.961489 -0.979916 0.294540 439.441163 -173.086880 -570.564204
-2.315278 -2.678521 -4.748954 -2.315278 -2.678521 -4.748954 -0.669425 -1.027180 -0.056683 534.104128 15.540328 -600.179202
-2.618609 -3.280840 -4.888268 -2.618609 -3.280840 -4.888268 -0.338034 -0.961896 -0.403149 570.531317 202.074015 -554.709993
-2.719328 -3.813895 -5.224055 -2.719328 -3.813895 -5.224055 0.001314 -0.802109 -0.706225 560.629527 330.549786 -455.543569
-2.622295 -4.229754 -5.719783 -2.622295 -4.229754 -5.719783 0.314350 -0.574241 -0.929526 482.823221 429.011600 -288.792196
-2.354477 -4.494376 -6.317008 -2.354477 -4.494376 -6.317008 0.565544 -0.303332 -1.040436 354.491847 474.016395 -80.908263
-1.959766 -4.591874 -6.942007 -1.959766 -4.591874 -6.942007 0.736121 -0.023031 -1.019847 214.097720 460.319324 149.539156
-1.486600 -4.526814 -7.513146 -1.486600 -4.526814 -7.513146 0.829357 0.233270 -0.860864 96.688719 394.018979 380.402634
-0.978624 -4.323363 -7.949772 -0.978624 -4.323363 -7.949772 0.852157 0.432510 -0.575519 -20.689797 270.112542 570.747505
-0.477189 -4.022886 -8.183669 -0.477189 -4.022886 -8.183669 0.809069 0.556331 -0.189672 -122.937277 142.627356 715.409717
-0.016777 -3.671784 -8.164217 -0.016777 -3.671784 -8.164217 0.720807 0.600059 0.261980 -171.268541 3.130186 790.098324
0.385186 -3.318779 -7.865717 0.385186 -3.318779 -7.865717 0.619580 0.563969 0.731511 -166.152394 -123.429709 775.006133
0.728936 -3.007705 -7.292286 0.728936 -3.007705 -7.292286 0.529436 0.464460 1.171630 -134.329528 -208.264917 692.054271
1.025521 -2.768980 -6.472689 1.025521 -2.768980 -6.472689 0.464351 0.327185 1.547112 -82.621772 -249.321132 559.552266
1.293729 -2.617561 -5.455673 1.293729 -2.617561 -5.455673 0.437127 0.177521 1.822990 -8.122248 -249.557833 360.042533
1.558046 -2.553049 -4.310974 1.558046 -2.553049 -4.310974 0.449769 0.042386 1.969503 50.259710 -200.892164 128.334103
1.839543 -2.558575 -3.119537 1.839543 -2.558575 -3.119537 0.492869 -0.052134 1.979678 93.407004 -114.175149 -94.417562
2.152772 -2.604336 -1.959949 2.152772 -2.604336 -1.959949 0.552385 -0.090288 1.866913 104.982113 -13.002940 -281.466812
2.501832 -2.654427 -0.900404 2.501832 -2.654427 -0.900404 0.609037 -0.065979 1.648339 83.855731 94.031430 -447.111582
2.878654 -2.672151 0.002680 2.878654 -2.672151 0.002680 0.640879 0.015131 1.352875 22.284939 176.335435 -537.768959
3.262650 -2.627527 0.716846 3.262650 -2.627527 0.716846 0.631534 0.139959 1.026409 -53.433396 239.759070 -550.451104
3.626697 -2.499078 1.235685 3.626697 -2.499078 1.235685 0.573199 0.290397 0.706515 -141.017939 261.699173 -515.861960
3.940385 -2.279623 1.571921 3.940385 -2.279623 1.571921 0.464345 0.437971 0.422908 -221.827753 230.214291 -429.495982
4.174835 -1.980633 1.756540 4.174835 -1.980633 1.756540 0.310109 0.549945 0.206127 -292.291874 143.033873 -293.104863
4.306098 -1.630405 1.836106 4.306098 -1.630405 1.836106 0.123783 0.608339 0.073505 -328.796642 51.613089 -148.969202
4.323161 -1.262765 1.862392 4.323161 -1.262765 1.862392 -0.063612 0.606035 0.029110 -295.851830 -59.293360 0.986252
4.235846 -0.917358 1.888106 4.235846 -0.917358 1.888106 -0.220594 0.532755 0.070057 -227.422401 -184.973753 135.503192
4.069511 -0.636974 1.959087 4.069511 -0.636974 1.959087 -0.322261 0.391902 0.174137 -111.466769 -284.537421 211.428814
3.865646 -0.456689 2.105341 3.865646 -0.456689 2.105341 -0.341365 0.202979 0.319569 47.787620 -345.204897 273.346047
3.680236 -0.397278 2.346520 3.680236 -0.397278 2.346520 -0.258657 -0.005341 0.484756 227.905671 -349.196352 277.275448
3.576737 -0.461030 2.684370 3.576737 -0.461030 2.684370 -0.068553 -0.203319 0.636552 405.771479 -310.728641 228.711873
3.617705 -0.632672 3.104775 3.617705 -0.632672 3.104775 0.220218 -0.358354 0.760312 556.801181 -206.056005 183.821099
3.856781 -0.876849 3.589541 3.856781 -0.876849 3.589541 0.587898 -0.442357 0.848057 668.798655 -73.953304 108.664607
4.332842 -1.146338 4.112904 4.332842 -1.146338 4.112904 1.003872 -0.440544 0.888104 717.778567 79.994793 24.823382
5.062622 -1.386327 4.647758 5.062622 -1.386327 4.647758 1.425823 -0.342856 0.890611 688.725704 245.633528 -16.466698
6.037094 -1.538901 5.178538 6.037094 -1.538901 5.178538 1.814096 -0.150850 0.877619 605.517131 394.387510 -26.840489
7.225002 -1.552429 5.700381 7.225002 -1.552429 5.700381 2.129695 0.115745 0.862033 446.481843 494.262392 -25.112765
8.570699 -1.390960 6.215731 8.570699 -1.390960 6.215731 2.335150 0.427576 0.860219 238.368024 545.174203 19.068291
10.000656 -1.036141 6.739276 10.000656 -1.036141 6.739276 2.407971 0.755390 0.891562 4.367371 547.539879 85.406061
11.432176 -0.489694 7.295012 11.432176 -0.489694 7.295012 2.340349 1.057193 0.969935 -229.773529 458.467229 175.839427
12.782657 0.218292 7.913022 12.782657 0.218292 7.913022 2.140641 1.288001 1.097429 -435.920161 310.894980 249.138384
13.979719 1.038864 8.619225 13.979719 1.038864 8.619225 1.834802 1.433590 1.261415 -583.541557 174.400489 297.482488
14.975563 1.930410 9.429620 14.975563 1.930410 9.429620 1.484678 1.538230 1.439904 -583.541557 174.400489 297.482488
