11.149405 -5.968945 4.880535 11.149405 -5.968945 4.880535 1.008700 0.311433 0.033370 -209.276750 459.375379 79.351412
11.716955 -5.699398 4.914840 11.716955 -5.699398 4.914840 0.883134 0.587058 0.080981 -209.276750 459.375379 79.351412
12.214648 -5.270941 4.984863 12.214648 -5.270941 4.984863 0.784979 0.830359 0.164347 -117.906889 351.628342 198.537786
12.667699 -4.718540 5.128095 12.667699 -4.718540 5.128095 0.730672 0.995798 0.327905 -63.115305 199.835001 346.653656
13.097522 -4.096427 5.394209 13.097522 -4.096427 5.394209 0.706702 1.059018 0.570766 -16.782587 10.897942 462.884641
13.519139 -3.470382 5.824576 13.519139 -3.470382 5.824576 0.699717 1.008920 0.871437 -6.503474 -177.890965 539.352466
13.937407 -2.907557 6.445377 13.937407 -2.907557 6.445377 0.693860 0.849652 1.199322 -13.020333 -353.002531 553.594786
14.347233 -2.467989 7.260719 14.347233 -2.467989 7.260719 0.665313 0.604439 1.511991 -82.133243 -464.374197 488.636251
14.727555 -2.193528 8.249353 14.727555 -2.193528 8.249353 0.595626 0.302736 1.772594 -150.159641 -541.303443 380.039256
15.054457 -2.109670 9.370927 15.054457 -2.109670 9.370927 0.488305 -0.023788 1.948672 -207.576706 -547.106918 206.890184
15.305814 -2.217680 10.562535 15.305814 -2.217680 10.562535 0.342451 -0.328346 1.998630 -278.603241 -468.086894 -40.364937
15.457896 -2.492395 11.743785 15.457896 -2.492395 11.743785 0.159090 -0.576455 1.921098 -332.599021 -358.945608 -218.075168
15.493482 -2.902879 12.857190 15.493482 -2.902879 12.857190 -0.040469 -0.791823 1.790253 -332.599021 -358.945608 -218.075168
