3.664593 -5.589827 -10.119082 3.664593 -5.589827 -10.119082 0.369578 -0.419681 0.156300 631.654149 324.510304 710.360127
4.000038 -5.783224 -9.897437 4.000038 -5.783224 -9.897437 0.748571 -0.224975 0.582516 631.654149 324.510304 710.360127
4.555700 -5.855539 -9.425096 4.555700 -5.855539 -9.425096 1.091673 -0.008975 0.983568 512.019957 395.490418 626.478973
5.291097 -5.786094 -8.733296 5.291097 -5.786094 -8.733296 1.340030 0.246523 1.303921 315.837030 456.170004 441.366104
6.138922 -5.557265 -7.883354 6.138922 -5.557265 -7.883354 1.464312 0.514249 1.509458 98.434901 436.249226 243.757463
7.021276 -5.174552 -6.947579 7.021276 -5.174552 -6.947579 1.453616 0.754190 1.586828 -134.086413 363.553969 14.140300
7.857107 -4.664450 -6.007969 7.857107 -4.664450 -6.007969 1.312148 0.933065 1.520154 -337.473106 232.694255 -236.385872
8.574414 -4.071139 -5.150409 8.574414 -4.071139 -5.150409 1.063479 1.030620 1.318409 -491.423545 92.489389 -436.097928
9.117392 -3.447127 -4.446684 9.117392 -3.447127 -4.446684 0.735359 1.031072 1.012634 -602.312559 -90.980959 -583.150801
9.448673 -2.855462 -3.949029 9.448673 -2.855462 -3.949029 0.366384 0.923475 0.637954 -627.602644 -267.677721 -665.784310
9.557508 -2.357577 -3.686234 9.557508 -2.357577 -3.686234 -0.000313 0.722782 0.237806 -594.720398 -401.298567 -668.041322
9.455372 -2.002251 -3.659482 9.455372 -2.002251 -3.659482 -0.331638 0.451456 -0.141440 -509.697626 -503.119541 -596.111553
9.164644 -1.821938 -3.851646 9.164644 -1.821938 -3.851646 -0.637457 0.149585 -0.499107 -509.697626 -503.119541 -596.111553
