-3.512049 -5.910424 -5.593576 -3.512049 -5.910424 -5.593576 -0.327665 -0.535874 -0.785928 -572.236832 363.271481 125.527916
-3.811651 -6.166559 -6.042538 -3.811651 -6.166559 -6.042538 -0.671007 -0.317911 -0.710611 -572.236832 363.271481 125.527916
-4.308070 -6.287791 -6.442582 -4.308070 -6.287791 -6.442582 -0.968414 -0.079317 -0.616659 -419.119189 432.041926 187.646997
-4.950309 -6.252527 -6.776035 -4.950309 -6.252527 -6.776035 -1.148630 0.205339 -0.490240 -181.601507 516.813343 233.749456
-5.658759 -6.035141 -7.027055 -5.658759 -6.035141 -7.027055 -1.190510 0.521207 -0.344745 42.001882 536.079895 251.231927
-6.351135 -5.630663 -7.190612 -6.351135 -5.630663 -7.190612 -1.093460 0.819152 -0.203665 281.496659 457.068470 219.034398
-6.943951 -5.063460 -7.277659 -6.943951 -5.063460 -7.277659 -0.861609 1.060589 -0.093616 491.340412 347.721136 147.797078
-7.363918 -4.373940 -7.310986 -7.363918 -4.373940 -7.310986 -0.524018 1.222109 -0.023740 633.963780 190.680232 85.121970
-7.559738 -3.617661 -7.312892 -7.559738 -3.617661 -7.312892 -0.121256 1.279973 0.012411 708.574804 2.199353 35.383924
-7.503282 -2.860262 -7.301321 -7.503282 -2.860262 -7.301321 0.312224 1.226386 0.022419 736.358089 -180.822041 -2.026538
-7.187213 -2.167465 -7.289126 -7.187213 -2.167465 -7.289126 0.734991 1.065461 0.016746 672.867050 -355.594042 -16.883980
-6.633273 -1.599867 -7.280929 -6.633273 -1.599867 -7.280929 1.097854 0.813745 0.012559 536.675861 -483.459538 2.927403
-5.887307 -1.202556 -7.269186 -5.887307 -1.202556 -7.269186 1.373122 0.504099 0.032721 380.885289 -548.694339 64.281699
-5.005531 -0.998346 -7.232889 -5.005531 -0.998346 -7.232889 1.548367 0.177460 0.096757 203.264006 -540.101862 149.171541
-4.050877 -0.985785 -7.141962 -4.050877 -0.985785 -7.141962 1.615557 -0.130087 0.216367 20.701592 -485.057039 249.526471
-3.088426 -1.143803 -6.963038 -3.088426 -1.143803 -6.963038 1.574930 -0.384397 0.387032 -156.123775 -362.642876 319.357339
-2.178866 -1.429010 -6.669905 -2.178866 -1.429010 -6.669905 1.444780 -0.548448 0.595792 -277.709081 -184.193818 376.510421
-1.365377 -1.780957 -6.242411 -1.365377 -1.780957 -6.242411 1.261193 -0.607581 0.832934 -334.250238 -12.916409 413.961438
-0.670164 -2.137400 -5.669992 -0.670164 -2.137400 -5.669992 1.053956 -0.563177 1.072036 -356.538636 160.931541 383.047068
-0.099760 -2.436127 -4.962761 -0.099760 -2.436127 -4.962761 0.851070 -0.415561 1.277169 -319.747795 331.120662 300.729258
0.357136 -2.618761 -4.149506 0.357136 -2.618761 -4.149506 0.678264 -0.181384 1.421718 -256.273257 449.470862 181.099778
0.723769 -2.643424 -3.273670 0.723769 -2.643424 -3.273670 0.553524 0.104614 1.481414 -159.526978 503.855056 17.886012
1.033567 -2.490495 -2.392288 1.033567 -2.490495 -2.392288 0.489797 0.404258 1.438718 -52.893898 494.959474 -160.205678
1.322902 -2.162462 -1.568370 1.322902 -2.162462 -1.568370 0.482952 0.683162 1.290215 30.074893 434.718098 -334.801821
1.621793 -1.681027 -0.863528 1.621793 -1.681027 -0.863528 0.519527 0.910434 1.044224 91.844512 322.855865 -485.169832
1.952136 -1.084749 -0.330551 1.952136 -1.084749 -0.330551 0.585108 1.063665 0.721984 126.756716 187.915850 -588.964225
2.325699 -0.421702 -0.005394 2.325699 -0.421702 -0.005394 0.659571 1.131532 0.358511 121.453506 38.307431 -622.611219
2.741302 0.254899 0.099347 2.741302 0.254899 0.099347 0.722439 1.108444 -0.006538 88.105907 -115.269960 -594.218625
3.186578 0.893043 -0.005748 3.186578 0.893043 -0.005748 0.755069 1.008418 -0.334134 20.663473 -218.149289 -497.769973
3.639280 1.455070 -0.285783 3.639280 1.455070 -0.285783 0.747175 0.858743 -0.582571 -46.976907 -280.767508 -330.350360
4.076758 1.917554 -0.682416 4.076758 1.917554 -0.682416 0.707129 0.679165 -0.718919 -86.511595 -317.823837 -124.144413
4.483376 2.269579 -1.122385 4.483376 2.269579 -1.122385 0.644788 0.497139 -0.724764 -121.290769 -288.932448 104.660330
4.848378 2.521059 -1.524204 4.848378 2.521059 -1.524204 0.571822 0.349801 -0.590966 -121.931358 -202.192060 341.332813
5.171971 2.700583 -1.805234 5.171971 2.700583 -1.805234 0.510898 0.258676 -0.325616 -81.146954 -101.558575 543.169265
5.468776 2.843107 -1.894316 5.468776 2.843107 -1.894316 0.486573 0.225739 0.042868 0.064211 -8.229922 685.107790
5.767403 2.983500 -1.740697 5.767403 2.983500 -1.740697 0.519970 0.252954 0.476828 111.259245 98.945572 761.427485
6.106907 3.157721 -1.317297 6.106907 3.157721 -1.317297 0.624203 0.335509 0.934914 236.182828 176.237754 765.526014
6.531721 3.393493 -0.622511 6.531721 3.393493 -0.622511 0.804810 0.454970 1.374444 365.841156 221.966203 699.572123
7.087148 3.706758 0.319212 7.087148 3.706758 0.319212 1.057759 0.589795 1.749860 477.323083 227.450194 551.816564
7.810756 4.096976 1.456050 7.810756 4.096976 1.456050 1.359327 0.703264 2.018922 527.901526 150.778816 345.055758
8.722849 4.541604 2.718792 8.722849 4.541604 2.718792 1.683440 0.771378 2.172350 552.474912 76.269372 166.371109
9.832358 5.018159 4.052149 9.832358 5.018159 4.052149 2.014925 0.817140 2.272173 552.474912 76.269372 166.371109
