6.967707 2.453242 5.729892 6.967707 2.453242 5.729892 0.273745 -0.438138 -0.053720 -273.876146 281.180913 -153.644213
7.082656 2.240972 5.670004 7.082656 2.240972 5.670004 0.109419 -0.269429 -0.145906 -273.876146 281.180913 -153.644213
7.108705 2.135405 5.564262 7.108705 2.135405 5.564262 -0.006433 -0.073333 -0.190804 -112.296516 372.473849 3.985955
7.098017 2.161510 5.461764 7.098017 2.161510 5.461764 -0.006884 0.165449 -0.132076 110.792002 423.463147 191.772921
7.126038 2.335393 5.423729 7.126038 2.335393 5.423729 0.120631 0.411480 0.016446 314.257950 396.642933 303.300875
7.265667 2.649170 5.492567 7.265667 2.649170 5.492567 0.362606 0.626929 0.220308 492.325002 321.520889 376.240175
7.580178 3.077084 5.693335 7.580178 3.077084 5.693335 0.699648 0.789256 0.450351 631.146675 219.566310 390.567310
8.117143 3.581863 6.030699 8.117143 3.581863 6.030699 1.096184 0.879512 0.668948 690.641417 81.288940 338.089435
8.898413 4.116719 6.488613 8.898413 4.116719 6.488613 1.506792 0.890872 0.850247 678.050513 -43.422931 266.242259
9.920178 4.636276 7.041443 9.920178 4.636276 7.041443 1.891828 0.829065 0.983784 605.403062 -162.600840 178.881341
11.154778 5.099049 7.657235 11.154778 5.099049 7.657235 2.207724 0.704516 1.057727 447.584059 -252.562290 67.593804
12.546837 5.474359 8.299017 12.546837 5.474359 8.299017 2.410569 0.543285 1.073178 228.568187 -284.873151 -16.090199
14.019281 5.749922 8.935863 14.019281 5.749922 8.935863 2.472512 0.376710 1.042702 -22.094266 -270.376976 -85.495999
15.488060 5.930921 9.544372 15.488060 5.930921 9.544372 2.405502 0.232685 0.982792 -201.272552 -209.706783 -114.202594
16.895132 6.032785 10.113491 16.895132 6.032785 10.113491 2.284738 0.106861 0.914271 -201.272552 -209.706783 -114.202594
