5.670096 4.018838 -10.582710 5.670096 4.018838 -10.582710 1.278071 0.952088 1.105566 -455.313400 -110.104684 611.913146
6.354982 4.570272 -9.809226 6.354982 4.570272 -9.809226 1.004883 0.886025 1.472714 -455.313400 -110.104684 611.913146
6.871372 5.072991 -8.822485 6.871372 5.072991 -8.822485 0.708777 0.774575 1.804708 -531.706635 -261.394026 494.734847
7.199296 5.479451 -7.663029 7.199296 5.479451 -7.663029 0.381578 0.561572 2.039443 -558.958313 -448.618465 287.713787
7.329341 5.729360 -6.401502 7.329341 5.729360 -6.401502 0.054753 0.260982 2.142435 -530.458511 -553.346698 55.592808
7.273335 5.784315 -5.121010 7.273335 5.784315 -5.121010 -0.230396 -0.081182 2.100914 -420.035602 -587.201582 -193.993359
7.066769 5.631062 -3.907874 7.066769 5.631062 -3.907874 -0.446027 -0.427740 1.922047 -298.735868 -567.990003 -402.232632
6.753073 5.277443 -2.836949 6.753073 5.277443 -2.836949 -0.586806 -0.742218 1.631205 -170.527933 -480.271684 -567.240003
6.378629 4.754376 -1.967202 6.378629 4.754376 -1.967202 -0.647447 -0.986820 1.256496 -31.606882 -335.067818 -681.789145
5.991157 4.112829 -1.338427 5.991157 4.112829 -1.338427 -0.632986 -1.133570 0.835418 79.809048 -154.098212 -721.804716
5.630489 3.415542 -0.963252 5.630489 3.415542 -0.963252 -0.561314 -1.173069 0.421580 159.096938 22.435110 -657.654652
5.324198 2.726739 -0.821659 5.324198 2.726739 -0.821659 -0.456555 -1.104607 0.062104 190.099249 205.770239 -540.597734
5.083582 2.111026 -0.872280 5.083582 2.111026 -0.872280 -0.346995 -0.931079 -0.215137 175.101425 372.658342 -383.540512
4.905863 1.625114 -1.058631 4.905863 1.625114 -1.058631 -0.247137 -0.679200 -0.386418 157.757449 466.936345 -187.394786
4.781523 1.303881 -1.310457 4.781523 1.303881 -1.310457 -0.174751 -0.387849 -0.430075 83.529097 504.236021 41.871532
4.687852 1.160532 -1.548813 4.687852 1.160532 -1.548813 -0.143911 -0.092316 -0.344195 19.270984 480.871797 244.395110
4.602651 1.187326 -1.701944 4.602651 1.187326 -1.701944 -0.143963 0.174340 -0.150581 -19.441876 407.982245 400.985452
4.510796 1.357897 -1.713349 4.510796 1.357897 -1.713349 -0.165516 0.381781 0.123838 -52.403168 283.489294 513.744383
4.402174 1.629319 -1.543515 4.402174 1.629319 -1.543515 -0.196358 0.508497 0.447370 -50.404191 138.896622 564.694553
4.277158 1.949210 -1.175074 4.277158 1.949210 -1.175074 -0.217244 0.540795 0.778057 -19.213051 -31.238001 537.595727
4.148155 2.259985 -0.615133 4.148155 2.259985 -0.615133 -0.204760 0.481657 1.082313 60.825572 -165.887078 476.590665
4.042481 2.513229 0.112627 4.042481 2.513229 0.112627 -0.137101 0.352670 1.331193 164.702895 -264.069500 353.009620
3.994253 2.672819 0.968207 3.994253 2.672819 0.968207 -0.016349 0.171829 1.509612 237.806219 -338.733163 241.720562
4.027248 2.714945 1.917484 4.027248 2.714945 1.917484 0.126335 -0.031410 1.654645 237.806219 -338.733163 241.720562
