3.444849 -1.093092 -11.061838 3.444849 -1.093092 -11.061838 0.610091 0.735346 -0.524248 -133.693160 -68.669530 739.598181
3.786838 -0.664245 -11.243259 3.786838 -0.664245 -11.243259 0.529875 0.694144 -0.080489 -133.693160 -68.669530 739.598181
4.079293 -0.265188 -11.156857 4.079293 -0.265188 -11.156857 0.442628 0.627593 0.371109 -157.130924 -153.168139 765.730429
4.317007 0.078994 -10.798125 4.317007 0.078994 -10.798125 0.350454 0.511677 0.821724 -150.116681 -233.220147 736.318492
4.502644 0.341363 -10.179076 4.502644 0.341363 -10.179076 0.272315 0.358456 1.230904 -110.344611 -277.516563 627.616249
4.649072 0.507360 -9.337479 4.649072 0.507360 -9.337479 0.220609 0.196329 1.557890 -62.010964 -262.905714 462.334761
4.775411 0.582017 -8.332195 4.775411 0.582017 -8.332195 0.209086 0.059498 1.771938 23.600310 -193.198003 251.160734
4.906815 0.589111 -7.239152 4.906815 0.589111 -7.239152 0.231768 -0.025567 1.845991 52.009551 -90.352602 -4.319220
5.058114 0.564011 -6.144701 5.058114 0.564011 -6.144701 0.277352 -0.047257 1.781568 99.935779 18.052967 -210.422075
5.242513 0.538906 -5.113636 5.242513 0.538906 -5.113636 0.337314 -0.036425 1.655315 99.935779 18.052967 -210.422075
