-1.978219 -2.867709 -8.997529 -1.978219 -2.867709 -8.997529 1.202840 0.938783 1.234011 349.688302 409.886941 -81.676251
-1.193572 -2.230660 -8.271824 -1.193572 -2.230660 -8.271824 1.412653 1.184715 1.185005 349.688302 409.886941 -81.676251
-0.280199 -1.453662 -7.583063 -0.280199 -1.453662 -7.583063 1.636653 1.392598 1.098297 396.981577 283.056105 -207.350272
0.774778 -0.578656 -6.969056 0.774778 -0.578656 -6.969056 1.882482 1.504917 0.935650 422.446166 91.341585 -334.805027
1.978465 0.328905 -6.470161 1.978465 0.328905 -6.470161 2.126741 1.500569 0.723615 391.750093 -105.835941 -371.978640
3.319337 1.199255 -6.101408 3.319337 1.199255 -6.101408 2.333350 1.382362 0.508128 296.947514 -288.187361 -346.313171
4.764225 1.969234 -5.856333 4.764225 1.969234 -5.856333 2.468656 1.171628 0.313015 154.073906 -414.257561 -304.062591
6.261839 2.593289 -5.718284 6.261839 2.593289 -5.718284 2.504536 0.901298 0.155434 -34.474515 -486.844518 -221.206207
7.746974 3.044746 -5.658034 7.746974 3.044746 -5.658034 2.426947 0.600744 0.056744 -224.157224 -515.000107 -107.762666
9.152239 3.315324 -5.637942 9.152239 3.315324 -5.637942 2.239676 0.305900 0.019300 -400.079992 -467.812630 -17.047661
10.413930 3.420249 -5.624778 10.413930 3.420249 -5.624778 1.949128 0.053169 0.032332 -568.412224 -374.624981 60.486857
11.474036 3.392434 -5.591324 11.474036 3.392434 -5.591324 1.572802 -0.133028 0.084461 -686.006402 -246.030736 113.274224
12.292521 3.278556 -5.519341 12.292521 3.278556 -5.519341 1.152621 -0.229523 0.157010 -714.596428 -75.621485 128.556497
12.857236 3.136118 -5.403331 12.857236 3.136118 -5.403331 0.732711 -0.230459 0.227464 -685.106394 72.502968 106.290914
13.179210 3.017631 -5.250594 13.179210 3.017631 -5.250594 0.349982 -0.153266 0.276870 -590.655944 184.806921 58.394519
13.293211 2.965368 -5.077726 13.293211 2.965368 -5.077726 0.047237 -0.010228 0.293084 -418.492620 291.984658 -4.345599
13.259341 3.014347 -4.906551 13.259341 3.014347 -4.906551 -0.138279 0.177759 0.271012 -199.893395 334.640107 -69.229985
13.153349 3.179629 -4.758676 13.153349 3.179629 -4.758676 -0.193435 0.370497 0.218120 16.038022 307.821525 -107.073792
13.054753 3.454367 -4.648363 13.054753 3.454367 -4.648363 -0.110918 0.540351 0.147445 259.018131 258.355588 -128.511011
13.047394 3.819867 -4.581462 13.047394 3.819867 -4.581462 0.107336 0.669288 0.078169 468.495732 171.437318 -102.407668
13.204103 4.245245 -4.548943 13.204103 4.245245 -4.548943 0.428324 0.736882 0.036976 601.463583 53.875881 -34.904988
13.574266 4.690195 -4.527695 13.574266 4.690195 -4.527695 0.813730 0.734823 0.042765 683.223503 -60.742173 54.201675
14.185934 5.114187 -4.485663 14.185934 5.114187 -4.485663 1.225912 0.668539 0.108367 690.717999 -160.203609 164.473864
15.040781 5.483375 -4.382613 15.040781 5.483375 -4.382613 1.615194 0.556924 0.249174 606.888705 -211.846987 304.880212
16.111842 5.777705 -4.171055 16.111842 5.777705 -4.171055 1.942848 0.421359 0.467977 485.291454 -240.035055 424.465296
17.353925 5.988183 -3.808927 17.353925 5.988183 -3.808927 2.179131 0.281682 0.747351 302.316899 -225.556056 506.780163
18.702860 6.120750 -3.266469 18.702860 6.120750 -3.266469 2.295721 0.167137 1.065550 86.316639 -156.260089 553.883633
20.083899 6.199083 -2.528742 20.083899 6.199083 -2.528742 2.287858 0.104271 1.391370 -112.524913 -53.293227 532.183910
21.424660 6.258479 -1.602689 21.424660 6.258479 -1.602689 2.161846 0.104426 1.687874 -307.516989 53.809662 456.160546
22.658345 6.336588 -0.515091 22.658345 6.336588 -0.515091 1.936989 0.165552 1.925390 -442.004766 149.943700 335.561760
23.736373 6.468241 0.689092 23.736373 6.468241 0.689092 1.648759 0.282176 2.069470 -518.764396 238.802944 144.704419
24.630092 6.683460 1.943682 24.630092 6.683460 1.943682 1.326710 0.440102 2.090595 -554.729462 287.619135 -74.286908
25.328104 6.999014 3.172575 25.328104 6.999014 3.172575 1.003057 0.611279 1.985560 -524.116751 282.969980 -275.830960
25.841162 7.413191 4.303470 25.841162 7.413191 4.303470 0.716413 0.763434 1.766107 -431.361244 224.212563 -455.680310
26.200012 7.906251 5.271368 26.200012 7.906251 5.271368 0.490831 0.871172 1.443980 -320.580533 134.913622 -618.076571
26.443432 8.445713 6.021052 26.443432 8.445713 6.021052 0.331615 0.914491 1.045886 -210.138893 9.483182 -708.903024
26.612452 8.986582 6.522198 26.612452 8.986582 6.522198 0.244909 0.872517 0.626628 -78.878946 -149.395698 -688.622813
26.751249 9.475047 6.776929 26.751249 9.475047 6.776929 0.227831 0.742112 0.226985 21.949771 -285.286981 -643.518701
26.891898 9.868963 6.797287 26.891898 9.868963 6.797287 0.241001 0.570940 -0.159126 21.949771 -285.286981 -643.518701
