-6.183718 -4.821235 -2.576256 -6.183718 -4.821235 -2.576256 1.356220 1.343628 0.645589 -165.625961 29.780812 269.757388
-5.399798 -4.009698 -2.140346 -5.399798 -4.009698 -2.140346 1.256845 1.361497 0.807444 -165.625961 29.780812 269.757388
-4.681125 -3.197580 -1.601517 -4.681125 -3.197580 -1.601517 1.129363 1.328661 0.998332 -259.313242 -139.234507 366.536936
-4.056983 -2.436962 -0.932957 -4.056983 -2.436962 -0.932957 0.939779 1.187537 1.236174 -372.633664 -331.177592 426.270194
-3.563612 -1.792215 -0.114745 -3.563612 -1.792215 -0.114745 0.699090 0.948017 1.490831 -429.662995 -467.223534 422.587577
-3.220224 -1.311533 0.853999 -3.220224 -1.311533 0.853999 0.447661 0.647546 1.735284 -408.434124 -534.345000 392.253818
-3.020554 -1.019898 1.959734 -3.020554 -1.019898 1.959734 0.225559 0.323383 1.940426 -331.905761 -546.197962 291.554891
-2.938717 -0.921116 3.167362 -2.938717 -0.921116 3.167362 0.057636 0.011003 2.069825 -227.836377 -495.070449 139.774952
-2.939084 -0.997278 4.423998 -2.939084 -0.997278 4.423998 -0.048756 -0.254293 2.101596 -126.803422 -389.246902 -33.871900
-2.984289 -1.210296 5.666464 -2.984289 -1.210296 5.666464 -0.090470 -0.439730 2.019296 -12.245023 -228.877014 -240.461669
-3.035758 -1.503785 6.823434 -3.035758 -1.503785 6.823434 -0.072730 -0.519322 1.818398 71.379370 -36.431302 -429.197735
-3.063085 -1.812045 7.828676 -3.063085 -1.812045 7.828676 -0.012588 -0.491726 1.518169 129.094398 128.420560 -571.568357
-3.045467 -2.074744 8.629656 -3.045467 -2.074744 8.629656 0.074537 -0.368569 1.140038 161.321745 282.101990 -688.866935
-2.973038 -2.237630 9.187884 -2.973038 -2.237630 9.187884 0.164677 -0.161924 0.717720 139.144611 406.713978 -718.861006
-2.851892 -2.257735 9.491399 -2.851892 -2.257735 9.491399 0.234634 0.101309 0.297795 94.044904 470.730171 -680.887463
-2.697367 -2.112450 9.553573 -2.697367 -2.112450 9.553573 0.275140 0.382585 -0.080455 40.977012 466.856957 -579.944921
-2.528419 -1.801917 9.411771 -2.528419 -1.801917 9.411771 0.282171 0.647437 -0.374115 -17.540814 415.980061 -398.923306
-2.364984 -1.345128 9.128462 -2.364984 -1.345128 9.128462 0.258093 0.864279 -0.548640 -62.718644 306.829504 -182.826027
-2.222979 -0.779112 8.779956 -2.222979 -0.779112 8.779956 0.212653 1.009474 -0.590403 -88.748261 177.152245 43.615055
-2.109808 -0.150258 8.447552 -2.109808 -0.150258 8.447552 0.167174 1.072175 -0.494293 -62.850153 31.850194 276.751017
-2.017316 0.491453 8.213229 -2.017316 0.491453 8.213229 0.146968 1.054649 -0.266054 -4.502694 -90.269269 484.046704
-1.925370 1.101516 8.148617 -1.925370 1.101516 8.148617 0.167148 0.968100 0.063834 71.770682 -198.228391 615.581599
-1.804775 1.642194 8.301622 -1.804775 1.642194 8.301622 0.247145 0.826657 0.452679 194.885276 -273.246814 680.566458
-1.613897 2.088101 8.696597 -1.613897 2.088101 8.696597 0.401636 0.658199 0.865350 320.085435 -288.280966 695.005424
-1.309274 2.433319 9.335949 -1.309274 2.433319 9.335949 0.623818 0.496177 1.257557 420.521562 -251.790823 612.349664
-0.855215 2.690320 10.191506 -0.855215 2.690320 10.191506 0.896499 0.368186 1.578967 488.414488 -174.846893 459.016855
-0.227253 2.884833 11.211230 -0.227253 2.884833 11.211230 1.200290 0.288645 1.802979 524.221718 -90.287858 287.689214
0.586195 3.048109 12.332676 0.586195 3.048109 12.332676 1.509393 0.266177 1.914967 506.121479 15.391833 85.604788
1.577645 3.216994 13.484168 1.577645 3.216994 13.484168 1.786628 0.307457 1.901844 417.996728 122.209758 -129.347243
2.717252 3.427782 14.590902 2.717252 3.427782 14.590902 1.999380 0.402363 1.768786 291.177125 194.142482 -314.178971
3.958382 3.706014 15.588241 3.958382 3.706014 15.588241 2.119536 0.528187 1.543376 109.340934 225.271998 -437.187203
5.235940 4.061841 16.431227 5.235940 4.061841 16.431227 2.115913 0.655180 1.259329 -121.417457 198.038191 -509.636190
6.474236 4.487936 17.093469 6.474236 4.487936 17.093469 1.996080 0.760702 0.945443 -278.025657 153.701671 -536.651290
7.621839 4.972023 17.564137 7.621839 4.972023 17.564137 1.829265 0.852923 0.623452 -278.025657 153.701671 -536.651290
