-5.396875 1.642936 -3.157574 -5.396875 1.642936 -3.157574 1.353583 0.436218 -0.289470 74.555869 -391.379515 -21.897872
-4.571305 1.834219 -3.335198 -4.571305 1.834219 -3.335198 1.398317 0.201390 -0.302609 74.555869 -391.379515 -21.897872
-3.715099 1.880533 -3.521813 -3.715099 1.880533 -3.521813 1.462031 -0.053794 -0.321286 137.825544 -459.235620 -40.357627
-2.810154 1.763359 -3.719920 -2.810154 1.763359 -3.719920 1.559317 -0.340515 -0.335858 186.460288 -496.500754 -8.215758
-1.837137 1.470578 -3.920190 -1.837137 1.470578 -3.920190 1.690511 -0.633921 -0.327172 250.852628 -481.517445 37.166736
-0.776831 1.008401 -4.105325 -0.776831 1.008401 -4.105325 1.845253 -0.898591 -0.282476 264.955648 -400.715548 111.819751
0.374943 0.405805 -4.249006 0.374943 0.405805 -4.249006 1.988876 -1.095586 -0.187000 213.785663 -255.934459 206.435202
1.602936 -0.286418 -4.320401 1.602936 -0.286418 -4.320401 2.098080 -1.193160 -0.044908 150.228685 -69.314354 267.202828
2.882214 -1.003755 -4.295724 2.882214 -1.003755 -4.295724 2.155157 -1.179573 0.133045 40.029311 114.604099 325.974397
4.174155 -1.680538 -4.155257 4.174155 -1.680538 -4.155257 2.137383 -1.059150 0.338453 -99.279020 286.806796 358.718441
5.428654 -2.254546 -3.889450 5.428654 -2.254546 -3.889450 2.027514 -0.837781 0.544514 -266.950488 451.090091 328.152697
6.588650 -2.669977 -3.509085 6.588650 -2.669977 -3.509085 1.825040 -0.536919 0.714352 -407.960293 551.782476 237.973794
7.604394 -2.891338 -3.044518 7.604394 -2.891338 -3.044518 1.551023 -0.198502 0.822736 -505.431441 576.276019 123.307644
8.439699 -2.907715 -2.537402 8.439699 -2.907715 -2.537402 1.226111 0.142237 0.853119 -577.607723 559.518286 -22.031689
9.071665 -2.727726 -2.040483 9.071665 -2.727726 -2.040483 0.880890 0.447612 0.784964 -573.128803 458.400053 -205.150208
9.500570 -2.384454 -1.615810 9.500570 -2.384454 -1.615810 0.554683 0.683617 0.614980 -514.228336 328.282717 -361.466094
9.740819 -1.915193 -1.311886 9.740819 -1.915193 -1.311886 0.246146 0.880587 0.398100 -514.228336 328.282717 -361.466094
