11.447785 0.452045 -6.163541 11.447785 0.452045 -6.163541 0.124001 1.207269 -0.222117 -211.173437 -162.848758 -400.026620
11.484175 1.147094 -6.368816 11.484175 1.147094 -6.368816 -0.002703 1.109559 -0.462133 -211.173437 -162.848758 -400.026620
11.450411 1.775802 -6.708477 11.450411 1.775802 -6.708477 -0.100058 0.973281 -0.654030 -113.341622 -291.412428 -239.629516
11.376821 2.300041 -7.130856 11.376821 2.300041 -7.130856 -0.133833 0.762053 -0.731945 0.758998 -412.679617 -20.088517
11.300740 2.679101 -7.563397 11.300740 2.679101 -7.563397 -0.112967 0.495000 -0.692786 68.792402 -477.496777 150.617835
11.246216 2.888825 -7.943087 11.246216 2.888825 -7.943087 -0.067323 0.201867 -0.558067 83.355327 -499.616178 298.446979
11.220784 2.923746 -8.216626 11.220784 2.923746 -8.216626 -0.017522 -0.079243 -0.341093 82.648704 -437.416736 424.801184
11.223134 2.804052 -8.341593 11.223134 2.804052 -8.341593 0.022000 -0.308760 -0.070090 49.090087 -327.638033 478.540867
11.241414 2.568736 -8.298474 11.241414 2.568736 -8.298474 0.032675 -0.460767 0.212211 -13.505204 -179.054032 462.463428
11.255039 2.271364 -8.090768 11.255039 2.271364 -8.090768 0.006826 -0.511610 0.475371 -72.660374 9.577830 414.735458
11.243109 1.976588 -7.734929 11.243109 1.976588 -7.734929 -0.051506 -0.453534 0.704032 -121.779352 184.010923 347.466388
11.189385 1.747655 -7.257214 11.189385 1.747655 -7.257214 -0.129073 -0.292798 0.876272 -136.776603 351.773922 226.667607
11.087441 1.643360 -6.697187 11.087441 1.643360 -6.697187 -0.210541 -0.041409 0.979590 -134.781617 486.189027 117.725930
10.940740 1.709898 -6.093408 10.940740 1.709898 -6.093408 -0.271989 0.269650 1.024396 -70.045857 550.675566 31.627887
10.769894 1.970981 -5.476743 10.769894 1.970981 -5.476743 -0.289240 0.600911 1.025044 12.542069 553.526290 -29.466727
10.604150 2.427840 -4.868823 10.604150 2.427840 -4.868823 -0.254000 0.916418 0.998351 104.923503 498.164991 -59.510499
10.477937 3.060440 -4.280232 10.477937 3.060440 -4.280232 -0.154543 1.180713 0.964108 226.599675 382.818921 -54.632057
10.432299 3.827068 -3.709038 10.432299 3.827068 -3.709038 0.012920 1.356870 0.944143 331.610421 204.368798 -11.918834
10.504036 4.666676 -3.141352 10.504036 4.666676 -3.141352 0.233361 1.422988 0.953718 403.194052 16.027459 43.833709
10.718449 5.512925 -2.557588 10.718449 5.512925 -2.557588 0.484384 1.380461 0.998235 433.548266 -157.783995 104.558200
11.085690 6.302513 -1.936948 11.085690 6.302513 -1.936948 0.737375 1.234353 1.075363 409.755931 -329.245648 152.535727
11.596779 6.975856 -1.263198 11.596779 6.975856 -1.263198 0.957765 0.996784 1.172261 324.878375 -462.649144 170.456298
12.220749 7.488015 -0.529941 12.220749 7.488015 -0.529941 1.106855 0.706022 1.270626 172.085763 -506.557346 157.426676
12.907696 7.820054 0.258648 12.907696 7.820054 0.258648 1.169404 0.400118 1.354466 36.411752 -513.123598 122.040509
13.615893 7.967763 1.093295 13.615893 7.967763 1.093295 1.191251 0.092244 1.427690 36.411752 -513.123598 122.040509
