-3.453957 0.649449 10.581261 -3.453957 0.649449 10.581261 2.409349 0.489329 -0.859378 -13.389050 -425.960371 -354.423320
-2.010758 0.866373 10.001839 -2.010758 0.866373 10.001839 2.401315 0.233752 -1.072032 -13.389050 -425.960371 -354.423320
-0.580695 0.931996 9.305774 -0.580695 0.931996 9.305774 2.351700 -0.011602 -1.229931 -151.996226 -391.887434 -171.906695
0.794621 0.860863 8.551857 0.794621 0.860863 8.551857 2.218782 -0.214894 -1.258155 -291.063787 -285.752709 77.825686
2.069969 0.687829 7.824231 2.069969 0.687829 7.824231 2.026495 -0.349659 -1.145165 -349.892700 -163.465047 298.807108
3.222143 0.458484 7.202322 3.222143 0.458484 7.202322 1.812846 -0.398365 -0.908858 -362.270486 1.112591 488.881425
4.246337 0.230913 6.753888 4.246337 0.230913 6.753888 1.603958 -0.341461 -0.571116 -334.021630 188.566948 636.927812
5.151984 0.069087 6.530243 5.151984 0.069087 6.530243 1.420524 -0.182777 -0.167072 -277.427385 340.380368 709.885917
5.959804 0.028432 6.557163 5.959804 0.028432 6.557163 1.281281 0.060167 0.255773 -186.714145 469.433462 699.595699
6.700636 0.152669 6.831594 6.700636 0.152669 6.831594 1.197613 0.360016 0.650730 -92.180186 530.062472 616.929472
7.407205 0.465362 7.324473 7.407205 0.465362 7.324473 1.165275 0.684417 0.977859 -15.613745 551.273937 473.498033
8.106285 0.972228 7.984594 8.106285 0.972228 7.984594 1.169534 1.000113 1.202838 29.811560 501.045891 276.432198
8.814612 1.654374 8.742565 8.814612 1.654374 8.742565 1.193625 1.260193 1.301250 50.491406 365.887906 51.607501
9.539427 2.467666 9.519524 9.539427 2.467666 9.519524 1.221676 1.436303 1.266813 43.011174 221.146867 -166.397570
10.276939 3.358023 10.237460 10.276939 3.358023 10.237460 1.231305 1.512838 1.105976 -10.914933 33.966679 -369.725251
11.009231 4.259262 10.825460 11.009231 4.259262 10.825460 1.202126 1.470327 0.838965 -86.346135 -175.667462 -520.311713
11.711808 5.099388 11.230451 11.711808 5.099388 11.230451 1.134534 1.312679 0.503117 -138.961431 -349.826108 -599.179099
12.364394 5.816814 11.422264 12.364394 5.816814 11.422264 1.035552 1.066717 0.132586 -190.978431 -470.049024 -635.927090
12.948957 6.367316 11.389777 12.948957 6.367316 11.389777 0.909007 0.760090 -0.236827 -230.839816 -552.040682 -595.448522
13.453674 6.723180 11.147404 13.453674 6.723180 11.147404 0.774824 0.424757 -0.559580 -216.435572 -565.734797 -480.394744
13.882750 6.880118 10.733101 13.882750 6.880118 10.733101 0.660660 0.104895 -0.808236 -164.110564 -500.473347 -348.459599
14.254522 6.859113 10.194410 14.254522 6.859113 10.194410 0.586776 -0.164675 -0.972440 -82.170332 -398.091695 -198.887149
14.598967 6.696773 9.584686 14.598967 6.696773 9.584686 0.573322 -0.362921 -1.044076 37.322708 -262.729654 -39.898690
14.958467 6.442799 8.958949 14.958467 6.442799 8.958949 0.639663 -0.465207 -1.028561 183.815108 -78.222959 91.615945
15.383144 6.159530 8.364199 15.383144 6.159530 8.364199 0.788910 -0.462464 -0.944112 313.676384 87.367585 189.879249
15.920271 5.905649 7.834909 15.920271 5.905649 7.834909 1.013713 -0.370691 -0.815193 435.666765 218.542777 239.853267
16.610879 5.729604 7.389655 16.610879 5.729604 7.389655 1.294913 -0.204405 -0.667836 501.665852 335.741101 251.334964
17.477927 5.670188 7.032489 17.477927 5.670188 7.032489 1.594916 0.011008 -0.525562 498.344944 382.303023 222.911359
18.522124 5.745118 6.754016 18.522124 5.745118 6.754016 1.881646 0.237945 -0.408110 457.419559 374.153041 168.595632
19.733447 5.955233 6.539497 19.733447 5.955233 6.539497 2.156097 0.462437 -0.306953 457.419559 374.153041 168.595632
