-4.604324 -3.389248 0.149048 -4.604324 -3.389248 0.149048 -0.979609 -0.878918 -0.400746 -245.091957 -62.104513 -522.295086
-5.236206 -3.927778 -0.185413 -5.236206 -3.927778 -0.185413 -1.126664 -0.916181 -0.714123 -245.091957 -62.104513 -522.295086
-5.944672 -4.479985 -0.705525 -5.944672 -4.479985 -0.705525 -1.215478 -0.910043 -1.015629 -50.956316 82.563539 -482.724878
-6.667847 -4.999799 -1.395869 -6.667847 -4.999799 -1.395869 -1.169632 -0.803751 -1.275644 203.778583 271.744983 -383.992096
-7.320090 -5.424494 -2.219902 -7.320090 -5.424494 -2.219902 -0.983086 -0.597499 -1.453680 418.041457 415.762114 -209.462425
-7.823282 -5.704062 -3.117262 -7.823282 -5.704062 -3.117262 -0.675199 -0.327568 -1.516603 608.246286 484.007357 -0.281864
-8.110784 -5.812589 -4.014736 -8.110784 -5.812589 -4.014736 -0.269587 -0.032703 -1.454077 743.795428 498.874911 208.702786
-8.136381 -5.745375 -4.837881 -8.136381 -5.745375 -4.837881 0.188049 0.251816 -1.270183 781.656725 449.522791 404.277494
-7.884714 -5.518533 -5.515336 -7.884714 -5.518533 -5.515336 0.647741 0.495721 -0.968193 750.651396 363.492125 602.354248
-7.366204 -5.163497 -5.980648 -7.366204 -5.163497 -5.980648 1.071871 0.674692 -0.570880 663.113387 233.080613 722.024254
-6.613719 -4.725765 -6.190708 -6.613719 -4.725765 -6.190708 1.419750 0.769351 -0.125147 496.483398 82.447203 763.751073
-5.684392 -4.256860 -6.129261 -5.684392 -4.256860 -6.129261 1.658190 0.781087 0.328407 298.316497 -43.327591 748.096962
-4.648841 -3.803148 -5.803892 -4.648841 -3.803148 -5.803892 1.771880 0.719389 0.745602 80.649344 -162.330650 642.554046
-3.583663 -3.406251 -5.250579 -3.583663 -3.406251 -5.250579 1.757936 0.594404 1.082594 -127.127801 -254.287356 480.751711
-2.562033 -3.096262 -4.527604 -2.562033 -3.096262 -4.527604 1.630415 0.437421 1.305459 -297.940954 -268.986864 262.130398
-1.644650 -2.881325 -3.711084 -1.644650 -2.881325 -3.711084 1.415470 0.280542 1.393044 -418.543615 -253.945092 29.819472
-0.874852 -2.755110 -2.883098 -0.874852 -2.755110 -2.883098 1.143611 0.146174 1.344897 -487.653244 -193.946155 -190.307069
-0.276924 -2.697166 -2.122152 -0.276924 -2.697166 -2.122152 0.848714 0.055553 1.172030 -495.335606 -108.125177 -385.918469
0.146636 -2.676095 -1.498030 0.146636 -2.676095 -1.498030 0.568974 0.026687 0.892324 -437.133317 11.903414 -546.432755
0.415701 -2.651448 -1.065903 0.415701 -2.651448 -1.065903 0.338517 0.066293 0.539914 -331.056718 120.117898 -628.268690
0.566870 -2.586205 -0.855276 0.566870 -2.586205 -0.855276 0.178125 0.157591 0.161787 -203.580999 184.209073 -632.153166
0.645271 -2.455363 -0.868801 0.645271 -2.455363 -0.868801 0.096830 0.283766 -0.201551 -67.403100 236.375505 -578.974655
0.698867 -2.241913 -1.085943 0.698867 -2.241913 -1.085943 0.094544 0.428803 -0.508919 59.781543 247.079626 -445.586579
0.772413 -1.942890 -1.462453 0.772413 -1.942890 -1.462453 0.160707 0.563385 -0.731034 160.761718 201.526237 -294.794617
0.901286 -1.573359 -1.943425 0.901286 -1.573359 -1.943425 0.274722 0.660428 -0.854354 219.290778 121.952492 -116.272716
1.107167 -1.161588 -2.465329 1.107167 -1.161588 -2.465329 0.414175 0.701412 -0.865930 245.552075 14.660092 77.686405
1.398476 -0.745423 -2.962043 1.398476 -0.745423 -2.962043 0.554528 0.673603 -0.775018 222.290403 -107.357853 225.351674
1.768434 -0.366911 -3.379838 1.768434 -0.366911 -3.379838 0.674044 0.577562 -0.606542 176.096728 -212.776796 336.234812
2.200688 -0.063666 -3.678606 2.200688 -0.063666 -3.678606 0.760355 0.424933 -0.381624 111.605054 -295.988526 413.494132
2.673525 0.136098 -3.832788 2.673525 0.136098 -3.832788 0.809992 0.237755 -0.131712 53.852753 -327.939016 419.545270
3.166244 0.220295 -3.838028 3.166244 0.220295 -3.838028 0.827459 0.043858 0.111361 4.370996 -318.382330 390.696749
3.661771 0.192038 -3.705323 3.661771 0.192038 -3.705323 0.821406 -0.133489 0.323594 -24.547127 -272.775971 316.746680
4.150197 0.062845 -3.454152 4.150197 0.062845 -3.454152 0.806678 -0.297155 0.513642 -24.547127 -272.775971 316.746680
