9.354032 3.726307 -0.659823 9.354032 3.726307 -0.659823 0.823728 -0.420876 0.484009 123.749274 -135.061112 726.124338
9.870544 3.449470 -0.238715 9.870544 3.449470 -0.238715 0.897978 -0.501913 0.919683 123.749274 -135.061112 726.124338
10.427481 3.133550 0.441884 10.427481 3.133550 0.441884 0.951605 -0.535254 1.345794 55.007464 23.923496 694.243723
11.002286 2.828069 1.370066 11.002286 2.828069 1.370066 0.954313 -0.464079 1.741046 -45.980679 213.328129 623.262560
11.558623 2.596128 2.517829 11.558623 2.596128 2.517829 0.886858 -0.295544 2.069745 -178.869308 348.452500 472.403242
12.051334 2.486702 3.829859 12.051334 2.486702 3.829859 0.743500 -0.060576 2.278938 -298.990218 434.776155 224.906175
12.436361 2.531061 5.224406 12.436361 2.531061 5.224406 0.527832 0.212512 2.347390 -419.900992 475.515984 3.265246
12.670533 2.741764 6.620182 12.670533 2.741764 6.620182 0.241162 0.485835 2.283120 -535.667146 435.562207 -217.499104
12.717088 3.106207 7.939180 12.717088 3.106207 7.939180 -0.088847 0.719877 2.093998 -564.363901 344.575773 -412.904651
12.563217 3.592368 9.110133 12.563217 3.592368 9.110133 -0.422351 0.887679 1.790640 -547.315266 214.766561 -598.289658
12.215411 4.156410 10.072113 12.215411 4.156410 10.072113 -0.730131 0.980422 1.408106 -478.618383 94.376709 -676.824256
11.691181 4.761652 10.795148 11.691181 4.761652 10.795148 -1.017302 1.037048 1.002011 -478.618383 94.376709 -676.824256
