9.159127 1.725913 -0.209917 9.159127 1.725913 -0.209917 1.159067 -0.287281 0.764458 -94.144501 -166.075063 662.321215
9.837621 1.523651 0.367976 9.837621 1.523651 0.367976 1.102581 -0.386926 1.161851 -94.144501 -166.075063 662.321215
10.480670 1.271316 1.179388 10.480670 1.271316 1.179388 1.038327 -0.437997 1.534662 -120.033767 -4.161807 580.383993
11.080726 1.019380 2.194057 11.080726 1.019380 2.194057 0.959636 -0.382439 1.829906 -142.271138 189.355513 403.761566
11.631178 0.831731 3.353937 11.631178 0.831731 3.353937 0.875668 -0.230176 2.018460 -137.619780 318.185697 224.752134
12.134507 0.756344 4.593187 12.134507 0.756344 4.593187 0.806595 -0.012035 2.091904 -92.624576 408.951214 20.059928
12.606133 0.824742 5.839832 12.606133 0.824742 5.839832 0.772726 0.243373 2.043398 -20.271451 442.408722 -181.746666
13.070159 1.048939 7.023711 13.070159 1.048939 7.023711 0.780758 0.501518 1.887124 47.044068 418.076203 -339.166708
13.548894 1.420746 8.089096 13.548894 1.420746 8.089096 0.818046 0.730577 1.654430 77.249975 345.453365 -436.480106
14.054343 1.914573 9.000749 14.054343 1.914573 9.000749 0.867979 0.904343 1.380346 89.190706 233.767301 -477.132201
14.590166 2.490347 9.742462 14.590166 2.490347 9.742462 0.916401 1.000056 1.091015 72.217696 85.274318 -487.303722
15.149404 3.097367 10.313171 15.149404 3.097367 10.313171 0.941720 1.009408 0.817703 12.180064 -54.099628 -423.737548
15.711320 3.686698 10.733320 15.711320 3.686698 10.733320 0.922489 0.944069 0.592460 -76.284585 -163.697562 -327.073424
16.243666 4.218413 11.036287 16.243666 4.218413 11.036287 0.839637 0.819544 0.428038 -199.890175 -251.384122 -220.999572
16.704683 4.662192 11.259992 16.704683 4.662192 11.259992 0.685776 0.655223 0.328750 -312.979078 -296.352606 -109.960972
17.053118 5.002972 11.442881 17.053118 5.002972 11.442881 0.464517 0.482356 0.289936 -424.550092 -279.873042 -19.419048
17.250830 5.245653 11.617228 17.250830 5.245653 11.617228 0.186892 0.332657 0.297693 -500.867645 -219.121355 45.276781
17.271098 5.410718 11.806696 17.271098 5.410718 11.806696 -0.122184 0.225744 0.338370 -529.384851 -137.255359 90.314911
17.103913 5.526802 12.024494 17.103913 5.526802 12.024494 -0.432740 0.170110 0.385156 -505.803262 -48.193863 65.637425
16.758661 5.627223 12.265783 16.758661 5.627223 12.265783 -0.709040 0.176342 0.416441 -415.195610 68.969532 38.644588
16.266749 5.750784 12.518738 16.266749 5.750784 12.518738 -0.916920 0.244433 0.420300 -277.736741 157.998499 -25.779066
15.677272 5.927965 12.762526 15.677272 5.927965 12.762526 -1.030221 0.349636 0.386073 -99.935245 192.680769 -88.310900
15.054749 6.173111 12.976061 15.054749 6.173111 12.976061 -1.022193 0.468655 0.322020 126.697251 204.048486 -125.200393
14.475448 6.490179 13.144215 14.475448 6.490179 13.144215 -0.890130 0.586815 0.234292 313.510993 189.818897 -167.224638
13.997802 6.876436 13.254690 13.997802 6.876436 13.254690 -0.702024 0.700707 0.133958 313.510993 189.818897 -167.224638
