7.819490 0.110079 -7.542437 7.819490 0.110079 -7.542437 0.888689 0.383443 -0.572631 479.208758 369.010952 395.977705
8.438961 0.406567 -7.814740 8.438961 0.406567 -7.814740 1.176214 0.604849 -0.335044 479.208758 369.010952 395.977705
9.226664 0.827572 -7.939710 9.226664 0.827572 -7.939710 1.442326 0.784627 -0.073558 407.830777 230.246070 475.643014
10.156013 1.326622 -7.894359 10.156013 1.326622 -7.894359 1.639746 0.856920 0.231182 250.234758 10.731616 540.159028
11.171675 1.831257 -7.658099 11.171675 1.831257 -7.658099 1.723746 0.806119 0.556883 29.766909 -180.066827 545.510704
12.198316 2.273589 -7.230583 12.198316 2.273589 -7.230583 1.676783 0.653440 0.860160 -186.309515 -328.863929 465.412562
13.158489 2.598170 -6.638354 13.158489 2.598170 -6.638354 1.503194 0.414681 1.101205 -392.322851 -466.998121 338.067963
13.978414 2.758402 -5.926848 13.978414 2.758402 -5.926848 1.210933 0.111897 1.253700 -581.878925 -542.282602 170.249515
14.591664 2.728406 -5.156551 14.591664 2.728406 -5.156551 0.818948 -0.211089 1.293008 -724.736522 -534.339764 -39.220780
14.949715 2.508674 -4.399295 14.949715 2.508674 -4.399295 0.369776 -0.516179 1.212029 -772.504746 -482.625307 -230.709559
15.033251 2.118818 -3.725170 15.033251 2.118818 -3.725170 -0.090119 -0.772132 1.015780 -760.477342 -370.549874 -423.456011
14.846099 1.598053 -3.201610 14.846099 1.598053 -3.201610 -0.527379 -0.948396 0.713276 -697.057408 -216.998807 -584.888471
14.414425 1.000260 -2.884502 14.414425 1.000260 -2.884502 -0.894494 -1.027078 0.334455 -526.657992 -45.273028 -677.849135
13.795648 0.385240 -2.806330 13.795648 0.385240 -2.806330 -1.146904 -1.007362 -0.074693 -314.708689 110.990671 -685.978134
13.064450 -0.190474 -2.971195 13.064450 -0.190474 -2.971195 -1.267768 -0.897140 -0.469148 -88.174038 256.416686 -628.872566
12.302016 -0.676957 -3.357802 12.302016 -0.676957 -3.357802 -1.250179 -0.715057 -0.806072 146.804861 350.526611 -494.207168
11.590239 -1.039523 -3.919429 11.590239 -1.039523 -3.919429 -1.102571 -0.487874 -1.047731 345.223432 406.750892 -311.321754
11.000357 -1.260147 -4.590408 11.000357 -1.260147 -4.590408 -0.847836 -0.249397 -1.166038 503.892074 388.171278 -83.033285
10.588350 -1.343283 -5.290702 10.588350 -1.343283 -5.290702 -0.515526 -0.033337 -1.144481 603.806709 332.030367 154.888096
10.389917 -1.308932 -5.936423 10.389917 -1.308932 -5.936423 -0.142257 0.138816 -0.986110 640.425910 241.813848 373.015108
10.416180 -1.190125 -6.449621 10.416180 -1.190125 -6.449621 0.223698 0.243862 -0.705673 579.424043 108.337174 561.774518
10.648770 -1.031672 -6.764757 10.648770 -1.031672 -6.764757 0.541727 0.272037 -0.332868 480.672560 -14.419472 680.910968
11.052268 -0.876965 -6.838111 11.052268 -0.876965 -6.838111 0.789833 0.233787 0.094690 346.345724 -113.080922 744.282112
11.578262 -0.761950 -6.648345 11.578262 -0.761950 -6.648345 0.946402 0.141429 0.536168 175.549965 -194.779558 727.311069
12.166515 -0.713588 -6.201324 12.166515 -0.713588 -6.201324 0.995796 0.017385 0.944570 -10.902214 -218.699720 634.029446
12.753983 -0.742135 -5.530112 12.753983 -0.742135 -5.530112 0.949021 -0.111894 1.276715 -145.014386 -212.230281 473.118335
13.290001 -0.844198 -4.689007 13.290001 -0.844198 -4.689007 0.825552 -0.222859 1.510158 -266.549322 -157.652566 305.024392
13.734009 -1.001253 -3.738856 13.734009 -1.001253 -3.738856 0.648902 -0.292261 1.638930 -322.284779 -73.688373 124.218080
14.064026 -1.182971 -2.745055 14.064026 -1.182971 -2.745055 0.448971 -0.301963 1.653881 -344.151791 41.347971 -74.383074
14.272976 -1.350528 -1.774683 14.272976 -1.350528 -1.774683 0.250053 -0.246261 1.566416 -318.907514 144.325842 -217.167761
14.369270 -1.467331 -0.880282 14.369270 -1.467331 -0.880282 0.077037 -0.134794 1.404321 -257.810282 227.231126 -323.148484
14.374655 -1.504451 -0.099545 14.374655 -1.504451 -0.099545 -0.049807 0.015819 1.191989 -165.002995 274.811498 -384.625040
14.320841 -1.445232 0.547572 14.320841 -1.445232 0.547572 -0.119956 0.182018 0.966998 -68.828248 279.186677 -365.345294
14.240721 -1.287830 1.064463 14.240721 -1.287830 1.064463 -0.140041 0.339213 0.760063 1.879572 244.796719 -324.437548
14.157035 -1.040239 1.462102 14.157035 -1.040239 1.462102 -0.138913 0.486091 0.565400 1.879572 244.796719 -324.437548
