8.589721 -3.923151 -7.395040 8.589721 -3.923151 -7.395040 0.245693 0.232260 -0.115921 -23.333876 -235.476156 -331.668876
8.732936 -3.826181 -7.524293 8.732936 -3.826181 -7.524293 0.231693 0.090974 -0.314923 -23.333876 -235.476156 -331.668876
8.871451 -3.816450 -7.769790 8.871451 -3.816450 -7.769790 0.236191 -0.062652 -0.498140 38.328073 -276.612390 -279.055817
9.025729 -3.903806 -8.112763 9.025729 -3.903806 -8.112763 0.287506 -0.228491 -0.634869 132.721668 -276.183142 -176.706467
9.227324 -4.089073 -8.515960 9.227324 -4.089073 -8.515960 0.393147 -0.386499 -0.693236 219.417573 -250.511406 -17.851194
9.506705 -4.360920 -8.924518 9.506705 -4.360920 -8.924518 0.544789 -0.511082 -0.650960 286.054003 -164.763996 158.770781
9.886512 -4.689013 -9.275630 9.886512 -4.689013 -9.275630 0.723638 -0.568874 -0.501273 310.109523 -27.877180 340.186684
10.374906 -5.026767 -9.505137 10.374906 -5.026767 -9.505137 0.901662 -0.542658 -0.247047 283.305441 115.264379 507.231670
10.963436 -5.322017 -9.554017 10.963436 -5.322017 -9.554017 1.054330 -0.425513 0.097526 225.586996 275.218584 641.345245
11.629505 -5.520968 -9.375412 11.629505 -5.520968 -9.375412 1.154011 -0.226294 0.505574 106.681703 388.846634 718.814498
12.331891 -5.581709 -8.942853 12.331891 -5.581709 -8.942853 1.171905 0.032230 0.935999 -47.033800 472.897359 715.936823
13.016181 -5.475071 -8.256577 13.016181 -5.475071 -8.256577 1.091748 0.326861 1.344604 -220.158150 509.208272 646.078400
13.620929 -5.188084 -7.341539 13.620929 -5.188084 -7.341539 0.906293 0.628447 1.692161 -398.023171 496.078400 512.447383
14.084826 -4.726779 -6.245832 14.084826 -4.726779 -6.245832 0.626307 0.900807 1.940475 -535.265689 411.788369 315.263772
14.358488 -4.121383 -5.038020 14.358488 -4.121383 -5.038020 0.276274 1.101829 2.063533 -631.508934 258.282250 94.931354
14.407570 -3.423623 -3.797406 14.407570 -3.423623 -3.797406 -0.117684 1.207659 2.047523 -681.684383 94.485698 -148.299468
14.215126 -2.693444 -2.608155 14.215126 -2.693444 -2.608155 -0.522346 1.207231 1.895700 -667.191193 -95.912271 -357.777607
13.788586 -1.996944 -1.546992 13.788586 -1.996944 -1.546992 -0.887849 1.096812 1.621748 -551.151037 -272.149544 -555.394352
13.166262 -1.397150 -0.679823 13.166262 -1.397150 -0.679823 -1.170576 0.886990 1.258968 -391.272557 -427.258651 -653.874150
12.405049 -0.946774 -0.045189 12.405049 -0.946774 -0.045189 -1.347533 0.606077 0.851399 -198.583371 -509.118877 -704.687070
11.575579 -0.677472 0.340562 11.575579 -0.677472 0.340562 -1.392710 0.287095 0.437363 47.994070 -554.153643 -675.434707
10.762614 -0.603410 0.488092 10.762614 -0.603410 0.488092 -1.293802 -0.037635 0.065554 281.697181 -528.278003 -563.926639
10.049107 -0.714490 0.435460 10.049107 -0.714490 0.435460 -1.064439 -0.321649 -0.225089 482.848301 -418.437591 -404.883501
9.506512 -0.974333 0.239342 9.506512 -0.974333 0.239342 -0.728953 -0.530381 -0.408950 635.438217 -277.334357 -207.988092
9.188955 -1.332534 -0.030645 9.188955 -1.332534 -0.030645 -0.320509 -0.647044 -0.469639 726.040663 -111.541220 5.691572
9.127681 -1.728698 -0.298399 9.127681 -1.728698 -0.298399 0.116833 -0.653272 -0.401196 731.767493 90.779363 222.454022
9.325768 -2.093547 -0.489620 9.325768 -2.093547 -0.489620 0.537239 -0.544933 -0.220453 669.585617 270.352148 380.022170
9.760917 -2.363551 -0.546855 9.760917 -2.363551 -0.546855 0.900394 -0.341262 0.040725 540.928934 408.551360 490.569415
10.387705 -2.490150 -0.430044 10.387705 -2.490150 -0.430044 1.170875 -0.073039 0.355436 360.674920 485.522313 558.468318
11.141438 -2.444192 -0.116696 11.141438 -2.444192 -0.116696 1.318712 0.230215 0.688324 132.117554 525.327464 551.159434
11.943582 -2.213203 0.391924 11.943582 -2.213203 0.391924 1.333657 0.536914 1.001104 -82.302558 497.000170 491.439929
12.717676 -1.806958 1.073693 12.717676 -1.806958 1.073693 1.227850 0.808297 1.259205 -270.388975 407.609373 368.896010
13.395914 -1.257204 1.888734 13.395914 -1.257204 1.888734 1.016606 1.009897 1.446126 -433.754830 264.391022 254.174265
13.922273 -0.612034 2.794411 13.922273 -0.612034 2.794411 0.728710 1.126737 1.559880 -525.899788 125.076894 125.007117
14.262859 0.077355 3.744457 14.262859 0.077355 3.744457 0.403277 1.155950 1.592966 -558.875777 -27.702052 -14.721914
14.405834 0.757016 4.691559 14.405834 0.757016 4.691559 0.075985 1.094714 1.553994 -532.098354 -176.417451 -115.184153
14.361476 1.376688 5.601103 14.361476 1.376688 5.601103 -0.214132 0.961859 1.474288 -434.957415 -266.433001 -150.504020
14.161592 1.902901 6.457541 14.161592 1.902901 6.457541 -0.440667 0.787277 1.378767 -320.161587 -315.507101 -167.899175
13.839563 2.318475 7.254579 13.839563 2.318475 7.254579 -0.632764 0.597972 1.278027 -320.161587 -315.507101 -167.899175
