-10.938291 5.924266 -0.371971 -10.938291 5.924266 -0.371971 1.655746 -0.112994 0.852029 349.194001 -112.600829 28.363191
-9.881988 5.836202 0.144352 -9.881988 5.836202 0.144352 1.865262 -0.180554 0.869047 349.194001 -112.600829 28.363191
-8.709016 5.713034 0.674731 -8.709016 5.713034 0.674731 2.029578 -0.220949 0.905294 198.523775 -22.047747 92.461750
-7.468581 5.584341 1.239659 -7.468581 5.584341 1.239659 2.083460 -0.194956 0.986308 -18.914934 108.690775 177.584157
-6.235728 5.491522 1.867297 -6.235728 5.491522 1.867297 2.003020 -0.106788 1.112301 -249.218410 185.202092 242.391790
-5.090408 5.462653 2.581619 -5.090408 5.462653 2.581619 1.795324 0.013669 1.274289 -443.102102 216.322377 297.568860
-4.102256 5.508574 3.400863 -4.102256 5.508574 3.400863 1.483045 0.137369 1.458372 -597.826961 196.009073 316.040173
-3.324463 5.622521 4.330131 -3.324463 5.622521 4.330131 1.102218 0.236196 1.634787 -671.599183 133.413597 272.009863
-2.785243 5.783570 5.354625 -2.785243 5.783570 5.354625 0.693146 0.292831 1.771293 -691.973107 55.370571 183.008937
-2.490745 5.963051 6.443163 -2.490745 5.963051 6.443163 0.293790 0.295130 1.845199 -639.212084 -47.705962 63.344898
-2.420527 6.124390 7.551793 -2.420527 6.124390 7.551793 -0.044727 0.230746 1.833750 -489.177662 -166.909173 -101.507109
-2.524494 6.228605 8.624127 -2.524494 6.228605 8.624127 -0.283630 0.109656 1.724623 -307.168002 -236.723740 -262.249752
-2.736429 6.249207 9.601573 -2.736429 6.249207 9.601573 -0.400265 -0.045281 1.516661 -81.615336 -279.733711 -430.957684
-2.976853 6.171074 10.425670 -2.976853 6.171074 10.425670 -0.377103 -0.216182 1.216449 158.824143 -289.935459 -569.748652
-3.162173 5.991348 11.048417 -3.162173 5.991348 11.048417 -0.220044 -0.379284 0.851765 364.703373 -253.737548 -645.864965
-3.217850 5.723735 11.441922 -3.217850 5.723735 11.441922 0.052294 -0.503377 0.457755 543.091567 -159.906468 -667.499502
-3.081305 5.400782 11.599104 -3.081305 5.400782 11.599104 0.415212 -0.560041 0.070647 666.633757 -28.971954 -622.860439
-2.709501 5.066740 11.536302 -2.709501 5.066740 11.536302 0.828603 -0.541435 -0.268446 711.335947 90.990297 -507.450662
-2.086317 4.766404 11.295303 -2.086317 4.766404 11.295303 1.245317 -0.446108 -0.515867 677.713086 226.767859 -317.285635
-1.222599 4.546596 10.941137 -1.222599 4.546596 10.941137 1.624639 -0.274855 -0.643913 586.693512 344.076253 -109.533542
-0.150448 4.447133 10.548361 -0.150448 4.447133 10.548361 1.935471 -0.050829 -0.643196 449.411948 402.674447 111.922278
1.081753 4.490700 10.196585 1.081753 4.490700 10.196585 2.155237 0.198695 -0.506064 283.141587 429.072919 345.185836
2.414439 4.684957 9.965520 2.414439 4.684957 9.965520 2.268013 0.445174 -0.246756 92.777581 392.525513 519.174147
3.781252 5.016115 9.919187 3.781252 5.016115 9.919187 2.270209 0.647682 0.106094 -85.457755 282.499395 656.990630
5.120741 5.447176 10.104165 5.120741 5.447176 10.104165 2.182662 0.775191 0.515607 -206.364536 142.529748 708.052670
6.387362 5.927516 10.540255 6.387362 5.927516 10.540255 2.029694 0.808562 0.936822 -303.529849 -31.291237 695.998772
7.548076 6.396435 11.221255 7.548076 6.396435 11.221255 1.835239 0.736857 1.322552 -344.653654 -207.726628 589.765999
8.587260 6.791466 12.111549 8.587260 6.791466 12.111549 1.628842 0.563762 1.629436 -343.335490 -369.257300 433.182954
9.505968 7.055536 13.155200 9.505968 7.055536 13.155200 1.438853 0.303604 1.829428 -289.962423 -497.934710 233.457144
10.322842 7.144136 14.280836 10.322842 7.144136 14.280836 1.293655 -0.014829 1.899286 -194.028378 -563.509401 -0.598517
11.068768 7.033214 15.407400 11.068768 7.033214 15.407400 1.200529 -0.355897 1.834429 -116.393117 -573.382559 -215.591920
11.772953 6.720102 16.458763 11.772953 6.720102 16.458763 1.154786 -0.681755 1.652635 -36.082568 -512.811353 -390.388419
12.463828 6.225988 17.370912 12.463828 6.225988 17.370912 1.155627 -0.953216 1.372592 38.884767 -392.059003 -543.088558
13.165868 5.592795 18.091440 13.165868 5.592795 18.091440 1.187281 -1.141912 1.020384 66.627593 -236.928336 -630.938850
13.890021 4.877273 18.590396 13.890021 4.877273 18.590396 1.226216 -1.222710 0.643294 63.158522 -32.397189 -626.027284
14.635599 4.149015 18.866753 14.635599 4.149015 18.866753 1.256506 -1.186148 0.283005 37.806307 154.271917 -574.934003
15.392833 3.474889 18.938339 15.392833 3.474889 18.938339 1.261820 -1.044616 -0.035601 -20.092102 317.500522 -487.086301
16.142131 2.913336 18.838333 16.142131 2.913336 18.838333 1.228878 -0.813786 -0.282704 -89.714318 451.933890 -336.589715
16.859212 2.510518 18.616839 16.859212 2.510518 18.616839 1.154562 -0.522099 -0.441085 -158.005355 520.356094 -191.347542
17.521323 2.292074 18.326709 17.521323 2.292074 18.326709 1.048831 -0.204130 -0.511073 -194.432573 539.538625 -41.947978
18.114966 2.263383 18.019664 18.114966 2.263383 18.019664 0.928884 0.102943 -0.500495 -205.391556 484.038507 77.210518
18.636885 2.404697 17.738503 18.636885 2.404697 17.738503 0.813445 0.355473 -0.427981 -179.402799 357.726696 164.500386
19.097055 2.674440 17.513581 19.097055 2.674440 17.513581 0.727781 0.530453 -0.317998 -106.144177 225.541336 202.110384
19.520714 3.023771 17.359233 19.520714 3.023771 17.359233 0.694575 0.618083 -0.196373 -4.544392 66.559889 203.308140
19.944980 3.396240 17.275972 19.944980 3.396240 17.275972 0.733543 0.606214 -0.084553 134.438553 -106.124969 169.422276
20.417710 3.732560 17.251595 20.417710 3.732560 17.251595 0.856234 0.501010 -0.003604 274.532124 -244.553572 100.408511
20.988464 3.983542 17.262424 20.988464 3.983542 17.262424 1.058942 0.326252 0.031232 401.159365 -337.973343 15.711788
21.700905 4.116190 17.281005 21.700905 4.116190 17.281005 1.323973 0.112131 0.025726 482.278996 -375.765033 -34.066022
22.582099 4.115831 17.290308 22.582099 4.115831 17.290308 1.613340 -0.113328 0.005286 482.278996 -375.765033 -34.066022
