11.681721 1.558376 6.182849 11.681721 1.558376 6.182849 -0.294056 1.507354 1.282623 -521.949701 -358.503518 -489.166418
11.411336 2.398258 6.864372 11.411336 2.398258 6.864372 -0.607226 1.292251 0.989123 -521.949701 -358.503518 -489.166418
10.961781 3.102362 7.373788 10.961781 3.102362 7.373788 -0.876742 1.043571 0.715584 -376.439781 -470.430626 -422.632309
10.380339 3.637579 7.733546 10.380339 3.637579 7.733546 -1.040790 0.730072 0.494410 -170.384397 -574.565537 -314.611578
9.739434 3.972029 7.981132 9.739434 3.972029 7.981132 -1.071832 0.384474 0.343493 66.911123 -577.429280 -188.446162
9.121330 4.102475 8.161153 9.121330 4.102475 8.161153 -0.966932 0.056512 0.269655 282.755375 -515.776364 -57.679312
8.604599 4.049872 8.318369 8.604599 4.049872 8.318369 -0.734621 -0.221309 0.264069 491.614657 -410.294676 39.058863
8.261299 3.852973 8.487706 8.261299 3.852973 8.487706 -0.394743 -0.418786 0.306832 641.312075 -247.961600 103.483704
8.143412 3.567948 8.690991 8.143412 3.567948 8.690991 0.007660 -0.513168 0.371713 700.030168 -66.643834 112.784699
8.274112 3.258915 8.934229 8.274112 3.258915 8.934229 0.428171 -0.498835 0.438930 701.672887 114.420001 111.272328
8.653120 2.990093 9.215460 8.653120 2.990093 9.215460 0.828193 -0.380769 0.494914 631.733841 279.133300 75.341000
9.254707 2.818391 9.522068 9.254707 2.818391 9.522068 1.162030 -0.180708 0.520613 481.056530 387.735727 10.325130
10.026959 2.784082 9.832482 10.026959 2.784082 9.832482 1.392883 0.073548 0.507744 288.452544 459.785184 -53.224668
10.901715 2.910746 10.124385 10.901715 2.910746 10.124385 1.501479 0.348289 0.459995 73.535823 456.019103 -105.937320
11.802171 3.198012 10.380175 11.802171 3.198012 10.380175 1.477262 0.602944 0.390742 -154.259942 392.828387 -124.907293
12.648289 3.625477 10.592281 12.648289 3.625477 10.592281 1.322342 0.813590 0.316519 -362.140903 309.326154 -122.501493
13.367912 4.160992 10.763188 13.367912 4.160992 10.763188 1.062076 0.957595 0.258247 -505.412889 170.690591 -71.739004
13.908339 4.756466 10.910334 13.908339 4.756466 10.910334 0.729606 1.010975 0.240756 -602.817841 7.241469 13.437176
14.235940 5.356900 11.062448 14.235940 5.356900 11.062448 0.359633 0.978047 0.275028 -630.425891 -116.999575 100.802706
14.340287 5.915738 11.251537 14.340287 5.915738 11.251537 -0.008404 0.873197 0.365150 -596.364262 -232.501108 199.602868
14.234502 6.393341 11.512969 14.234502 6.393341 11.512969 -0.333204 0.711368 0.516975 -486.303512 -306.928432 306.480918
13.955590 6.764307 11.881550 13.955590 6.764307 11.881550 -0.582262 0.524175 0.717012 -343.890255 -317.047782 360.309299
13.552386 7.022821 12.377874 13.552386 7.022821 12.377874 -0.748328 0.339331 0.939502 -209.663627 -299.100040 381.323255
13.075295 7.176534 13.008392 13.075295 7.176534 13.008392 -0.825898 0.179635 1.159191 -48.903369 -233.219463 350.974234
12.580282 7.248546 13.760963 12.580282 7.248546 13.760963 -0.808601 0.070754 1.339180 106.560599 -129.716192 248.987747
12.119641 7.274393 14.601500 12.119641 7.274393 14.601500 -0.717967 0.026639 1.449629 195.551836 -17.336461 119.177154
11.728151 7.292851 15.481923 11.728151 7.292851 15.481923 -0.580183 0.044218 1.467104 263.730648 75.934908 -60.928107
11.428291 7.338033 16.339898 11.428291 7.338033 16.339898 -0.418056 0.114692 1.373946 276.693385 158.977882 -249.598224
11.224556 7.437868 17.107745 11.224556 7.437868 17.107745 -0.265568 0.222098 1.166220 231.600057 199.040488 -442.823545
11.104118 7.606169 17.719322 11.104118 7.606169 17.719322 -0.140537 0.337598 0.858295 185.169234 185.962666 -583.590511
11.053126 7.842202 18.129253 11.053126 7.842202 18.129253 -0.029435 0.449176 0.508141 185.169234 185.962666 -583.590511
