2.258384 1.063058 -4.572857 2.258384 1.063058 -4.572857 1.343540 0.803756 -0.196554 -571.596422 -129.836319 633.264720
2.961621 1.521941 -4.576801 2.961621 1.521941 -4.576801 1.000582 0.725855 0.183405 -571.596422 -129.836319 633.264720
3.466181 1.926600 -4.347932 3.466181 1.926600 -4.347932 0.693116 0.610533 0.587556 -453.290151 -254.569470 713.906202
3.812033 2.239507 -3.864104 3.812033 2.239507 -3.864104 0.479012 0.419842 1.029857 -260.392395 -381.066171 760.427718
4.063265 2.418498 -3.112178 4.063265 2.418498 -3.112178 0.376257 0.169590 1.471785 -82.124212 -453.106131 712.666148
4.283990 2.439153 -2.108216 4.283990 2.439153 -2.108216 0.375747 -0.099974 1.862441 80.425930 -445.442977 589.522541
4.531692 2.302293 -0.896174 4.531692 2.302293 -0.896174 0.462886 -0.350718 2.158471 210.037853 -390.370163 397.243073
4.853560 2.026601 0.457277 4.853560 2.026601 0.457277 0.620558 -0.559912 2.331139 315.534053 -306.942748 178.316831
5.285826 1.643717 1.874989 5.285826 1.643717 1.874989 0.825553 -0.702513 2.372791 367.781958 -168.393134 -39.476980
5.846503 1.200854 3.277628 5.846503 1.200854 3.277628 1.041945 -0.758772 2.279455 353.527221 -19.136583 -271.643506
6.531772 0.749050 4.586419 6.531772 0.749050 4.586419 1.236396 -0.735736 2.066539 294.640135 95.923714 -438.075278
7.322029 0.331428 5.739708 7.322029 0.331428 5.739708 1.390100 -0.645414 1.764786 217.708847 205.148540 -567.769616
8.190426 -0.014954 6.692517 8.190426 -0.014954 6.692517 1.496472 -0.502628 1.404803 136.863549 270.803642 -632.172553
9.106740 -0.266989 7.422861 9.106740 -0.266989 7.422861 1.547568 -0.336159 1.031767 33.456441 284.093970 -611.281399
10.036612 -0.419320 7.935953 10.036612 -0.419320 7.935953 1.544185 -0.174566 0.685311 -44.733091 254.549684 -543.571265
10.953281 -0.482830 8.256681 10.953281 -0.482830 8.256681 1.508395 -0.044778 0.396088 -74.565610 178.075587 -420.505089
11.844223 -0.483679 8.427385 11.844223 -0.483679 8.427385 1.460289 0.031887 0.187498 -85.790959 77.476253 -274.796838
12.705666 -0.456526 8.500475 12.705666 -0.456526 8.500475 1.412378 0.048749 0.072890 -73.911680 -21.269031 -107.228704
13.543280 -0.437082 8.533793 13.543280 -0.437082 8.533793 1.385489 0.006098 0.052980 -15.717634 -120.900468 40.861425
14.375666 -0.459255 8.579999 14.375666 -0.459255 8.579999 1.395664 -0.086790 0.112811 49.635717 -188.726283 158.574812
15.224867 -0.547229 8.680598 15.224867 -0.547229 8.680598 1.439787 -0.209673 0.229803 97.440616 -220.885077 231.399743
16.109729 -0.712091 8.862013 16.109729 -0.712091 8.862013 1.515501 -0.338696 0.378051 154.937755 -209.191983 262.758948
17.047735 -0.948852 9.135532 17.047735 -0.948852 9.135532 1.612548 -0.443658 0.532666 168.551726 -140.682029 252.627067
18.044011 -1.235127 9.497929 18.044011 -1.235127 9.497929 1.705722 -0.501852 0.670865 142.030433 -53.296677 208.034417
19.088291 -1.539295 9.933346 19.088291 -1.539295 9.933346 1.767342 -0.501149 0.772945 63.368522 55.639315 132.231155
20.153645 -1.821850 10.416199 20.153645 -1.821850 10.416199 1.773075 -0.427167 0.828704 -44.256750 190.968019 53.633610
21.202521 -2.037441 10.918570 21.202521 -2.037441 10.918570 1.711508 -0.280910 0.838360 -160.967491 296.554834 -21.448356
22.191995 -2.148257 11.415255 22.191995 -2.148257 11.415255 1.572643 -0.081231 0.813136 -301.916734 369.043675 -62.630774
23.073343 -2.128849 11.890457 23.073343 -2.128849 11.890457 1.352029 0.148790 0.768528 -433.463526 397.691401 -86.061367
23.799831 -1.969546 12.337753 23.799831 -1.969546 12.337753 1.058420 0.379627 0.725242 -545.231592 371.764218 -58.225386
24.333626 -1.679274 12.765496 24.333626 -1.679274 12.765496 0.715705 0.580579 0.705699 -597.153825 298.076447 -6.918597
24.656499 -1.285244 13.191130 24.656499 -1.285244 13.191130 0.362105 0.719569 0.718846 -581.512880 165.223265 50.741415
24.774467 -0.833444 13.636532 24.774467 -0.833444 13.636532 0.040085 0.770297 0.774101 -491.887225 3.870242 133.441607
24.715838 -0.378545 14.129460 24.715838 -0.378545 14.129460 -0.225748 0.732737 0.876405 -394.222743 -129.068634 207.572240
24.509429 0.037865 14.692666 24.509429 0.037865 14.692666 -0.462282 0.655296 1.000948 -394.222743 -129.068634 207.572240
