-5.380314 -1.046576 11.238556 -5.380314 -1.046576 11.238556 0.747342 0.055228 -0.530428 -77.724856 -8.654226 -482.957977
-4.945900 -1.014997 10.833366 -4.945900 -1.014997 10.833366 0.700707 0.050036 -0.820203 -77.724856 -8.654226 -482.957977
-4.534164 -0.991049 10.264228 -4.534164 -0.991049 10.264228 0.680583 0.022267 -1.060401 10.645509 -83.908598 -317.701208
-4.117838 -0.999098 9.584530 -4.117838 -0.999098 9.584530 0.717271 -0.059609 -1.182377 111.648102 -189.010182 -88.887109
-3.664350 -1.073445 8.870955 -3.664350 -1.073445 8.870955 0.799403 -0.195813 -1.176455 162.125868 -265.003800 108.626117
-3.154975 -1.239998 8.194700 -3.154975 -1.239998 8.194700 0.899430 -0.361638 -1.060949 171.295671 -287.748215 276.395618
-2.585857 -1.506680 7.615401 -2.585857 -1.506680 7.615401 0.995339 -0.523808 -0.857519 148.401986 -252.815502 401.704575
-1.965029 -1.862168 7.176149 -1.965029 -1.862168 7.176149 1.068942 -0.653981 -0.601730 96.942613 -181.096409 450.923479
-1.309937 -2.281040 6.896745 -1.309937 -2.281040 6.896745 1.108491 -0.732070 -0.328838 34.886984 -79.198363 458.719434
-0.642388 -2.725340 6.779417 -0.642388 -2.725340 6.779417 1.110300 -0.733601 -0.066581 -28.856621 74.092925 415.470419
0.015991 -3.143685 6.808140 0.015991 -3.143685 6.808140 1.079951 -0.646753 0.152137 -72.308358 215.401248 313.587756
0.650095 -3.485593 6.948594 0.650095 -3.485593 6.948594 1.032306 -0.480654 0.303918 -86.507071 338.261826 192.347960
1.256026 -3.707479 7.158650 1.256026 -3.707479 7.158650 0.990995 -0.249599 0.384743 -51.196120 431.922007 77.070465
1.844828 -3.776388 7.396193 1.844828 -3.776388 7.396193 0.977382 0.025075 0.395106 5.817980 483.657596 -42.526307
2.437273 -3.674688 7.621378 2.437273 -3.674688 7.621378 1.005714 0.313255 0.348472 88.620727 476.942913 -112.922130
3.063165 -3.405685 7.807719 3.063165 -3.405685 7.807719 1.091444 0.575422 0.268638 197.148038 396.948217 -153.190886
3.759612 -2.996121 7.940309 3.759612 -2.996121 7.940309 1.240205 0.777888 0.171629 298.722514 277.936608 -170.170748
4.562469 -2.488633 8.013927 4.562469 -2.488633 8.013927 1.444259 0.898285 0.075883 381.455617 123.385696 -148.984345
5.501307 -1.938812 8.036050 5.501307 -1.938812 8.036050 1.691234 0.915518 0.003547 441.793971 -65.939803 -92.135834
6.594731 -1.412307 8.026215 6.594731 -1.412307 8.026215 1.952114 0.821270 -0.028631 427.806057 -248.220819 -15.123346
7.840214 -0.972833 8.009127 7.840214 -0.972833 8.009127 2.194849 0.629296 -0.023641 381.310291 -391.692531 31.758007
9.219955 -0.672616 8.002614 9.219955 -0.672616 8.002614 2.394613 0.359999 0.005190 284.570559 -505.965564 64.344157
10.697811 -0.550676 8.018550 10.697811 -0.550676 8.018550 2.514685 0.041496 0.049995 115.670994 -555.709517 85.007033
12.216153 -0.623780 8.062418 12.216153 -0.623780 8.062418 2.527636 -0.281800 0.093846 -72.501005 -521.944372 61.162551
13.708635 -0.882050 8.125575 13.708635 -0.882050 8.125575 2.428886 -0.571168 0.109746 -256.666914 -442.614628 -8.163844
15.108208 -1.296109 8.184457 15.108208 -1.296109 8.184457 2.217093 -0.795179 0.077368 -449.308859 -304.089041 -99.761264
16.348244 -1.817301 8.207293 16.348244 -1.817301 8.207293 1.900789 -0.924373 -0.010630 -605.038767 -126.559458 -193.565760
17.374495 -2.383484 8.159228 17.374495 -2.383484 8.159228 1.511190 -0.944200 -0.160998 -693.623469 60.471444 -307.662337
18.154676 -2.927662 8.002431 18.154676 -2.927662 8.002431 1.086610 -0.850632 -0.369686 -721.642465 251.420199 -387.964393
18.679940 -3.383550 7.708926 18.679940 -3.383550 7.708926 0.669590 -0.653605 -0.611767 -668.426577 405.336869 -418.971301
18.968797 -3.696904 7.266672 18.968797 -3.696904 7.266672 0.305632 -0.381160 -0.862044 -544.764987 502.812743 -415.284844
19.064109 -3.832816 6.677574 19.064109 -3.832816 6.677574 0.028726 -0.068084 -1.096815 -378.255467 540.775286 -367.286921
19.026569 -3.776523 5.960211 19.026569 -3.776523 5.960211 -0.131676 0.255403 -1.282998 -156.418005 537.514550 -253.321665
18.934172 -3.532205 5.154747 18.934172 -3.532205 5.154747 -0.151705 0.549528 -1.385328 89.653250 442.900915 -87.779572
18.872743 -3.129436 4.319025 18.872743 -3.129436 4.319025 -0.030629 0.781919 -1.381623 313.934539 331.737984 100.130960
18.922081 -2.610482 3.519786 18.922081 -2.610482 3.519786 0.213767 0.931411 -1.262986 500.719334 166.567274 295.324775
19.148329 -2.031600 2.825538 19.148329 -2.031600 2.825538 0.553489 0.981614 -1.033868 631.687997 0.774997 468.402715
19.598100 -1.450369 2.298551 19.598100 -1.450369 2.298551 0.952368 0.942696 -0.707718 697.908624 -130.499626 618.763890
20.292794 -0.915464 1.990414 20.292794 -0.915464 1.990414 1.359362 0.828283 -0.310882 658.737050 -250.878983 704.021492
21.222378 -0.467696 1.931350 21.222378 -0.467696 1.931350 1.731575 0.657539 0.115241 581.973245 -318.267191 716.390270
22.366078 -0.130461 2.129445 22.366078 -0.130461 2.129445 2.080759 0.466579 0.545075 581.973245 -318.267191 716.390270
