5.875794 -3.162179 5.214841 5.875794 -3.162179 5.214841 0.397181 -0.276313 1.170790 372.161985 232.421528 -600.416786
6.181092 -3.286131 5.809240 6.181092 -3.286131 5.809240 0.620478 -0.136860 0.810540 372.161985 232.421528 -600.416786
6.614325 -3.326455 6.193397 6.614325 -3.326455 6.193397 0.813558 0.002376 0.479829 271.435941 231.698243 -501.955176
7.141533 -3.286074 6.399611 7.141533 -3.286074 6.399611 0.927495 0.127642 0.221997 108.356248 185.854945 -357.482829
7.708975 -3.180012 6.478422 7.708975 -3.180012 6.478422 0.949712 0.219272 0.057308 -34.301574 119.580506 -191.481432
8.265820 -3.034188 6.487821 8.265820 -3.034188 6.487821 0.895093 0.254700 -0.010180 -147.761686 -1.488352 -33.479667
8.771504 -2.888001 6.484586 8.771504 -2.888001 6.484586 0.782564 0.221979 0.014230 -227.332624 -107.580449 114.847861
9.197540 -2.780974 6.519892 9.197540 -2.780974 6.519892 0.633249 0.123453 0.113615 -270.384745 -220.841593 216.435533
9.529219 -2.750076 6.629904 9.529219 -2.750076 6.629904 0.473015 -0.026164 0.257897 -263.730781 -277.879004 264.505194
9.768007 -2.818301 6.833333 9.768007 -2.818301 6.833333 0.327030 -0.205435 0.421999 -222.882741 -319.693150 282.501033
9.927973 -2.998252 7.135671 9.927973 -2.998252 7.135671 0.212633 -0.392973 0.582943 -158.441746 -305.431795 253.976408
10.032023 -3.284580 7.527201 10.032023 -3.284580 7.527201 0.142515 -0.554066 0.715575 -75.285353 -231.545555 188.131721
10.107425 -3.651050 7.985654 10.107425 -3.651050 7.985654 0.114565 -0.654755 0.804675 -17.880054 -104.083283 108.869168
10.174973 -4.054422 8.482619 10.174973 -4.054422 8.482619 0.113974 -0.676128 0.842810 15.908982 32.839100 18.248193
10.247765 -4.445200 8.987788 10.247765 -4.445200 8.987788 0.131236 -0.611485 0.834749 41.631163 182.638463 -45.118596
10.332672 -4.770345 9.479017 10.332672 -4.770345 9.479017 0.149575 -0.457548 0.800184 19.497175 330.482586 -70.098365
10.422186 -4.977706 9.945708 10.422186 -4.977706 9.945708 0.142570 -0.220852 0.754114 -42.844541 458.504265 -83.469396
10.495526 -5.023974 10.384637 10.495526 -5.023974 10.384637 0.094414 0.072809 0.711458 -117.676458 520.367074 -58.715983
10.526081 -4.885591 10.805184 10.526081 -4.885591 10.805184 -0.000748 0.390191 0.697432 -199.531523 537.572285 11.962183
10.485548 -4.558443 11.229701 10.485548 -4.558443 11.229701 -0.141312 0.694084 0.724133 -269.013455 475.404196 77.039174
10.349336 -4.062991 11.681912 10.349336 -4.062991 11.681912 -0.317733 0.946470 0.789681 -319.057195 365.883438 141.456735
10.100648 -3.438361 12.184666 10.100648 -3.438361 12.184666 -0.512253 1.120445 0.891967 -329.344513 214.033445 199.496780
9.736392 -2.738597 12.757169 9.736392 -2.738597 12.757169 -0.697973 1.193717 1.018735 -289.721034 30.206286 223.063520
9.270259 -2.028982 13.406787 9.270259 -2.028982 13.406787 -0.847800 1.151579 1.143695 -209.702181 -170.666692 193.469939
8.732211 -1.378053 14.125109 8.732211 -1.378053 14.125109 -0.931728 1.002688 1.246180 -70.057555 -325.636975 148.144785
8.170103 -0.843504 14.892847 8.170103 -0.843504 14.892847 -0.926067 0.765059 1.301887 88.926529 -466.459319 37.546661
7.641071 -0.472683 15.671453 7.641071 -0.472683 15.671453 -0.819705 0.463926 1.277990 265.614949 -537.318008 -117.204074
7.206260 -0.290943 16.409128 7.206260 -0.290943 16.409128 -0.614327 0.142041 1.167557 418.977750 -535.632332 -250.906660
6.913080 -0.302132 17.064499 6.913080 -0.302132 17.064499 -0.362940 -0.179339 1.017013 418.977750 -535.632332 -250.906660
