-5.508790 0.435088 -6.025463 -5.508790 0.435088 -6.025463 -0.130388 -0.542852 0.394719 133.003547 326.564040 482.185765
-5.563082 0.168158 -5.701838 -5.563082 0.168158 -5.701838 -0.050586 -0.346913 0.684031 133.003547 326.564040 482.185765
-5.572586 0.025933 -5.211610 -5.572586 0.025933 -5.211610 0.013753 -0.115267 0.938425 81.459687 445.590709 365.795126
-5.554297 0.043400 -4.593669 -5.554297 0.043400 -4.593669 0.039497 0.184192 1.103116 4.353536 552.606522 183.173119
-5.530471 0.253893 -3.911135 -5.530471 0.253893 -3.911135 0.038831 0.518294 1.151486 -6.574335 561.067404 -21.938317
-5.510043 0.662998 -3.236599 -5.510043 0.662998 -3.236599 0.026452 0.840618 1.076291 -34.689727 513.343860 -228.712516
-5.498728 1.252129 -2.643507 -5.498728 1.252129 -2.643507 0.014078 1.110415 0.881489 -6.554907 385.981573 -420.626082
-5.487015 1.978756 -2.200653 -5.487015 1.978756 -2.200653 0.032374 1.296511 0.577484 67.539794 234.337574 -592.725313
-5.449570 2.788146 -1.966771 -5.449570 2.788146 -1.966771 0.102212 1.383623 0.192255 165.254637 56.034122 -691.369585
-5.354074 3.618202 -1.976526 -5.354074 3.618202 -1.976526 0.223482 1.366228 -0.225870 238.977044 -114.017640 -702.381495
-5.172376 4.407243 -2.235171 -5.172376 4.407243 -2.235171 0.389834 1.246954 -0.630774 315.530973 -283.559681 -647.299093
-4.876906 5.097704 -2.721596 -4.876906 5.097704 -2.721596 0.603020 1.043464 -0.976384 395.089917 -394.742018 -504.735088
-4.442326 5.649011 -3.389050 -4.442326 5.649011 -3.389050 0.848333 0.788028 -1.233081 422.619074 -456.710785 -350.919842
-3.857255 6.039620 -4.192064 -3.857255 6.039620 -4.192064 1.101904 0.514002 -1.443633 422.619074 -456.710785 -350.919842
