5.629988 5.181781 6.309965 5.629988 5.181781 6.309965 0.918070 0.440277 0.933236 31.625589 53.714523 318.208781
6.186523 5.455616 6.927184 6.186523 5.455616 6.927184 0.937046 0.472505 1.124161 31.625589 53.714523 318.208781
6.756158 5.743264 7.657455 6.756158 5.743264 7.657455 0.964598 0.477117 1.307571 60.216552 -38.342819 293.157951
7.347110 6.015236 8.490791 7.347110 6.015236 8.490791 1.007496 0.417131 1.463590 82.777387 -161.610703 226.907021
7.964565 6.228890 9.402995 7.964565 6.228890 9.402995 1.047449 0.282493 1.565766 50.398976 -287.181757 113.679289
8.598673 6.342508 10.353659 8.598673 6.342508 10.353659 1.060523 0.089257 1.587687 -6.820518 -356.938285 -40.609688
9.229170 6.329121 11.288594 9.229170 6.329121 11.288594 1.033484 -0.138370 1.511480 -83.308342 -401.818331 -213.414028
9.831881 6.174737 12.146878 9.831881 6.174737 12.146878 0.971579 -0.374634 1.332486 -123.041321 -385.727284 -383.232080
10.390141 5.884260 12.868352 10.390141 5.884260 12.868352 0.885054 -0.587400 1.057366 -165.377755 -323.493683 -533.836025
10.891358 5.480898 13.400308 10.891358 5.480898 13.400308 0.785590 -0.744959 0.705201 -166.167811 -201.704204 -640.047946
11.334729 5.006049 13.704040 11.334729 5.006049 13.704040 0.695527 -0.823814 0.300272 -134.041062 -61.144522 -709.715055
11.732221 4.510554 13.757747 11.732221 4.510554 13.757747 0.636617 -0.811506 -0.119090 -62.326275 102.169416 -688.157248
12.109193 4.052471 13.568756 12.109193 4.052471 13.568756 0.630325 -0.698053 -0.500330 41.350900 276.008710 -582.644160
12.501880 3.690480 13.172383 12.501880 3.690480 13.172383 0.690380 -0.496649 -0.806409 158.835287 395.339544 -437.616988
12.951537 3.469443 12.621570 12.951537 3.469443 12.621570 0.819870 -0.230490 -1.009962 272.795349 491.855763 -240.894322
13.498934 3.421923 11.986331 13.498934 3.421923 11.986331 1.015409 0.075823 -1.084005 379.002896 529.189112 -5.915733
14.179483 3.559757 11.348630 14.179483 3.559757 11.348630 1.258227 0.378762 -1.018719 430.390927 480.607508 223.535739
15.012170 3.867780 10.790014 15.012170 3.867780 10.790014 1.517861 0.638408 -0.822702 435.054221 384.878799 429.855763
15.998180 4.311004 10.383795 15.998180 4.311004 10.383795 1.763813 0.823841 -0.514648 384.786163 233.230428 596.988471
17.120202 4.836433 10.187169 17.120202 4.836433 10.187169 1.967052 0.909492 -0.132928 292.676404 52.272500 675.414610
18.343094 5.380664 10.230455 18.343094 5.380664 10.230455 2.092551 0.886489 0.279657 125.655206 -128.950575 699.868475
19.608536 5.878454 10.521330 19.608536 5.878454 10.521330 2.104412 0.754659 0.685101 -86.120210 -310.482995 651.608737
20.844936 6.266538 11.041899 20.844936 6.266538 11.041899 1.999016 0.524249 1.037162 -265.199944 -457.548567 521.929203
21.984623 6.492358 11.746496 21.984623 6.492358 11.746496 1.779963 0.217865 1.292081 -464.975879 -563.732146 327.799461
22.957682 6.521525 12.566454 22.957682 6.521525 12.566454 1.444862 -0.120775 1.417290 -652.026002 -565.068197 89.566556
23.703120 6.349053 13.422297 23.703120 6.349053 13.422297 1.033071 -0.451289 1.417767 -720.610575 -536.644152 -87.978819
24.193253 5.981683 14.257121 24.193253 5.981683 14.257121 0.600705 -0.773275 1.364979 -720.610575 -536.644152 -87.978819
