8.812810 4.657288 -7.445410 8.812810 4.657288 -7.445410 0.392868 0.171558 0.416029 272.868861 -422.338731 52.886647
9.097647 4.684202 -7.186273 9.097647 4.684202 -7.186273 0.556589 -0.081845 0.447761 272.868861 -422.338731 52.886647
9.479592 4.557541 -6.905809 9.479592 4.557541 -6.905809 0.714686 -0.342911 0.490936 254.119344 -447.880043 91.030060
9.950483 4.272352 -6.595449 9.950483 4.272352 -6.595449 0.848846 -0.605762 0.542615 193.081573 -428.289160 81.233850
10.489374 3.836894 -6.257787 10.489374 3.836894 -6.257787 0.938839 -0.837279 0.578710 106.895353 -343.435712 39.081878
11.066489 3.281378 -5.906710 11.066489 3.281378 -5.906710 0.975832 -0.999990 0.586245 16.416118 -198.933155 -13.964153
11.651507 2.654555 -5.562546 11.651507 2.654555 -5.562546 0.968500 -1.074457 0.552516 -40.858279 -49.292212 -98.467223
12.222733 2.012281 -5.252807 12.222733 2.012281 -5.252807 0.931386 -1.047669 0.473205 -82.853832 138.587164 -165.900574
12.765461 1.418980 -5.000917 12.765461 1.418980 -5.000917 0.875722 -0.912739 0.362811 -102.691729 311.178296 -202.081382
13.273727 0.935732 -4.821259 13.273727 0.935732 -4.821259 0.820697 -0.684116 0.233289 -80.726909 450.898069 -229.658889
13.754915 0.611067 -4.721351 13.754915 0.611067 -4.721351 0.788763 -0.390363 0.101864 -25.718135 528.280768 -208.423536
14.228096 0.473206 -4.692682 14.228096 0.473206 -4.692682 0.796092 -0.067065 0.002143 50.146628 549.378211 -123.978825
14.718693 0.530181 -4.707251 14.718693 0.530181 -4.707251 0.845759 0.254191 -0.039937 115.410640 521.475346 -16.287917
15.249616 0.770154 -4.725818 15.249616 0.770154 -4.725818 0.928474 0.535040 -0.008075 160.304276 414.687514 122.493832
15.837679 1.156517 -4.698847 15.837679 1.156517 -4.698847 1.035276 0.737333 0.114255 195.703910 259.623524 285.273500
16.493315 1.634529 -4.570600 16.493315 1.634529 -4.570600 1.148917 0.837507 0.327141 183.099970 74.288536 424.345161
17.211789 2.139087 -4.291106 17.211789 2.139087 -4.291106 1.239603 0.825486 0.615888 119.184984 -114.359637 538.145279
17.970966 2.603140 -3.820440 17.970966 2.603140 -3.820440 1.280926 0.703606 0.960112 18.560884 -291.907068 609.267885
18.734877 2.964022 -3.133823 18.734877 2.964022 -3.133823 1.252132 0.484768 1.330076 -114.541004 -437.551529 623.946315
19.456987 3.171429 -2.226640 19.456987 3.171429 -2.226640 1.140650 0.198768 1.688581 -257.065830 -515.781612 571.070501
20.086502 3.196077 -1.118617 20.086502 3.196077 -1.118617 0.943390 -0.119564 1.991633 -400.468363 -545.323514 439.103527
20.573008 3.029215 0.145253 20.573008 3.029215 0.145253 0.665894 -0.431586 2.204348 -524.517563 -494.750280 269.944257
20.873469 2.686353 1.503645 20.873469 2.686353 1.503645 0.327870 -0.702714 2.302282 -602.230258 -409.010584 56.504032
20.960276 2.200674 2.880633 20.960276 2.200674 2.880633 -0.041035 -0.900264 2.263424 -627.452220 -249.489802 -186.031867
20.825363 1.625400 4.193062 20.825363 1.625400 4.193062 -0.404259 -1.000993 2.091110 -583.295758 -86.272959 -388.347326
20.483900 1.018342 5.367450 20.483900 1.018342 5.367450 -0.723810 -1.007423 1.806221 -481.873579 64.838698 -561.282812
19.973192 0.435456 6.341826 19.973192 0.435456 6.341826 -0.961360 -0.919038 1.427822 -309.958446 229.777373 -700.046523
19.352659 -0.068444 7.069674 19.352659 -0.068444 7.069674 -1.086955 -0.750356 0.993612 -108.693713 332.495691 -747.319545
18.694274 -0.455090 7.533563 18.694274 -0.455090 7.533563 -1.085409 -0.532263 0.556416 113.847530 394.482870 -710.000894
18.076811 -0.702863 7.745257 18.076811 -0.702863 7.745257 -0.950651 -0.292683 0.158635 335.345997 404.115828 -615.936333
17.577976 -0.808669 7.740108 17.577976 -0.808669 7.740108 -0.693475 -0.064901 -0.158231 521.907668 355.158788 -440.282966
17.263821 -0.789310 7.578349 17.263821 -0.789310 7.578349 -0.340395 0.120051 -0.360250 655.026219 261.348319 -233.115430
17.180940 -0.677481 7.333937 17.180940 -0.677481 7.333937 0.069875 0.240638 -0.431624 712.540088 140.608389 -4.798479
17.350751 -0.514571 7.087217 17.350751 -0.514571 7.087217 0.495540 0.291087 -0.368914 706.341212 27.555310 213.834470
17.768589 -0.342192 6.915966 17.768589 -0.342192 6.915966 0.886212 0.271456 -0.182580 595.901662 -92.993517 407.276232
18.398814 -0.200696 6.887646 18.398814 -0.200696 6.887646 1.199929 0.192464 0.101380 449.820842 -170.311298 539.259204
19.199739 -0.115873 7.045541 19.199739 -0.115873 7.045541 1.469822 0.090278 0.424936 449.820842 -170.311298 539.259204
