8.911989 0.528735 -4.530190 8.911989 0.528735 -4.530190 -0.773146 0.527545 1.532837 54.529632 238.751151 -46.070317
8.457916 0.888237 -3.618780 8.457916 0.888237 -3.618780 -0.740429 0.670796 1.505195 54.529632 238.751151 -46.070317
8.033635 1.325517 -2.731185 8.033635 1.325517 -2.731185 -0.656908 0.773181 1.441408 223.874031 102.532920 -166.552072
7.691238 1.794987 -1.904693 7.691238 1.794987 -1.904693 -0.465329 0.770228 1.299609 414.719555 -112.375479 -306.111142
7.494969 2.226799 -1.186753 7.494969 2.226799 -1.186753 -0.175103 0.652316 1.082316 552.703262 -280.665455 -418.199707
7.494816 2.558679 -0.617782 7.494816 2.558679 -0.617782 0.183626 0.438967 0.805686 643.059939 -430.496941 -503.899678
7.721888 2.738581 -0.226967 7.721888 2.738581 -0.226967 0.575191 0.150724 0.493872 662.155745 -530.314976 -535.478479
8.182548 2.731095 -0.024040 8.182548 2.731095 -0.024040 0.954270 -0.179782 0.187532 601.439260 -571.370394 -485.657630
8.855323 2.521589 0.007240 8.855323 2.521589 0.007240 1.274906 -0.516554 -0.072962 467.349107 -551.203603 -382.654970
9.693824 2.117885 -0.096490 9.693824 2.117885 -0.096490 1.502488 -0.820053 -0.257933 291.256234 -460.460288 -233.914046
10.633692 1.552043 -0.281264 10.633692 1.552043 -0.281264 1.606986 -1.050965 -0.337829 57.071689 -309.245907 -32.406519
11.594105 0.876438 -0.477364 11.594105 0.876438 -0.477364 1.570971 -1.183321 -0.295120 -177.121440 -131.939552 174.769101
12.492086 0.153425 -0.610626 12.492086 0.153425 -0.610626 1.401102 -1.208840 -0.128499 -389.108640 46.876787 380.634170
13.251237 -0.552237 -0.608234 13.251237 -0.552237 -0.608234 1.110285 -1.124697 0.154767 -580.280081 233.599541 563.588216
13.805299 -1.175498 -0.406679 13.805299 -1.175498 -0.406679 0.723819 -0.936992 0.529166 -707.940353 392.082244 684.408127
14.109398 -1.661075 0.036951 14.109398 -1.661075 0.036951 0.285241 -0.671522 0.954491 -753.987467 492.818181 733.340608
14.146669 -1.973105 0.741179 14.146669 -1.973105 0.741179 -0.157932 -0.364953 1.392157 -723.255533 529.078713 725.546004
13.927160 -2.099038 1.701590 13.927160 -2.099038 1.701590 -0.564706 -0.058484 1.800077 -632.658124 492.484102 634.188186
13.484300 -2.049858 2.885025 13.484300 -2.049858 2.885025 -0.895089 0.215126 2.126764 -468.619052 419.549651 454.768250
12.874426 -1.853029 4.230497 12.874426 -1.853029 4.230497 -1.118608 0.428028 2.337401 -276.442456 290.122745 247.355484
12.165682 -1.552789 5.663944 12.165682 -1.552789 5.663944 -1.223568 0.558104 2.418224 -73.425210 143.465388 22.054832
11.430932 -1.201707 7.104320 11.430932 -1.201707 7.104320 -1.204587 0.596165 2.358819 136.695548 -16.596353 -220.072179
10.743349 -0.855153 8.467915 10.743349 -0.855153 8.467915 -1.069751 0.545419 2.166357 312.757724 -152.556652 -421.468820
10.165264 -0.562161 9.681938 10.165264 -0.562161 9.681938 -0.844753 0.419887 1.863841 437.234408 -265.881994 -586.916310
9.740423 -0.361015 10.689497 9.740423 -0.361015 10.689497 -0.565867 0.245720 1.486187 492.386315 -314.677062 -671.930901
9.489868 -0.270867 11.459009 9.489868 -0.270867 11.459009 -0.268756 0.053706 1.076767 497.984456 -325.369719 -692.804440
9.415815 -0.295032 11.983675 9.415815 -0.295032 11.983675 0.017852 -0.130629 0.677636 457.374156 -289.077779 -637.631513
9.502951 -0.420171 12.282231 9.502951 -0.420171 12.282231 0.262760 -0.277713 0.328800 358.986945 -201.203523 -525.155465
9.717672 -0.616306 12.393909 9.717672 -0.616306 12.393909 0.440391 -0.364888 0.058336 233.115931 -89.378239 -376.391718
10.017075 -0.844892 12.371783 10.017075 -0.844892 12.371783 0.546300 -0.386342 -0.114382 119.912781 17.864285 -199.331893
10.359247 -1.066696 12.278967 10.359247 -1.066696 12.278967 0.582283 -0.341698 -0.175518 0.031754 130.948338 -4.454822
10.703648 -1.243827 12.182263 10.703648 -1.243827 12.182263 0.557433 -0.241539 -0.131149 -82.866135 202.914594 152.351265
11.020373 -1.349943 12.137181 11.020373 -1.349943 12.137181 0.493619 -0.108379 -0.008817 -129.845818 240.952969 255.419461
11.293172 -1.371599 12.177866 11.293172 -1.371599 12.177866 0.415712 0.036193 0.144434 -129.845818 240.952969 255.419461
