-5.238700 4.118638 -5.128149 -5.238700 4.118638 -5.128149 1.886044 0.508993 -1.407115 604.743490 -370.667859 65.343165
-3.998219 4.357313 -5.960656 -3.998219 4.357313 -5.960656 2.248890 0.286592 -1.367909 604.743490 -370.667859 65.343165
-2.548885 4.457257 -6.758564 -2.548885 4.457257 -6.758564 2.567470 0.037733 -1.273324 457.190167 -458.863249 249.938308
-0.938506 4.393387 -7.464662 -0.938506 4.393387 -7.464662 2.779795 -0.257156 -1.058824 250.559723 -524.101397 465.063449
0.759885 4.146336 -8.006990 0.759885 4.146336 -8.006990 2.857193 -0.563714 -0.733510 7.433210 -497.757693 619.315150
2.461457 3.723180 -8.328867 2.461457 3.723180 -8.328867 2.791248 -0.839020 -0.328161 -227.250141 -419.930258 731.849771
4.082089 3.152242 -8.392103 4.082089 3.152242 -8.392103 2.588837 -1.050670 0.120587 -447.453700 -285.569285 763.976509
5.546087 2.480203 -8.184971 5.546087 2.480203 -8.184971 2.276551 -1.173185 0.565290 -593.500058 -122.814554 718.368039
6.799750 1.766020 -7.722841 6.799750 1.766020 -7.722841 1.893262 -1.187699 0.964561 -684.129346 74.435953 612.535047
7.811091 1.077923 -7.044701 7.811091 1.077923 -7.044701 1.475422 -1.087418 1.277814 -708.669975 259.835028 431.640266
8.571978 0.481859 -6.214210 8.571978 0.481859 -6.214210 1.066192 -0.883439 1.467334 -655.431631 420.094410 200.093389
9.100907 0.033515 -5.311475 9.100907 0.033515 -5.311475 0.708891 -0.600870 1.518982 -535.569512 521.801536 -27.934068
9.439921 -0.230795 -4.418090 9.439921 -0.230795 -4.418090 0.437958 -0.276346 1.437342 -367.542358 559.944672 -244.198669
9.648276 -0.295843 -3.611920 9.648276 -0.295843 -3.611920 0.276118 0.059465 1.229426 -171.924977 559.427347 -448.853862
9.794017 -0.164650 -2.963704 9.794017 -0.164650 -2.963704 0.228050 0.369209 0.916879 11.700664 473.051638 -592.969349
9.943298 0.133197 -2.524324 9.943298 0.133197 -2.524324 0.286792 0.608900 0.541032 184.104882 325.918766 -659.855413
10.155992 0.547752 -2.317530 10.155992 0.547752 -2.317530 0.434655 0.757196 0.149863 308.771568 168.402155 -644.040320
10.477804 1.020405 -2.338819 10.477804 1.020405 -2.338819 0.647121 0.798356 -0.212958 399.449111 -31.204581 -565.362116
10.939457 1.483196 -2.560929 10.939457 1.483196 -2.560929 0.894185 0.726604 -0.515024 424.095243 -207.967115 -441.526925
11.550185 1.873535 -2.939235 11.550185 1.873535 -2.939235 1.138045 0.560873 -0.729024 388.771755 -344.470575 -271.807092
12.298394 2.141639 -3.413022 12.298394 2.141639 -3.413022 1.348321 0.322119 -0.829344 312.149105 -451.377094 -62.590337
13.157888 2.251319 -3.910441 13.157888 2.251319 -3.910441 1.507187 0.039576 -0.809632 217.403471 -490.433040 128.294464
14.094469 2.188797 -4.363828 14.094469 2.188797 -4.363828 1.603312 -0.244630 -0.686158 103.012910 -456.920556 283.287979
15.069031 1.964202 -4.717557 15.069031 1.964202 -4.717557 1.635281 -0.496640 -0.481317 3.551999 -383.112339 399.513847
16.045908 1.604236 -4.930742 16.045908 1.604236 -4.930742 1.612759 -0.691617 -0.223144 -78.626978 -266.809116 461.062908
16.997026 1.150478 -4.980509 16.997026 1.150478 -4.980509 1.553659 -0.805514 0.059132 -118.369974 -112.847266 479.859132
17.907243 0.655696 -4.861333 17.907243 0.655696 -4.861333 1.479278 -0.829029 0.333659 -129.567652 34.462341 435.228742
18.772356 0.172265 -4.587975 18.772356 0.172265 -4.587975 1.405876 -0.769432 0.568903 -115.104870 164.194458 348.918441
19.598429 -0.253655 -4.189500 19.598429 -0.253655 -4.189500 1.353144 -0.639994 0.749895 -60.669714 267.266621 254.388129
20.402596 -0.586577 -3.700373 20.402596 -0.586577 -3.700373 1.332748 -0.464806 0.869527 -7.316010 316.693348 144.384335
21.204291 -0.807587 -3.158573 21.204291 -0.807587 -3.158573 1.345175 -0.270442 0.926634 48.738053 331.185057 45.974287
22.023215 -0.912687 -2.597996 22.023215 -0.912687 -2.597996 1.389648 -0.083971 0.935822 99.507098 290.386143 -15.348374
22.875108 -0.916027 -2.041413 22.875108 -0.916027 -2.041413 1.450315 0.064127 0.915878 102.713707 203.272847 -51.130380
23.761282 -0.847451 -1.501274 23.761282 -0.847451 -1.501274 1.499427 0.153641 0.884275 60.995186 95.109549 -54.213883
24.668298 -0.744675 -0.978673 24.668298 -0.744675 -0.978673 1.517925 0.178066 0.860720 0.661895 -13.693188 -24.301899
25.573453 -0.645857 -0.462740 25.573453 -0.645857 -0.462740 1.489730 0.142062 0.865513 -94.644435 -106.319897 40.276656
26.442813 -0.583882 0.067841 26.442813 -0.583882 0.067841 1.395731 0.057647 0.909794 -218.683112 -175.064843 107.326591
27.233406 -0.582442 0.635116 27.233406 -0.582442 0.635116 1.227110 -0.055574 0.984590 -343.389689 -202.338129 141.992441
27.901912 -0.650546 1.252770 27.901912 -0.650546 1.252770 0.991326 -0.168672 1.076498 -442.556776 -174.654660 164.368205
28.417047 -0.783187 1.928255 28.417047 -0.783187 1.928255 0.725792 -0.273464 1.175119 -442.556776 -174.654660 164.368205
