-4.536486 -0.720616 -10.176579 -4.536486 -0.720616 -10.176579 1.711887 0.422817 -0.070063 157.539319 311.269068 684.237410
-3.480996 -0.410898 -10.095454 -3.480996 -0.410898 -10.095454 1.806411 0.609578 0.340480 157.539319 311.269068 684.237410
-2.374142 0.012163 -9.769685 -2.374142 0.012163 -9.769685 1.874190 0.802766 0.742614 68.391126 332.691200 656.211654
-1.243712 0.551239 -9.211708 -1.243712 0.551239 -9.211708 1.883250 0.990039 1.107794 -38.192215 291.550145 561.054260
-0.125179 1.191222 -8.454819 -0.125179 1.191222 -8.454819 1.837623 1.132376 1.400539 -113.895705 182.908337 414.763152
0.956149 1.895405 -7.549394 0.956149 1.895405 -7.549394 1.765563 1.201287 1.601618 -126.304214 46.792800 255.497552
1.993223 2.615116 -6.553291 1.993223 2.615116 -6.553291 1.692137 1.181944 1.700629 -118.450039 -111.269344 74.539405
2.990126 3.296419 -5.528464 2.990126 3.296419 -5.528464 1.635775 1.076008 1.700515 -69.423971 -241.848019 -74.919497
3.962124 3.889623 -4.529211 3.962124 3.889623 -4.529211 1.609267 0.886562 1.617713 -18.933742 -389.640463 -201.084612
4.927256 4.345524 -3.599763 4.927256 4.345524 -3.599763 1.612805 0.623272 1.472136 30.725588 -487.991565 -284.172088
5.903266 4.630496 -2.768799 5.903266 4.630496 -2.768799 1.645223 0.324714 1.295799 77.336105 -507.202570 -303.619498
6.906158 4.734718 -2.044603 6.906158 4.734718 -2.044603 1.700811 0.023843 1.120469 107.955773 -495.702115 -280.813349
7.944393 4.664935 -1.419757 7.944393 4.664935 -1.419757 1.757169 -0.247893 0.967535 79.903322 -410.081657 -228.967677
9.009940 4.450576 -0.876394 9.009940 4.450576 -0.876394 1.789426 -0.452986 0.850440 27.619566 -273.563241 -161.349311
10.083704 4.140298 -0.389667 10.083704 4.140298 -0.389667 1.781681 -0.563348 0.781156 -53.436595 -94.311029 -69.597548
11.136239 3.797125 0.070866 11.136239 3.797125 0.070866 1.715348 -0.560876 0.761235 -167.671772 102.553477 3.196918
12.128133 3.489419 0.531389 12.128133 3.489419 0.531389 1.579077 -0.447544 0.779185 -286.566424 275.218510 56.635499
13.018634 3.278946 1.009494 13.018634 3.278946 1.009494 1.380321 -0.239844 0.815161 -375.953320 417.115104 63.284948
13.775308 3.216594 1.509868 13.775308 3.216594 1.509868 1.135513 0.042792 0.852563 -440.072113 525.004090 61.387024
14.375575 3.338610 2.029163 14.375575 3.338610 2.029163 0.862333 0.366995 0.872936 -470.529045 555.673533 6.523735
14.809854 3.657153 2.549609 14.809854 3.657153 2.549609 0.587887 0.692022 0.854400 -444.290704 527.749819 -68.310731
15.088487 4.161884 3.046917 15.088487 4.161884 3.046917 0.350681 0.981289 0.798231 -346.393509 436.473758 -118.918587
15.244821 4.820121 3.500108 15.244821 4.820121 3.500108 0.184222 1.197662 0.705169 -208.471687 284.767340 -191.287552
15.327016 5.579626 3.886179 15.327016 5.579626 3.886179 0.105075 1.316773 0.577400 -55.350358 112.269793 -234.609735
15.393204 6.379192 4.190858 15.393204 6.379192 4.190858 0.137396 1.330606 0.438978 163.086458 -66.158614 -226.798939
15.516253 7.154081 4.416290 15.516253 7.154081 4.416290 0.291527 1.233077 0.317243 350.682788 -258.938847 -178.981557
15.764182 7.838757 4.579718 15.764182 7.838757 4.579718 0.551385 1.034909 0.236350 515.512555 -401.620237 -90.663698
16.193888 8.382238 4.712916 16.193888 8.382238 4.712916 0.891106 0.768073 0.220489 616.890030 -487.832092 37.793902
16.842506 8.755146 4.859271 16.842506 8.755146 4.859271 1.275810 0.474742 0.279459 665.456203 -489.938801 158.771610
17.727775 8.951802 5.055525 17.727775 8.951802 5.055525 1.675084 0.180779 0.374722 665.456203 -489.938801 158.771610
