-8.505434 1.840414 -6.755491 -8.505434 1.840414 -6.755491 0.600299 0.539709 1.532858 183.911401 134.071270 -598.635185
-8.112150 2.188372 -5.943530 -8.112150 2.188372 -5.943530 0.710646 0.620152 1.173677 183.911401 134.071270 -598.635185
-7.652384 2.580040 -5.350840 -7.652384 2.580040 -5.350840 0.822366 0.677813 0.795688 188.488229 58.133735 -661.326905
-7.126847 2.989030 -4.992392 -7.126847 2.989030 -4.992392 0.926404 0.671884 0.399262 158.306727 -77.897829 -660.093834
-6.545707 3.372357 -4.865268 -6.545707 3.372357 -4.865268 1.005403 0.596240 0.035125 105.021932 -174.249621 -553.696740
-5.928625 3.695024 -4.935562 -5.928625 3.695024 -4.935562 1.043095 0.473130 -0.255612 20.617743 -236.116344 -415.426432
-5.306576 3.933147 -5.153368 -5.306576 3.933147 -5.153368 1.017871 0.315188 -0.453176 -104.696293 -290.358081 -243.120132
-4.721966 4.070548 -5.456554 -4.721966 4.070548 -5.456554 0.918718 0.143736 -0.536640 -225.814351 -281.147023 -35.094254
-4.218173 4.109442 -5.773061 -4.218173 4.109442 -5.773061 0.749270 -0.008659 -0.498725 -339.012385 -226.837337 161.480412
-3.833953 4.068405 -6.034245 -3.833953 4.068405 -6.034245 0.524264 -0.119812 -0.356919 -411.007483 -143.671883 311.206109
-3.595474 3.978701 -6.185955 -3.595474 3.978701 -6.185955 0.267168 -0.165798 -0.138073 -445.980145 -9.615652 418.279897
-3.514460 3.886463 -6.190211 -3.514460 3.886463 -6.190211 0.004530 -0.126709 0.129382 -429.478732 139.914489 473.235857
-3.583714 3.842077 -6.026382 -3.583714 3.842077 -6.026382 -0.226485 -0.010483 0.418413 -340.570741 247.502607 490.201288
-3.772037 3.887073 -5.690406 -3.772037 3.887073 -5.690406 -0.386476 0.171692 0.695993 -192.732977 359.749224 435.066904
-4.028320 4.059043 -5.200773 -4.028320 4.059043 -5.200773 -0.450644 0.408544 0.925658 -21.162280 429.756169 330.482991
-4.290241 4.381541 -4.591395 -4.290241 4.381541 -4.591395 -0.401965 0.666476 1.096426 183.427258 430.016417 238.742706
-4.485903 4.854862 -3.896907 -4.485903 4.854862 -3.896907 -0.229408 0.904651 1.207967 391.761114 363.900350 133.059233
-4.542225 5.456838 -3.155339 -4.542225 5.456838 -3.155339 0.059678 1.091407 1.251985 571.861713 258.621112 13.666893
-4.396002 6.149683 -2.404959 -4.396002 6.149683 -2.404959 0.440200 1.203822 1.243835 696.542834 116.096993 -40.832510
-4.002601 6.882076 -1.668268 -4.002601 6.882076 -1.668268 0.877643 1.219491 1.208035 761.599843 -63.868871 -78.500208
-3.338562 7.591205 -0.958147 -3.338562 7.591205 -0.958147 1.336429 1.125825 1.158082 767.686560 -248.350243 -88.011358
-2.403364 8.212876 -0.276282 -2.403364 8.212876 -0.276282 1.772824 0.931209 1.119567 686.965037 -400.371514 -40.369487
-1.225752 8.691605 0.391424 -1.225752 8.691605 0.391424 2.136323 0.651342 1.111505 524.699435 -532.515703 13.495849
0.136911 8.984276 1.063964 0.136911 8.984276 1.063964 2.383257 0.320426 1.135641 298.412326 -570.540051 66.955374
1.608706 9.073117 1.759796 1.608706 9.073117 1.759796 2.502938 -0.025488 1.187792 100.526239 -582.504577 106.881702
3.128563 8.952973 2.491709 3.128563 8.952973 2.491709 2.563254 -0.374990 1.251921 100.526239 -582.504577 106.881702
