10.299215 2.718163 11.644587 10.299215 2.718163 11.644587 1.021369 0.088084 -0.174387 82.712176 331.858896 -688.351186
10.926924 2.830749 11.416051 10.926924 2.830749 11.416051 1.070996 0.287200 -0.587398 82.712176 331.858896 -688.351186
11.584050 3.060057 10.948386 11.584050 3.060057 10.948386 1.118822 0.472583 -0.957024 76.706626 286.084588 -543.737024
12.269079 3.389927 10.288140 12.269079 3.389927 10.288140 1.164488 0.618361 -1.224060 75.512241 199.843547 -346.381478
12.977612 3.788783 9.504709 12.977612 3.788783 9.504709 1.191039 0.697605 -1.365118 12.990861 64.301564 -123.811623
13.689415 4.211659 8.677099 13.689415 4.211659 8.677099 1.173037 0.699878 -1.370673 -72.995855 -56.725245 105.293721
14.371290 4.616458 7.887196 14.371290 4.616458 7.887196 1.085202 0.641260 -1.239756 -219.787450 -138.668067 331.098730
14.976703 4.972142 7.214687 14.976703 4.972142 7.214687 0.922597 0.537498 -0.982361 -322.228507 -207.206113 526.882832
15.465500 5.254379 6.726913 15.465500 5.254379 6.726913 0.695460 0.398356 -0.632215 -434.894957 -256.600385 640.272519
15.799980 5.447990 6.465762 15.799980 5.447990 6.465762 0.411948 0.248324 -0.233409 -510.146992 -243.506248 689.077748
15.954466 5.558430 6.447384 15.954466 5.558430 6.447384 0.101576 0.128603 0.168208 -524.424044 -155.562283 649.646697
15.921015 5.607591 6.665245 15.921015 5.607591 6.665245 -0.213078 0.035266 0.557996 -524.424044 -155.562283 649.646697
