2.610935 2.325101 9.672778 2.610935 2.325101 9.672778 1.473829 -0.932759 1.701769 -298.657743 15.016445 -385.753413
3.441474 1.768149 10.624403 3.441474 1.768149 10.624403 1.294634 -0.923749 1.470317 -298.657743 15.016445 -385.753413
4.154732 1.224962 11.427928 4.154732 1.224962 11.427928 1.066622 -0.872940 1.192713 -461.381278 154.347492 -539.592136
4.701131 0.738436 12.036202 4.701131 0.738436 12.036202 0.737164 -0.733054 0.817820 -636.812866 311.940262 -710.051253
5.022501 0.361785 12.394386 5.022501 0.361785 12.394386 0.323567 -0.510732 0.368296 -741.844818 429.129913 -788.362793
5.082924 0.137247 12.474225 5.082924 0.137247 12.474225 -0.122465 -0.229962 -0.100886 -744.926460 506.770596 -775.577105
4.879251 0.091282 12.278330 4.879251 0.091282 12.278330 -0.549960 0.078069 -0.545030 -680.058504 520.001144 -704.903063
4.434716 0.227892 11.833510 4.434716 0.227892 11.833510 -0.918738 0.370908 -0.922571 -549.199521 456.128019 -553.568170
3.795576 0.525822 11.192298 3.795576 0.525822 11.192298 -1.193465 0.610998 -1.194850 -366.559229 344.170824 -354.026710
3.027075 0.945450 10.424725 3.027075 0.945450 10.424725 -1.345604 0.772893 -1.341955 -140.570681 195.478909 -136.324162
2.207963 1.432631 9.608698 2.207963 1.432631 9.608698 -1.362182 0.831476 -1.355328 85.311906 -0.200344 91.745907
1.418991 1.919938 8.823643 1.418991 1.919938 8.823643 -1.246091 0.773643 -1.242139 301.657383 -192.576497 285.550839
0.735869 2.340086 8.138402 0.735869 2.340086 8.138402 -1.013925 0.611229 -1.027592 472.230887 -348.803676 429.607957
0.219286 2.635915 7.604866 0.219286 2.635915 7.604866 -0.696734 0.361325 -0.741379 585.070011 -484.208061 524.434560
-0.089949 2.761205 7.257068 -0.089949 2.761205 7.257068 -0.328229 0.049065 -0.413563 643.280432 -556.661445 568.285026
-0.172401 2.689768 7.108797 -0.172401 2.689768 7.108797 0.051214 -0.288319 -0.084717 621.531270 -567.951612 527.867345
-0.035443 2.418580 7.146539 -0.035443 2.418580 7.146539 0.395903 -0.608915 0.199785 527.430985 -500.700421 420.474123
0.290141 1.970080 7.334906 0.290141 1.970080 7.334906 0.677882 -0.874461 0.416127 412.500029 -384.453035 300.666332
0.762582 1.384659 7.630066 0.762582 1.384659 7.630066 0.882694 -1.062847 0.553341 270.206130 -243.499785 156.712692
1.330783 0.715312 7.981470 1.330783 0.715312 7.981470 0.994551 -1.147989 0.603325 102.650540 -40.309138 9.900159
1.936007 0.031282 8.336639 1.936007 0.031282 8.336639 1.006223 -1.112082 0.566227 -63.743225 160.001544 -133.559054
2.523118 -0.599928 8.648441 2.523118 -0.599928 8.648441 0.942230 -0.979886 0.466622 -149.566987 280.652250 -198.456097
3.061534 -1.137342 8.892692 3.061534 -1.137342 8.892692 0.852490 -0.811494 0.347549 -149.566987 280.652250 -198.456097
