-6.306040 0.689089 -2.907980 -6.306040 0.689089 -2.907980 0.291668 -0.919204 0.981981 -175.343761 -267.897697 -15.487475
-6.162601 0.089345 -2.321579 -6.162601 0.089345 -2.321579 0.186462 -1.079943 0.972688 -175.343761 -267.897697 -15.487475
-6.074552 -0.597712 -1.750263 -6.074552 -0.597712 -1.750263 0.119925 -1.195033 0.915849 -46.445343 -115.736802 -173.975494
-6.000310 -1.322371 -1.245007 -6.000310 -1.322371 -1.245007 0.145292 -1.198507 0.746774 131.001380 104.155740 -389.608842
-5.881449 -2.011790 -0.877254 -5.881449 -2.011790 -0.877254 0.264420 -1.081330 0.462101 266.092307 286.435697 -559.299471
-5.670401 -2.600791 -0.706809 -5.670401 -2.600791 -0.706809 0.446574 -0.868276 0.095813 341.086690 423.741940 -661.661789
-5.339212 -3.038549 -0.770566 -5.339212 -3.038549 -0.770566 0.660471 -0.579359 -0.311915 371.904442 539.317344 -697.432533
-4.876185 -3.286053 -1.081080 -4.876185 -3.286053 -1.081080 0.882621 -0.240598 -0.719509 368.596789 589.883478 -661.212336
-4.283958 -3.326104 -1.624678 -4.283958 -3.326104 -1.624678 1.085315 0.103978 -1.080609 307.047994 558.704248 -542.454847
-3.582858 -3.167960 -2.360807 -3.582858 -3.167960 -2.360807 1.242756 0.415155 -1.356688 217.757052 478.551989 -377.807775
-2.802894 -2.841782 -3.230230 -2.802894 -2.841782 -3.230230 1.348982 0.657013 -1.520400 136.329433 327.642131 -167.900469
-1.973035 -2.398455 -4.157638 -1.973035 -2.398455 -4.157638 1.410429 0.804316 -1.545869 68.493690 163.368134 83.002830
-1.118521 -1.897521 -5.056434 -1.118521 -1.897521 -5.056434 1.431166 0.847030 -1.427138 0.629573 -20.987543 312.767537
-0.261853 -1.403911 -5.844419 -0.261853 -1.403911 -5.844419 1.420818 0.780285 -1.179478 -35.121997 -201.494993 512.768073
0.585402 -0.980222 -6.450881 0.585402 -0.980222 -6.450881 1.405174 0.618324 -0.827186 -17.024748 -338.376782 661.538006
1.427790 -0.675637 -6.824009 1.427790 -0.675637 -6.824009 1.406699 0.387788 -0.409729 22.105311 -430.074812 729.984639
2.278885 -0.522509 -6.937672 2.278885 -0.522509 -6.937672 1.435447 0.119087 0.032148 73.721112 -465.597301 742.938224
3.157738 -0.533038 -6.788627 3.157738 -0.533038 -6.788627 1.501252 -0.151141 0.458044 145.630998 -435.163623 676.714707
4.087897 -0.697669 -6.399995 4.087897 -0.697669 -6.399995 1.604605 -0.390325 0.824059 198.879163 -362.115358 543.337987
5.088786 -0.989677 -5.818705 5.088786 -0.989677 -5.818705 1.735569 -0.570754 1.095332 237.667615 -239.312891 360.902658
6.173423 -1.366284 -5.108390 6.173423 -1.366284 -5.108390 1.880745 -0.669734 1.252638 246.252839 -90.622545 163.450384
7.343801 -1.775480 -4.338473 7.343801 -1.775480 -4.338473 2.016522 -0.679323 1.295280 206.335777 58.661083 -21.310372
8.585366 -2.165083 -3.575250 8.585366 -2.165083 -3.575250 2.112884 -0.606970 1.231948 114.871302 182.513848 -189.793792
9.866319 -2.490500 -2.878220 9.866319 -2.490500 -2.878220 2.144534 -0.467899 1.078189 -9.370957 281.057313 -322.736484
11.143201 -2.717888 -2.293210 11.143201 -2.717888 -2.293210 2.098154 -0.285456 0.865495 -145.229936 327.085109 -386.243625
12.366917 -2.831093 -1.844502 12.366917 -2.831093 -1.844502 1.965839 -0.093239 0.628421 -295.819588 313.637661 -404.002098
13.485057 -2.833275 -1.538385 13.485057 -2.833275 -1.538385 1.747768 0.081479 0.394940 -431.083900 268.755970 -374.268381
14.450236 -2.740323 -1.364287 14.450236 -2.740323 -1.364287 1.459686 0.221175 0.192890 -529.187825 196.897754 -299.233390
15.227582 -2.579220 -1.295658 15.227582 -2.579220 -1.295658 1.126110 0.304092 0.047135 -582.733574 79.493777 -186.617360
15.798967 -2.388817 -1.293774 15.798967 -2.388817 -1.293774 0.779526 0.319983 -0.028864 -572.544969 -26.524280 -66.712397
16.168828 -2.207278 -1.318101 16.168828 -2.207278 -1.318101 0.462017 0.275685 -0.043888 -485.820528 -121.136764 16.634086
16.366719 -2.067424 -1.336684 16.366719 -2.067424 -1.336684 0.211167 0.184244 -0.010132 -350.345136 -183.667391 95.885148
16.441858 -1.990707 -1.321850 16.441858 -1.990707 -1.321850 0.058463 0.070199 0.065668 -158.669475 -196.481092 156.782369
16.462646 -1.982111 -1.255125 16.462646 -1.982111 -1.255125 0.034618 -0.038475 0.155256 79.186698 -165.767286 141.844358
16.508172 -2.031836 -1.138222 16.508172 -2.031836 -1.138222 0.134636 -0.121943 0.231447 254.207158 -112.456646 112.126075
16.634711 -2.125244 -0.979171 16.634711 -2.125244 -0.979171 0.287160 -0.189417 0.298723 254.207158 -112.456646 112.126075
