-8.536853 -5.972097 -5.773085 -8.536853 -5.972097 -5.773085 0.670678 -0.397413 0.350482 -6.902068 479.990666 455.347833
-8.135689 -6.124146 -5.480833 -8.135689 -6.124146 -5.480833 0.666536 -0.109418 0.623691 -6.902068 479.990666 455.347833
-7.735024 -6.100718 -5.029688 -7.735024 -6.100718 -5.029688 0.672324 0.191977 0.871741 26.195125 524.661784 371.486577
-7.323839 -5.892194 -4.450220 -7.323839 -5.892194 -4.450220 0.703417 0.501267 1.042410 77.446406 506.304865 197.409815
-6.886183 -5.505585 -3.801631 -6.886183 -5.505585 -3.801631 0.758215 0.778619 1.098906 105.212862 418.200423 -9.088611
-6.414444 -4.972013 -3.155910 -6.414444 -4.972013 -3.155910 0.810701 0.985162 1.033519 69.741217 270.274811 -208.868462
-5.918615 -4.342701 -2.584716 -5.918615 -4.342701 -2.584716 0.836821 1.095154 0.851592 17.325180 96.367665 -397.556600
-5.417688 -3.679227 -2.155533 -5.417688 -3.679227 -2.155533 0.825794 1.098152 0.561997 -54.079708 -86.374692 -567.758970
-4.936687 -3.046997 -1.926836 -4.936687 -3.046997 -1.926836 0.769642 0.990758 0.189818 -133.096294 -271.607685 -672.837059
-4.502702 -2.509835 -1.934783 -4.502702 -2.509835 -1.934783 0.670571 0.785775 -0.217520 -197.138791 -411.667017 -684.958251
-4.138572 -2.119153 -2.186420 -4.138572 -2.119153 -2.186420 0.538651 0.505361 -0.617656 -242.596313 -523.046653 -648.828668
-3.859574 -1.911673 -2.667469 -3.859574 -1.911673 -2.667469 0.390465 0.183592 -0.975281 -251.354280 -549.518041 -543.254721
-3.667150 -1.898809 -3.339143 -3.667150 -1.898809 -3.339143 0.256594 -0.138008 -1.244830 -194.882010 -522.479118 -355.240656
-3.543525 -2.070090 -4.136852 -3.543525 -2.070090 -4.136852 0.163402 -0.423643 -1.392313 -115.758745 -429.639857 -136.367535
-3.459212 -2.392016 -4.982013 -3.459212 -2.392016 -4.982013 0.129487 -0.633452 -1.400273 2.709067 -269.721346 109.834327
-3.370739 -2.810208 -5.788605 -3.370739 -2.810208 -5.788605 0.182579 -0.743142 -1.265366 174.263022 -95.914917 339.852703
-3.220001 -3.262647 -6.475608 -3.220001 -3.262647 -6.475608 0.336255 -0.747134 -1.006235 337.989132 82.610433 523.918073
-2.949203 -3.685634 -6.976962 -2.949203 -3.685634 -6.976962 0.580080 -0.645452 -0.651477 474.761624 256.328797 658.610141
-2.508814 -4.018108 -7.244886 -2.508814 -4.018108 -7.244886 0.899356 -0.448367 -0.234250 589.493191 400.621720 732.145815
-1.859108 -4.209900 -7.253113 -1.859108 -4.209900 -7.253113 1.272971 -0.182410 0.207720 655.889919 485.899992 741.088135
-0.977183 -4.229637 -6.999863 -0.977183 -4.229637 -6.999863 1.666918 0.120366 0.628485 657.265585 523.355211 661.460105
0.136257 -4.066781 -6.513257 0.136257 -4.066781 -6.513257 2.036183 0.416542 0.977624 573.618665 463.897059 502.337994
1.453463 -3.737858 -5.845009 1.453463 -3.737858 -5.845009 2.341580 0.672358 1.235290 444.371260 388.824016 356.548134
2.938398 -3.264455 -5.039656 2.938398 -3.264455 -5.039656 2.608203 0.905653 1.449219 444.371260 388.824016 356.548134
