-0.429622 -5.114838 9.904841 -0.429622 -5.114838 9.904841 0.651849 -0.687124 0.590270 483.811326 111.175433 -542.874750
0.048574 -5.507100 10.161286 0.048574 -5.507100 10.161286 0.942136 -0.620418 0.264545 483.811326 111.175433 -542.874750
0.691314 -5.850274 10.218970 0.691314 -5.850274 10.218970 1.184286 -0.508386 -0.077807 323.356872 262.264920 -598.298085
1.446476 -6.097973 10.061407 1.446476 -6.097973 10.061407 1.310231 -0.300402 -0.452712 96.458390 431.015694 -651.387861
2.236408 -6.195437 9.675596 2.236408 -6.195437 9.675596 1.300260 -0.015818 -0.828214 -129.695620 517.597474 -600.282713
2.981764 -6.109086 9.078641 2.981764 -6.109086 9.078641 1.165170 0.308110 -1.148265 -320.602313 562.163259 -466.553772
3.615690 -5.824037 8.314868 3.615690 -5.824037 8.314868 0.935468 0.640376 -1.382370 -445.073263 545.388441 -313.797609
4.092552 -5.346148 7.442767 4.092552 -5.346148 7.442767 0.646898 0.945077 -1.501624 -516.825371 470.281073 -83.714654
4.385726 -4.703578 6.539838 4.385726 -4.703578 6.539838 0.327120 1.181615 -1.486284 -549.103223 318.179835 134.846377
4.485481 -3.948228 5.685030 4.485481 -3.948228 5.685030 0.009266 1.318064 -1.341925 -510.409935 136.649893 346.349103
4.405430 -3.143633 4.953779 4.405430 -3.143633 4.953779 -0.265662 1.345854 -1.076306 -406.013859 -44.016034 539.047535
4.180590 -2.355017 4.413095 4.180590 -2.355017 4.413095 -0.471071 1.264577 -0.712524 -278.684455 -226.905836 673.560847
3.856476 -1.647449 4.110057 3.856476 -1.647449 4.110057 -0.594824 1.076758 -0.292212 -133.824009 -399.158927 727.478090
3.483499 -1.078525 4.064020 3.483499 -1.078525 4.064020 -0.635091 0.810852 0.135997 -0.400974 -487.195116 699.885337
3.102372 -0.679709 4.271597 3.102372 -0.679709 4.271597 -0.635332 0.518535 0.555928 -0.400974 -487.195116 699.885337
