9.875425 3.747186 9.293509 9.875425 3.747186 9.293509 0.197140 -0.127948 0.584544 -435.114737 -184.541371 -232.561533
9.915388 3.637200 9.602374 9.915388 3.637200 9.602374 -0.063928 -0.238673 0.445007 -435.114737 -184.541371 -232.561533
9.809671 3.466198 9.830716 9.809671 3.466198 9.830716 -0.270196 -0.322302 0.321467 -252.442071 -94.223959 -179.239073
9.617025 3.261743 9.995724 9.617025 3.261743 9.995724 -0.347103 -0.349400 0.235876 -3.916693 3.896062 -106.063319
9.421285 3.059359 10.121303 9.421285 3.059359 10.121303 -0.283319 -0.314291 0.187962 216.529793 113.134565 -53.650393
9.303140 2.895340 10.227910 9.303140 2.895340 10.227910 -0.089046 -0.225450 0.173206 431.047930 183.004235 4.464748
9.336770 2.795386 10.333218 9.336770 2.795386 10.333218 0.216926 -0.103775 0.178789 588.858229 222.576919 14.144011
9.578435 2.773541 10.442210 9.578435 2.773541 10.442210 0.597817 0.031553 0.183137 680.778650 228.518514 0.351582
10.060908 2.829758 10.549110 10.060908 2.829758 10.549110 1.012499 0.149426 0.168120 701.495389 164.391907 -50.408692
10.790832 2.944147 10.635950 10.790832 2.944147 10.635950 1.414170 0.223774 0.113086 637.406681 83.433494 -133.040478
11.745955 3.086601 10.674805 11.745955 3.086601 10.674805 1.756055 0.239690 0.008015 502.210489 -30.381989 -217.196211
12.880111 3.217465 10.636034 12.880111 3.217465 10.636034 2.008006 0.184058 -0.144728 337.624873 -155.055728 -291.944438
14.132607 3.292736 10.493022 14.132607 3.292736 10.493022 2.145182 0.054751 -0.338017 119.628397 -275.968693 -352.353715
15.427280 3.270845 10.225322 15.427280 3.270845 10.225322 2.147115 -0.136161 -0.556764 -113.182580 -360.404916 -376.801710
16.683651 3.122285 9.824971 16.683651 3.122285 9.824971 2.021580 -0.362359 -0.775187 -305.267284 -393.586823 -351.277431
17.832301 2.834829 9.301184 17.832301 2.834829 9.301184 1.791669 -0.594486 -0.963177 -461.103960 -380.170910 -275.353193
18.817535 2.413547 8.680787 18.817535 2.413547 8.680787 1.481163 -0.803385 -1.093024 -573.914813 -316.160263 -157.471607
19.600859 1.881255 8.006209 19.600859 1.881255 8.006209 1.126466 -0.959840 -1.139598 -608.409282 -205.355534 2.225702
20.168749 1.277985 7.333266 20.168749 1.277985 7.333266 0.769041 -1.035065 -1.086188 -583.008737 -45.394918 175.805880
20.529806 0.659013 6.723747 20.529806 0.659013 6.723747 0.442104 -1.011113 -0.927962 -506.779814 125.236600 351.616872
20.710462 0.084530 6.238469 20.710462 0.084530 6.238469 0.171109 -0.887761 -0.675949 -396.538585 285.937446 488.423406
20.750070 -0.388264 5.927799 20.750070 -0.388264 5.927799 -0.025219 -0.674229 -0.347981 -257.886662 425.834492 604.804303
20.697590 -0.710781 5.829851 20.697590 -0.710781 5.829851 -0.134596 -0.391879 0.024785 -106.704931 515.333244 637.750401
20.604920 -0.850731 5.957430 20.604920 -0.850731 5.957430 -0.162142 -0.070592 0.396995 14.886482 555.622899 602.948569
20.515743 -0.795400 6.299109 20.515743 -0.795400 6.299109 -0.126070 0.251153 0.733522 105.352965 516.859058 518.808094
20.461800 -0.557430 6.822373 20.461800 -0.557430 6.822373 -0.049181 0.532485 0.993632 150.942482 420.914347 348.227006
20.460007 -0.170343 7.469060 20.460007 -0.170343 7.469060 0.044119 0.744191 1.141702 160.060414 284.774534 145.339309
20.514239 0.316701 8.166526 20.514239 0.316701 8.166526 0.134902 0.861407 1.160327 142.547097 105.944138 -83.256495
20.617693 0.840473 8.833469 20.617693 0.840473 8.833469 0.204704 0.864265 1.039037 90.127439 -96.418434 -321.045514
20.752323 1.331366 9.387456 20.752323 1.331366 9.387456 0.236700 0.754861 0.788176 16.526172 -268.261242 -515.156621
20.893384 1.726558 9.759652 20.893384 1.726558 9.759652 0.226951 0.546716 0.439174 -49.023833 -425.554689 -648.183134
21.018810 1.972415 9.900880 21.018810 1.972415 9.900880 0.187936 0.263520 0.022246 -81.027026 -518.433515 -741.576638
21.116326 2.035490 9.780562 21.116326 2.035490 9.780562 0.136016 -0.056137 -0.423611 -92.038978 -547.089632 -744.612986
21.181867 1.904857 9.397543 21.181867 1.904857 9.397543 0.083283 -0.376761 -0.844486 -83.737872 -521.656117 -658.304583
21.219839 1.591221 8.780243 21.219839 1.591221 8.780243 0.048420 -0.658164 -1.200038 -32.469980 -416.355082 -526.868706
21.248391 1.129355 7.977098 21.248391 1.129355 7.977098 0.055658 -0.868090 -1.457590 56.595332 -283.398130 -331.638868
21.297703 0.567817 7.055914 21.297703 0.567817 7.055914 0.118268 -0.986492 -1.591243 152.105686 -111.275204 -113.871064
21.400797 -0.032948 6.093951 21.400797 -0.032948 6.093951 0.233302 -0.997458 -1.593172 231.339309 74.722039 107.443437
21.586065 -0.608154 5.170170 21.586065 -0.608154 5.170170 0.390332 -0.903528 -1.464791 292.095457 238.380238 320.492823
21.874614 -1.100295 4.357003 21.874614 -1.100295 4.357003 0.574452 -0.725166 -1.232403 321.636828 356.158645 454.134262
22.277180 -1.471286 3.699306 22.277180 -1.471286 3.699306 0.767434 -0.511471 -0.959922 321.636828 356.158645 454.134262
