-7.547481 2.057160 -11.369059 -7.547481 2.057160 -11.369059 1.929119 0.044880 0.167154 406.550803 474.741042 734.790250
-6.316830 2.169541 -11.136504 -6.316830 2.169541 -11.136504 2.173049 0.329725 0.608028 406.550803 474.741042 734.790250
-4.945998 2.448638 -10.643609 -4.945998 2.448638 -10.643609 2.386096 0.593612 1.027982 303.605976 404.883725 665.055141
-3.471937 2.868743 -9.915763 -3.471937 2.868743 -9.915763 2.507032 0.791835 1.383749 99.513723 255.858393 520.836400
-1.961887 3.379660 -9.002823 -1.961887 3.379660 -9.002823 2.506330 0.894157 1.640951 -101.854417 85.215175 336.502702
-0.488132 3.920387 -7.970370 -0.488132 3.920387 -7.970370 2.386669 0.889758 1.779413 -297.015365 -99.877460 125.035699
0.878542 4.424619 -6.891603 0.878542 4.424619 -6.891603 2.149137 0.771607 1.797498 -494.757669 -293.960192 -64.750790
2.070283 4.825777 -5.834402 2.070283 4.825777 -5.834402 1.808859 0.550764 1.710435 -639.502681 -442.183007 -225.460192
3.037091 5.071067 -4.856657 3.037091 5.071067 -4.856657 1.408174 0.257576 1.535490 -696.115962 -535.109481 -357.687728
3.756835 5.126080 -4.003465 3.756835 5.126080 -4.003465 0.991203 -0.079554 1.302290 -693.784877 -588.657848 -419.647339
4.230302 4.974527 -3.297889 4.230302 4.974527 -3.297889 0.593065 -0.422060 1.049190 -633.343820 -553.029584 -424.017269
4.481282 4.626844 -2.741983 4.481282 4.626844 -2.741983 0.258773 -0.728386 0.808358 -480.960807 -468.055045 -378.756222
4.561653 4.114583 -2.320372 4.561653 4.114583 -2.320372 0.028596 -0.964117 0.604964 -286.295931 -317.717571 -299.223553
4.541507 3.488907 -2.004467 4.541507 3.488907 -2.004467 -0.072033 -1.104830 0.459360 -49.135930 -151.325415 -186.123639
4.503692 2.809932 -1.756017 4.503692 2.809932 -1.756017 -0.030269 -1.139819 0.379370 188.350329 34.694857 -80.511567
4.531607 2.142659 -1.536998 4.531607 2.142659 -1.536998 0.143608 -1.067132 0.360508 391.237667 207.597149 17.637793
4.698191 1.547813 -1.312394 4.698191 1.547813 -1.312394 0.428335 -0.902248 0.396712 557.852451 342.015801 103.044924
5.062647 1.073334 -1.053303 5.062647 1.073334 -1.053303 0.798256 -0.670501 0.471119 675.220611 430.472408 144.975645
5.664773 0.750544 -0.745453 5.664773 0.750544 -0.745453 1.211551 -0.402091 0.553517 702.427584 464.230211 129.686866
6.515605 0.590978 -0.390756 6.515605 0.590978 -0.390756 1.620328 -0.132915 0.627547 660.161763 433.022565 117.079616
7.600266 0.583998 0.003724 7.600266 0.583998 0.003724 1.984604 0.101019 0.682181 554.094112 346.758568 65.033214
8.881137 0.699941 0.419966 8.881137 0.699941 0.419966 2.268916 0.273652 0.697335 393.611071 228.682372 -14.519644
10.301960 0.897703 0.832552 10.301960 0.897703 0.832552 2.448201 0.372902 0.672617 204.004462 102.151251 -67.875421
11.795633 1.130655 1.222087 11.795633 1.130655 1.222087 2.510759 0.388307 0.622803 4.523311 -50.801113 -98.170328
13.292721 1.347790 1.578363 13.292721 1.347790 1.578363 2.462566 0.324302 0.565227 -165.166867 -162.549650 -93.749098
14.731613 1.508656 1.901766 14.731613 1.508656 1.901766 2.318877 0.204493 0.514683 -313.795313 -236.814250 -74.730158
16.059863 1.586361 2.201260 16.059863 1.586361 2.201260 2.097633 0.050588 0.490522 -423.684268 -276.200718 -5.806609
17.240029 1.566741 2.501170 17.240029 1.566741 2.501170 1.832670 -0.116419 0.520249 -459.528472 -280.489124 104.895797
18.258432 1.450954 2.838547 18.258432 1.450954 2.838547 1.564535 -0.261950 0.614916 -434.254676 -204.612952 210.661512
19.122049 1.262315 3.251797 19.122049 1.262315 3.251797 1.319292 -0.357913 0.773218 -383.219900 -115.263702 317.011481
19.850026 1.032380 3.778355 19.850026 1.032380 3.778355 1.116268 -0.399269 0.991252 -293.528848 -22.591004 409.767379
20.473219 0.795784 4.450383 20.473219 0.795784 4.450383 0.971486 -0.377668 1.254706 -189.077449 94.594705 468.412113
21.028646 0.591267 5.286895 21.028646 0.591267 5.286895 0.890886 -0.295625 1.532625 -79.588458 178.880957 457.985213
21.552960 0.448994 6.285851 21.552960 0.448994 6.285851 0.863677 -0.173779 1.792134 -11.109601 227.273391 407.044613
22.072947 0.386268 7.427853 22.072947 0.386268 7.427853 0.875915 -0.034256 2.003632 51.903219 237.803212 297.948177
22.609083 0.406675 8.673686 22.609083 0.406675 8.673686 0.913278 0.099207 2.132516 72.640955 207.072788 131.667381
23.167882 0.499324 9.965732 23.167882 0.499324 9.965732 0.945646 0.202709 2.155697 35.253588 137.932652 -54.397486
23.739504 0.638565 11.237077 23.739504 0.638565 11.237077 0.956242 0.249409 2.061648 0.064845 17.734565 -259.098967
24.309761 0.784242 12.415470 24.309761 0.784242 12.415470 0.938785 0.224245 1.846397 -58.252639 -101.613407 -458.404745
24.858301 0.895090 13.431912 24.858301 0.895090 13.431912 0.882603 0.136237 1.526939 -129.022077 -191.746058 -606.457513
25.364639 0.942318 14.238913 25.364639 0.942318 14.238913 0.805190 0.021190 1.163064 -129.022077 -191.746058 -606.457513
