10.923526 -0.696440 7.485915 10.923526 -0.696440 7.485915 -0.032899 -0.029179 1.553509 -302.441655 81.707179 -75.509234
10.849347 -0.699240 8.404429 10.849347 -0.699240 8.404429 -0.214364 0.019845 1.508204 -302.441655 81.707179 -75.509234
10.676223 -0.678773 9.284065 10.676223 -0.678773 9.284065 -0.346157 0.038136 1.404430 -136.868999 -20.737463 -270.405438
10.458753 -0.665414 10.063881 10.458753 -0.665414 10.063881 -0.353975 -0.003257 1.171340 110.812040 -117.237992 -506.560937
10.278865 -0.692581 10.666883 10.278865 -0.692581 10.666883 -0.224734 -0.094148 0.824301 319.988366 -185.734301 -650.234766
10.210241 -0.784521 11.040204 10.210241 -0.784521 11.040204 0.010353 -0.215685 0.413071 463.635912 -219.388401 -720.530669
10.304554 -0.953128 11.157453 10.304554 -0.953128 11.157453 0.311768 -0.345845 -0.023738 541.080038 -214.477575 -735.500969
10.590755 -1.195564 11.013745 10.590755 -1.195564 11.013745 0.645143 -0.456149 -0.450410 570.171475 -153.203761 -686.738380
11.077588 -1.490251 10.627930 11.077588 -1.490251 10.627930 0.972829 -0.515176 -0.822235 522.114560 -43.552858 -552.677661
11.748816 -1.800947 10.046440 11.748816 -1.800947 10.046440 1.253850 -0.510061 -1.097176 414.621125 60.604612 -363.794044
12.567710 -2.089204 9.334313 12.567710 -2.089204 9.334313 1.462384 -0.439341 -1.257146 280.492735 175.129980 -169.436490
13.485567 -2.315068 8.560460 13.485567 -2.315068 8.560460 1.580370 -0.303179 -1.304142 112.795863 278.741716 12.782079
14.445040 -2.442545 7.790742 14.445040 -2.442545 7.790742 1.602781 -0.114648 -1.244141 -38.092790 349.695188 187.220865
15.392019 -2.446418 7.086339 15.392019 -2.446418 7.086339 1.540764 0.105019 -1.089898 -168.630728 382.528921 326.921561
16.280387 -2.316879 6.496349 16.280387 -2.316879 6.496349 1.410901 0.322901 -0.868232 -264.246145 343.744023 411.964379
17.076000 -2.065971 6.050768 17.076000 -2.065971 6.050768 1.235532 0.505613 -0.615027 -320.319006 265.294775 432.053706
17.759102 -1.721548 5.757801 17.759102 -1.721548 5.757801 1.040545 0.631301 -0.364400 -329.637223 153.667203 403.369448
18.326153 -1.324989 5.607516 18.326153 -1.324989 5.607516 0.853058 0.674089 -0.143634 -295.317495 -11.040334 332.516114
18.788844 -0.932090 5.574804 18.788844 -0.932090 5.574804 0.695931 0.619629 0.023956 -228.441071 -170.495036 226.120225
19.170045 -0.599916 5.623024 19.170045 -0.599916 5.623024 0.582679 0.472763 0.125349 -149.064066 -319.059071 111.854707
19.496613 -0.380316 5.712469 19.496613 -0.380316 5.712469 0.512199 0.248190 0.162971 -85.869579 -429.516365 13.553018
19.791656 -0.312249 5.808378 19.791656 -0.312249 5.808378 0.476577 -0.027190 0.149537 -32.871849 -488.417687 -58.335041
20.073618 -0.417474 5.885075 20.073618 -0.417474 5.885075 0.466517 -0.325218 0.101913 -0.660038 -505.006666 -100.411151
20.353314 -0.700002 5.927121 20.353314 -0.700002 5.927121 0.465644 -0.610701 0.036525 -2.250655 -446.606129 -117.549402
20.629676 -1.138751 5.929368 20.629676 -1.138751 5.929368 0.451196 -0.838362 -0.026550 -45.909272 -312.262908 -92.698026
20.887710 -1.689045 5.900295 20.887710 -1.689045 5.900295 0.401551 -0.981068 -0.064454 -119.573179 -163.424238 -33.650426
21.103350 -2.295779 5.859059 21.103350 -2.295779 5.859059 0.310969 -1.022504 -0.067175 -182.368933 25.304245 24.579326
21.252856 -2.892939 5.826526 21.252856 -2.892939 5.826526 0.180307 -0.948381 -0.035692 -253.168542 221.773191 80.364791
21.312156 -3.412028 5.822491 21.312156 -3.412028 5.822491 0.011833 -0.765216 0.027101 -308.413997 388.775592 128.944994
21.261849 -3.793566 5.862883 21.261849 -3.793566 5.862883 -0.182677 -0.493889 0.109076 -339.950714 515.647509 144.307343
21.092851 -3.992544 5.951764 21.092851 -3.992544 5.951764 -0.377650 -0.161807 0.182962 -309.961592 591.293016 101.977790
20.816357 -3.983959 6.075246 20.816357 -3.983959 6.075246 -0.534178 0.189155 0.220893 -211.795324 578.580820 24.458216
20.462611 -3.769843 6.208206 20.462611 -3.769843 6.208206 -0.636837 0.518693 0.215675 -130.403358 519.878076 -41.849931
20.057036 -3.365050 6.330078 20.057036 -3.365050 6.330078 -0.715079 0.830619 0.190565 -130.403358 519.878076 -41.849931
