-7.496003 3.992710 8.883395 -7.496003 3.992710 8.883395 0.557648 0.662414 0.057037 -458.910281 -153.071363 -41.464574
-7.244018 4.362605 8.910153 -7.244018 4.362605 8.910153 0.282302 0.570571 0.032158 -458.910281 -153.071363 -41.464574
-7.156335 4.673800 8.918041 -7.156335 4.673800 8.918041 0.011486 0.460752 -0.012440 -443.807964 -212.993113 -107.195588
-7.224780 4.910093 8.889936 -7.224780 4.910093 8.889936 -0.232055 0.323856 -0.083483 -367.997146 -243.327496 -129.616115
-7.421609 5.061408 8.816896 -7.421609 5.061408 8.816896 -0.409639 0.181862 -0.159351 -223.948481 -229.984065 -123.276928
-7.696492 5.133266 8.701814 -7.696492 5.133266 8.701814 -0.487952 0.064560 -0.219722 -37.096757 -161.024166 -77.957873
-7.982932 5.148228 8.559631 -7.982932 5.148228 8.559631 -0.445165 -0.006001 -0.248088 179.720935 -74.177764 -16.595663
-8.205451 5.138892 8.413297 -8.205451 5.138892 8.413297 -0.276179 -0.012428 -0.230515 383.566168 52.753750 75.171536
-8.291368 5.147156 8.295846 -8.291368 5.147156 8.295846 0.007704 0.050350 -0.148774 562.710263 156.505841 197.297714
-8.176758 5.209320 8.247963 -8.176758 5.209320 8.247963 0.388825 0.163168 -0.001056 707.694699 219.554500 295.095036
-7.812081 5.350087 8.304713 -7.812081 5.350087 8.304713 0.833429 0.311631 0.197335 774.316276 275.322734 366.209166
-7.172624 5.587981 8.490337 -7.172624 5.587981 8.490337 1.298131 0.483613 0.423586 774.689824 297.949030 387.959603
-6.260417 5.926621 8.812576 -6.260417 5.926621 8.812576 1.732367 0.636589 0.647636 672.764595 211.969750 358.876279
-5.108123 6.341688 9.261034 -5.108123 6.341688 9.261034 2.094910 0.738568 0.839353 535.712095 127.960768 280.178098
-3.754749 6.807862 9.815077 -3.754749 6.807862 9.815077 2.416337 0.815344 1.007459 535.712095 127.960768 280.178098
