-1.162276 -4.007556 -3.232832 -1.162276 -4.007556 -3.232832 0.754962 -0.908160 0.491387 -600.311303 509.295379 497.833051
-0.817354 -4.460779 -2.848390 -0.817354 -4.460779 -2.848390 0.394775 -0.602583 0.790087 -600.311303 509.295379 497.833051
-0.686889 -4.727769 -2.279981 -0.686889 -4.727769 -2.279981 0.042871 -0.282573 1.112523 -572.704091 557.404022 576.954392
-0.758603 -4.797990 -1.507307 -0.758603 -4.797990 -1.507307 -0.272500 0.046821 1.465239 -478.531739 540.576284 598.765459
-1.000558 -4.677907 -0.525301 -1.000558 -4.677907 -0.525301 -0.521218 0.344597 1.799924 -350.529080 452.009698 516.851690
-1.366469 -4.397548 0.641084 -1.366469 -4.397548 0.641084 -0.681960 0.576998 2.077021 -185.275963 322.661763 406.806635
-1.798644 -4.002969 1.949832 -1.798644 -4.002969 1.949832 -0.741371 0.722101 2.267653 -12.762037 161.011703 228.633282
-2.237653 -3.550421 3.337789 -2.237653 -3.550421 3.337789 -0.708472 0.770237 2.335888 122.425376 -0.556608 -1.185675
-2.633846 -3.097873 4.725958 -2.633846 -3.097873 4.725958 -0.600748 0.722432 2.269429 236.656063 -158.793388 -220.343349
-2.947286 -2.700457 6.035954 -2.947286 -2.700457 6.035954 -0.436705 0.589852 2.077225 310.154134 -283.141180 -420.335600
-3.152571 -2.402071 7.195242 -3.152571 -2.402071 7.195242 -0.246061 0.397168 1.768089 325.325376 -359.137245 -610.119913
-3.242743 -2.229187 8.139127 -3.242743 -2.229187 8.139127 -0.056334 0.177828 1.366284 307.096493 -371.995260 -729.229493
-3.224268 -2.187555 8.825754 -3.224268 -2.187555 8.825754 0.112913 -0.035901 0.919337 257.061356 -340.434505 -760.592773
-3.115019 -2.265085 9.242392 -3.115019 -2.265085 9.242392 0.243301 -0.213717 0.472691 177.565423 -252.288389 -728.226509
-2.941741 -2.432970 9.400964 -2.941741 -2.432970 9.400964 0.326519 -0.336301 0.065948 99.828359 -156.324636 -627.585986
-2.731831 -2.654767 9.338180 -2.731831 -2.654767 9.338180 0.366561 -0.389487 -0.257543 33.643012 -20.961572 -450.715080
-2.507300 -2.884694 9.115278 -2.507300 -2.884694 9.115278 0.379440 -0.364372 -0.464209 9.287681 104.678576 -238.171524
-2.278214 -3.079400 8.807974 -2.278214 -3.079400 8.807974 0.383766 -0.276189 -0.536649 5.132493 189.265648 -3.295425
-2.046155 -3.207687 8.498122 -2.046155 -3.207687 8.498122 0.391225 -0.145838 -0.474972 19.730166 245.237866 208.884270
-1.804408 -3.249649 8.261963 -1.804408 -3.249649 8.261963 0.420365 0.008296 -0.293520 77.404585 268.541336 395.955021
-1.533161 -3.198379 8.165563 -1.533161 -3.198379 8.165563 0.492284 0.159195 -0.013745 162.326394 234.456228 536.628165
-1.203978 -3.065649 8.258069 -1.203978 -3.065649 8.258069 0.612647 0.274921 0.329033 238.881648 151.296349 605.967079
-0.790558 -2.878397 8.564804 -0.790558 -2.878397 8.564804 0.770144 0.341030 0.693819 286.108349 69.067049 609.987484
-0.274722 -2.667793 9.086148 -0.274722 -2.667793 9.086148 0.953058 0.350236 1.036084 323.607010 -38.379185 530.892884
0.355269 -2.470860 9.796514 0.355269 -2.470860 9.796514 1.146754 0.295706 1.320396 322.045988 -143.389894 416.816313
1.097071 -2.323286 10.654680 1.097071 -2.323286 10.654680 1.318890 0.189475 1.524995 251.737896 -210.710803 265.179111
1.928345 -2.249200 11.606920 1.928345 -2.249200 11.606920 1.443070 0.054694 1.631653 162.197494 -238.561890 90.348550
2.815736 -2.258657 12.592339 2.815736 -2.258657 12.592339 1.502157 -0.085102 1.636683 34.758509 -227.424588 -73.584425
3.713139 -2.346346 13.553000 3.713139 -2.346346 13.553000 1.472274 -0.200013 1.552018 -134.368794 -155.611667 -208.632296
4.562807 -2.488760 14.440503 4.562807 -2.488760 14.440503 1.344102 -0.265362 1.396068 -292.869692 -62.216831 -311.199909
5.308593 -2.652029 15.219091 5.308593 -2.652029 15.219091 1.128587 -0.266955 1.194166 -425.513771 56.904694 -361.804754
5.903777 -2.793617 15.870661 5.903777 -2.793617 15.870661 0.846395 -0.191103 0.978057 -515.125622 195.935483 -358.559064
6.316100 -2.865277 16.395516 6.316100 -2.865277 16.395516 0.523363 -0.034875 0.775731 -561.648263 324.826422 -315.861341
6.529520 -2.822194 16.808105 6.529520 -2.822194 16.808105 0.188870 0.187719 0.606240 -553.329914 417.152685 -249.107940
6.549741 -2.632371 17.132171 6.549741 -2.632371 17.132171 -0.110639 0.448528 0.482581 -445.033690 452.212173 -163.091470
6.413844 -2.282786 17.397047 6.413844 -2.282786 17.397047 -0.324697 0.715205 0.408144 -268.490879 436.710698 -85.029067
6.180281 -1.778823 17.629471 6.180281 -1.778823 17.629471 -0.437873 0.958395 0.371343 -108.762571 373.921447 -37.642735
5.897980 -1.136480 17.845501 5.897980 -1.136480 17.845501 -0.503130 1.182748 0.348757 -108.762571 373.921447 -37.642735
