8.135117 4.668971 -4.311004 8.135117 4.668971 -4.311004 1.509191 0.745777 -0.526169 -720.880366 -289.465349 368.309165
8.910873 5.064334 -4.560410 8.910873 5.064334 -4.560410 1.076662 0.572098 -0.305184 -720.880366 -289.465349 368.309165
9.432236 5.351570 -4.670225 9.432236 5.351570 -4.670225 0.669756 0.378821 -0.049202 -635.473971 -354.791663 484.963048
9.729025 5.512599 -4.604915 9.729025 5.512599 -4.604915 0.335075 0.153944 0.279464 -480.128050 -394.797878 610.592694
9.855774 5.534461 -4.325071 9.855774 5.534461 -4.325071 0.107630 -0.080142 0.657113 -278.023345 -385.488457 648.237409
9.882314 5.421752 -3.817527 9.882314 5.421752 -3.817527 0.000851 -0.287614 1.029024 -77.907243 -306.085782 591.462877
9.880551 5.200361 -3.099832 9.880551 5.200361 -3.099832 0.012854 -0.439902 1.352988 117.917321 -201.541797 488.417538
9.918626 4.909249 -2.207772 9.918626 4.909249 -2.207772 0.129294 -0.515292 1.607798 270.214992 -49.757273 360.951023
10.052489 4.600963 -1.187804 10.052489 4.600963 -1.187804 0.329662 -0.495919 1.775959 397.678515 114.334432 199.586398
10.325810 4.334103 -0.096701 10.325810 4.334103 -0.096701 0.587976 -0.376766 1.843723 463.369712 282.842996 26.291960
10.760651 4.166452 1.006455 10.760651 4.166452 1.006455 0.859242 -0.169575 1.820444 440.849324 407.790710 -103.889139
11.352263 4.142485 2.073913 11.352263 4.142485 2.073913 1.107322 0.096981 1.727571 386.085850 480.729494 -205.687650
12.080626 4.288644 3.068943 12.080626 4.288644 3.068943 1.311347 0.392612 1.581714 293.997492 504.709875 -280.502228
12.913889 4.613843 3.966539 12.913889 4.613843 3.966539 1.455418 0.689357 1.408701 186.238280 484.437886 -296.206293
13.813204 5.107712 4.760140 13.813204 5.107712 4.760140 1.529868 0.945299 1.239464 61.927286 368.703793 -267.917665
14.734723 5.732059 5.459395 14.734723 5.732059 5.459395 1.529283 1.120527 1.097726 -63.876751 215.388294 -204.543445
15.636218 6.431967 6.085856 15.636218 6.431967 6.085856 1.468072 1.193869 0.998213 -140.158750 29.085676 -127.166498
16.489883 7.142593 6.665756 16.489883 7.142593 6.665756 1.374227 1.156668 0.941227 -172.659020 -153.089556 -62.787642
17.282248 7.798165 7.222461 17.282248 7.798165 7.222461 1.265170 1.010452 0.919907 -190.862468 -334.297787 -8.278688
18.008264 8.335782 7.775612 18.008264 8.335782 7.775612 1.156997 0.767469 0.928428 -169.714621 -475.646181 36.683778
18.675732 8.705103 8.338734 18.675732 8.705103 8.338734 1.074260 0.454363 0.947745 -106.077603 -568.037704 27.707276
19.305126 8.873454 8.910199 19.305126 8.873454 8.910199 1.030275 0.103440 0.953525 -40.537153 -601.705513 -8.441099
19.919134 8.830431 9.477259 19.919134 8.830431 9.477259 1.021648 -0.241486 0.930782 11.780427 -548.050410 -67.371420
20.535660 8.593392 10.019117 20.535660 8.593392 10.019117 1.035803 -0.537807 0.867936 35.402688 -439.685993 -142.114446
21.164088 8.199704 10.509630 21.164088 8.199704 10.509630 1.059911 -0.760921 0.759327 44.957579 -304.027119 -219.914825
21.806536 7.698881 10.921665 21.806536 7.698881 10.921665 1.078931 -0.891060 0.607495 18.440380 -129.769326 -286.191380
22.453288 7.152591 11.233957 22.453288 7.152591 11.233957 1.070367 -0.910400 0.432329 -46.986431 65.303998 -297.697409
23.081378 6.627488 11.440416 23.081378 6.627488 11.440416 1.013809 -0.824308 0.256949 -141.539382 221.667077 -286.899792
23.657147 6.179539 11.545949 23.657147 6.179539 11.545949 0.893689 -0.657627 0.099832 -258.861692 333.937620 -236.823598
24.141363 5.850073 11.570048 24.141363 5.850073 11.570048 0.711362 -0.432258 -0.008118 -348.893314 417.291370 -123.012140
24.500346 5.667083 11.550784 24.500346 5.667083 11.550784 0.476861 -0.175619 -0.043180 -432.777705 438.173584 6.139272
24.705862 5.637354 11.536011 24.705862 5.637354 11.536011 0.203692 0.071139 0.010654 -477.785649 384.351444 173.306991
24.742317 5.742884 11.583514 24.742317 5.742884 11.583514 -0.081774 0.270066 0.164214 -473.768595 278.740283 338.562128
24.611490 5.949390 11.749578 24.611490 5.949390 11.749578 -0.348455 0.408777 0.400321 -415.165908 183.629819 448.459291
24.327688 6.227710 12.070493 24.327688 6.227710 12.070493 -0.597554 0.518955 0.669396 -415.165908 183.629819 448.459291
