11.153804 5.618671 5.405694 11.153804 5.618671 5.405694 0.043203 0.324545 -1.297448 -149.379453 -530.713636 356.919043
11.152837 5.717869 4.691471 11.152837 5.717869 4.691471 -0.046424 0.006117 -1.083296 -149.379453 -530.713636 356.919043
11.103501 5.631072 4.113923 11.103501 5.631072 4.113923 -0.109020 -0.287005 -0.828219 -59.272994 -446.358905 493.337971
11.033566 5.387161 3.713997 11.033566 5.387161 3.713997 -0.113850 -0.511640 -0.491195 43.173457 -302.422727 630.075463
10.975427 5.037604 3.536414 10.975427 5.037604 3.536414 -0.075948 -0.633779 -0.094545 83.166832 -104.710560 692.090196
10.944545 4.649480 3.602863 10.944545 4.649480 3.602863 -0.027466 -0.641647 0.313706 78.439167 78.484305 668.747132
10.940205 4.288235 3.906552 10.940205 4.288235 3.906552 0.009698 -0.546476 0.690412 45.441220 238.752120 586.939320
10.951340 4.012147 4.416441 10.951340 4.012147 4.416441 0.022649 -0.359112 0.992537 -2.272912 385.797628 420.146096
10.961326 3.869989 5.075341 10.961326 3.869989 5.075341 0.005316 -0.108308 1.183380 -55.503636 450.213849 215.996762
10.951327 3.886918 5.810282 10.951327 3.886918 5.810282 -0.043979 0.166199 1.243146 -108.813631 464.810113 -16.777200
10.903234 4.068771 6.539106 10.903234 4.068771 6.539106 -0.119859 0.437426 1.162860 -144.118356 439.279467 -250.843584
10.805445 4.403594 7.179498 10.805445 4.403594 7.179498 -0.205993 0.667478 0.951496 -142.994925 327.559940 -453.702369
10.658289 4.855323 7.659054 10.658289 4.855323 7.659054 -0.280893 0.825419 0.630897 -106.671231 198.910619 -614.959759
10.474623 5.377823 7.921554 10.474623 5.377823 7.921554 -0.324544 0.901989 0.235194 -38.831519 56.323110 -704.051739
10.279352 5.919513 7.934488 10.279352 5.919513 7.934488 -0.315619 0.887578 -0.194504 68.581806 -104.361668 -728.276504
10.109364 6.426277 7.690134 10.109364 6.426277 7.690134 -0.239278 0.789971 -0.614278 185.886696 -220.994883 -670.967495
10.005586 6.855519 7.208591 10.005586 6.855519 7.208591 -0.096098 0.632570 -0.977871 291.379715 -303.674704 -541.010570
10.006057 7.177883 6.534788 10.006057 7.177883 6.534788 0.107138 0.437785 -1.250970 386.073313 -345.608845 -369.318892
10.142564 7.379410 5.728936 10.142564 7.379410 5.728936 0.352436 0.235746 -1.416522 431.585928 -327.852732 -182.522206
10.431909 7.465498 4.858826 10.431909 7.465498 4.858826 0.612378 0.057306 -1.462750 434.889558 -266.948233 28.429084
10.875166 7.456407 3.997652 10.875166 7.456407 3.997652 0.861060 -0.079984 -1.388899 394.051372 -190.684911 217.740135
11.455503 7.381473 3.210938 11.455503 7.381473 3.210938 1.061352 -0.157498 -1.221093 273.588416 -67.696238 341.612889
12.131585 7.281941 2.545375 12.131585 7.281941 2.545375 1.175627 -0.162353 -0.988113 107.327086 51.514365 434.987039
12.845477 7.198071 2.033602 12.845477 7.198071 2.033602 1.186009 -0.110096 -0.713133 -72.719581 122.675560 481.614624
13.532101 7.157474 1.690416 13.532101 7.157474 1.690416 1.082914 -0.019597 -0.434147 -270.931205 178.987391 448.338664
14.122197 7.179363 1.506287 14.122197 7.179363 1.506287 0.865932 0.094942 -0.186851 -452.342121 202.809301 375.980898
14.551068 7.270290 1.455804 14.551068 7.270290 1.455804 0.548196 0.203907 0.008491 -606.778858 160.408957 275.158275
14.765254 7.417756 1.503813 14.765254 7.417756 1.503813 0.156568 0.281394 0.140517 -698.645919 97.880392 164.929931
14.732478 7.598255 1.611920 14.732478 7.598255 1.611920 -0.267420 0.310341 0.210019 -714.649365 -1.390967 66.744627
14.446921 7.777631 1.744521 14.446921 7.777631 1.744521 -0.678552 0.276619 0.222945 -655.791003 -111.014490 -23.658910
13.929072 7.917133 1.870034 13.929072 7.917133 1.870034 -1.035401 0.177574 0.188771 -533.703369 -219.137398 -90.255639
13.223455 7.978535 1.966885 13.223455 7.978535 1.966885 -1.297175 0.017604 0.133794 -338.877147 -314.093633 -92.999868
12.399148 7.930844 2.031687 12.399148 7.930844 2.031687 -1.425518 -0.179436 0.084317 -88.931751 -342.707096 -71.924575
11.539773 7.762081 2.071684 11.539773 7.762081 2.071684 -1.419162 -0.382134 0.052932 110.116084 -332.954089 -32.690085
10.708097 7.472869 2.097559 10.708097 7.472869 2.097559 -1.353093 -0.581907 0.033318 110.116084 -332.954089 -32.690085
