8.815319 1.075637 -1.934809 8.815319 1.075637 -1.934809 2.112949 0.290135 -0.248917 104.786312 83.744689 -412.599985
10.101950 1.264792 -2.158427 10.101950 1.264792 -2.158427 2.175821 0.340382 -0.496477 104.786312 83.744689 -412.599985
11.415600 1.477549 -2.531823 11.415600 1.477549 -2.531823 2.185172 0.357896 -0.750246 -73.616406 -25.366243 -433.298920
12.698191 1.679564 -3.055409 12.698191 1.679564 -3.055409 2.064701 0.301896 -0.987448 -327.952919 -161.299580 -357.372827
13.865415 1.822883 -3.706101 13.865415 1.822883 -3.706101 1.805103 0.161190 -1.171353 -537.371791 -307.720939 -255.644567
14.843193 1.859054 -4.446035 14.843193 1.859054 -4.446035 1.439895 -0.049209 -1.280266 -679.989439 -393.607189 -107.399992
15.580764 1.755907 -5.221614 15.580764 1.755907 -5.221614 1.012059 -0.299232 -1.285144 -746.131296 -439.805316 91.141504
16.053610 1.496647 -5.964408 16.053610 1.496647 -5.964408 0.563952 -0.565895 -1.171023 -747.559437 -449.070230 289.260332
16.261700 1.080776 -6.603402 16.261700 1.080776 -6.603402 0.136816 -0.812844 -0.939701 -676.224431 -374.093674 481.813584
16.231197 0.533729 -7.072498 16.231197 0.533729 -7.072498 -0.223282 -0.997317 -0.610621 -524.104765 -240.815500 615.120154
16.011757 -0.100112 -7.322377 16.011757 -0.100112 -7.322377 -0.493403 -1.102329 -0.212691 -376.296024 -109.224820 711.314705
15.647982 -0.781170 -7.321955 15.647982 -0.781170 -7.321955 -0.719180 -1.167864 0.214098 -376.296024 -109.224820 711.314705
