-6.693000 -1.319680 0.172663 -6.693000 -1.319680 0.172663 -0.032991 -0.831224 -0.075864 -112.303496 388.860090 78.012750
-6.733009 -1.748419 0.141187 -6.733009 -1.748419 0.141187 -0.100373 -0.597908 -0.029057 -112.303496 388.860090 78.012750
-6.803641 -2.034713 0.137548 -6.803641 -2.034713 0.137548 -0.118725 -0.352308 0.016513 51.130305 429.806765 73.887240
-6.851854 -2.171983 0.157508 -6.851854 -2.171983 0.157508 -0.018955 -0.110680 0.044608 281.436005 375.619683 19.761667
-6.800603 -2.176351 0.183186 -6.800603 -2.176351 0.183186 0.209733 0.086837 0.033249 480.858295 282.769948 -57.625936
-6.578751 -2.079360 0.187288 -6.578751 -2.079360 0.187288 0.545537 0.226448 -0.028701 638.485880 182.600771 -148.874282
-6.130105 -1.919099 0.136859 -6.130105 -1.919099 0.136859 0.960611 0.293629 -0.150083 745.095772 41.337232 -255.730537
-5.418047 -1.742558 -0.003713 -5.418047 -1.742558 -0.003713 1.415537 0.283048 -0.325974 771.324958 -76.608040 -330.575164
-4.432985 -1.591594 -0.261470 -4.432985 -1.591594 -0.261470 1.862838 0.211705 -0.537661 719.676673 -161.203127 -375.045683
-3.193296 -1.497349 -0.652572 -3.193296 -1.497349 -0.652572 2.256865 0.096173 -0.767677 593.748605 -223.902065 -391.673943
-1.743053 -1.481042 -1.180443 -1.743053 -1.481042 -1.180443 2.559359 -0.043639 -0.986499 414.562284 -242.138676 -337.735489
-0.146074 -1.548704 -1.826409 -0.146074 -1.548704 -1.826409 2.741810 -0.178391 -1.155509 193.608164 -207.035032 -225.629685
1.518323 -1.687377 -2.550824 1.518323 -1.687377 -2.550824 2.780281 -0.274471 -1.243367 -65.370030 -113.231552 -67.231001
3.163533 -1.867713 -3.299338 3.163533 -1.867713 -3.299338 2.685102 -0.318768 -1.235667 -251.895319 -34.425786 92.896779
4.729253 -2.065170 -4.024017 4.729253 -2.065170 -4.024017 2.533965 -0.339424 -1.179929 -251.895319 -34.425786 92.896779
