5.014573 4.918243 -5.938684 5.014573 4.918243 -5.938684 0.145019 0.552820 -0.970116 -63.403236 -265.162492 338.149550
5.090172 5.202206 -6.459887 5.090172 5.202206 -6.459887 0.106977 0.393722 -0.767227 -63.403236 -265.162492 338.149550
5.143381 5.387342 -6.858451 5.143381 5.387342 -6.858451 0.071111 0.217786 -0.559816 -56.148508 -321.293846 353.219548
5.177593 5.458851 -7.130217 5.177593 5.458851 -7.130217 0.045685 0.018360 -0.345163 -28.604066 -343.457871 362.290002
5.203954 5.411003 -7.275959 5.203954 5.411003 -7.275959 0.049016 -0.172924 -0.147071 39.704717 -294.154461 298.016587
5.245223 5.260134 -7.315794 5.245223 5.260134 -7.315794 0.096400 -0.320251 0.005564 118.242806 -196.937092 210.768138
5.328690 5.039715 -7.278971 5.328690 5.039715 -7.278971 0.189065 -0.402512 0.109755 190.639397 -77.264560 136.534356
5.480021 4.792289 -7.192840 5.480021 4.792289 -7.192840 0.321334 -0.408927 0.170184 250.257793 55.879105 64.895533
5.719505 4.565958 -7.082326 5.719505 4.565958 -7.082326 0.479676 -0.330562 0.192736 277.549319 205.338229 10.276925
6.055972 4.412693 -6.966403 6.055972 4.412693 -6.966403 0.639718 -0.166802 0.191059 255.923622 340.528913 -15.865701
6.481976 4.379504 -6.853718 6.481976 4.379504 -6.853718 0.773807 0.065499 0.186066 191.041140 433.808422 -0.778260
6.974792 4.498856 -6.739451 6.974792 4.498856 -6.739451 0.859155 0.335619 0.199437 93.451237 466.592352 45.349341
7.498062 4.782943 -6.607716 7.498062 4.782943 -6.607716 0.870003 0.609220 0.246196 -57.290877 445.410556 110.512623
8.000454 5.223388 -6.436241 8.000454 5.223388 -6.436241 0.789143 0.850159 0.331826 -212.243828 357.717056 174.921330
8.426163 5.789529 -6.202066 8.426163 5.789529 -6.202066 0.613932 1.023073 0.454750 -371.791118 218.664494 234.823555
8.719464 6.432651 -5.884018 8.719464 6.432651 -5.884018 0.350176 1.103865 0.610294 -507.394880 50.641992 283.657508
8.833147 7.092706 -5.467264 8.833147 7.092706 -5.467264 0.020281 1.077354 0.778086 -592.256148 -139.012980 275.648106
8.738195 7.703421 -4.953664 8.738195 7.703421 -4.953664 -0.337643 0.940568 0.929133 -600.824607 -316.938743 227.841942
8.429163 8.202164 -4.360628 8.429163 8.202164 -4.360628 -0.689626 0.707663 1.038564 -572.450821 -459.411691 136.928193
7.917966 8.537846 -3.719819 7.917966 8.537846 -3.719819 -1.004997 0.400906 1.085840 -478.785048 -563.111927 20.661072
7.239799 8.674972 -3.072565 7.239799 8.674972 -3.072565 -1.237206 0.052751 1.058388 -295.245359 -597.405028 -112.169473
6.456910 8.600749 -2.467248 6.456910 8.600749 -2.467248 -1.351460 -0.297394 0.943462 -85.603355 -569.746204 -270.917829
5.643933 8.325130 -1.958174 5.643933 8.325130 -1.958174 -1.336286 -0.612384 0.739723 136.185669 -480.219692 -408.210785
4.880167 7.880697 -1.592729 4.880167 7.880697 -1.592729 -1.187113 -0.853329 0.470239 361.057692 -322.929886 -490.069649
4.244733 7.321571 -1.401338 4.244733 7.321571 -1.401338 -0.911262 -0.992094 0.163497 558.446089 -139.621066 -532.403610
3.807235 6.711667 -1.398475 3.807235 6.711667 -1.398475 -0.532502 -1.023444 -0.152954 704.084355 35.122827 -522.434143
3.617975 6.114894 -1.578711 3.617975 6.114894 -1.578711 -0.092519 -0.947513 -0.438541 762.525748 217.979491 -429.520560
3.699556 5.594316 -1.910023 3.699556 5.594316 -1.910023 0.364188 -0.773258 -0.650625 759.833142 362.869952 -277.425232
4.050384 5.201358 -2.339266 4.050384 5.201358 -2.339266 0.797809 -0.527135 -0.761739 685.570861 457.541238 -92.956434
4.643052 4.969685 -2.799995 4.643052 4.969685 -2.799995 1.162054 -0.241355 -0.752278 528.576533 495.057730 124.493162
5.423897 4.911122 -3.215315 5.423897 4.911122 -3.215315 1.421542 0.041376 -0.609390 336.384472 447.380557 351.799105
6.323296 5.012377 -3.506362 6.323296 5.012377 -3.506362 1.552996 0.289308 -0.341999 101.796351 379.059675 539.505331
7.260740 5.246958 -3.605436 7.260740 5.246958 -3.605436 1.550689 0.480572 0.026779 -109.485466 258.486916 689.755058
8.158865 5.571459 -3.459900 8.158865 5.571459 -3.459900 1.422090 0.583813 0.467194 -319.178546 85.649059 778.295630
8.946134 5.927998 -3.039778 8.946134 5.927998 -3.039778 1.187921 0.589377 0.932733 -461.385321 -67.103377 773.499918
9.570394 6.262367 -2.344592 9.570394 6.262367 -2.344592 0.883873 0.513222 1.378413 -552.108321 -186.746168 712.099314
9.999172 6.530857 -1.398221 9.999172 6.530857 -1.398221 0.541772 0.372030 1.761401 -588.228123 -283.892260 564.527949
10.221790 6.699586 -0.251231 10.221790 6.699586 -0.251231 0.206015 0.184752 2.042791 -530.962907 -340.369914 373.437781
10.256222 6.748902 1.027899 10.256222 6.748902 1.027899 -0.080577 -0.020814 2.198039 -424.344641 -344.850264 144.055842
10.139360 6.677339 2.358421 10.139360 6.677339 2.358421 -0.295853 -0.212730 2.213315 -293.240841 -294.868446 -93.136339
9.917990 6.501435 3.656978 9.917990 6.501435 3.656978 -0.427171 -0.365602 2.094095 -144.485468 -214.705250 -304.261979
9.646181 6.250566 4.848513 9.646181 6.250566 4.848513 -0.461359 -0.458725 1.860764 30.525758 -95.705717 -473.509986
9.382645 5.965106 5.873210 9.382645 5.965106 5.873210 -0.404120 -0.481142 1.544012 160.269032 20.984164 -582.328937
9.174745 5.686140 6.692533 9.174745 5.686140 6.692533 -0.279338 -0.438838 1.183290 255.672350 120.027724 -620.076232
9.057101 5.448488 7.292010 9.057101 5.448488 7.292010 -0.106246 -0.346593 0.816823 321.302162 187.458001 -601.479801
9.051925 5.275757 7.678940 9.051925 5.275757 7.678940 0.090222 -0.226707 0.481449 333.590911 212.159125 -516.436312
9.164246 5.177648 7.883786 9.164246 5.177648 7.883786 0.281082 -0.100777 0.216263 302.607022 207.609109 -367.517519
9.382778 5.150232 7.957945 9.382778 5.150232 7.957945 0.439718 0.002189 0.048529 226.179521 135.609197 -191.594896
9.683758 5.170874 7.961202 9.683758 5.170874 7.961202 0.557608 0.058151 -0.023294 166.789773 50.930755 -47.812885
10.048345 5.214932 7.938620 10.048345 5.214932 7.938620 0.657682 0.088709 -0.051981 166.789773 50.930755 -47.812885
