-0.919493 -3.245518 11.422489 -0.919493 -3.245518 11.422489 0.807186 0.175679 0.220375 213.172478 130.007771 -602.016489
-0.396810 -3.116709 11.446352 -0.396810 -3.116709 11.446352 0.935089 0.253684 -0.140834 213.172478 130.007771 -602.016489
0.201316 -2.946372 11.256068 0.201316 -2.946372 11.256068 1.056504 0.305313 -0.489146 191.545342 42.088520 -559.022532
0.866571 -2.762866 10.869816 0.866571 -2.762866 10.869816 1.155801 0.294282 -0.785262 139.444408 -78.858890 -428.028942
1.582062 -2.608022 10.331610 1.582062 -2.608022 10.331610 1.224017 0.209311 -0.992095 87.940610 -204.375891 -261.416325
2.328532 -2.524842 9.702340 2.328532 -2.524842 9.702340 1.257937 0.058591 -1.083735 25.126230 -298.024349 -44.050047
3.084200 -2.546023 9.057537 3.084200 -2.546023 9.057537 1.254929 -0.133682 -1.043328 -35.152459 -342.886609 178.738636
3.829174 -2.688609 8.475464 3.829174 -2.688609 8.475464 1.225554 -0.342698 -0.877333 -62.762990 -353.832526 374.578380
4.552861 -2.955892 8.027895 4.552861 -2.955892 8.027895 1.186157 -0.544869 -0.595549 -68.561400 -320.070961 564.703696
5.253945 -3.334099 7.778471 5.253945 -3.334099 7.778471 1.153673 -0.705276 -0.225437 -39.718706 -214.618048 669.003279
5.943722 -3.786739 7.765338 5.943722 -3.786739 7.765338 1.153455 -0.788264 0.184509 38.993491 -62.008262 697.482288
6.648084 -4.261400 7.999953 6.648084 -4.261400 7.999953 1.203203 -0.778174 0.594814 126.831080 95.639515 670.202400
7.397596 -4.701390 8.471132 7.397596 -4.701390 8.471132 1.303105 -0.672297 0.965203 206.176104 257.283851 564.426403
8.221697 -5.049572 9.141253 8.221697 -5.049572 9.141253 1.452440 -0.473501 1.250870 291.606148 405.368845 387.797881
9.148679 -5.254841 9.947846 9.148679 -5.254841 9.947846 1.642549 -0.200952 1.414886 342.091087 503.127398 158.919600
10.196275 -5.281419 10.812308 10.196275 -5.281419 10.812308 1.850255 0.118078 1.444864 350.263499 560.307557 -58.991080
11.366912 -5.110977 11.654904 11.366912 -5.110977 11.654904 2.047595 0.447963 1.340948 307.536992 539.309841 -287.396812
12.645607 -4.748912 12.396343 12.645607 -4.748912 12.396343 2.206024 0.752606 1.111516 220.558171 476.167241 -477.374348
14.000112 -4.219671 12.968849 14.000112 -4.219671 12.968849 2.294308 0.998141 0.782713 73.721687 342.280874 -618.636565
15.379279 -3.569923 13.323959 15.379279 -3.569923 13.323959 2.285102 1.149773 0.395713 -104.406614 163.158092 -671.363516
16.721431 -2.861969 13.440077 16.721431 -2.861969 13.440077 2.171879 1.191279 -0.009425 -273.003002 -24.803312 -679.097056
17.964321 -2.162831 13.315689 17.964321 -2.162831 13.315689 1.952590 1.120573 -0.399365 -457.962453 -210.882188 -620.703112
19.045670 -1.538522 12.972370 19.045670 -1.538522 12.972370 1.638954 0.943662 -0.731650 -587.488897 -378.823650 -486.913830
19.917827 -1.046904 12.455806 19.917827 -1.046904 12.455806 1.259124 0.684414 -0.973449 -678.613482 -485.336232 -319.082013
20.548795 -0.727687 11.824752 20.548795 -0.727687 11.824752 0.840177 0.372857 -1.112645 -717.876935 -553.185063 -144.906424
20.928008 -0.600878 11.141901 20.928008 -0.600878 11.141901 0.431076 0.054290 -1.145490 -645.790143 -508.704413 35.423786
21.076269 -0.656101 10.468051 21.076269 -0.656101 10.468051 0.072887 -0.232085 -1.088899 -548.176178 -445.878641 153.214031
21.021329 -0.875610 9.842290 21.021329 -0.875610 9.842290 -0.256019 -0.499612 -0.996970 -548.176178 -445.878641 153.214031
