3.823934 -5.771515 8.512585 3.823934 -5.771515 8.512585 0.203761 0.760913 1.285434 42.544109 219.352459 -528.084161
3.953849 -5.275483 9.188790 3.953849 -5.275483 9.188790 0.229288 0.892525 0.968584 42.544109 219.352459 -528.084161
4.099987 -4.710390 9.667495 4.099987 -4.710390 9.667495 0.259349 0.974609 0.614780 57.660497 54.262616 -651.260829
4.266576 -4.127961 9.912374 4.266576 -4.127961 9.912374 0.296950 0.946649 0.190216 67.673577 -147.465230 -763.952777
4.454442 -3.594679 9.887623 4.454442 -3.594679 9.887623 0.325128 0.817350 -0.275002 26.256188 -283.531721 -786.774303
4.649870 -3.161498 9.585872 4.649870 -3.161498 9.585872 0.319005 0.616267 -0.722722 -46.667562 -386.742176 -705.624300
4.827315 -2.864617 9.033256 4.827315 -2.864617 9.033256 0.263219 0.367890 -1.105946 -139.286979 -441.180821 -571.791846
4.954231 -2.722601 8.277171 4.954231 -2.722601 8.277171 0.149928 0.106654 -1.396996 -238.349165 -429.606878 -398.374170
4.995542 -2.732086 7.381079 4.995542 -2.732086 7.381079 -0.021796 -0.131848 -1.566953 -334.062798 -365.401150 -168.147213
4.918815 -2.870439 6.424948 4.918815 -2.870439 6.424948 -0.239825 -0.318448 -1.596308 -392.700553 -256.598874 70.297283
4.703726 -3.099078 5.492126 4.703726 -3.099078 5.492126 -0.477988 -0.429319 -1.492586 -401.178092 -112.969619 275.441707
4.346743 -3.368095 4.656361 4.346743 -3.368095 4.656361 -0.708585 -0.452556 -1.276285 -367.477193 35.511381 445.562471
3.860341 -3.626227 3.977826 3.860341 -3.626227 3.977826 -0.904595 -0.396202 -0.973773 -285.891341 152.337642 562.810831
3.274912 -3.830960 3.498224 3.274912 -3.830960 3.498224 -1.032186 -0.276965 -0.619310 -139.411758 245.117073 618.731327
2.640648 -3.948909 3.236777 2.640648 -3.948909 3.236777 -1.065125 -0.109349 -0.254232 29.615439 313.602283 598.197123
2.018885 -3.958846 3.185125 2.018885 -3.958846 3.185125 -0.987445 0.074935 0.070740 229.318273 300.678207 485.042624
1.478462 -3.861519 3.308988 1.478462 -3.861519 3.308988 -0.796022 0.246561 0.332322 408.759477 271.408147 386.895645
1.074426 -3.664729 3.578022 1.074426 -3.664729 3.578022 -0.550766 0.409406 0.564459 408.759477 271.408147 386.895645
