-1.883685 -6.281385 5.027990 -1.883685 -6.281385 5.027990 0.259014 -0.225751 1.995477 138.767966 536.780807 214.082604
-1.703298 -6.320216 6.263812 -1.703298 -6.320216 6.263812 0.342274 0.096317 2.123927 138.767966 536.780807 214.082604
-1.471857 -6.169412 7.565682 -1.471857 -6.169412 7.565682 0.431027 0.400348 2.197274 157.074683 476.655875 30.405813
-1.185739 -5.850966 8.873711 -1.185739 -5.850966 8.873711 0.521412 0.648541 2.136473 144.208736 350.652334 -233.074122
-0.851110 -5.407833 10.099712 -0.851110 -5.407833 10.099712 0.587059 0.813387 1.926981 74.615038 198.834912 -465.234379
-0.490958 -4.893605 11.162350 -0.490958 -4.893605 11.162350 0.604254 0.884716 1.598802 -17.298053 38.928567 -628.695304
-0.139054 -4.364538 12.002839 -0.139054 -4.364538 12.002839 0.556201 0.864225 1.193450 -142.881175 -107.230590 -722.477524
0.161919 -3.873768 12.587311 0.161919 -3.873768 12.587311 0.435330 0.757571 0.752202 -260.019429 -248.283753 -748.348748
0.370210 -3.468776 12.906418 0.370210 -3.468776 12.906418 0.248800 0.584301 0.315635 -361.748514 -329.283131 -706.872821
0.449540 -3.178180 12.974929 0.449540 -3.178180 12.974929 0.007574 0.383163 -0.076650 -442.337583 -341.175383 -600.746117
0.372688 -3.008864 12.830641 0.372688 -3.008864 12.830641 -0.266707 0.182610 -0.387918 -471.932503 -327.334761 -436.812527
0.129380 -2.954202 12.531455 0.129380 -2.954202 12.531455 -0.541548 0.006286 -0.589051 -444.204332 -260.411082 -233.630516
-0.269306 -2.990456 12.147328 -0.269306 -2.990456 12.147328 -0.777072 -0.115719 -0.672444 -340.874650 -146.272507 -44.346396
-0.789153 -3.079866 11.746735 -0.789153 -3.079866 11.746735 -0.942832 -0.171730 -0.644774 -211.658590 -40.431417 136.578982
-1.381397 -3.182209 11.393643 -1.381397 -3.182209 11.393643 -1.012055 -0.156128 -0.516885 -19.086606 92.438354 289.718082
-1.979496 -3.253970 11.141206 -1.979496 -3.253970 11.141206 -0.960659 -0.074278 -0.315331 190.406385 180.393007 382.128188
-2.509783 -3.262305 11.022558 -2.509783 -3.262305 11.022558 -0.787241 0.052764 -0.077215 387.655033 243.080039 411.593572
-2.901785 -3.186221 11.049643 -2.901785 -3.186221 11.049643 -0.501826 0.201968 0.166374 563.728299 254.266558 400.368249
-3.092922 -3.020833 11.218206 -3.092922 -3.020833 11.218206 -0.121151 0.346723 0.389956 705.186516 228.250835 344.905856
-3.034485 -2.776581 11.507287 -3.034485 -2.776581 11.507287 0.322932 0.459342 0.562023 775.092257 147.145012 228.649902
-2.702644 -2.479891 11.878854 -2.702644 -2.479891 11.878854 0.780813 0.520624 0.665192 751.176280 57.129947 115.246071
-2.104157 -2.163508 12.292732 -2.104157 -2.163508 12.292732 1.205458 0.523528 0.704434 664.306319 -47.448563 15.561981
-1.269972 -1.863819 12.712731 -1.269972 -1.863819 12.712731 1.560718 0.465620 0.686458 519.894016 -145.578018 -75.484090
-0.252241 -1.614834 13.107581 -0.252241 -1.614834 13.107581 1.811249 0.357357 0.623981 315.209960 -215.298637 -132.772343
0.877059 -1.442012 13.456080 0.877059 -1.442012 13.456080 1.929439 0.213986 0.534365 78.756216 -262.606604 -165.944854
2.034767 -1.360249 13.748322 2.034767 -1.360249 13.748322 1.906038 0.059627 0.442262 -156.758988 -251.922335 -141.066344
3.137873 -1.366101 13.991187 3.137873 -1.366101 13.991187 1.750481 -0.072938 0.372119 -361.765087 -189.960624 -92.745091
4.113256 -1.438338 14.200338 4.113256 -1.438338 14.200338 1.484482 -0.158325 0.329343 -524.896731 -94.663570 -49.840564
4.903070 -1.542077 14.392479 4.903070 -1.542077 14.392479 1.137573 -0.173645 0.316973 -631.468067 43.596722 8.608712
5.470221 -1.630362 14.588188 5.470221 -1.630362 14.588188 0.750051 -0.107211 0.342012 -660.270077 177.850043 74.853778
5.804701 -1.654965 14.808129 5.804701 -1.654965 14.808129 0.370378 0.038048 0.393223 -605.307629 306.347730 95.850402
5.925814 -1.570181 15.058662 5.925814 -1.570181 15.058662 0.046401 0.255921 0.437463 -474.617292 419.895239 51.616106
5.876275 -1.339563 15.327940 5.876275 -1.339563 15.327940 -0.198112 0.515276 0.455981 -340.423655 444.620031 10.108150
5.696131 -0.950366 15.603348 5.696131 -0.950366 15.603348 -0.402366 0.782048 0.462046 -340.423655 444.620031 10.108150
