8.433343 3.972683 -8.339673 8.433343 3.972683 -8.339673 1.171220 0.505245 -0.173410 -484.155050 48.566600 324.701287
9.048927 4.284572 -8.385273 9.048927 4.284572 -8.385273 0.880727 0.534385 0.021410 -484.155050 48.566600 324.701287
9.488099 4.608598 -8.313556 9.488099 4.608598 -8.313556 0.579653 0.536789 0.218356 -519.424470 -40.552350 331.783745
9.743714 4.916814 -8.124302 9.743714 4.916814 -8.124302 0.274596 0.479671 0.410025 -497.431151 -149.841668 307.112769
9.824031 5.172923 -7.826805 9.824031 5.172923 -7.826805 0.001619 0.366155 0.575300 -412.492188 -228.542426 243.803131
9.757723 5.348783 -7.442678 9.757723 5.348783 -7.442678 -0.211032 0.215552 0.696896 -296.344877 -273.467626 161.518758
9.584116 5.429338 -7.000118 9.584116 5.429338 -7.000118 -0.357064 0.053712 0.770551 -190.430544 -266.000685 83.998151
9.343389 5.415756 -6.526613 9.343389 5.415756 -6.526613 -0.432379 -0.095537 0.801225 -60.618554 -231.495047 18.247924
9.079094 5.322072 -6.044583 9.079094 5.322072 -6.044583 -0.438530 -0.207898 0.802224 40.114354 -143.042449 -14.918487
8.826531 5.179709 -5.565694 8.826531 5.179709 -5.565694 -0.397791 -0.253103 0.794474 95.681848 -7.642244 -10.915558
8.606466 5.033937 -5.088584 8.606466 5.033937 -5.088584 -0.333444 -0.220361 0.799876 118.809136 116.782508 28.924652
8.427437 4.929756 -4.600085 8.427437 4.929756 -4.600085 -0.263904 -0.115216 0.834068 112.992196 233.703668 85.048939
8.287264 4.908906 -4.080109 8.287264 4.908906 -4.080109 -0.206955 0.056069 0.906229 76.835524 337.243947 155.485494
8.172871 5.006164 -3.503790 8.172871 5.006164 -3.503790 -0.181102 0.272981 1.022490 9.343410 385.796692 232.053354
8.062473 5.239843 -2.846558 8.062473 5.239843 -2.846558 -0.192593 0.506693 1.171563 -47.647373 393.242394 264.855796
7.935459 5.611702 -2.094895 7.935459 5.611702 -2.094895 -0.235589 0.727936 1.335734 -95.672908 344.236537 282.381447
7.776595 6.103124 -1.242836 7.776595 6.103124 -1.242836 -0.294440 0.897965 1.504111 -100.495919 222.525871 278.873242
7.582335 6.673561 -0.294807 7.582335 6.673561 -0.294807 -0.352272 0.989500 1.648259 -92.277901 82.591544 201.621529
7.357564 7.272334 0.722658 7.357564 7.272334 0.722658 -0.391628 0.990087 1.730321 -38.907939 -80.635969 71.916714
7.121026 7.840689 1.765766 7.121026 7.840689 1.765766 -0.387760 0.885789 1.733324 51.798434 -267.025297 -61.905378
6.903919 8.314775 2.786026 6.903919 8.314775 2.786026 -0.325556 0.678965 1.653222 155.548449 -422.387000 -205.100033
6.742799 8.640093 3.731539 6.742799 8.640093 3.731539 -0.201151 0.395372 1.482654 259.135629 -522.923590 -363.459977
6.675165 8.780122 4.547338 6.675165 8.780122 4.547338 -0.013607 0.066279 1.222724 366.012410 -574.051384 -502.973922
6.736562 8.716765 5.186308 6.736562 8.716765 5.186308 0.224394 -0.277126 0.900292 427.324141 -570.633595 -571.798637
6.949955 8.452493 5.622017 6.949955 8.452493 5.622017 0.489975 -0.595918 0.549498 457.945033 -492.004455 -597.516496
7.324240 8.014566 5.847132 7.324240 8.014566 5.847132 0.754094 -0.850200 0.205834 422.452015 -355.603034 -548.031250
7.845559 7.451625 5.879752 7.845559 7.451625 5.879752 0.971668 -1.007624 -0.084154 302.795020 -169.142877 -418.592357
8.476998 6.826639 5.762486 8.476998 6.826639 5.762486 1.123021 -1.058939 -0.292449 201.714595 -1.907371 -275.725859
9.187119 6.190932 5.537386 9.187119 6.190932 5.537386 1.244050 -1.060083 -0.457884 201.714595 -1.907371 -275.725859
