8.958362 4.943631 -5.013519 8.958362 4.943631 -5.013519 0.181378 -0.159555 0.221562 12.487897 -264.416774 0.386287
9.069436 4.800303 -4.880512 9.069436 4.800303 -4.880512 0.188870 -0.318205 0.221794 12.487897 -264.416774 0.386287
9.183084 4.568067 -4.752878 9.183084 4.568067 -4.752878 0.186750 -0.445446 0.194468 -19.555582 -159.720064 -91.470646
9.287623 4.279889 -4.658615 9.287623 4.279889 -4.658615 0.155063 -0.502084 0.109818 -86.069051 -29.073902 -190.698248
9.360729 3.979943 -4.632543 9.360729 3.979943 -4.632543 0.081225 -0.486837 -0.032066 -160.055008 79.897184 -282.247979
9.377298 3.707993 -4.706715 9.377298 3.707993 -4.706715 -0.031589 -0.410044 -0.222052 -215.992983 176.078076 -351.035952
9.316494 3.496069 -4.903837 9.316494 3.496069 -4.903837 -0.176045 -0.292358 -0.436197 -265.525767 216.209260 -362.783129
9.161448 3.358983 -5.230027 9.161448 3.358983 -5.230027 -0.343483 -0.165572 -0.649718 -292.601861 206.409901 -348.951746
8.903227 3.294794 -5.677658 8.903227 3.294794 -5.677658 -0.516358 -0.051724 -0.834037 -283.648275 173.084130 -265.446799
8.547238 3.290504 -6.216975 8.547238 3.290504 -6.216975 -0.662137 0.030073 -0.948877 -202.282125 99.574046 -117.351756
8.120530 3.320182 -6.798223 8.120530 3.320182 -6.798223 -0.748577 0.058373 -0.973279 -85.851596 -5.241613 36.009757
7.664036 3.347220 -7.364806 7.664036 3.347220 -7.364806 -0.759562 0.020013 -0.897156 49.236809 -122.624635 217.735529
7.226728 3.332729 -7.852215 7.226728 3.332729 -7.852215 -0.682188 -0.075690 -0.708058 208.676082 -196.384730 412.590256
6.863832 3.248502 -8.193025 6.863832 3.248502 -8.193025 -0.512707 -0.210844 -0.411710 356.258971 -254.130630 575.237784
6.627524 3.074381 -8.329807 6.627524 3.074381 -8.329807 -0.263003 -0.372674 -0.033061 476.087643 -285.300488 686.925035
6.561550 2.800854 -8.223545 6.561550 2.800854 -8.223545 0.053310 -0.536700 0.391354 578.290356 -261.454157 727.791677
6.699116 2.436488 -7.858846 6.699116 2.436488 -7.858846 0.407723 -0.669994 0.822449 603.085502 -182.858776 709.191710
7.049132 2.009018 -7.242985 7.049132 2.009018 -7.242985 0.753708 -0.742504 1.221649 550.196436 -58.841830 621.475451
7.593811 1.560815 -6.408449 7.593811 1.560815 -6.408449 1.050918 -0.738354 1.542938 440.506240 72.676256 449.486556
8.293955 1.138601 -5.414144 8.293955 1.138601 -5.414144 1.266731 -0.656163 1.750802 278.868574 201.294527 243.393916
9.091780 0.788763 -4.334181 9.091780 0.788763 -4.334181 1.372007 -0.497254 1.825196 72.052907 328.400960 4.584893
9.914693 0.554916 -3.251281 9.914693 0.554916 -3.251281 1.348931 -0.273249 1.762733 -148.973318 418.282165 -212.792823
10.684362 0.467979 -2.245247 10.684362 0.467979 -2.245247 1.195174 -0.013672 1.568541 -363.548873 446.973291 -434.515772
11.325041 0.539110 -1.392032 11.325041 0.539110 -1.392032 0.922114 0.248909 1.259346 -546.652214 428.299279 -596.132453
11.771536 0.761218 -0.748002 11.771536 0.761218 -0.748002 0.552241 0.484233 0.880297 -686.257209 356.114160 -667.364349
11.976208 1.107858 -0.340973 11.976208 1.107858 -0.340973 0.124755 0.657897 0.474763 -738.698713 222.765260 -684.418016
11.919398 1.532376 -0.176280 11.919398 1.532376 -0.176280 -0.311952 0.739968 0.079262 -716.988500 50.802887 -633.916779
11.608326 1.974789 -0.235133 11.608326 1.974789 -0.235133 -0.716360 0.716889 -0.262613 -631.040543 -127.732492 -505.665393
11.074853 2.372189 -0.472696 11.074853 2.372189 -0.472696 -1.045328 0.591540 -0.510891 -465.519016 -290.095762 -321.928714
10.376279 2.666758 -0.824437 10.376279 2.666758 -0.824437 -1.262557 0.376793 -0.640347 -258.577803 -425.729159 -109.591500
9.586066 2.809471 -1.215751 9.586066 2.809471 -1.215751 -1.348378 0.087700 -0.642997 -27.489746 -537.913960 100.756657
8.786128 2.764357 -1.571987 8.786128 2.764357 -1.571987 -1.294689 -0.239600 -0.525414 206.450528 -553.085187 291.188448
8.057508 2.523202 -1.826532 8.057508 2.523202 -1.826532 -1.115656 -0.560649 -0.309253 390.326455 -517.079543 429.345981
7.468062 2.099035 -1.929562 7.468062 2.099035 -1.929562 -0.833015 -0.844412 -0.025448 551.811685 -428.797456 516.673591
7.073283 1.524310 -1.849039 7.073283 1.524310 -1.849039 -0.473412 -1.056161 0.298509 646.863818 -277.030939 563.180344
6.905942 0.851990 -1.570159 6.905942 0.851990 -1.570159 -0.083940 -1.166167 0.628430 651.377750 -89.656417 536.558680
6.970496 0.148311 -1.101381 6.970496 0.148311 -1.101381 0.295237 -1.159168 0.926060 612.543383 112.988051 455.540541
7.250989 -0.516499 -0.471347 7.250989 -0.516499 -0.471347 0.628231 -1.039607 1.161392 497.437986 285.547081 328.898492
7.709730 -1.080504 0.277343 7.709730 -1.080504 0.277343 0.888010 -0.826478 1.321994 368.492224 424.882096 206.442770
8.298643 -1.494013 1.100070 8.298643 -1.494013 1.100070 1.057995 -0.542050 1.407712 198.124674 523.211600 79.284218
8.958590 -1.723015 1.952495 8.958590 -1.723015 1.952495 1.124310 -0.217873 1.422919 22.923974 557.378646 -28.596158
9.630931 -1.755312 2.796628 9.630931 -1.755312 2.796628 1.106209 0.107048 1.383407 -83.258983 525.690336 -103.109142
10.279670 -1.596459 3.608113 10.279670 -1.596459 3.608113 1.056254 0.422462 1.321542 -83.258983 525.690336 -103.109142
