4.341446 -4.253687 -4.657877 4.341446 -4.253687 -4.657877 -0.904579 -0.803589 1.350387 -425.227969 26.180309 163.793354
3.722157 -4.731128 -3.818162 3.722157 -4.731128 -3.818162 -1.159716 -0.787881 1.448663 -425.227969 26.180309 163.793354
2.959854 -5.190789 -2.922890 2.959854 -5.190789 -2.922890 -1.364519 -0.730399 1.529897 -257.449408 165.424761 106.988452
2.108937 -5.589139 -1.992190 2.108937 -5.589139 -1.992190 -1.448310 -0.580575 1.561611 -21.855291 333.987954 -1.274082
1.250647 -5.869786 -1.063582 1.250647 -5.869786 -1.063582 -1.388273 -0.342284 1.520200 221.977965 460.317430 -136.764956
0.470853 -5.987937 -0.185078 0.470853 -5.987937 -0.185078 -1.189014 -0.044281 1.393150 442.219933 533.024724 -286.733663
-0.152935 -5.918072 0.591867 -0.152935 -5.918072 0.591867 -0.873582 0.277978 1.184442 609.221873 541.171287 -408.960957
-0.561161 -5.655917 1.224083 -0.561161 -5.655917 1.224083 -0.476731 0.592467 0.914887 713.613468 507.127426 -489.553503
-0.716654 -5.215321 1.682638 -0.716654 -5.215321 1.682638 -0.038086 0.865909 0.609867 748.534829 404.345921 -527.180830
-0.607233 -4.632473 1.954948 -0.607233 -4.632473 1.954948 0.398716 1.061116 0.299968 707.473006 246.341957 -505.816079
-0.248014 -3.963313 2.049039 -0.248014 -3.963313 2.049039 0.786420 1.149667 0.022265 584.873110 48.828683 -419.860832
0.319279 -3.275847 1.994763 0.319279 -3.275847 1.994763 1.088164 1.123346 -0.189952 420.941675 -136.566941 -287.528775
1.035053 -2.636736 1.840460 1.035053 -2.636736 1.840460 1.276259 0.989836 -0.305354 206.040633 -308.464250 -97.143378
1.825259 -2.106695 1.652338 1.825259 -2.106695 1.652338 1.336704 0.763072 -0.300759 -4.555889 -447.414862 112.457174
2.615385 -1.734307 1.504697 2.615385 -1.734307 1.504697 1.278587 0.470019 -0.170422 -189.166925 -529.430245 322.000951
3.338847 -1.548520 1.471659 3.338847 -1.548520 1.471659 1.116885 0.147722 0.079054 -349.840381 -544.891526 509.584901
3.938445 -1.555338 1.619471 3.938445 -1.555338 1.619471 0.869170 -0.166063 0.428077 -475.875499 -501.060337 653.826054
4.372027 -1.737900 1.998344 4.372027 -1.737900 1.998344 0.572334 -0.430368 0.842063 -513.579248 -379.956289 726.127537
4.624487 -2.055469 2.634505 4.624487 -2.055469 2.634505 0.271703 -0.613122 1.278839 -488.525100 -229.222957 729.792802
4.703126 -2.454649 3.527548 4.703126 -2.454649 3.527548 -0.003653 -0.700887 1.688596 -429.327150 -63.326333 636.063424
4.631006 -2.874734 4.647292 4.631006 -2.874734 4.647292 -0.224493 -0.679653 2.030709 -306.804922 134.104940 504.312167
4.448631 -3.249352 5.944977 4.448631 -3.249352 5.944977 -0.370851 -0.554019 2.275717 -181.056530 284.675317 312.383216
4.201142 -3.523087 7.351810 4.201142 -3.523087 7.351810 -0.441426 -0.346040 2.389013 -54.194999 408.589370 65.269563
3.934268 -3.653520 8.782572 3.934268 -3.653520 8.782572 -0.435259 -0.082658 2.356201 74.751721 469.349729 -174.643936
3.692495 -3.618279 10.151981 3.692495 -3.618279 10.151981 -0.360771 0.200713 2.187039 173.542688 475.219169 -389.230343
3.508886 -3.414201 11.384173 3.508886 -3.414201 11.384173 -0.248564 0.476402 1.903651 200.482496 443.743662 -555.393474
3.395835 -3.048486 12.426393 3.395835 -3.048486 12.426393 -0.128274 0.742648 1.570415 200.482496 443.743662 -555.393474
