2.903038 4.144454 -8.509587 2.903038 4.144454 -8.509587 -0.271020 -0.486650 -0.253752 148.519981 212.502293 66.970294
2.767159 3.890715 -8.649784 2.767159 3.890715 -8.649784 -0.181908 -0.359149 -0.213570 148.519981 212.502293 66.970294
2.681646 3.720407 -8.762220 2.681646 3.720407 -8.762220 -0.108304 -0.196993 -0.155131 96.829462 328.016773 127.826553
2.629470 3.668016 -8.826094 2.629470 3.668016 -8.826094 -0.073322 0.033625 -0.047457 19.774996 440.708992 231.085574
2.586299 3.770466 -8.806874 2.586299 3.770466 -8.806874 -0.075141 0.312788 0.121688 -25.837844 489.834997 332.731524
2.533800 4.044074 -8.669801 2.533800 4.044074 -8.669801 -0.104464 0.595516 0.342172 -71.905036 452.592163 402.216654
2.460067 4.478411 -8.390254 2.460067 4.478411 -8.390254 -0.138164 0.844876 0.592722 -40.428186 378.606674 432.948893
2.372555 5.045518 -7.957873 2.372555 5.045518 -7.957873 -0.149105 1.032198 0.846578 3.958079 245.800493 413.237876
2.286532 5.698208 -7.379405 2.286532 5.698208 -7.379405 -0.133092 1.125314 1.075211 49.420151 64.586582 348.871886
2.221025 6.374643 -6.679102 2.221025 6.374643 -6.679102 -0.076178 1.112172 1.246433 140.293256 -108.391973 221.866309
2.206700 7.011533 -5.900467 2.206700 7.011533 -5.900467 0.038640 0.992623 1.333752 242.432619 -290.106974 69.197729
2.277333 7.544495 -5.098821 2.277333 7.544495 -5.098821 0.203156 0.766595 1.319965 305.954951 -463.320191 -115.154950
2.456863 7.915236 -4.338428 2.456863 7.915236 -4.338428 0.399551 0.459513 1.196582 348.693996 -560.285244 -296.119691
2.758762 8.088335 -3.683446 2.758762 8.088335 -3.683446 0.605786 0.114554 0.970581 338.755473 -589.576573 -457.218680
3.180759 8.051470 -3.190425 3.180759 8.051470 -3.190425 0.796784 -0.236560 0.661113 297.905132 -580.805202 -574.339761
3.706187 7.810960 -2.901001 3.706187 7.810960 -2.901001 0.944198 -0.555187 0.297195 193.473843 -481.285064 -638.722057
4.299210 7.399481 -2.837099 4.299210 7.399481 -2.837099 1.018679 -0.802633 -0.083264 54.797197 -343.535241 -629.472788
4.909974 6.866459 -2.994770 4.909974 6.866459 -2.994770 1.000022 -0.956784 -0.432984 -116.989265 -170.299960 -536.260955
5.478372 6.273332 -3.341733 5.478372 6.273332 -3.341733 0.877046 -1.000978 -0.707972 -292.929600 22.987284 -380.364333
5.943585 5.687025 -3.822972 5.943585 5.687025 -3.822972 0.659852 -0.936476 -0.876140 -431.051003 192.017311 -180.196971
6.254952 5.169235 -4.366096 6.254952 5.169235 -4.366096 0.366444 -0.773605 -0.909282 -546.975776 350.887852 69.724996
6.371573 4.773217 -4.887437 6.371573 4.773217 -4.887437 0.014311 -0.538148 -0.809060 -626.798884 433.967422 264.345271
6.267336 4.528442 -5.325291 6.267336 4.528442 -5.325291 -0.361768 -0.277768 -0.650453 -626.798884 433.967422 264.345271
