-10.191467 3.662800 2.881156 -10.191467 3.662800 2.881156 0.286813 0.816288 0.280687 321.631696 -72.234870 540.716893
-9.961485 4.139571 3.146897 -9.961485 4.139571 3.146897 0.479792 0.772947 0.605117 321.631696 -72.234870 540.716893
-9.618990 4.582213 3.599750 -9.618990 4.582213 3.599750 0.656402 0.688984 0.891814 267.066931 -207.643442 414.938357
-9.180332 4.948388 4.199887 -9.180332 4.948388 4.199887 0.800369 0.515202 1.092577 212.824675 -371.629104 254.272973
-8.667430 5.183367 4.887221 -8.667430 5.183367 4.887221 0.899920 0.255980 1.175232 119.012185 -492.444306 21.242737
-8.110779 5.244406 5.582724 -8.110779 5.244406 5.582724 0.947714 -0.059032 1.120683 40.299976 -557.596420 -203.072725
-7.536230 5.107589 6.206233 -7.536230 5.107589 6.206233 0.965228 -0.398743 0.937101 18.078754 -574.773539 -408.867995
-6.955282 4.769320 6.683086 -6.955282 4.769320 6.683086 0.968857 -0.721425 0.632724 -5.981025 -500.831754 -605.720105
-6.372315 4.255338 6.947601 -6.372315 4.255338 6.947601 0.978920 -0.976813 0.238842 39.523959 -350.461276 -707.220672
-5.776165 3.614466 6.961207 -5.776165 3.614466 6.961207 1.011051 -1.145595 -0.197490 67.581137 -212.145170 -747.220441
-5.157370 2.888923 6.708213 -5.157370 2.888923 6.708213 1.051600 -1.272882 -0.645823 67.581137 -212.145170 -747.220441
