-6.828875 -0.978197 -10.492264 -6.828875 -0.978197 -10.492264 -1.150512 0.502380 -0.676100 240.466190 65.501076 679.725692
-7.475898 -0.664978 -10.775573 -7.475898 -0.664978 -10.775573 -1.006232 0.541681 -0.268265 240.466190 65.501076 679.725692
-8.027445 -0.335623 -10.809424 -8.027445 -0.335623 -10.809424 -0.817412 0.543767 0.163358 388.934744 -58.548440 759.017142
-8.437989 -0.029497 -10.573950 -8.437989 -0.029497 -10.573950 -0.534576 0.460662 0.622953 553.850762 -218.468412 772.965183
-8.654828 0.198743 -10.065697 -8.654828 0.198743 -10.065697 -0.181197 0.285417 1.063467 624.080303 -365.678998 695.416414
-8.651753 0.298642 -9.309551 -8.651753 0.298642 -9.309551 0.190545 0.038360 1.445172 615.060181 -457.844164 576.933471
-8.430169 0.236217 -8.350201 -8.430169 0.236217 -8.350201 0.542312 -0.251493 1.733328 557.494215 -508.334669 383.585696
-8.010550 -0.004990 -7.253368 -8.010550 -0.004990 -7.253368 0.846224 -0.550548 1.902434 455.547625 -488.513893 180.101363
-7.428764 -0.418411 -6.092418 -7.428764 -0.418411 -6.092418 1.079815 -0.819452 1.945851 323.087174 -407.834058 -35.376786
-6.732444 -0.975806 -4.942347 -6.732444 -0.975806 -4.942347 1.225043 -1.025721 1.869268 161.007269 -279.729750 -219.902236
-5.976117 -1.631095 -3.869551 -5.976117 -1.631095 -3.869551 1.283250 -1.141084 1.691412 33.016084 -104.813168 -372.948993
-5.207269 -2.322627 -2.927494 -5.207269 -2.322627 -2.927494 1.267837 -1.144050 1.439345 -84.393080 94.927661 -467.273535
-4.466375 -2.981490 -2.149107 -4.466375 -2.981490 -2.149107 1.194113 -1.034693 1.153429 -161.353998 269.596304 -485.782191
-3.780311 -3.544263 -1.543205 -3.780311 -3.544263 -1.543205 1.090500 -0.825358 0.868387 -184.021806 428.184526 -464.357997
-3.159035 -3.955368 -1.101118 -3.159035 -3.955368 -1.101118 0.980589 -0.533265 0.612967 -182.346902 545.460875 -387.040589
-2.600515 -4.174496 -0.795725 -2.600515 -4.174496 -0.795725 0.886124 -0.192748 0.417146 -132.537618 589.594380 -265.696787
-2.088464 -4.185004 -0.585741 -2.088464 -4.185004 -0.585741 0.827768 0.156080 0.295338 -61.980811 573.167185 -140.329177
-1.599456 -3.992829 -0.426101 -1.599456 -3.992829 -0.426101 0.808095 0.476765 0.249620 -3.597421 495.782557 -12.065762
-1.111661 -3.627451 -0.271993 -1.111661 -3.627451 -0.271993 0.823866 0.724626 0.274924 56.165958 330.418748 96.414207
-0.605086 -3.141899 -0.086348 -0.605086 -3.141899 -0.086348 0.868292 0.879380 0.349451 91.920644 185.428165 152.008096
-0.067566 -2.580894 0.150684 -0.067566 -2.580894 0.150684 0.923444 0.990637 0.440656 91.920644 185.428165 152.008096
