7.874554 2.780131 -3.811716 7.874554 2.780131 -3.811716 0.699147 0.322224 1.725758 44.545187 441.705114 461.011271
8.302061 3.052973 -2.693280 8.302061 3.052973 -2.693280 0.725874 0.587247 2.002365 44.545187 441.705114 461.011271
8.750716 3.481788 -1.419335 8.750716 3.481788 -1.419335 0.778163 0.837073 2.226691 129.751463 391.049708 286.744373
9.247776 4.048770 -0.047119 9.247776 4.048770 -0.047119 0.890049 1.043446 2.321674 243.202538 296.860416 29.865363
9.830751 4.720571 1.338689 9.830751 4.720571 1.338689 1.061813 1.183056 2.276732 329.343387 168.505688 -179.671444
10.529606 5.450400 2.661623 10.529606 5.450400 2.661623 1.271845 1.232481 2.115103 370.762232 -3.755355 -359.092753
11.358912 6.177257 3.857577 11.358912 6.177257 3.857577 1.491615 1.170446 1.857293 361.805311 -203.029414 -500.276039
12.315616 6.833179 4.877169 12.315616 6.833179 4.877169 1.691746 0.999630 1.533461 305.297836 -366.358351 -579.161869
13.378922 7.359954 5.693383 13.378922 7.359954 5.693383 1.841451 0.744523 1.187893 193.718972 -483.996162 -572.733310
14.509677 7.713652 6.306342 14.509677 7.713652 6.306342 1.912754 0.424645 0.860833 43.958362 -582.266032 -517.464822
15.653944 7.863158 6.735728 15.653944 7.863158 6.735728 1.882639 0.072917 0.580500 -144.341340 -590.158351 -416.979061
16.745538 7.803491 7.016344 16.745538 7.803491 7.016344 1.735993 -0.267123 0.367176 -344.481596 -543.307600 -294.102413
17.715268 7.552105 7.192604 17.715268 7.552105 7.192604 1.480010 -0.559688 0.235181 -508.793210 -431.911941 -145.878275
18.502924 7.148526 7.315581 18.502924 7.148526 7.315581 1.130899 -0.768947 0.188281 -654.911432 -265.617919 -10.454663
19.059235 6.649968 7.433662 19.059235 6.649968 7.433662 0.716233 -0.875208 0.216979 -727.307394 -88.584175 106.112549
19.357230 6.120981 7.587270 19.357230 6.120981 7.587270 0.275698 -0.867946 0.302251 -741.143052 112.790546 178.128933
19.394013 5.630561 7.802302 19.394013 5.630561 7.802302 -0.145135 -0.750045 0.417217 -661.631669 280.214748 205.088835
19.194674 5.238708 8.088429 19.194674 5.238708 8.088429 -0.507941 -0.543240 0.534678 -547.721979 409.132733 186.450529
18.791319 4.986407 8.442797 18.791319 4.986407 8.442797 -0.836574 -0.297761 0.646549 -547.721979 409.132733 186.450529
