-5.807073 -0.412364 -2.251996 -5.807073 -0.412364 -2.251996 -0.023828 0.141206 0.757993 495.961084 -213.766145 39.883466
-5.732097 -0.366119 -1.790022 -5.732097 -0.366119 -1.790022 0.273749 0.012946 0.781923 495.961084 -213.766145 39.883466
-5.473725 -0.390453 -1.316960 -5.473725 -0.390453 -1.316960 0.595570 -0.083437 0.789499 576.775748 -107.509632 -14.631029
-5.009401 -0.450859 -0.849843 -5.009401 -0.450859 -0.849843 0.957451 -0.102901 0.760976 629.492256 42.628395 -80.444554
-4.322930 -0.497196 -0.410994 -4.322930 -0.497196 -0.410994 1.328605 -0.038672 0.696425 607.688216 171.469275 -134.726875
-3.421982 -0.485237 -0.019425 -3.421982 -0.485237 -0.019425 1.665225 0.085695 0.605413 514.378290 243.087584 -168.644200
-2.338333 -0.386989 0.313367 -2.338333 -0.386989 0.313367 1.933480 0.246927 0.503724 379.806964 294.349976 -170.322160
-1.118609 -0.186654 0.586894 -1.118609 -0.186654 0.586894 2.117718 0.419517 0.411285 234.318797 280.950809 -137.806788
0.184806 0.112347 0.813564 0.184806 0.112347 0.813564 2.211345 0.571685 0.352126 77.772761 226.275728 -59.389907
1.516435 0.490768 1.020755 1.516435 0.490768 1.020755 2.212119 0.680851 0.349519 -75.193039 137.610144 50.700804
2.823411 0.917701 1.247047 2.823411 0.917701 1.247047 2.133199 0.731682 0.417211 -187.875870 31.826331 174.939398
4.065710 1.355177 1.537154 4.065710 1.355177 1.537154 2.001463 0.714470 0.563632 -251.242875 -89.198903 313.129374
5.220351 1.763803 1.938488 5.220351 1.763803 1.938488 1.845651 0.640949 0.785465 -268.130349 -155.871605 426.316066
6.280501 2.117261 2.490927 6.280501 2.117261 2.490927 1.689888 0.532154 1.063372 -251.081399 -206.777273 500.039914
7.252873 2.397377 3.220700 7.252873 2.397377 3.220700 1.557410 0.398305 1.372105 -190.511154 -239.385351 529.068677
8.156946 2.595110 4.136611 8.156946 2.595110 4.136611 1.462699 0.263870 1.676628 -125.192491 -208.731239 486.008909
9.016190 2.720315 5.224450 9.016190 2.720315 5.224450 1.408377 0.160905 1.940137 -55.878921 -134.486508 392.354288
9.854535 2.800126 6.450246 9.854535 2.800126 6.450246 1.391736 0.117594 2.130997 0.407484 -9.882499 243.847209
10.691484 2.875457 7.760486 10.691484 2.875457 7.760486 1.401153 0.144431 2.216052 30.981484 99.340189 39.668795
11.537887 2.985634 9.084992 11.537887 2.985634 9.084992 1.420413 0.232219 2.178526 33.220331 193.284390 -164.757349
12.394086 3.166077 10.349073 12.394086 3.166077 10.349073 1.430204 0.379793 2.012777 -0.583697 298.630162 -387.737311
13.248231 3.450871 11.476369 13.248231 3.450871 11.476369 1.410490 0.574792 1.727249 -65.130173 351.365263 -564.024542
14.078000 3.858600 12.403092 14.078000 3.858600 12.403092 1.347406 0.783650 1.348324 -145.150462 344.829763 -699.057192
14.856162 4.388015 13.082226 14.856162 4.388015 13.082226 1.239544 0.976326 0.908737 -214.387856 297.423341 -766.233793
15.557209 5.020768 13.490990 15.557209 5.020768 13.490990 1.090465 1.121885 0.456220 -282.544547 187.771656 -742.155382
16.157893 5.719557 13.636176 16.157893 5.719557 13.636176 0.907250 1.193843 0.036134 -328.168907 52.089219 -658.131490
16.644451 6.435997 13.548457 16.644451 6.435997 13.548457 0.716742 1.178888 -0.313425 -306.860383 -101.940619 -507.065719
17.022455 7.114908 13.280799 17.022455 7.114908 13.280799 0.548594 1.067366 -0.559317 -253.631767 -269.798778 -312.574363
17.311559 7.698477 12.903796 17.311559 7.698477 12.903796 0.424422 0.864049 -0.672611 -160.275208 -407.924658 -65.070732
17.547250 8.137667 12.503538 17.547250 8.137667 12.503538 0.377696 0.590233 -0.636547 4.521992 -504.795515 185.283792
17.782449 8.398628 12.165344 17.782449 8.398628 12.165344 0.419247 0.275777 -0.473464 133.980876 -543.390272 358.323883
18.058114 8.466284 11.945763 18.058114 8.466284 11.945763 0.499635 -0.050257 -0.258470 133.980876 -543.390272 358.323883
