1.392852 0.922801 -6.894477 1.392852 0.922801 -6.894477 0.868117 0.010358 1.523823 404.284279 362.837020 -306.856382
1.986493 0.994327 -6.035418 1.986493 0.994327 -6.035418 1.110688 0.228060 1.339709 404.284279 362.837020 -306.856382
2.716377 1.189671 -5.296523 2.716377 1.189671 -5.296523 1.306759 0.411749 1.107114 249.287075 249.457540 -468.460401
3.532056 1.470971 -4.725940 3.532056 1.470971 -4.725940 1.390089 0.508169 0.779224 28.479151 71.942335 -624.505882
4.358037 1.781057 -4.375169 4.358037 1.781057 -4.375169 1.341186 0.512508 0.382756 -191.490734 -57.478297 -697.052787
5.115718 2.069933 -4.270221 5.115718 2.069933 -4.270221 1.163481 0.436611 -0.031656 -400.856631 -195.511175 -684.321643
5.730752 2.291018 -4.406772 5.730752 2.291018 -4.406772 0.868461 0.290856 -0.414147 -582.545213 -290.337355 -590.648350
6.139847 2.410289 -4.753208 6.139847 2.410289 -4.753208 0.483316 0.101742 -0.726692 -701.269443 -340.045132 -451.169230
6.300519 2.411723 -5.259042 6.300519 2.411723 -5.259042 0.047110 -0.094301 -0.940437 -752.751178 -313.431277 -261.312841
6.195100 2.301829 -5.857467 6.195100 2.301829 -5.857467 -0.395489 -0.266836 -1.032856 -722.579357 -261.685835 -46.751346
5.834709 2.099063 -6.472372 5.834709 2.099063 -6.472372 -0.794204 -0.401652 -0.994786 -606.471327 -187.699420 173.650132
5.258781 1.830750 -7.027758 5.258781 1.830750 -7.027758 -1.109293 -0.481948 -0.839451 -443.826073 -79.955119 344.134425
4.525753 1.535236 -7.461709 4.525753 1.535236 -7.461709 -1.313402 -0.489691 -0.594095 -236.536352 54.147093 473.719839
3.710741 1.257086 -7.728019 3.710741 1.257086 -7.728019 -1.377297 -0.427609 -0.285478 23.551502 152.792635 555.003151
2.900222 1.030103 -7.798894 2.900222 1.030103 -7.798894 -1.305065 -0.325537 0.050080 217.224113 187.445670 563.523791
2.156284 0.868521 -7.667412 2.156284 0.868521 -7.667412 -1.174730 -0.213070 0.388195 217.224113 187.445670 563.523791
