6.749785 2.335610 7.739657 6.749785 2.335610 7.739657 1.769622 -0.715254 -0.436256 298.059273 -316.657851 117.485832
7.865209 1.849460 7.499051 7.865209 1.849460 7.499051 1.948458 -0.905249 -0.365765 298.059273 -316.657851 117.485832
9.082211 1.256712 7.309255 9.082211 1.256712 7.309255 2.098677 -1.058245 -0.252695 202.672061 -193.329242 259.413866
10.367751 0.597285 7.215503 10.367751 0.597285 7.215503 2.169543 -1.122643 -0.041193 33.547639 -21.330176 445.591765
11.664975 -0.069047 7.277845 11.664975 -0.069047 7.277845 2.136970 -1.079979 0.260417 -142.124077 163.542986 559.774993
12.910886 -0.677178 7.537514 12.910886 -0.677178 7.537514 1.998256 -0.929759 0.609580 -320.257177 337.189752 604.101445
14.040972 -1.166395 8.011244 14.040972 -1.166395 8.011244 1.749995 -0.687723 0.968261 -507.277182 469.598034 591.500642
14.992125 -1.490366 8.694314 14.992125 -1.490366 8.694314 1.407955 -0.385290 1.301378 -632.857436 538.511316 518.892482
15.717417 -1.622642 9.560129 15.717417 -1.622642 9.560129 1.000410 -0.052355 1.570649 -725.627254 571.271183 378.676805
16.187090 -1.554227 10.557617 16.187090 -1.554227 10.557617 0.565230 0.275404 1.732539 -724.971100 521.258863 160.956572
16.399674 -1.301537 11.612427 16.399674 -1.301537 11.612427 0.149954 0.556265 1.760682 -659.282916 414.944218 -67.146752
16.378404 -0.903084 12.644015 16.378404 -0.903084 12.644015 -0.208472 0.755254 1.656721 -535.471333 248.352999 -279.391425
16.168043 -0.416533 13.574336 16.168043 -0.416533 13.574336 -0.474218 0.847738 1.421978 -350.346200 59.928095 -503.084548
15.833784 0.092072 14.326825 15.833784 0.092072 14.326825 -0.617759 0.829574 1.069418 -128.125586 -120.475227 -672.115381
15.455060 0.557736 14.842198 15.455060 0.557736 14.842198 -0.619662 0.705311 0.639665 121.781688 -293.734413 -760.396235
15.117938 0.919964 15.087663 15.117938 0.919964 15.087663 -0.482820 0.488637 0.176113 334.360495 -428.512395 -784.774350
14.899837 1.131450 15.054922 14.899837 1.131450 15.054922 -0.225177 0.208711 -0.280500 524.450014 -504.575003 -737.269071
14.866163 1.163964 14.761012 14.866163 1.163964 14.761012 0.124652 -0.103477 -0.687368 641.645045 -536.052406 -618.960168
15.058966 1.008141 14.248568 15.058966 1.008141 14.248568 0.522215 -0.411347 -1.001799 683.564345 -490.178686 -429.142243
15.493584 0.680039 13.582654 15.493584 0.680039 13.582654 0.923593 -0.670763 -1.197225 654.361628 -374.541673 -222.278349
16.160109 0.219250 12.837649 16.160109 0.219250 12.837649 1.289132 -0.850057 -1.263893 564.103891 -223.107250 0.053946
17.025606 -0.322170 12.091580 17.025606 -0.322170 12.091580 1.579988 -0.940055 -1.202577 405.416851 -76.883954 204.332600
18.034577 -0.889464 11.417587 18.034577 -0.889464 11.417587 1.763252 -0.933293 -1.026110 205.462427 99.422339 383.889226
19.116358 -1.422568 10.877334 19.116358 -1.422568 10.877334 1.820762 -0.828762 -0.764212 -13.761866 249.015294 489.104742
20.194461 -1.869006 10.509674 20.194461 -1.869006 10.509674 1.753117 -0.649369 -0.456607 -211.722603 348.959759 536.245532
21.197789 -2.193147 10.331479 21.197789 -2.193147 10.331479 1.573924 -0.426654 -0.138633 -385.586723 393.423786 523.666428
22.065690 -2.378407 10.338092 22.065690 -2.378407 10.338092 1.307333 -0.191022 0.153231 -503.049717 392.018242 449.213144
22.755916 -2.425115 10.503732 22.755916 -2.425115 10.503732 0.987377 0.030898 0.386976 -563.471646 347.712548 329.938316
23.246691 -2.349427 10.786918 23.246691 -2.349427 10.786918 0.648163 0.212334 0.542995 -567.240101 257.074641 190.123695
23.537132 -2.182960 11.138569 23.537132 -2.182960 11.138569 0.326051 0.330547 0.615227 -506.466911 136.969290 50.651152
23.647231 -1.967852 11.509351 23.647231 -1.967852 11.509351 0.050329 0.373354 0.608261 -412.606824 5.720065 -73.872064
23.611451 -1.748411 11.854280 23.611451 -1.748411 11.854280 -0.155773 0.348784 0.530287 -274.399321 -87.619397 -186.039045
23.475986 -1.559980 12.135793 23.475986 -1.559980 12.135793 -0.283463 0.270873 0.402801 -151.233815 -172.083985 -238.914687
23.286037 -1.431345 12.333892 23.286037 -1.431345 12.333892 -0.337448 0.153054 0.256565 -28.717298 -220.645981 -248.538928
23.084161 -1.378121 12.444297 23.084161 -1.378121 12.444297 -0.325868 0.026204 0.113456 67.315754 -202.186365 -228.492573
22.900757 -1.398792 12.471241 22.900757 -1.398792 12.471241 -0.285479 -0.095108 -0.023640 67.315754 -202.186365 -228.492573
