11.184070 1.206327 4.111998 11.184070 1.206327 4.111998 -0.021611 0.850602 1.016841 -103.867341 342.880062 -317.668476
11.152407 1.778407 4.664922 11.152407 1.778407 4.664922 -0.083931 1.056330 0.826239 -103.867341 342.880062 -317.668476
11.091087 2.468712 5.101181 11.091087 2.468712 5.101181 -0.107581 1.236002 0.624115 25.035472 256.025199 -356.080947
11.041045 3.246047 5.410589 11.041045 3.246047 5.410589 -0.042557 1.337863 0.405637 191.708829 83.513035 -372.176175
11.056913 4.053406 5.588946 11.056913 4.053406 5.588946 0.106943 1.336017 0.192161 306.626108 -89.667633 -339.411789
11.178559 4.828684 5.647739 11.178559 4.828684 5.647739 0.302358 1.231254 0.011470 344.755625 -259.540640 -262.890887
11.421334 5.511070 5.616169 11.421334 5.511070 5.616169 0.505731 1.027282 -0.101928 333.154411 -420.366033 -115.103533
11.782430 6.044620 5.543597 11.782430 6.044620 5.543597 0.694075 0.739296 -0.124469 294.659256 -539.589438 39.967949
12.247234 6.388739 5.486705 12.247234 6.388739 5.486705 0.847472 0.403879 -0.047513 216.663653 -578.465244 216.550150
12.787952 6.528023 5.507988 12.787952 6.528023 5.507988 0.943648 0.062201 0.136475 103.923083 -560.463335 396.742835
13.367266 6.469028 5.669239 13.367266 6.469028 5.669239 0.978100 -0.251239 0.414285 10.918198 -484.335247 529.292279
13.952220 6.238693 6.017342 13.952220 6.238693 6.017342 0.965292 -0.503893 0.753154 -53.609725 -357.845469 600.270344
14.518492 5.883151 6.579144 14.518492 5.883151 6.579144 0.916859 -0.662573 1.122622 -107.836368 -171.088678 631.290753
15.048202 5.466507 7.364137 15.048202 5.466507 7.364137 0.847186 -0.706747 1.490331 -124.405871 23.842237 594.405266
15.535641 5.057179 8.357564 15.535641 5.057179 8.357564 0.780142 -0.640299 1.808151 -99.075451 197.650378 464.994516
15.988464 4.717830 9.515343 15.988464 4.717830 9.515343 0.733555 -0.475438 2.033096 -56.213062 351.889080 284.822728
16.422320 4.502884 10.773139 16.422320 4.502884 10.773139 0.719035 -0.229422 2.137340 7.814582 468.163174 62.657215
16.858884 4.452815 12.053037 16.858884 4.452815 12.053037 0.742404 0.068046 2.106012 70.079960 523.396742 -167.085759
17.319458 4.586946 13.273508 17.319458 4.586946 13.273508 0.797040 0.377548 1.940462 112.039296 508.275808 -384.746766
17.819254 4.900083 14.356015 17.819254 4.900083 14.356015 0.871289 0.658103 1.647035 135.460373 426.906947 -593.341286
18.365410 5.364180 15.229833 18.365410 5.364180 15.229833 0.947561 0.876208 1.253021 118.778022 300.111086 -720.038727
18.951516 5.933907 15.848493 18.951516 5.933907 15.848493 0.999775 1.006185 0.803267 55.270202 133.146220 -779.142387
19.555280 6.552239 16.190761 19.555280 6.552239 16.190761 1.002685 1.039345 0.338546 -45.570591 -22.615443 -769.926415
20.141500 7.162493 16.261086 20.141500 7.162493 16.261086 0.939401 0.979366 -0.094486 -165.377746 -177.313200 -673.516121
20.667631 7.710805 16.091840 20.667631 7.710805 16.091840 0.801467 0.836023 -0.455203 -294.401266 -300.495032 -528.873468
21.088044 8.152294 15.735131 21.088044 8.152294 15.735131 0.587452 0.625546 -0.714477 -418.983831 -401.097394 -335.374027
21.358967 8.453793 15.259449 21.358967 8.453793 15.259449 0.305407 0.376735 -0.848842 -521.165563 -428.271327 -112.507952
21.445698 8.606082 14.742548 21.445698 8.606082 14.742548 -0.020806 0.136457 -0.853069 -566.211289 -372.657383 98.417111
21.332155 8.624369 14.259992 21.332155 8.624369 14.259992 -0.356241 -0.069684 -0.736168 -551.905763 -314.477812 291.252782
21.022841 8.531698 13.878490 21.022841 8.531698 13.878490 -0.668515 -0.229644 -0.522548 -489.007742 -218.722825 420.816300
20.541343 8.362816 13.645694 20.541343 8.362816 13.645694 -0.923755 -0.319500 -0.245132 -361.791461 -80.797300 503.901759
19.933228 8.164474 13.590002 19.933228 8.164474 13.590002 -1.084527 -0.328472 0.060637 -174.113450 50.892399 515.329655
19.263499 7.981377 13.716704 19.263499 7.981377 13.716704 -1.127358 -0.273812 0.357635 31.343898 131.306964 474.664403
18.605284 7.844149 14.009965 18.605284 7.844149 14.009965 -1.045765 -0.177905 0.608634 240.629972 188.382043 361.995827
18.033163 7.773011 14.433401 18.033163 7.773011 14.433401 -0.841263 -0.056397 0.791314 441.045971 216.645559 246.938661
17.617294 7.777187 14.944009 17.617294 7.777187 14.944009 -0.529134 0.068682 0.896331 599.381715 200.282962 103.117442
17.413256 7.849211 15.492406 17.413256 7.849211 15.492406 -0.141735 0.162674 0.918387 691.950125 113.025154 -29.598152
17.454233 7.961887 16.030816 17.454233 7.961887 16.030816 0.280768 0.204122 0.864157 716.392199 25.135329 -151.167907
17.748508 8.082563 16.517626 17.748508 8.082563 16.517626 0.694924 0.187596 0.751087 664.126570 -80.222398 -225.729536
18.277248 8.174687 16.926444 18.277248 8.174687 16.926444 1.054614 0.109493 0.609638 534.841986 -180.119566 -245.770149
18.993630 8.204109 17.248221 18.993630 8.204109 17.248221 1.312228 -0.017843 0.463340 323.870178 -244.335138 -241.889244
19.828708 8.147831 17.484809 19.828708 8.147831 17.484809 1.453774 -0.172400 0.328824 147.950049 -270.854506 -206.495224
20.727604 7.995638 17.644934 20.727604 7.995638 17.644934 1.542544 -0.334913 0.204927 147.950049 -270.854506 -206.495224
