-0.782559 -2.372682 -0.168892 -0.782559 -2.372682 -0.168892 -1.321294 0.789903 0.910652 461.120170 254.065640 -479.411785
-1.492333 -1.853008 0.291205 -1.492333 -1.853008 0.291205 -1.044622 0.942342 0.623005 461.120170 254.065640 -479.411785
-2.029439 -1.247497 0.574297 -2.029439 -1.247497 0.574297 -0.734618 1.066650 0.313275 572.226811 160.292881 -553.020171
-2.363332 -0.586724 0.661845 -2.363332 -0.586724 0.661845 -0.371899 1.122478 -0.022906 636.837469 25.800676 -567.583891
-2.472613 0.082721 0.550235 -2.472613 0.082721 0.550235 0.006341 1.094530 -0.341962 623.960151 -118.961222 -495.935184
-2.362506 0.709431 0.261044 -2.362506 0.709431 0.261044 0.350665 0.980174 -0.613253 523.789028 -262.224589 -408.369853
-2.065182 1.242956 -0.172053 -2.065182 1.242956 -0.172053 0.628155 0.785944 -0.816464 401.176897 -385.208494 -269.000123
-1.624266 1.640757 -0.700617 -1.624266 1.640757 -0.700617 0.827913 0.532680 -0.929190 264.682575 -459.004327 -106.750924
-1.090359 1.876790 -1.269646 -1.090359 1.876790 -1.269646 0.934305 0.252509 -0.954744 89.956599 -474.900577 21.571261
-0.523130 1.944527 -1.832364 -0.523130 1.944527 -1.832364 0.940547 -0.023863 -0.910572 -69.149139 -446.339141 125.666001
0.022644 1.857177 -2.349833 0.022644 1.857177 -2.349833 0.868522 -0.255126 -0.803900 -170.935823 -324.537610 229.909239
0.508806 1.653762 -2.788538 0.508806 1.653762 -2.788538 0.745047 -0.409461 -0.654700 -240.647463 -189.913886 267.422851
0.912517 1.373900 -3.133222 0.912517 1.373900 -3.133222 0.600658 -0.523410 -0.494247 -240.647463 -189.913886 267.422851
