10.850496 4.245567 -4.558835 10.850496 4.245567 -4.558835 1.692050 -0.529571 0.483545 -537.609170 -310.086655 -615.321031
11.768957 3.872009 -4.379466 11.768957 3.872009 -4.379466 1.369485 -0.715623 0.114352 -537.609170 -310.086655 -615.321031
12.489572 3.394611 -4.413287 12.489572 3.394611 -4.413287 1.025388 -0.862719 -0.213213 -609.380932 -180.235003 -476.564715
12.993652 2.854565 -4.614979 12.993652 2.854565 -4.614979 0.652443 -0.920722 -0.439066 -633.769713 -13.105450 -276.277427
13.272905 2.308732 -4.916176 13.272905 2.308732 -4.916176 0.281511 -0.883788 -0.544968 -602.669958 136.217227 -76.729412
13.340113 1.810318 -5.243905 13.340113 1.810318 -5.243905 -0.046185 -0.765360 -0.525690 -489.647497 258.543139 140.990604
13.232656 1.401218 -5.522218 13.232656 1.401218 -5.522218 -0.298017 -0.592345 -0.382483 -349.794124 318.172123 336.366623
13.000381 1.105338 -5.682390 13.000381 1.105338 -5.682390 -0.460404 -0.390158 -0.136803 -191.496635 355.787052 482.563452
12.698826 0.932537 -5.673433 12.698826 0.932537 -5.673433 -0.529517 -0.190427 0.173621 -38.880473 309.982276 552.185001
12.380780 0.869580 -5.467613 12.380780 0.869580 -5.467613 -0.519530 -0.026927 0.516205 72.172324 235.018053 589.760018
12.088363 0.890314 -5.054285 12.088363 0.890314 -5.054285 -0.444677 0.087015 0.857302 177.336905 144.787321 547.230938
11.855557 0.961378 -4.447777 11.855557 0.961378 -4.447777 -0.327876 0.137857 1.153764 211.999491 24.686841 440.977547
11.697634 1.041181 -3.682854 11.697634 1.041181 -3.682854 -0.197462 0.115893 1.384794 222.713511 -97.900812 329.120412
11.616849 1.088519 -2.801201 11.616849 1.088519 -2.801201 -0.075815 0.034272 1.539942 182.777472 -174.168253 188.039059
11.600764 1.075647 -1.852094 11.600764 1.075647 -1.852094 0.016370 -0.080650 1.609241 124.506860 -208.907140 42.957368
11.628290 0.989245 -0.885628 11.628290 0.989245 -0.885628 0.067538 -0.208041 1.600964 46.052527 -215.728979 -70.546161
11.674267 0.827601 0.057827 11.674267 0.827601 0.057827 0.080993 -0.327419 1.536511 -1.202057 -182.196694 -144.297954
11.722647 0.598354 0.953760 11.722647 0.598354 0.953760 0.080272 -0.436737 1.449932 -1.202057 -182.196694 -144.297954
