3.663623 4.920721 8.522552 3.663623 4.920721 8.522552 0.533129 -0.077001 1.265736 -18.823518 -269.789570 -234.877093
3.980112 4.825958 9.239716 3.980112 4.825958 9.239716 0.521835 -0.238875 1.124810 -18.823518 -269.789570 -234.877093
4.295768 4.639034 9.867885 4.295768 4.639034 9.867885 0.540258 -0.375929 0.961692 80.235832 -187.058141 -308.847859
4.642084 4.388608 10.386158 4.642084 4.388608 10.386158 0.626990 -0.444158 0.760632 208.868716 -40.369253 -361.354648
5.059609 4.124787 10.778348 5.059609 4.124787 10.778348 0.770988 -0.418678 0.548093 271.126143 125.300210 -347.107091
5.570888 3.905200 11.047422 5.570888 3.905200 11.047422 0.933080 -0.298166 0.353315 269.180149 276.406544 -302.153398
6.176799 3.783645 11.209870 6.176799 3.783645 11.209870 1.082640 -0.094365 0.196259 229.354789 402.931618 -221.367626
6.864100 3.803753 11.292696 6.864100 3.803753 11.292696 1.202418 0.168392 0.088021 169.904938 472.925069 -139.426024
7.611746 3.990767 11.324685 7.611746 3.990767 11.324685 1.282422 0.456407 0.025734 96.772155 487.123518 -68.196707
8.394239 4.350399 11.331147 8.394239 4.350399 11.331147 1.318587 0.739209 0.001300 23.780505 455.549881 -13.249677
9.185626 4.869666 11.330707 9.185626 4.869666 11.330707 1.312627 0.981254 -0.000824 -43.646659 351.266901 6.171366
9.963570 5.511476 11.330866 9.963570 5.511476 11.330866 1.277561 1.141162 0.000589 -73.240111 181.759365 -1.462401
10.717078 6.218632 11.328297 10.717078 6.218632 11.328297 1.234389 1.198931 -0.013584 -70.667725 10.806220 -45.780066
11.447190 6.928097 11.308184 11.447190 6.928097 11.308184 1.202982 1.146219 -0.059663 -34.022798 -186.512374 -107.818802
12.166586 7.571977 11.249036 12.166586 7.571977 11.249036 1.201222 0.982915 -0.144065 28.157398 -357.836857 -173.519211
12.896183 8.088880 11.127200 12.896183 8.088880 11.127200 1.237091 0.726036 -0.268997 91.406365 -498.424926 -242.920745
13.658982 8.429802 10.919291 13.658982 8.429802 10.919291 1.312390 0.402068 -0.428676 159.590004 -581.469696 -289.344880
14.479394 8.565942 10.610529 14.479394 8.565942 10.610529 1.429403 0.051003 -0.599652 230.452331 -588.745831 -280.574043
15.379782 8.492649 10.202368 15.379782 8.492649 10.202368 1.573995 -0.291845 -0.757329 251.520200 -554.082178 -245.016075
16.367528 8.225129 9.708639 16.367528 8.225129 9.708639 1.715286 -0.587688 -0.880484 219.450892 -432.058861 -165.500492
17.432365 7.803859 9.157768 17.432365 7.803859 9.157768 1.827779 -0.801355 -0.943732 155.524243 -280.166865 -45.325784
18.550072 7.282905 8.593070 18.550072 7.282905 8.593070 1.886322 -0.918007 -0.922432 39.620167 -108.672419 116.325206
19.680950 6.723573 8.069043 19.680950 6.723573 8.069043 1.869860 -0.928044 -0.810166 -94.494325 75.216642 257.896389
20.776441 6.190838 7.637667 20.776441 6.190838 7.637667 1.766081 -0.830153 -0.613918 -251.433499 251.086369 396.261981
21.781002 5.745066 7.348051 21.781002 5.745066 7.348051 1.566073 -0.643881 -0.339121 -415.262754 369.819914 519.728423
22.638125 5.429995 7.241383 22.638125 5.429995 7.241383 1.278048 -0.398541 -0.011018 -544.817548 447.981510 573.947917
23.301678 5.271409 7.337948 23.301678 5.271409 7.337948 0.925112 -0.130240 0.332678 -631.636293 446.354844 571.705224
23.740830 5.271429 7.635971 23.740830 5.271429 7.635971 0.535029 0.126673 0.653245 -668.642517 410.020089 496.853481
23.944239 5.415579 8.108996 23.944239 5.415579 8.108996 0.147578 0.344396 0.909578 -622.859334 315.724433 357.588995
23.926937 5.670456 8.708395 23.926937 5.670456 8.708395 -0.194807 0.490875 1.070562 -518.425356 172.539148 179.024803
23.725821 5.987952 9.369828 23.725821 5.987952 9.369828 -0.460437 0.553969 1.112334 -367.006691 37.775051 -39.784551
23.396669 6.318752 10.017084 23.396669 6.318752 10.017084 -0.614785 0.534727 1.023545 -147.488069 -101.917232 -256.178811
23.016606 6.614047 10.571954 23.016606 6.614047 10.571954 -0.626496 0.437600 0.804115 108.453587 -221.838948 -475.256892
22.670528 6.831996 10.960006 22.670528 6.831996 10.960006 -0.509938 0.281098 0.474606 280.072940 -299.835164 -623.105989
22.414978 6.946685 11.132610 22.414978 6.946685 11.132610 -0.341894 0.101197 0.100742 280.072940 -299.835164 -623.105989
