-3.678085 2.610339 11.971101 -3.678085 2.610339 11.971101 0.372363 -0.840221 0.317800 -57.537896 -146.484813 -719.392167
-3.465024 2.079839 12.032290 -3.465024 2.079839 12.032290 0.337840 -0.928112 -0.113836 -57.537896 -146.484813 -719.392167
-3.277234 1.503270 11.839905 -3.277234 1.503270 11.839905 0.280532 -0.982675 -0.518437 -133.490148 -35.393873 -629.278982
-3.139298 0.918489 11.425601 -3.139298 0.918489 11.425601 0.168667 -0.947938 -0.845863 -239.393085 151.184349 -462.142631
-3.086007 0.387437 10.847930 -3.086007 0.387437 10.847930 0.000940 -0.804737 -1.057986 -319.695642 326.152780 -244.931759
-3.144591 -0.030024 10.183419 -3.144591 -0.030024 10.183419 -0.198892 -0.575678 -1.133102 -346.411955 437.376826 -5.455620
-3.325461 -0.292862 9.516630 -3.325461 -0.292862 9.516630 -0.402642 -0.294050 -1.066107 -332.752745 501.382865 228.771161
-3.623537 -0.376676 8.929890 -3.623537 -0.376676 8.929890 -0.585270 0.018619 -0.870115 -276.008241 540.846030 424.538091
-4.016801 -0.270959 8.492753 -4.016801 -0.270959 8.492753 -0.712977 0.329091 -0.572818 -149.682515 494.062969 566.450626
-4.462452 0.007900 8.256384 -4.462452 0.007900 8.256384 -0.757396 0.587894 -0.206142 1.621295 368.611838 655.803821
-4.906758 0.417655 8.250510 -4.906758 0.417655 8.250510 -0.707224 0.762404 0.186169 165.618176 213.088317 651.899714
-5.289867 0.902906 8.475642 -5.289867 0.902906 8.475642 -0.550782 0.837525 0.557749 355.855415 37.317121 586.699515
-5.545731 1.400449 8.908208 -5.545731 1.400449 8.908208 -0.284517 0.801466 0.871324 531.693762 -157.513573 458.550194
-5.613623 1.842678 9.502802 -5.613623 1.842678 9.502802 0.070066 0.655467 1.092759 650.249469 -329.152557 279.564766
-5.451358 2.168896 10.197755 -5.451358 2.168896 10.197755 0.476119 0.418902 1.205376 703.259940 -459.396862 95.825277
-5.038239 2.331818 10.926758 -5.038239 2.331818 10.926758 0.902382 0.114624 1.205518 717.618622 -554.861121 -95.349888
-4.372084 2.300540 11.623055 -4.372084 2.300540 11.623055 1.310721 -0.219177 1.099053 643.509651 -557.810260 -259.534990
-3.479323 2.071737 12.228090 -3.479323 2.071737 12.228090 1.649314 -0.538319 0.904929 485.134203 -505.995134 -387.545939
-2.413964 1.664281 12.697513 -2.413964 1.664281 12.697513 1.882622 -0.808847 0.653522 292.560543 -395.766934 -450.474823
-1.245325 1.116381 13.007632 -1.245325 1.116381 13.007632 1.990183 -1.003071 0.378690 65.974177 -251.646704 -465.633021
-0.052879 0.480526 13.152580 -0.052879 0.480526 13.152580 1.962074 -1.097641 0.107052 -159.671320 -63.584219 -439.828307
1.082525 -0.178737 13.142233 1.082525 -0.178737 13.142233 1.800775 -1.081959 -0.133887 -377.991123 115.856973 -363.300068
2.084445 -0.797916 13.003393 2.084445 -0.797916 13.003393 1.521445 -0.966731 -0.317439 -553.109600 268.234399 -248.541303
2.890926 -1.322512 12.774712 2.890926 -1.322512 12.774712 1.155452 -0.769989 -0.433962 -666.866211 387.574980 -139.867260
3.462353 -1.710947 12.494716 3.462353 -1.710947 12.494716 0.746291 -0.518473 -0.490098 -697.005214 450.808883 -47.252756
3.788213 -1.940378 12.196127 3.788213 -1.940378 12.196127 0.345816 -0.245447 -0.498571 -637.909308 459.280485 19.010625
3.886747 -2.007366 11.903562 3.886747 -2.007366 11.903562 -0.007586 0.018168 -0.471387 -540.099396 419.436097 71.601020
3.794916 -1.927047 11.633424 3.794916 -1.927047 11.633424 -0.281956 0.239425 -0.429398 -374.465746 318.085635 68.361337
3.571790 -1.734453 11.386004 3.571790 -1.734453 11.386004 -0.439377 0.388698 -0.398808 -150.271617 179.492085 33.605234
3.293858 -1.476243 11.149591 3.293858 -1.476243 11.149591 -0.465822 0.459806 -0.394530 62.121411 57.533706 -19.344845
3.037013 -1.198078 10.906371 3.037013 -1.198078 10.906371 -0.371218 0.453950 -0.421237 253.224414 -77.051926 -69.676515
2.869609 -0.946170 10.638179 2.869609 -0.946170 10.638179 -0.170548 0.374756 -0.477582 415.677207 -186.928714 -118.142664
2.849683 -0.758081 10.328166 2.849683 -0.758081 10.328166 0.116759 0.247013 -0.559461 542.012927 -238.883698 -154.787429
3.020642 -0.654114 9.964084 3.020642 -0.654114 9.964084 0.458673 0.097473 -0.655051 597.699552 -259.582705 -163.843080
3.401889 -0.640311 9.543966 3.401889 -0.640311 9.543966 0.809583 -0.048058 -0.741334 572.001770 -225.518569 -123.769637
3.986263 -0.705159 9.081815 3.986263 -0.705159 9.081815 1.131100 -0.160466 -0.790955 499.721003 -149.177089 -41.631046
4.749065 -0.822615 8.606448 4.749065 -0.822615 8.606448 1.401892 -0.221595 -0.782436 402.919693 -54.585767 70.028038
5.654697 -0.958673 8.156246 5.654697 -0.958673 8.156246 1.603502 -0.220724 -0.707150 269.111080 57.491040 180.923112
6.656387 -1.075337 7.772564 6.656387 -1.075337 7.772564 1.720713 -0.159120 -0.558386 121.593846 147.856386 314.955999
7.703873 -1.139859 7.500461 7.703873 -1.139859 7.500461 1.759527 -0.048724 -0.338227 7.787363 220.127141 418.909413
8.755231 -1.127369 7.376018 8.755231 -1.127369 7.376018 1.735399 0.093860 -0.071434 -88.215177 255.154850 470.400123
9.776943 -1.025480 7.419429 9.776943 -1.025480 7.419429 1.664228 0.245178 0.218803 -149.022207 249.238114 497.055007
10.748527 -0.836810 7.637851 10.748527 -0.836810 7.637851 1.574169 0.378223 0.505386 -151.172304 194.244401 458.223717
11.667247 -0.581606 8.016496 11.667247 -0.581606 8.016496 1.490613 0.461298 0.744990 -127.347941 82.673010 340.454332
12.540857 -0.297194 8.514390 12.540857 -0.297194 8.514390 1.425029 0.474663 0.897353 -91.266039 -38.122364 167.425295
13.383292 -0.024641 9.073806 13.383292 -0.024641 9.073806 1.389496 0.424874 0.952144 -27.177027 -127.842993 15.211015
14.212098 0.207271 9.647830 14.212098 0.207271 9.647830 1.373190 0.348168 0.961271 -27.177027 -127.842993 15.211015
