12.020854 -3.718467 -5.921243 12.020854 -3.718467 -5.921243 1.919360 -0.347007 0.099623 -746.821993 151.102360 -272.447027
13.038042 -3.899473 -5.910510 13.038042 -3.899473 -5.910510 1.471266 -0.256346 -0.063846 -746.821993 151.102360 -272.447027
13.784694 -4.022053 -6.000744 13.784694 -4.022053 -6.000744 1.014772 -0.145539 -0.241741 -774.825807 218.252118 -320.538924
14.257318 -4.066048 -6.203570 14.257318 -4.066048 -6.203570 0.566025 0.005624 -0.434486 -720.997259 285.625721 -321.941288
14.472340 -4.009414 -6.520997 14.472340 -4.009414 -6.520997 0.159359 0.186237 -0.621586 -634.557615 316.417463 -301.726858
14.463610 -3.844306 -6.943150 14.463610 -3.844306 -6.943150 -0.172002 0.358141 -0.777074 -469.978958 256.595091 -216.566322
14.288485 -3.587210 -7.439724 14.288485 -3.587210 -7.439724 -0.390627 0.492217 -0.863752 -258.770917 190.325912 -72.361305
14.019129 -3.265326 -7.960663 14.019129 -3.265326 -7.960663 -0.487890 0.567890 -0.855484 -65.438724 61.916468 99.923024
13.726116 -2.921830 -8.445591 13.726116 -2.921830 -8.445591 -0.469656 0.563122 -0.743647 126.219032 -77.810053 272.865475
13.477875 -2.605671 -8.832710 13.477875 -2.605671 -8.832710 -0.339760 0.477895 -0.530162 306.767311 -206.278872 438.750596
13.334528 -2.363229 -9.061516 13.334528 -2.363229 -9.061516 -0.129245 0.318305 -0.215327 394.949932 -325.689383 610.700873
13.330636 -2.236475 -9.076835 13.330636 -2.236475 -9.076835 0.120548 0.094868 0.170848 437.692007 -419.099783 676.547548
13.481201 -2.255701 -8.850569 13.481201 -2.255701 -8.850569 0.380419 -0.160138 0.586671 428.544661 -430.919111 709.529382
13.786590 -2.429350 -8.370851 13.786590 -2.429350 -8.370851 0.637545 -0.418689 1.012388 428.544661 -430.919111 709.529382
