0.888911 4.463112 8.255761 0.888911 4.463112 8.255761 0.110062 0.896804 -0.127676 50.377500 67.769265 -280.667039
0.964016 5.013393 8.128635 0.964016 5.013393 8.128635 0.140288 0.937465 -0.296076 50.377500 67.769265 -280.667039
1.057461 5.580765 7.908244 1.057461 5.580765 7.908244 0.171535 0.941602 -0.425602 53.778783 -53.978507 -151.086399
1.167140 6.126197 7.636640 1.167140 6.126197 7.636640 0.189194 0.860147 -0.461490 5.083955 -217.539319 31.460359
1.277510 6.595129 7.377828 1.277510 6.595129 7.377828 0.171934 0.689627 -0.380519 -62.617827 -350.860456 238.444454
1.364118 6.939667 7.202836 1.364118 6.939667 7.202836 0.107959 0.448692 -0.185454 -150.631884 -452.257315 411.772958
1.396711 7.123888 7.174829 1.396711 7.123888 7.174829 -0.007762 0.159399 0.107339 -235.104860 -512.053862 564.203006
1.346129 7.127323 7.345022 1.346129 7.127323 7.345022 -0.166852 -0.148005 0.467026 -295.193643 -512.625865 634.752003
1.190838 6.950213 7.740740 1.190838 6.950213 7.740740 -0.354196 -0.435749 0.854112 -329.287512 -446.518943 655.535373
0.919516 6.616617 8.368419 0.919516 6.616617 8.368419 -0.549427 -0.662527 1.233514 -321.481807 -309.407356 609.137676
0.535729 6.172765 9.209786 0.535729 6.172765 9.209786 -0.723637 -0.801385 1.557065 -259.217175 -153.453798 469.366406
0.061610 5.674716 10.217311 0.061610 5.674716 10.217311 -0.845558 -0.841439 1.782687 -147.186520 19.940365 282.708172
-0.463330 5.185136 11.324427 -0.463330 5.185136 11.324427 -0.889429 -0.771005 1.885391 0.950113 214.841231 59.636281
-0.985769 4.770968 12.452574 -0.985769 4.770968 12.452574 -0.833624 -0.593285 1.852065 185.067160 377.558583 -170.722805
-1.442705 4.490191 13.519439 -1.442705 4.490191 13.519439 -0.672953 -0.330582 1.681408 350.502878 498.115351 -398.131964
-1.774167 4.384007 14.445229 -1.774167 4.384007 14.445229 -0.416556 -0.019187 1.385575 504.152962 539.869086 -587.979044
-1.925217 4.469260 15.162857 -1.925217 4.469260 15.162857 -0.073385 0.302678 0.993386 639.750609 533.014523 -719.318731
-1.851240 4.742816 15.626362 -1.851240 4.742816 15.626362 0.324730 0.602519 0.546548 687.297192 466.456793 -770.140585
-1.533148 5.180528 15.817079 -1.533148 5.180528 15.817079 0.734814 0.843583 0.091528 679.652077 337.087751 -746.591016
-0.974794 5.736465 15.743028 -0.974794 5.736465 15.743028 1.118243 0.991397 -0.329334 598.444607 155.626852 -656.282865
-0.204815 6.348432 15.436047 -0.204815 6.348432 15.436047 1.433874 1.030353 -0.679350 453.658048 -25.774559 -510.438673
0.725388 6.951025 14.948252 0.725388 6.951025 14.948252 1.647169 0.959989 -0.927145 257.325411 -208.769906 -315.545347
1.746636 7.480175 14.347918 1.746636 7.480175 14.347918 1.734705 0.788400 -1.052714 34.459522 -363.193137 -103.015624
2.779530 7.881463 13.709657 2.779530 7.881463 13.709657 1.684727 0.538600 -1.054973 -201.053423 -469.475715 95.484438
3.741328 8.116642 13.103685 3.741328 8.116642 13.103685 1.499851 0.239537 -0.948558 -415.197334 -527.401446 259.231100
4.556731 8.166140 12.588583 4.556731 8.166140 12.588583 1.201869 -0.073365 -0.756163 -578.076706 -515.604165 382.087336
5.168382 8.034356 12.208473 5.168382 8.034356 12.208473 0.827943 -0.357507 -0.502850 -668.342361 -431.535684 462.290460
5.542959 7.748369 11.989844 5.542959 7.748369 11.989844 0.417501 -0.585460 -0.226135 -699.797205 -328.307433 460.089918
5.669740 7.346771 11.932976 5.669740 7.346771 11.932976 0.008839 -0.738577 0.029903 -662.412297 -182.084488 393.372784
5.564295 6.880886 12.016598 5.564295 6.880886 12.016598 -0.346179 -0.797647 0.240294 -520.980496 -14.815218 307.929267
5.273735 6.407948 12.210237 5.273735 6.407948 12.210237 -0.604147 -0.764948 0.395227 -338.912842 123.813917 208.515421
4.861695 5.977343 12.476522 4.861695 5.977343 12.476522 -0.750232 -0.660275 0.478413 -148.034903 225.095954 68.768579
4.398428 5.626329 12.769529 4.398428 5.626329 12.769529 -0.771461 -0.502048 0.487582 77.269363 302.328365 -38.202689
3.963053 5.380589 13.050711 3.963053 5.380589 13.050711 -0.657135 -0.315306 0.442203 303.818749 320.143286 -113.063097
3.632682 5.246738 13.292682 3.632682 5.246738 13.292682 -0.428730 -0.134685 0.359371 457.530846 281.926133 -163.043735
3.463640 5.212179 13.477816 3.463640 5.212179 13.477816 -0.125010 0.011997 0.255843 554.869648 207.014648 -182.048208
3.492713 5.251167 13.600244 3.492713 5.251167 13.600244 0.228923 0.108842 0.155069 624.905348 115.802821 -153.864257
3.741247 5.329672 13.669090 3.741247 5.329672 13.669090 0.597356 0.140098 0.080249 603.206740 -11.615958 -95.535689
4.203404 5.405689 13.703536 4.203404 5.405689 13.703536 0.935110 0.103376 0.040389 522.638595 -110.790228 -37.330694
4.851920 5.443444 13.724342 4.851920 5.443444 13.724342 1.215567 0.015255 0.034454 412.216520 -182.947224 17.544548
5.647345 5.416985 13.750840 5.647345 5.416985 13.750840 1.422329 -0.107921 0.058318 276.991212 -227.641181 62.003743
6.541383 5.311535 13.798239 6.541383 5.311535 13.798239 1.542431 -0.243111 0.101760 123.349078 -222.992646 82.802081
7.481631 5.128420 13.872158 7.481631 5.128420 13.872158 1.579378 -0.362455 0.141232 -0.192787 -174.819223 48.770897
8.422959 4.884659 13.961674 8.422959 4.884659 13.961674 1.547940 -0.441451 0.150487 -104.601172 -88.502406 -17.921039
9.329495 4.610114 14.043935 9.329495 4.610114 14.043935 1.468183 -0.463271 0.115711 -161.255341 15.772041 -97.996658
10.180233 4.341073 14.089788 10.180233 4.341073 14.089788 1.365699 -0.423396 0.027238 -180.358028 117.143020 -196.913723
10.969762 4.114499 14.063654 10.969762 4.114499 14.063654 1.270358 -0.321220 -0.126071 -137.444851 223.443591 -314.116146
11.709137 3.966675 13.927264 11.709137 3.966675 13.927264 1.197393 -0.163712 -0.335573 -105.770305 301.584198 -384.225449
12.408535 3.922733 13.656760 12.408535 3.922733 13.656760 1.133931 0.017239 -0.566109 -105.770305 301.584198 -384.225449
