-5.750513 4.292757 3.954964 -5.750513 4.292757 3.954964 1.356238 -0.664595 1.162401 -680.324035 292.739432 -38.083590
-5.059229 3.946694 4.645549 -5.059229 3.946694 4.645549 0.948044 -0.488951 1.139551 -680.324035 292.739432 -38.083590
-4.610552 3.711452 5.320151 -4.610552 3.711452 5.320151 0.551394 -0.286126 1.105330 -641.839848 383.346305 -75.986943
-4.390176 3.612546 5.968074 -4.390176 3.612546 5.968074 0.191644 -0.037286 1.051754 -557.328578 446.119514 -102.598822
-4.365820 3.669718 6.581103 -4.365820 3.669718 6.581103 -0.094313 0.226598 0.992416 -395.860126 433.493035 -95.194791
-4.481345 3.880427 7.162804 -4.481345 3.880427 7.162804 -0.270242 0.470300 0.952233 -190.570801 378.848745 -38.748729
-4.663158 4.224557 7.730538 -4.663158 4.224557 7.730538 -0.311409 0.666395 0.945830 53.348424 274.801001 17.407171
-4.826493 4.665282 8.304213 -4.826493 4.665282 8.304213 -0.209862 0.788393 0.971489 285.139065 131.857375 68.122414
-4.889067 5.153710 8.903044 -4.889067 5.153710 8.903044 0.021313 0.825797 1.030740 485.446438 -7.177982 129.379240
-4.779889 5.639577 9.545676 -4.779889 5.639577 9.545676 0.357632 0.779896 1.112870 635.616974 -145.825340 144.387901
-4.445424 6.074662 10.238109 -4.445424 6.074662 10.238109 0.766371 0.659383 1.193108 726.846553 -255.882483 123.074155
-3.853986 6.421343 10.972993 -3.853986 6.421343 10.972993 1.206394 0.491401 1.251279 739.897154 -304.059862 70.827262
-3.000693 6.660918 11.731090 -3.000693 6.660918 11.731090 1.631706 0.306292 1.266681 677.808998 -312.968521 -19.487332
-1.907130 6.790090 12.479857 -1.907130 6.790090 12.479857 2.001064 0.127171 1.216316 553.381993 -284.102434 -148.396416
-0.617611 6.819376 13.174820 -0.617611 6.819376 13.174820 2.279454 -0.022683 1.086706 374.584954 -215.409408 -283.636560
0.806235 6.773545 13.768512 0.806235 6.773545 13.768512 2.447944 -0.119169 0.880137 187.047958 -106.211517 -404.925911
2.296004 6.689511 14.217808 2.296004 6.689511 14.217808 2.496845 -0.149968 0.607683 -24.042508 3.548330 -503.253503
3.779690 6.605597 14.487849 3.779690 6.605597 14.487849 2.431954 -0.120695 0.285817 -192.262028 94.026650 -569.635284
5.196021 6.554614 14.556851 5.196021 6.554614 14.556851 2.275423 -0.041736 -0.055734 -329.506720 169.172728 -568.866537
6.496972 6.562409 14.424484 6.496972 6.562409 14.424484 2.052764 0.071694 -0.379706 -412.690795 208.927327 -511.041077
7.652600 6.641696 14.112114 7.652600 6.641696 14.112114 1.796416 0.190370 -0.649126 -441.800831 186.658479 -387.024808
8.652533 6.786041 13.663257 8.652533 6.786041 13.663257 1.539371 0.284989 -0.829927 -415.015921 128.738444 -215.646816
9.505187 6.974889 13.138827 9.505187 6.974889 13.138827 1.309033 0.335636 -0.897602 -352.778222 40.085468 -9.933719
10.234149 7.177146 12.611240 10.234149 7.177146 12.611240 1.132579 0.327989 -0.839751 -235.402182 -65.575639 202.769326
10.877890 7.355034 12.155677 10.877890 7.355034 12.155677 1.024168 0.253134 -0.659143 -125.968650 -183.942437 399.257405
11.474642 7.467618 11.841665 11.474642 7.467618 11.841665 0.973211 0.111833 -0.371552 -43.888226 -287.060582 559.379681
12.056281 7.479104 11.726074 12.056281 7.479104 11.726074 0.974941 -0.080115 -0.002667 49.655914 -352.764987 670.235701
12.653441 7.366099 11.846771 12.653441 7.366099 11.846771 1.021022 -0.298969 0.407750 103.948117 -376.747941 697.820631
13.285168 7.120865 12.213655 13.285168 7.120865 12.213655 1.085405 -0.515205 0.809575 110.661997 -344.038881 641.597528
13.953898 6.754664 12.808022 13.953898 6.754664 12.808022 1.139641 -0.697384 1.160206 70.124262 -263.226799 527.171340
14.648286 6.296431 13.588703 14.648286 6.296431 13.588703 1.171619 -0.817428 1.424838 36.469910 -136.917432 354.935788
15.354251 5.789996 14.494083 15.354251 5.789996 14.494083 1.175646 -0.856247 1.570745 -23.047907 7.518295 131.422067
16.051837 5.287830 15.445718 16.051837 5.287830 15.445718 1.143552 -0.800593 1.577260 -83.933691 177.997705 -109.707806
16.719670 4.848497 16.359091 16.719670 4.848497 16.359091 1.077243 -0.648877 1.445258 -137.093855 327.720156 -330.298850
17.340529 4.524269 17.155234 17.340529 4.524269 17.155234 0.990936 -0.421703 1.189286 -150.596923 429.527921 -522.940362
17.910014 4.352671 17.766748 17.910014 4.352671 17.766748 0.910731 -0.143442 0.835882 -116.754502 498.006440 -655.073445
18.439231 4.356657 18.146826 18.439231 4.356657 18.146826 0.859651 0.157415 0.425150 -53.509332 504.852680 -714.031813
18.950237 4.538422 18.273864 18.950237 4.538422 18.273864 0.851779 0.442539 -0.000901 27.267280 445.561069 -706.138204
19.473594 4.877005 18.150575 19.473594 4.877005 18.150575 0.905051 0.674167 -0.402805 150.305255 326.531575 -633.541158
20.050429 5.328864 17.803888 20.050429 5.328864 17.803888 1.028979 0.812999 -0.737761 262.790519 136.242477 -482.980040
20.721258 5.832105 17.283339 20.721258 5.832105 17.283339 1.217349 0.849335 -0.982332 365.109423 -15.122662 -332.256527
21.517387 6.338984 16.634133 21.517387 6.338984 16.634133 1.436415 0.840262 -1.181686 365.109423 -15.122662 -332.256527
