11.905334 -0.039032 3.107798 11.905334 -0.039032 3.107798 0.123989 -0.291924 -1.255698 -123.886557 -248.040381 -167.044374
11.957427 -0.258834 2.324311 11.957427 -0.258834 2.324311 0.049657 -0.440748 -1.355924 -123.886557 -248.040381 -167.044374
11.971288 -0.561743 1.490560 11.971288 -0.561743 1.490560 0.007158 -0.558638 -1.406793 -17.774990 -144.926770 -2.517181
11.980063 -0.914434 0.657725 11.980063 -0.914434 0.657725 0.034891 -0.602698 -1.349833 110.218260 -1.938817 192.382247
12.025287 -1.268973 -0.109538 12.025287 -1.268973 -0.109538 0.123270 -0.566718 -1.194362 184.377968 121.872792 325.855048
12.133710 -1.582126 -0.762413 12.133710 -1.582126 -0.762413 0.240264 -0.468893 -0.973410 205.601461 204.210994 410.653851
12.313801 -1.824868 -1.270772 12.313801 -1.824868 -1.270772 0.358246 -0.337188 -0.718171 187.673047 234.806003 440.140269
12.559419 -1.984618 -1.623783 12.559419 -1.984618 -1.623783 0.455296 -0.194816 -0.460754 135.825567 239.765305 417.917120
12.852682 -2.059906 -1.829046 12.852682 -2.059906 -1.829046 0.514976 -0.058736 -0.230180 63.108197 213.833672 350.663182
13.169477 -2.061810 -1.909954 13.169477 -2.061810 -1.909954 0.535088 0.043801 -0.049383 3.932854 127.959425 251.994875
13.487482 -2.018595 -1.900357 13.487482 -2.018595 -1.900357 0.518669 0.090086 0.071152 -58.664034 26.322142 149.786002
13.785656 -1.966068 -1.836532 13.785656 -1.966068 -1.836532 0.471133 0.074562 0.131889 -99.790066 -78.068167 52.672255
14.050928 -1.940890 -1.752279 14.050928 -1.940890 -1.752279 0.414031 0.000190 0.141682 -90.548558 -169.838941 -20.028831
14.285120 -1.974848 -1.674096 14.285120 -1.974848 -1.674096 0.370062 -0.119219 0.113560 -56.015193 -228.191245 -73.712646
14.500654 -2.088908 -1.619372 14.500654 -2.088908 -1.619372 0.354353 -0.263406 0.068613 3.652823 -252.433496 -76.108120
14.719086 -2.290348 -1.589794 14.719086 -2.290348 -1.589794 0.382357 -0.404654 0.033497 89.693036 -218.391660 -40.948087
14.969220 -2.567780 -1.574080 14.969220 -2.567780 -1.574080 0.459050 -0.512334 0.023862 165.951990 -140.542232 8.833072
15.278616 -2.894042 -1.555015 15.278616 -2.894042 -1.555015 0.579089 -0.564483 0.044948 234.177332 -33.288850 61.454238
15.670880 -3.231169 -1.513466 15.670880 -3.231169 -1.513466 0.732890 -0.546679 0.099414 278.493239 92.636304 120.099608
16.159949 -3.534627 -1.429174 16.159949 -3.534627 -1.429174 0.896017 -0.451724 0.186599 265.262298 223.880232 170.517010
16.742708 -3.757754 -1.286250 16.742708 -3.757754 -1.286250 1.042183 -0.279348 0.290265 221.957806 350.705913 175.035302
17.402309 -3.856958 -1.082661 17.402309 -3.856958 -1.082661 1.147051 -0.042533 0.384904 127.602514 438.679069 140.427324
18.105047 -3.802678 -0.829917 18.105047 -3.802678 -0.829917 1.181306 0.224859 0.451788 -13.421431 452.629105 82.521140
18.801057 -3.587657 -0.549582 18.801057 -3.587657 -0.549582 1.121468 0.489599 0.473339 -186.038376 429.834782 -10.685179
19.430468 -3.220763 -0.274824 19.430468 -3.220763 -0.274824 0.959930 0.726321 0.430319 -352.421355 359.240764 -132.714687
19.934557 -2.728954 -0.048286 19.934557 -2.728954 -0.048286 0.706311 0.898630 0.311866 -492.972812 215.120163 -262.130307
20.262863 -2.160565 0.085375 20.262863 -2.160565 0.085375 0.376801 0.980149 0.123213 -605.394688 56.609847 -366.714047
20.376261 -1.572597 0.089262 20.376261 -1.572597 0.089262 -0.004997 0.962562 -0.116977 -667.264454 -115.230231 -433.919126
20.254238 -1.026636 -0.060510 20.254238 -1.026636 -0.060510 -0.399941 0.839250 -0.384728 -649.216831 -295.810127 -458.581718
19.901561 -0.584383 -0.371856 19.901561 -0.584383 -0.371856 -0.768740 0.621508 -0.649705 -580.112780 -429.999080 -424.675282
19.344212 -0.293644 -0.832897 19.344212 -0.293644 -0.832897 -1.075232 0.339677 -0.878392 -441.528672 -509.436808 -337.616694
18.632254 -0.183603 -1.411809 18.632254 -0.183603 -1.411809 -1.276863 0.023683 -1.036486 -230.572653 -543.875291 -189.363601
17.838302 -0.264327 -2.056172 17.838302 -0.264327 -2.056172 -1.346867 -0.287825 -1.092035 -2.775547 -494.486175 4.200300
17.043025 -0.519743 -2.698172 17.043025 -0.519743 -2.698172 -1.281818 -0.553085 -1.027187 219.606358 -389.713119 211.960070
16.326086 -0.913028 -3.264065 16.326086 -0.913028 -3.264065 -1.086938 -0.743337 -0.838678 429.992109 -244.461769 416.404237
15.762131 -1.391969 -3.682313 15.762131 -1.391969 -3.682313 -0.774898 -0.834694 -0.538806 610.142644 -60.060605 583.169710
15.412934 -1.892033 -3.893200 15.412934 -1.892033 -3.893200 -0.379229 -0.812913 -0.151777 708.753434 132.664946 706.927470
15.314492 -2.344658 -3.852973 15.314492 -2.344658 -3.852973 0.053622 -0.677100 0.292610 734.082598 320.044798 774.361181
15.476455 -2.684947 -3.539251 15.476455 -2.684947 -3.539251 0.482345 -0.443259 0.751085 694.995996 459.423826 753.888081
15.883867 -2.863784 -2.958651 15.883867 -2.863784 -2.958651 0.863873 -0.145492 1.174663 576.763543 533.134911 658.040719
16.494629 -2.852773 -2.144538 16.494629 -2.852773 -2.144538 1.153034 0.186099 1.523825 387.104430 572.168820 505.832346
17.243842 -2.639953 -1.151804 17.243842 -2.639953 -1.151804 1.323865 0.520250 1.764270 182.334204 541.667683 295.649280
18.057884 -2.237185 -0.054772 18.057884 -2.237185 -0.054772 1.367780 0.810838 1.867926 -35.949882 426.957473 49.871607
18.858460 -1.684120 1.059967 18.858460 -1.684120 1.059967 1.278103 1.015561 1.822882 -262.973810 255.452564 -200.017621
19.569148 -1.036095 2.108269 19.569148 -1.036095 2.108269 1.076123 1.132371 1.655751 -410.292517 133.915784 -357.086843
20.140969 -0.332567 3.037444 20.140969 -0.332567 3.037444 0.829948 1.212721 1.441499 -410.292517 133.915784 -357.086843
