-4.648543 3.092463 6.331687 -4.648543 3.092463 6.331687 -0.130576 -0.098739 -1.373928 583.645163 -76.002854 -24.461923
-4.621833 3.019539 5.502927 -4.621833 3.019539 5.502927 0.219611 -0.144341 -1.388606 583.645163 -76.002854 -24.461923
-4.384942 2.926020 4.674734 -4.384942 2.926020 4.674734 0.570137 -0.156113 -1.356414 584.774788 36.763304 131.767257
-3.940898 2.848042 3.894896 -3.940898 2.848042 3.894896 0.904511 -0.088692 -1.225894 529.804000 187.974565 303.301029
-3.310035 2.836421 3.221130 -3.310035 2.836421 3.221130 1.186354 0.062887 -1.008035 409.673350 317.287617 422.893088
-2.535246 2.935431 2.695141 -2.535246 2.935431 2.695141 1.378333 0.274089 -0.740741 230.258118 386.720121 468.087405
-1.679552 3.172931 2.333005 -1.679552 3.172931 2.333005 1.452727 0.523306 -0.469625 17.720742 444.002638 435.633533
-0.818224 3.565936 2.126694 -0.818224 3.565936 2.126694 1.395868 0.785209 -0.222993 -207.250728 429.006436 386.472892
-0.029810 4.108383 2.057154 -0.029810 4.108383 2.057154 1.212509 1.013116 -0.017655 -403.944831 330.682291 297.985929
0.615108 4.768725 2.092874 0.615108 4.768725 2.092874 0.920756 1.176277 0.124514 -568.567108 213.187628 175.911305
1.057870 5.503041 2.192211 1.057870 5.503041 2.192211 0.542870 1.255069 0.194881 -691.052866 49.455484 58.644422
1.257410 6.253703 2.314144 1.257410 6.253703 2.314144 0.119275 1.228333 0.202312 -720.931353 -138.576822 -33.872788
1.201820 6.955194 2.425744 1.201820 6.955194 2.425744 -0.300222 1.092362 0.163536 -677.391675 -314.660535 -95.381902
0.907315 7.546110 2.504771 0.907315 7.546110 2.504771 -0.668859 0.864253 0.096681 -551.398711 -445.701582 -127.468408
0.418875 7.977473 2.540914 0.418875 7.977473 2.540914 -0.939066 0.562021 0.025596 -349.290787 -561.738955 -109.480347
-0.196689 8.212110 2.538311 -0.196689 8.212110 2.538311 -1.094896 0.217663 -0.031364 -170.140830 -586.122135 -80.385459
-0.884251 8.237205 2.505024 -0.884251 8.237205 2.505024 -1.196980 -0.134011 -0.079595 -170.140830 -586.122135 -80.385459
