-0.812846 2.860375 -8.618177 -0.812846 2.860375 -8.618177 0.020624 -0.549491 1.700697 460.428583 105.425300 -259.936412
-0.717594 2.549657 -7.644548 -0.717594 2.549657 -7.644548 0.296881 -0.486236 1.544735 460.428583 105.425300 -259.936412
-0.450383 2.280447 -6.769768 -0.450383 2.280447 -6.769768 0.604163 -0.405207 1.362409 563.845377 164.671758 -347.818172
0.018395 2.070529 -6.019410 0.018395 2.070529 -6.019410 0.966412 -0.288581 1.131320 643.649272 224.080790 -422.478363
0.713541 1.936802 -5.416202 0.713541 1.936802 -5.416202 1.349809 -0.158694 0.880142 634.340114 208.874916 -414.780310
1.632973 1.876261 -4.959010 1.632973 1.876261 -4.959010 1.707244 -0.047980 0.650112 557.112493 160.173962 -351.985314
2.749770 1.871802 -4.627398 2.749770 1.871802 -4.627398 2.002362 0.025609 0.463427 426.613273 85.121499 -270.299128
4.017784 1.895685 -4.391460 4.017784 1.895685 -4.391460 2.207361 0.042661 0.333927 256.715203 -28.282815 -161.366803
5.377815 1.909700 -4.212719 5.377815 1.909700 -4.212719 2.308418 -0.006759 0.274260 80.142058 -136.450457 -37.522372
6.768120 1.876346 -4.049315 6.768120 1.876346 -4.049315 2.310649 -0.112315 0.279756 -72.706597 -215.402523 55.839802
8.133043 1.766640 -3.868033 8.133043 1.766640 -3.868033 2.225125 -0.259279 0.330147 -212.370239 -274.477191 112.130531
9.424329 1.560457 -3.648048 9.424329 1.560457 -3.648048 2.069893 -0.430016 0.405995 -305.072801 -294.646175 140.697069
10.608682 1.252110 -3.378646 10.608682 1.252110 -3.378646 1.873499 -0.593310 0.492807 -349.571810 -249.668343 148.674606
11.669446 0.856153 -3.058491 11.669446 0.856153 -3.058491 1.661696 -0.718259 0.570560 -356.438292 -166.827547 110.501828
12.605457 0.401939 -2.700630 12.605457 0.401939 -2.700630 1.463595 -0.784504 0.615038 -303.898021 -53.987832 37.758505
13.433006 -0.070474 -2.328366 13.433006 -0.070474 -2.328366 1.301724 -0.776863 0.619915 -235.671446 79.456447 -21.501046
14.176373 -0.512691 -1.962956 14.176373 -0.512691 -1.962956 1.184085 -0.681193 0.593670 -156.460068 239.444352 -65.980592
14.864073 -0.871599 -1.620366 14.864073 -0.871599 -1.620366 1.117271 -0.503991 0.545406 -66.253997 351.227351 -94.899611
15.526136 -1.106143 -1.309903 15.526136 -1.106143 -1.309903 1.095645 -0.270102 0.489973 -5.831038 428.405289 -89.879806
16.183270 -1.188262 -1.030071 16.183270 -1.188262 -1.030071 1.096130 0.001087 0.446176 7.447658 475.558371 -56.108049
16.842214 -1.103161 -0.767260 16.842214 -1.103161 -0.767260 1.100226 0.280661 0.438536 6.203897 456.353129 30.640819
17.502254 -0.858038 -0.492023 17.502254 -0.858038 -0.492023 1.097889 0.527386 0.489919 -13.992447 366.062600 140.636734
18.154470 -0.484092 -0.166135 18.154470 -0.484092 -0.166135 1.069497 0.705144 0.607411 -80.646775 226.466561 251.002762
18.776618 -0.029600 0.249540 18.776618 -0.029600 0.249540 0.995939 0.794228 0.788255 -164.547615 70.479165 351.810898
19.340937 0.448167 0.790958 19.340937 0.448167 0.790958 0.879081 0.779236 1.025035 -224.980118 -120.451076 437.455042
19.825614 0.883903 1.487769 19.825614 0.883903 1.487769 0.732718 0.656342 1.302746 -262.895759 -289.196586 488.249319
20.216971 1.216687 2.355747 20.216971 1.216687 2.355747 0.570217 0.437997 1.587923 -278.772801 -438.621981 462.339964
20.510486 1.395503 3.387082 20.510486 1.395503 3.387082 0.410772 0.149670 1.842127 -252.710554 -522.465158 385.007797
20.716073 1.389739 4.555195 20.716073 1.389739 4.555195 0.282206 -0.171420 2.040807 -175.842972 -547.835526 277.256115
20.860586 1.189734 5.819546 20.860586 1.189734 5.819546 0.210901 -0.492837 2.156967 -61.841647 -523.556249 109.946101
20.984423 0.805674 7.120706 20.984423 0.805674 7.120706 0.215936 -0.777559 2.158882 78.624198 -425.516930 -103.565200
21.137221 0.271960 8.384978 21.137221 0.271960 8.384978 0.308533 -0.985792 2.034666 230.032455 -268.592116 -310.485248
21.371322 -0.357134 9.539551 21.371322 -0.357134 9.539551 0.484433 -1.093312 1.796681 356.300866 -89.806590 -482.799608
21.732537 -1.017344 10.522245 21.732537 -1.017344 10.522245 0.730316 -1.087485 1.464945 463.308884 109.227885 -622.986292
22.258192 -1.639513 11.283653 22.258192 -1.639513 11.283653 1.028653 -0.968641 1.064048 531.149990 286.919706 -713.336815
22.970716 -2.160910 11.793174 22.970716 -2.160910 11.793174 1.345967 -0.755778 0.633506 526.562186 422.623380 -721.802914
23.869041 -2.532530 12.047706 23.869041 -2.532530 12.047706 1.641725 -0.473331 0.222189 459.299497 518.865807 -649.256148
24.928890 -2.721297 12.071732 24.928890 -2.721297 12.071732 1.878000 -0.152835 -0.129468 328.282390 549.453356 -522.931042
26.103828 -2.716049 11.911461 26.103828 -2.716049 11.911461 2.020207 0.167074 -0.385543 145.740032 516.910907 -330.654875
27.329334 -2.528595 11.634788 27.329334 -2.528595 11.634788 2.043396 0.448049 -0.513082 -68.442863 419.673747 -94.475273
28.529398 -2.191679 11.323771 28.529398 -2.191679 11.323771 1.934059 0.662583 -0.500577 -296.015073 295.438993 136.159932
29.624093 -1.750713 11.060915 29.624093 -1.750713 11.060915 1.694165 0.791031 -0.353971 -503.629957 132.720745 352.525737
30.540695 -1.261432 10.922904 30.540695 -1.261432 10.922904 1.345770 0.824525 -0.087872 -657.687829 -21.073589 534.470802
31.223293 -0.779942 10.973242 31.223293 -0.779942 10.973242 0.918755 0.764723 0.267095 -765.693578 -178.265364 648.754211
31.634806 -0.358988 11.253352 31.634806 -0.358988 11.253352 0.449765 0.628802 0.671734 -797.608225 -274.806487 700.040914
31.765409 -0.034220 11.779246 31.765409 -0.034220 11.779246 -0.007233 0.448680 1.075987 -725.716211 -325.598420 647.470089
31.635893 0.175816 12.535973 31.635893 0.175816 12.535973 -0.415400 0.250496 1.437422 -634.841055 -335.015532 557.312766
31.272382 0.265811 13.498742 31.272382 0.265811 13.498742 -0.796304 0.049487 1.771810 -634.841055 -335.015532 557.312766
