6.629596 3.420178 7.558866 6.629596 3.420178 7.558866 1.435841 -0.215679 0.961675 -582.891992 -520.137902 230.739424
7.386180 3.197146 8.177404 7.386180 3.197146 8.177404 1.086106 -0.527761 1.100119 -582.891992 -520.137902 230.739424
7.933523 2.790691 8.876016 7.933523 2.790691 8.876016 0.739373 -0.820715 1.223600 -572.886509 -456.374760 180.864443
8.277736 2.224233 9.639418 8.277736 2.224233 9.639418 0.414185 -1.053945 1.315551 -511.073167 -321.058304 125.638683
8.441872 1.544392 10.444765 8.441872 1.544392 10.444765 0.145633 -1.194997 1.357939 -384.100337 -149.115686 15.653653
8.471591 0.811664 11.252457 8.471591 0.811664 11.252457 -0.027441 -1.228909 1.317888 -192.811404 36.076241 -149.155372
8.432696 0.092017 12.007646 8.432696 0.092017 12.007646 -0.081749 -1.151240 1.184912 11.783549 222.822196 -294.099979
8.398697 -0.548057 12.656947 8.398697 -0.548057 12.656947 -0.010031 -0.964738 0.964910 227.277246 398.851023 -439.237859
8.446420 -1.048812 13.148782 8.446420 -1.048812 13.148782 0.190496 -0.693955 0.661127 441.144812 503.757662 -573.372591
8.648824 -1.370294 13.438472 8.648824 -1.370294 13.438472 0.498684 -0.370631 0.298206 586.148449 573.989464 -636.365460
9.059684 -1.490213 13.502916 9.059684 -1.490213 13.502916 0.881089 -0.030530 -0.083281 688.535336 559.681387 -635.258048
9.713719 -1.412317 13.341944 9.713719 -1.412317 13.341944 1.301436 0.282634 -0.447721 712.621432 484.197107 -579.543121
10.619499 -1.163320 12.975233 10.619499 -1.163320 12.975233 1.712245 0.534462 -0.764249 656.743246 355.230664 -475.548421
11.756748 -0.788468 12.441751 11.756748 -0.788468 12.441751 2.064729 0.698766 -0.996245 518.204368 192.448240 -297.770855
13.078048 -0.344951 11.804196 13.078048 -0.344951 11.804196 2.321582 0.762318 -1.105955 337.970354 19.392952 -67.930724
14.518714 0.105077 11.141867 14.518714 0.105077 11.141867 2.458776 0.719685 -1.079357 119.342549 -161.503095 156.589968
16.000860 0.499478 10.534879 16.000860 0.499478 10.534879 2.457374 0.581086 -0.923201 -124.014188 -300.492894 363.931934
17.440044 0.787702 10.057601 17.440044 0.787702 10.057601 2.318378 0.369093 -0.649168 -339.307995 -406.152503 549.512262
18.759361 0.933075 9.773270 18.759361 0.933075 9.773270 2.061620 0.110526 -0.288175 -516.549164 -455.736677 653.795077
19.895313 0.919001 9.721641 19.895313 0.919001 9.721641 1.711484 -0.154702 0.122068 -650.570893 -428.355450 713.684219
20.801791 0.752962 9.921709 20.801791 0.752962 9.921709 1.304595 -0.392288 0.542098 -705.728471 -363.599475 686.414860
21.458528 0.459100 10.363033 21.458528 0.459100 10.363033 0.886215 -0.575652 0.916502 -688.868419 -247.615317 561.598478
21.871200 0.077496 11.004594 21.871200 0.077496 11.004594 0.497587 -0.682432 1.206321 -606.561467 -108.316850 404.463006
22.068921 -0.343537 11.789212 22.068921 -0.343537 11.789212 0.175404 -0.707803 1.389107 -467.381451 23.746087 204.826417
22.099344 -0.756158 12.645179 22.099344 -0.756158 12.645179 -0.058482 -0.654625 1.440174 -312.237470 153.513590 -34.604914
22.018102 -1.116047 13.489123 22.018102 -1.116047 13.489123 -0.195573 -0.536247 1.349753 -144.731277 241.082317 -266.796292
21.886067 -1.390775 14.240183 21.886067 -1.390775 14.240183 -0.225612 -0.373468 1.135833 44.601433 301.512238 -446.270280
21.765843 -1.560539 14.833273 21.765843 -1.560539 14.833273 -0.163275 -0.192339 0.827663 163.187331 302.252095 -580.963690
21.702323 -1.625131 15.221138 21.702323 -1.625131 15.221138 -0.040007 -0.028960 0.458287 247.707507 242.344238 -650.290309
21.726512 -1.602712 15.378883 21.726512 -1.602712 15.378883 0.126645 0.097314 0.067240 307.797230 178.568380 -653.200839
21.856709 -1.518830 15.304932 21.856709 -1.518830 15.304932 0.305356 0.171211 -0.308277 287.906157 67.755569 -598.523266
22.088916 -1.410790 15.019477 22.088916 -1.410790 15.019477 0.463950 0.177451 -0.631164 240.740013 -46.955477 -477.763839
22.406321 -1.317802 14.563762 22.406321 -1.317802 14.563762 0.586908 0.124126 -0.872916 169.119488 -130.794871 -328.075951
22.783898 -1.269857 13.991342 22.783898 -1.269857 13.991342 0.663333 0.030714 -1.017847 85.633396 -180.577659 -155.028618
23.191938 -1.285600 13.361918 23.191938 -1.285600 13.361918 0.687841 -0.085970 -1.064919 -3.942596 -208.368778 -1.878232
23.599477 -1.373250 12.731453 23.599477 -1.373250 12.731453 0.663198 -0.203802 -1.021922 -78.200228 -184.404731 145.203004
23.982535 -1.524423 12.149242 23.982535 -1.524423 12.149242 0.612356 -0.292938 -0.910773 -91.272672 -112.716308 225.290738
24.333328 -1.714965 11.646189 24.333328 -1.714965 11.646189 0.556633 -0.333019 -0.761306 -94.470239 -20.885858 272.934036
24.652219 -1.910793 11.239317 24.652219 -1.910793 11.239317 0.509531 -0.306836 -0.593626 -62.538326 108.162550 285.999468
24.950085 -2.068098 10.932474 24.950085 -2.068098 10.932474 0.489029 -0.205300 -0.432765 -5.799755 230.288833 250.204353
25.246887 -2.144791 10.713012 25.246887 -2.144791 10.713012 0.507692 -0.041954 -0.306843 68.008324 314.198171 169.534136
25.567018 -2.109280 10.554091 25.567018 -2.109280 10.554091 0.564869 0.167209 -0.231776 122.583566 383.011627 80.690374
25.930981 -1.939454 10.426760 25.930981 -1.939454 10.426760 0.653300 0.399808 -0.197311 172.185387 392.318768 34.191126
26.353954 -1.628952 10.314528 26.353954 -1.628952 10.314528 0.756611 0.635199 -0.176797 172.185387 392.318768 34.191126
