-6.794185 -2.662164 6.737685 -6.794185 -2.662164 6.737685 -0.193427 0.083098 -0.812244 -468.892320 -310.132697 357.949889
-6.994642 -2.668129 6.314770 -6.994642 -2.668129 6.314770 -0.474763 -0.102981 -0.597474 -468.892320 -310.132697 357.949889
-7.354878 -2.781256 6.018802 -7.354878 -2.781256 6.018802 -0.710990 -0.266632 -0.392278 -318.531178 -235.369569 326.036255
-7.825904 -2.974977 5.840089 -7.825904 -2.974977 5.840089 -0.837588 -0.364735 -0.206820 -103.463550 -91.639080 292.155522
-8.332952 -3.201791 5.763632 -8.332952 -3.201791 5.763632 -0.829028 -0.377108 -0.056289 131.996160 50.395462 209.614958
-8.793150 -3.407791 5.762316 -8.793150 -3.407791 5.762316 -0.682532 -0.290905 0.043114 356.323120 236.945191 121.728199
-9.126374 -3.530952 5.805377 -9.126374 -3.530952 5.805377 -0.407952 -0.105073 0.092557 558.944220 382.494589 43.082361
-9.261856 -3.519439 5.862968 -9.261856 -3.519439 5.862968 -0.029187 0.152963 0.089919 703.605263 477.627312 -51.875670
-9.147512 -3.338202 5.906341 -9.147512 -3.338202 5.906341 0.419013 0.456970 0.052591 790.395427 535.728134 -72.549522
-8.754308 -2.967809 5.923920 -8.754308 -2.967809 5.923920 0.890877 0.777305 0.004474 782.484677 532.054844 -87.843479
-8.083238 -2.409683 5.912288 -8.083238 -2.409683 5.912288 1.338853 1.076406 -0.040754 710.769059 464.951345 -62.915539
-7.151987 -1.680148 5.876510 -7.151987 -1.680148 5.876510 1.765314 1.355377 -0.078504 710.769059 464.951345 -62.915539
