8.496314 0.781935 11.070354 8.496314 0.781935 11.070354 1.774888 0.387207 -0.047041 -101.830607 -141.133711 -653.216316
9.542917 0.988855 10.924550 9.542917 0.988855 10.924550 1.713789 0.302527 -0.438971 -101.830607 -141.133711 -653.216316
10.546422 1.149681 10.551462 10.546422 1.149681 10.551462 1.620496 0.241416 -0.791531 -209.148021 -62.571049 -521.984395
11.473449 1.290473 9.994023 11.473449 1.290473 9.994023 1.456889 0.239899 -1.047536 -336.209317 57.514812 -331.363207
12.280332 1.449576 9.317537 12.280332 1.449576 9.317537 1.221501 0.298461 -1.187953 -448.414855 137.690529 -136.693934
12.927666 1.657756 8.592215 12.927666 1.657756 8.592215 0.928188 0.402672 -1.209695 -529.297293 209.679891 64.221122
13.388044 1.937504 7.887548 13.388044 1.937504 7.887548 0.604306 0.530494 -1.123212 -550.307953 216.395233 224.054183
13.653810 2.293109 7.261963 13.653810 2.293109 7.261963 0.285311 0.652116 -0.948716 -513.010362 189.011030 357.600375
13.738647 2.714013 6.760187 13.738647 2.714013 6.760187 0.007466 0.743585 -0.718732 -413.136495 115.883792 409.010853
13.677398 3.174313 6.404287 13.677398 3.174313 6.404287 -0.197237 0.779566 -0.464740 -269.208769 4.056172 437.630316
13.521541 3.636815 6.201606 13.521541 3.636815 6.201606 -0.304047 0.752163 -0.215211 -86.823026 -95.401984 394.131249
13.336506 4.063969 6.137476 13.336506 4.063969 6.137476 -0.291034 0.660063 -0.008469 130.199519 -211.595872 295.010386
13.197505 4.416908 6.179557 13.197505 4.416908 6.179557 -0.152000 0.508048 0.138844 333.244685 -295.122671 196.031687
13.176020 4.665387 6.291928 13.176020 4.665387 6.291928 0.096602 0.314836 0.225357 495.429137 -348.915171 92.345691
13.330792 4.791950 6.437698 13.330792 4.791950 6.437698 0.432030 0.107818 0.250431 622.666191 -341.147457 -8.766485
13.705765 4.798553 6.581420 13.705765 4.798553 6.581420 0.824002 -0.080280 0.220381 683.904910 -285.845118 -91.397848
14.322414 4.703893 6.694452 14.322414 4.703893 6.694452 1.230073 -0.226983 0.151816 669.665605 -203.164467 -137.152395
15.174690 4.539596 6.761329 15.174690 4.539596 6.761329 1.600332 -0.306574 0.071900 564.530811 -62.138217 -129.236381
16.225330 4.354968 6.784103 16.225330 4.354968 6.784103 1.883179 -0.291347 0.008843 378.294675 112.893534 -80.953149
17.413156 4.207446 6.776717 17.413156 4.207446 6.776717 2.059285 -0.188786 -0.030333 208.723237 228.978661 -49.631153
18.686297 4.135391 6.749584 18.686297 4.135391 6.749584 2.184519 -0.051398 -0.060111 208.723237 228.978661 -49.631153
