-6.750183 0.067119 7.785736 -6.750183 0.067119 7.785736 0.282474 0.412361 0.618186 -565.116123 -125.713780 -352.320300
-6.682419 0.291907 8.093230 -6.682419 0.291907 8.093230 -0.056596 0.336933 0.406794 -565.116123 -125.713780 -352.320300
-6.810040 0.475451 8.267442 -6.810040 0.475451 8.267442 -0.355376 0.281564 0.163170 -430.818181 -58.849270 -459.760922
-7.087563 0.641333 8.276098 -7.087563 0.641333 8.276098 -0.547617 0.283939 -0.145131 -209.984354 66.765457 -567.908313
-7.439708 0.829726 8.084655 -7.439708 0.829726 8.084655 -0.602499 0.354057 -0.496581 27.042710 166.959568 -603.592124
-7.783249 1.075815 7.679930 -7.783249 1.075815 7.679930 -0.520820 0.472245 -0.849383 245.222132 227.001115 -572.414489
-8.038768 1.402910 7.071999 -8.038768 1.402910 7.071999 -0.309520 0.622885 -1.169166 459.110399 275.134730 -493.526629
-8.132265 1.825927 6.291094 -8.132265 1.825927 6.291094 0.013821 0.786776 -1.418134 618.693860 271.166290 -336.368412
-8.006704 2.342313 5.391629 -8.006704 2.342313 5.391629 0.414553 0.927028 -1.560147 717.078972 196.341634 -137.008642
-7.627203 2.928122 4.444539 -7.627203 2.928122 4.444539 0.853279 1.016083 -1.574055 745.339401 100.506757 90.650420
-6.985118 3.548175 3.529064 -6.985118 3.548175 3.529064 1.280265 1.037949 -1.456460 677.947593 -27.618986 301.330354
-6.101371 4.157306 2.721208 -6.101371 4.157306 2.721208 1.654823 0.978043 -1.216756 570.578361 -172.068199 497.683038
-5.015287 4.705556 2.089837 -5.015287 4.705556 2.089837 1.949601 0.836785 -0.872649 412.014942 -298.791847 649.341675
-3.782928 5.147842 1.687833 -3.782928 5.147842 1.687833 2.138989 0.627497 -0.459524 219.281382 -398.834403 727.740146
-2.470775 5.448780 1.543877 -2.470775 5.448780 1.543877 2.217002 0.369349 -0.019052 40.759350 -461.658651 740.502050
-1.144109 5.587599 1.660934 -1.144109 5.587599 1.660934 2.187095 0.093890 0.401239 -140.446725 -456.537174 660.466260
0.134541 5.564900 2.011707 0.134541 5.564900 2.011707 2.061197 -0.164310 0.753248 -279.214525 -404.131785 512.898859
1.316879 5.399859 2.545163 1.316879 5.399859 2.545163 1.873058 -0.375344 1.006913 -347.915820 -299.315200 332.650962
2.376496 5.130064 3.195180 2.376496 5.130064 3.195180 1.656345 -0.508495 1.136464 -374.460121 -144.519641 99.185449
3.303815 4.810355 3.881439 3.303815 4.810355 3.881439 1.436244 -0.538197 1.128613 -359.209534 45.511650 -125.356602
4.105404 4.505827 4.523631 4.105404 4.505827 4.523631 1.243219 -0.459900 0.991338 -284.207187 215.479774 -332.225411
4.804896 4.277580 5.048049 4.804896 4.277580 5.048049 1.096283 -0.286079 0.739082 -205.580652 363.921712 -508.628221
5.431769 4.178315 5.393966 5.431769 4.178315 5.393966 1.003472 -0.033342 0.404009 -103.787625 478.534955 -608.281756
6.021144 4.249194 5.524814 6.021144 4.249194 5.524814 0.971068 0.277520 0.028705 -4.225905 557.673394 -642.731847
6.607348 4.515185 5.428713 6.607348 4.515185 5.428713 0.990150 0.607614 -0.345092 67.831018 542.640307 -603.258236
7.214993 4.971886 5.118392 7.214993 4.971886 5.118392 1.037573 0.905482 -0.680447 90.247466 450.251806 -514.590334
7.854142 5.589411 4.626242 7.854142 5.589411 4.626242 1.093527 1.141587 -0.945478 96.263996 336.765251 -368.846299
8.526551 6.324435 4.002966 8.526551 6.324435 4.002966 1.146109 1.290917 -1.114771 79.009337 161.001975 -195.463764
9.225061 7.116808 3.309745 9.225061 7.116808 3.309745 1.176630 1.331729 -1.177925 22.728165 -24.963663 -15.050895
9.930075 7.899273 2.608759 9.930075 7.899273 2.608759 1.164994 1.256360 -1.144564 -61.516681 -226.265231 126.252797
10.615070 8.602580 1.952250 10.615070 8.602580 1.952250 1.113443 1.071693 -1.031290 -110.318567 -389.289739 251.328032
11.261661 9.169569 1.384298 11.261661 9.169569 1.384298 1.039165 0.808345 -0.852582 -137.275371 -488.539431 344.366259
11.859341 9.562702 0.935494 11.859341 9.562702 0.935494 0.951251 0.495535 -0.642166 -155.769043 -554.157908 357.020075
12.403350 9.760621 0.613495 12.403350 9.760621 0.613495 0.864276 0.164776 -0.432767 -134.149915 -548.374890 340.977542
12.903252 9.764840 0.412606 12.903252 9.764840 0.412606 0.811199 -0.143946 -0.241203 -42.774144 -480.695705 297.569138
13.388595 9.599551 0.315968 13.388595 9.599551 0.315968 0.817154 -0.394346 -0.090058 62.624124 -353.971306 206.247281
13.896462 9.308322 0.293967 13.896462 9.308322 0.293967 0.886238 -0.561263 0.008239 167.656909 -202.419288 121.409009
14.465841 8.944136 0.316614 14.465841 8.944136 0.316614 1.024124 -0.637676 0.060330 291.964201 -52.292899 52.228878
15.140608 8.562134 0.359133 15.140608 8.562134 0.359133 1.237996 -0.618971 0.076267 420.943371 114.644945 0.893563
15.963261 8.219889 0.404144 15.963261 8.219889 0.404144 1.510991 -0.507678 0.072250 489.039766 256.330638 -14.282665
16.958923 7.964965 0.445655 16.958923 7.964965 0.445655 1.809615 -0.336160 0.067343 506.372844 315.397017 -2.074240
18.135840 7.820041 0.485688 18.135840 7.820041 0.485688 2.113439 -0.146922 0.066099 506.372844 315.397017 -2.074240
