-2.290096 1.903504 9.267944 -2.290096 1.903504 9.267944 2.596717 0.131975 0.891964 -188.008745 58.265492 103.940724
-0.765907 1.993176 9.821832 -0.765907 1.993176 9.821832 2.483912 0.166934 0.954328 -188.008745 58.265492 103.940724
0.683905 2.107973 10.408508 0.683905 2.107973 10.408508 2.337639 0.222636 0.993544 -299.568815 127.406841 26.780696
2.025844 2.269101 11.002993 2.025844 2.269101 11.002993 2.124285 0.322147 0.977301 -411.610480 204.299354 -80.925746
3.224349 2.500146 11.566899 3.224349 2.500146 11.566899 1.867436 0.449641 0.889205 -444.551873 220.678074 -212.727366
4.265890 2.807407 12.053599 4.265890 2.807407 12.053599 1.606197 0.570818 0.718909 -426.246331 183.247390 -354.926035
5.156190 3.178719 12.414951 5.156190 3.178719 12.414951 1.366984 0.659949 0.475422 -371.131672 113.855842 -456.695379
5.915540 3.589015 12.612284 5.915540 3.589015 12.612284 1.174119 0.697422 0.172829 -271.751810 11.053944 -551.950430
6.578229 4.003108 12.614251 6.578229 4.003108 12.614251 1.046736 0.672308 -0.170239 -152.857778 -94.768438 -591.607861
7.184498 4.383485 12.407690 7.184498 4.383485 12.407690 0.983730 0.585697 -0.514843 -57.159885 -193.935875 -557.073867
7.769193 4.694716 12.004244 7.769193 4.694716 12.004244 0.973161 0.442947 -0.820425 21.929331 -281.897484 -461.531672
8.360306 4.907943 11.437823 8.360306 4.907943 11.437823 1.002667 0.264808 -1.052795 76.423535 -311.898855 -313.035557
8.976434 5.011116 10.760438 8.976434 5.011116 10.760438 1.052375 0.079820 -1.187422 89.268632 -304.727451 -135.719963
9.622743 5.007066 10.036848 9.622743 5.007066 10.036848 1.100016 -0.088472 -1.202391 69.536540 -256.246780 85.822520
10.292795 4.914193 9.344078 10.292795 4.914193 9.344078 1.129367 -0.210542 -1.084816 28.300030 -150.652252 306.095033
10.971940 4.768418 8.758843 10.971940 4.768418 8.758843 1.128499 -0.262599 -0.848372 -31.193848 -22.870179 482.049772
11.639405 4.615951 8.345697 11.639405 4.615951 8.345697 1.089688 -0.230275 -0.513598 -98.177132 130.616253 633.864395
12.272661 4.509193 8.155137 12.272661 4.509193 8.155137 1.016356 -0.112426 -0.115767 -146.262961 262.213995 692.238130
12.855136 4.495618 8.209996 12.855136 4.495618 8.209996 0.923544 0.078315 0.298160 -163.108303 373.587753 687.519647
13.381065 4.614389 8.508908 13.381065 4.614389 8.508908 0.831488 0.325150 0.691984 -143.746128 449.198610 625.225719
13.858028 4.890950 9.027073 13.858028 4.890950 9.027073 0.764962 0.597743 1.019289 -78.006421 459.443498 465.791183
14.308206 5.328494 9.710695 14.308206 5.328494 9.710695 0.744367 0.854402 1.239798 9.355579 396.086064 269.239719
14.763134 5.906454 10.489278 14.763134 5.906454 10.489278 0.783096 1.062172 1.332546 119.739403 296.480517 39.918730
15.261806 6.588576 11.281638 15.261806 6.588576 11.281638 0.891250 1.197319 1.284732 240.776320 154.008314 -199.296419
15.845959 7.323655 12.004269 15.845959 7.323655 12.004269 1.066032 1.234559 1.103479 341.828753 -29.874061 -404.882279
16.551605 8.047302 12.583658 16.551605 8.047302 12.583658 1.293617 1.158078 0.811457 416.787339 -225.063456 -568.522719
17.404534 8.692124 12.962060 17.404534 8.692124 12.962060 1.552377 0.975473 0.439648 445.747149 -383.618942 -670.841987
18.414621 9.200771 13.103391 18.414621 9.200771 13.103391 1.811954 0.707377 0.028617 419.508136 -510.034206 -699.260883
19.572104 9.528599 12.997132 19.572104 9.528599 12.997132 2.037656 0.377397 -0.378753 332.832258 -589.898129 -658.637257
20.846264 9.648592 12.657018 20.846264 9.648592 12.657018 2.195640 0.022141 -0.745475 193.781477 -594.290847 -563.770232
22.187509 9.558849 12.117862 22.187509 9.558849 12.117862 2.256810 -0.314709 -1.035697 10.119013 -528.540703 -403.637083
23.530767 9.281840 11.435374 23.530767 9.281840 11.435374 2.199636 -0.597066 -1.219958 -200.697412 -412.648919 -210.565562
24.802600 8.858405 10.675733 24.802600 8.858405 10.675733 2.020102 -0.799250 -1.295119 -397.751715 -261.298542 -39.972071
25.932918 8.343604 9.901595 25.932918 8.343604 9.901595 1.730709 -0.897114 -1.268461 -566.889326 -64.914012 128.832921
26.861341 7.805293 9.171676 26.861341 7.805293 9.171676 1.350763 -0.877856 -1.151322 -699.597542 129.108044 261.629088
27.541584 7.311237 8.533405 27.541584 7.311237 8.533405 0.909570 -0.753301 -0.967197 -771.048444 286.075664 352.122467
27.949171 6.918506 8.017932 27.949171 6.918506 8.017932 0.450108 -0.542874 -0.748611 -760.489068 415.345169 376.497679
28.087945 6.671679 7.635502 28.087945 6.671679 7.635502 0.021803 -0.272989 -0.527875 -667.194476 484.272963 359.289279
27.989947 6.595419 7.380102 27.989947 6.595419 7.380102 -0.333440 0.019395 -0.329040 -516.948676 490.339765 303.492212
27.709351 6.692289 7.232369 27.709351 6.692289 7.232369 -0.581013 0.298455 -0.171630 -308.294915 439.860124 221.207722
27.320373 6.942706 7.163217 27.320373 6.942706 7.163217 -0.690380 0.523220 -0.068861 -56.261001 309.355033 121.354713
26.907358 7.304924 7.138464 26.907358 7.304924 7.138464 -0.667438 0.671841 -0.022450 132.733429 186.051305 33.350166
26.530787 7.741518 7.130997 26.530787 7.741518 7.130997 -0.587798 0.783472 -0.002440 132.733429 186.051305 33.350166
