-10.536772 -4.779161 -7.625649 -10.536772 -4.779161 -7.625649 0.725609 0.141008 1.195874 55.757733 528.973543 -31.105784
-10.091370 -4.599341 -6.913724 -10.091370 -4.599341 -6.913724 0.759064 0.458392 1.177210 55.757733 528.973543 -31.105784
-9.629126 -4.231293 -6.222610 -9.629126 -4.231293 -6.222610 0.776366 0.764762 1.110485 1.918226 492.261882 -191.312283
-9.163367 -3.691585 -5.602141 -9.163367 -3.691585 -5.602141 0.775487 1.021340 0.938767 -4.849095 362.996550 -381.081860
-8.696503 -3.021995 -5.116566 -8.696503 -3.021995 -5.116566 0.784801 1.196371 0.664669 35.896459 220.440004 -532.578074
-8.215640 -2.274740 -4.818759 -8.215640 -2.274740 -4.818759 0.823940 1.277401 0.319467 94.567243 49.661577 -618.092810
-7.700140 -1.509242 -4.739602 -7.700140 -1.509242 -4.739602 0.901250 1.257787 -0.057720 163.131718 -115.041662 -639.199490
-7.125833 -0.783265 -4.886704 -7.125833 -0.783265 -4.886704 1.020095 1.148822 -0.428309 233.016750 -248.174866 -596.096530
-6.467171 -0.143750 -5.244017 -6.467171 -0.143750 -5.244017 1.183215 0.974382 -0.751118 310.716739 -333.294077 -479.932288
-5.699789 0.378050 -5.769662 -5.699789 0.378050 -5.769662 1.377269 0.760227 -0.982011 336.132424 -380.556214 -289.710193
-4.812226 0.767275 -6.397611 -4.812226 0.767275 -6.397611 1.582433 0.539836 -1.088809 347.747299 -354.080280 -66.284171
-3.803776 1.030637 -7.049210 -3.803776 1.030637 -7.049210 1.773063 0.343364 -1.060495 287.685042 -300.823881 160.665417
-2.694452 1.188605 -7.642876 -2.694452 1.188605 -7.642876 1.914188 0.193361 -0.895540 182.732938 -199.188065 389.183781
-1.520147 1.276600 -8.099057 -1.520147 1.276600 -8.099057 1.988325 0.113007 -0.606579 64.387948 -68.657571 574.019242
-0.325448 1.338286 -8.351026 -0.325448 1.338286 -8.351026 1.977530 0.103014 -0.218893 -100.368776 35.346570 718.266078
0.831969 1.412761 -8.349116 0.831969 1.412761 -8.349116 1.862136 0.155743 0.231858 -284.278518 140.418057 784.239214
1.889844 1.536167 -8.070265 1.889844 1.536167 -8.070265 1.650383 0.263420 0.695263 -421.566136 218.503065 760.443730
2.798276 1.734572 -7.521364 2.798276 1.734572 -7.521364 1.367865 0.399631 1.125846 -520.161348 235.533399 674.832193
3.520868 2.014896 -6.733459 3.520868 2.014896 -6.733459 1.033280 0.531702 1.485386 -595.120527 204.705819 523.633139
4.033940 2.367840 -5.759574 4.033940 2.367840 -5.759574 0.677338 0.639901 1.741563 -591.353474 155.956105 330.291706
4.339421 2.774322 -4.667770 4.339421 2.774322 -4.667770 0.350133 0.705825 1.876805 -499.329129 63.790124 120.516222
4.467478 3.202004 -3.532365 4.467478 3.202004 -3.532365 0.089820 0.707624 1.887259 -368.382363 -57.792760 -85.672162
4.466809 3.610012 -2.426635 4.466809 3.610012 -2.426635 -0.072469 0.642128 1.779832 -172.580783 -160.526716 -272.415482
4.405141 3.962870 -1.415507 4.405141 3.962870 -1.415507 -0.111626 0.528193 1.577704 42.057311 -219.257202 -401.344970
4.359532 4.237153 -0.545984 4.359532 4.237153 -0.545984 -0.017412 0.380803 1.312610 271.989833 -272.041122 -482.300873
4.410675 4.415709 0.153598 4.410675 4.415709 0.153598 0.208945 0.212785 1.017376 482.533450 -288.019560 -501.813535
4.632666 4.494872 0.676853 4.632666 4.494872 0.676853 0.547302 0.056650 0.732068 645.325580 -232.430790 -449.212808
5.082468 4.494208 1.042359 5.082468 4.494208 1.042359 0.960808 -0.046888 0.498158 733.026402 -112.696397 -330.488700
5.793429 4.451898 1.286845 5.793429 4.451898 1.286845 1.413281 -0.083969 0.325259 775.217174 -10.905493 -245.840402
6.780937 4.399553 1.437749 6.780937 4.399553 1.437749 1.878411 -0.090512 0.177755 775.217174 -10.905493 -245.840402
