-0.205224 -0.772091 7.698686 -0.205224 -0.772091 7.698686 1.170572 0.743868 -0.096451 -496.196841 392.880621 -436.905531
0.407804 -0.255051 7.562173 0.407804 -0.255051 7.562173 0.872854 0.979597 -0.358594 -496.196841 392.880621 -436.905531
0.846050 0.395129 7.278529 0.846050 0.395129 7.278529 0.594382 1.173845 -0.569962 -432.041990 254.614650 -267.654601
1.130875 1.135557 6.903144 1.130875 1.135557 6.903144 0.364974 1.278067 -0.656701 -332.650792 92.792067 -21.476410
1.299325 1.909159 6.520073 1.299325 1.909159 6.520073 0.212098 1.284036 -0.595511 -176.937579 -72.894891 225.443339
1.406316 2.657348 6.215310 1.406316 2.657348 6.215310 0.163839 1.194742 -0.400428 16.075111 -224.753543 424.835163
1.519577 3.327384 6.060388 1.519577 3.327384 6.060388 0.233810 1.028123 -0.101201 217.160577 -330.642897 572.586916
1.710747 3.881468 6.108590 1.710747 3.881468 6.108590 0.423080 0.813364 0.271634 413.740083 -385.220505 670.195953
2.048873 4.300435 6.393073 2.048873 4.300435 6.393073 0.720348 0.583674 0.678089 577.154819 -380.411455 684.655019
2.590646 4.584375 6.918895 2.590646 4.584375 6.918895 1.095025 0.366478 1.067535 671.767094 -343.575325 613.498103
3.372148 4.747214 7.662313 3.372148 4.747214 7.662313 1.515931 0.184312 1.397970 731.252502 -263.646261 487.953252
4.410513 4.818620 8.579230 4.410513 4.818620 8.579230 1.940588 0.067501 1.642257 684.270711 -125.723686 326.334261
5.691058 4.843512 9.611275 5.691058 4.843512 9.611275 2.316268 0.027171 1.777812 567.995866 -8.707093 125.517862
7.172935 4.863607 10.687518 7.172935 4.863607 10.687518 2.606449 0.048748 1.787938 399.274516 80.630026 -91.765472
8.794871 4.913150 11.734157 8.794871 4.913150 11.734157 2.777002 0.126028 1.684848 169.236912 176.969177 -251.868710
10.477915 5.023072 12.691087 10.477915 5.023072 12.691087 2.810447 0.244463 1.490516 -57.754661 217.815037 -395.904406
12.139926 5.208064 13.507972 12.139926 5.208064 13.507972 2.706486 0.370686 1.222162 -288.781929 202.927754 -498.608061
13.698485 5.463852 14.151233 13.698485 5.463852 14.151233 2.466456 0.476690 0.921566 -511.316160 150.416613 -503.377783
15.078216 5.773177 14.614877 15.078216 5.773177 14.614877 2.119138 0.548121 0.626097 -646.411168 87.688766 -481.521410
16.233345 6.117834 14.903861 16.233345 6.117834 14.903861 1.731291 0.600734 0.337184 -646.411168 87.688766 -481.521410
