7.118490 4.819368 11.159415 7.118490 4.819368 11.159415 0.153506 0.224843 0.901278 669.618390 200.852882 -658.940501
7.331125 4.990427 11.581572 7.331125 4.990427 11.581572 0.555277 0.345355 0.505914 669.618390 200.852882 -658.940501
7.786580 5.232629 11.762500 7.786580 5.232629 11.762500 0.965833 0.460041 0.090491 698.900362 181.435470 -725.801946
8.489229 5.537622 11.686374 8.489229 5.537622 11.686374 1.371913 0.550453 -0.343870 654.698929 119.937861 -722.067805
9.423543 5.883051 11.354600 9.423543 5.883051 11.354600 1.731333 0.590255 -0.754513 543.370196 12.733041 -646.743443
10.548263 6.232358 10.793669 10.548263 6.232358 10.793669 1.997923 0.562207 -1.101603 345.262411 -106.224670 -510.222869
11.796767 6.543218 10.053450 11.796767 6.543218 10.053450 2.143095 0.461752 -1.344821 138.642266 -228.626963 -300.504838
13.094448 6.771882 9.205624 13.094448 6.771882 9.205624 2.160622 0.288406 -1.459337 -80.216071 -349.192194 -81.213584
14.362544 6.879162 8.330397 14.362544 6.879162 8.330397 2.043301 0.064343 -1.433100 -310.854901 -397.685817 168.671003
15.522196 6.845613 7.514147 15.522196 6.845613 7.514147 1.804914 -0.177122 -1.265651 -483.769622 -407.197110 389.491367
16.511036 6.667547 6.834403 16.511036 6.667547 6.834403 1.479502 -0.413929 -0.984266 -600.937182 -382.157103 548.458087
17.287144 6.355688 6.349680 17.287144 6.355688 6.349680 1.101818 -0.616790 -0.619618 -658.008015 -294.046774 667.035106
17.829822 5.941814 6.100479 17.829822 5.941814 6.100479 0.707153 -0.747578 -0.206880 -657.544189 -141.914911 708.758794
18.140450 5.476833 6.100930 18.140450 5.476833 6.100930 0.336099 -0.787170 0.203384 -579.300403 9.940815 658.788621
18.245995 5.016538 6.334863 18.245995 5.016538 6.334863 0.029319 -0.730120 0.565260 -443.299513 180.225601 547.465019
18.191969 4.619927 6.763583 18.191969 4.619927 6.763583 -0.195778 -0.576882 0.848838 -307.024473 330.570619 397.793147
18.028918 4.340550 7.331886 18.028918 4.340550 7.331886 -0.331593 -0.342290 1.024502 -145.691121 451.400381 187.753326
17.812870 4.220617 7.967348 17.812870 4.220617 7.967348 -0.373348 -0.050503 1.071981 6.507006 521.223502 -29.489825
17.597706 4.283207 8.594720 17.597706 4.283207 8.594720 -0.331078 0.257590 1.001748 134.393080 505.753121 -204.619190
17.427738 4.525364 9.149503 17.427738 4.525364 9.149503 -0.227999 0.543877 0.831803 209.204696 448.538629 -361.863210
17.329886 4.925880 9.575825 17.329886 4.925880 9.575825 -0.096025 0.780265 0.576562 230.706631 339.420889 -488.940143
17.313545 5.444862 9.830965 17.313545 5.444862 9.830965 0.041131 0.932549 0.269257 226.480575 168.192765 -535.412459
17.376735 6.022811 9.897825 17.376735 6.022811 9.897825 0.165743 0.974189 -0.043589 188.892287 -29.392834 -507.405223
17.504796 6.591013 9.784203 17.504796 6.591013 9.784203 0.252155 0.901453 -0.328710 99.147749 -213.061104 -442.999320
17.670143 7.083708 9.513207 17.670143 7.083708 9.513207 0.292680 0.724485 -0.564665 35.936893 -376.832565 -343.516906
17.848588 7.442684 9.120215 17.848588 7.442684 9.120215 0.296082 0.458958 -0.732573 -24.598139 -508.258881 -216.176169
18.019291 7.622331 8.649570 18.019291 7.622331 8.649570 0.268732 0.132798 -0.823228 -66.567352 -578.940420 -86.008711
18.167251 7.598764 8.146665 18.167251 7.598764 8.146665 0.222306 -0.209749 -0.842264 -88.188398 -562.880950 22.554825
18.286458 7.374716 7.650056 18.286458 7.374716 7.650056 0.177881 -0.531876 -0.805281 -59.892934 -510.875468 100.722470
18.385943 6.970896 7.188488 18.385943 6.970896 7.188488 0.159631 -0.802090 -0.727494 -0.940491 -389.838784 158.566780
18.485461 6.429711 6.780216 18.485461 6.429711 6.780216 0.178606 -0.984792 -0.633942 64.190577 -219.167190 153.275316
18.609114 5.809452 6.425738 18.609114 5.809452 6.425738 0.241799 -1.065962 -0.550490 146.451409 -51.400168 124.898918
18.784329 5.171054 6.114689 18.784329 5.171054 6.114689 0.348543 -1.044644 -0.491736 209.362125 122.460772 70.946906
19.034038 4.575192 5.828830 19.034038 4.575192 5.828830 0.488649 -0.926764 -0.467109 257.658307 270.471445 11.143481
19.373868 4.074502 5.547907 19.373868 4.074502 5.547907 0.644553 -0.731062 -0.473737 262.020458 381.867261 -33.238435
19.807763 3.704601 5.257682 19.807763 3.704601 5.257682 0.801765 -0.501942 -0.493680 262.020458 381.867261 -33.238435
