0.118088 1.815337 9.379796 0.118088 1.815337 9.379796 1.337845 0.306211 0.961597 116.888364 177.533853 -291.934365
0.941835 2.031020 9.904206 0.941835 2.031020 9.904206 1.407978 0.412731 0.786437 116.888364 177.533853 -291.934365
1.797354 2.313272 10.327079 1.797354 2.313272 10.327079 1.426576 0.532539 0.629069 -54.895264 221.825145 -232.624731
2.628480 2.671587 10.668299 2.628480 2.671587 10.668299 1.318945 0.659949 0.517751 -303.874141 202.874271 -138.433758
3.352289 3.099056 10.956739 3.352289 3.099056 10.956739 1.072315 0.756588 0.448226 -518.227349 119.255110 -93.316379
3.894055 3.568651 11.212165 3.894055 3.568651 11.212165 0.719671 0.799020 0.408674 -657.253200 22.187017 -38.525238
4.203593 4.045684 11.452967 4.203593 4.045684 11.452967 0.305524 0.780470 0.398220 -723.235248 -84.021385 3.677594
4.256489 4.490857 11.692978 4.256489 4.490857 11.692978 -0.129601 0.690132 0.402512 -727.181198 -217.105700 10.629659
4.052391 4.860601 11.932648 4.052391 4.860601 11.932648 -0.543133 0.533588 0.390139 -651.260383 -304.705535 -51.870640
3.618621 5.121792 12.154485 3.618621 5.121792 12.154485 -0.887203 0.330189 0.344466 -495.638399 -373.292162 -100.375071
3.009230 5.253161 12.337923 3.009230 5.253161 12.337923 -1.123862 0.108455 0.258370 -293.224633 -365.822561 -186.611090
2.292121 5.255016 12.455839 2.292121 5.255016 12.455839 -1.249849 -0.097886 0.128821 -126.733076 -321.980919 -245.218157
1.519400 5.138328 12.488992 1.519400 5.138328 12.488992 -1.325889 -0.291075 -0.018310 -126.733076 -321.980919 -245.218157
