4.624935 -1.023037 5.451269 4.624935 -1.023037 5.451269 0.508922 -0.474273 1.613156 453.982692 204.558364 -131.184148
5.012005 -1.270780 6.395549 5.012005 -1.270780 6.395549 0.781311 -0.351538 1.534445 453.982692 204.558364 -131.184148
5.556905 -1.443452 7.286932 5.556905 -1.443452 7.286932 1.025685 -0.221651 1.427382 360.597309 228.395292 -225.691967
6.229565 -1.535937 8.099158 6.229565 -1.535937 8.099158 1.203750 -0.087641 1.274070 232.951974 218.305181 -285.350428
6.983661 -1.553750 8.812504 6.983661 -1.553750 8.812504 1.293093 0.020727 1.104195 64.857147 142.923884 -280.899626
7.758975 -1.521756 9.427099 7.758975 -1.521756 9.427099 1.270929 0.075634 0.948856 -138.736799 40.098487 -236.896086
8.484326 -1.474781 9.957055 8.484326 -1.474781 9.957055 1.126520 0.071581 0.823141 -342.624818 -53.610124 -182.154120
9.087305 -1.448082 10.421554 9.087305 -1.448082 10.421554 0.864642 0.006415 0.730857 -530.303756 -163.609920 -125.457724
9.503123 -1.478304 10.842564 9.503123 -1.478304 10.842564 0.508894 -0.114853 0.680975 -655.523413 -240.616960 -40.814860
9.686206 -1.592336 11.246143 9.686206 -1.592336 11.246143 0.094288 -0.268270 0.668187 -726.495791 -270.771218 -1.812836
9.611575 -1.802243 11.646730 9.611575 -1.802243 11.646730 -0.343781 -0.431762 0.667104 -733.734468 -274.202586 -1.797306
9.278405 -2.106776 12.046022 9.278405 -2.106776 12.046022 -0.758171 -0.576882 0.662788 -647.566158 -209.530696 -12.588748
8.715850 -2.484624 12.439006 8.715850 -2.484624 12.439006 -1.102160 -0.672618 0.643123 -499.061830 -109.587888 -52.961771
7.976214 -2.900121 12.810423 7.976214 -2.900121 12.810423 -1.344144 -0.699374 0.586728 -307.552515 20.400010 -135.020587
7.128613 -3.307951 13.133174 7.128613 -3.307951 13.133174 -1.457449 -0.646519 0.480802 -70.128846 155.782631 -218.066002
6.256133 -3.658743 13.377896 6.256133 -3.658743 13.377896 -1.426466 -0.507657 0.327424 173.402267 307.092399 -293.194708
5.444720 -3.902056 13.517394 5.444720 -3.902056 13.517394 -1.256149 -0.293382 0.130600 394.322433 407.156312 -362.885679
4.771864 -4.000570 13.530418 4.771864 -4.000570 13.530418 -0.970279 -0.027949 -0.087214 558.578198 477.620693 -363.160357
4.296932 -3.930416 13.414750 4.296932 -3.930416 13.414750 -0.601680 0.263377 -0.294967 670.083792 493.467394 -329.351027
4.059419 -3.687159 13.182386 4.059419 -3.687159 13.182386 -0.185229 0.541493 -0.473080 718.086782 433.585649 -264.357762
4.075583 -3.290181 12.858315 4.075583 -3.290181 12.858315 0.235856 0.771827 -0.594886 685.530342 334.194551 -141.662708
4.333540 -2.776022 12.485453 4.333540 -2.776022 12.485453 0.612411 0.926879 -0.632040 569.654494 182.642756 17.814352
4.794729 -2.198026 12.119471 4.794729 -2.198026 12.119471 0.910228 0.981432 -0.571174 423.067086 -0.798971 185.074269
5.406233 -1.619913 11.819960 5.406233 -1.619913 11.819960 1.110144 0.927941 -0.410730 243.319201 -177.502417 349.738187
6.103617 -1.104700 11.645105 6.103617 -1.104700 11.645105 1.193633 0.773432 -0.157737 34.976773 -337.528112 493.572667
6.815194 -0.709752 11.643977 6.815194 -0.709752 11.643977 1.160130 0.529136 0.161761 -146.651362 -476.792944 571.419576
7.477336 -0.481534 11.845451 7.477336 -0.481534 11.845451 1.034442 0.225857 0.512425 -272.310721 -534.136325 597.460304
8.043521 -0.442104 12.257845 8.043521 -0.442104 12.257845 0.843735 -0.094326 0.857882 -363.378811 -533.141231 554.062152
8.480587 -0.592209 12.866358 8.480587 -0.592209 12.866358 0.606875 -0.401926 1.160583 -426.155235 -492.192721 454.943942
8.769722 -0.914192 13.634059 8.769722 -0.914192 13.634059 0.359775 -0.658409 1.380851 -397.509739 -362.750468 279.281652
8.917823 -1.364065 14.499295 8.917823 -1.364065 14.499295 0.140208 -0.823719 1.480697 -334.381048 -188.282209 53.537043
8.947038 -1.881239 15.383919 8.947038 -1.881239 15.383919 -0.034026 -0.881947 1.445665 -246.398054 -5.809685 -170.310360
8.889020 -2.400099 16.207894 8.889020 -2.400099 16.207894 -0.148117 -0.828666 1.279636 -133.907049 183.411958 -383.119356
8.782267 -2.854597 16.894708 8.782267 -2.854597 16.894708 -0.197360 -0.670179 0.989736 -30.236141 344.877289 -583.213734
8.664813 -3.186267 17.375763 8.664813 -3.186267 17.375763 -0.183480 -0.421452 0.600770 76.503210 484.212529 -713.338669
8.570319 -3.349503 17.604449 8.570319 -3.349503 17.604449 -0.128459 -0.118542 0.155887 106.900963 525.487046 -769.606624
8.512486 -3.326041 17.559451 8.512486 -3.326041 17.559451 -0.064318 0.196750 -0.305877 106.900963 525.487046 -769.606624
