8.321236 -3.535300 4.155905 8.321236 -3.535300 4.155905 -0.457165 -0.969897 -1.486212 47.888214 -71.272403 231.329440
8.055557 -4.130068 3.305817 8.055557 -4.130068 3.305817 -0.428432 -1.012661 -1.347414 47.888214 -71.272403 231.329440
7.810095 -4.740527 2.546047 7.810095 -4.740527 2.546047 -0.384808 -1.005595 -1.173421 97.525425 94.825381 348.648390
7.599102 -5.314497 1.911666 7.599102 -5.314497 1.911666 -0.314608 -0.887105 -0.929659 136.475810 300.140921 463.892035
7.434958 -5.783391 1.438616 7.434958 -5.783391 1.438616 -0.232447 -0.660305 -0.645096 137.391624 455.859793 484.651296
7.318248 -6.091508 1.135769 7.318248 -6.091508 1.135769 -0.159874 -0.356733 -0.369442 104.519251 556.047352 434.195947
7.237250 -6.203660 0.988508 7.237250 -6.203660 0.988508 -0.116596 -0.014111 -0.127680 39.740062 586.023284 371.676149
7.171500 -6.107740 0.972687 7.171500 -6.107740 0.972687 -0.107483 0.332016 0.064754 -9.363649 567.735542 269.771919
7.101852 -5.811330 1.052054 7.101852 -5.811330 1.052054 -0.130461 0.647699 0.186393 -67.228282 484.539894 135.689991
7.009710 -5.344551 1.181544 7.009710 -5.344551 1.181544 -0.179619 0.893137 0.233958 -96.631732 333.587137 22.860301
6.885416 -4.758912 1.320843 6.885416 -4.758912 1.320843 -0.233247 1.041842 0.221724 -82.128265 162.096678 -63.641689
6.732532 -4.115264 1.439491 6.732532 -4.115264 1.439491 -0.273284 1.085929 0.168884 -51.328367 -15.141486 -112.489245
6.564111 -3.476181 1.519382 6.564111 -3.476181 1.519382 -0.280143 1.028097 0.095435 28.465452 -177.630445 -132.342297
6.406973 -2.899759 1.553919 6.406973 -2.899759 1.553919 -0.233944 0.879205 0.021514 125.530760 -318.677878 -114.061843
6.295110 -2.435414 1.549113 6.295110 -2.435414 1.549113 -0.129084 0.658919 -0.032838 224.001858 -415.607773 -67.108724
6.263123 -2.115805 1.520584 6.263123 -2.115805 1.520584 0.031031 0.404889 -0.056834 309.716274 -431.157944 -12.878346
6.342059 -1.948637 1.488551 6.342059 -1.948637 1.488551 0.239703 0.155411 -0.042636 385.856821 -400.437519 60.203015
6.556447 -1.923173 1.476142 6.556447 -1.923173 1.476142 0.476776 -0.063371 0.005165 404.386618 -328.834441 99.136188
6.913759 -2.012865 1.497861 6.913759 -2.012865 1.497861 0.711692 -0.223068 0.068523 378.665470 -203.488756 112.055505
7.403794 -2.174967 1.559013 7.403794 -2.174967 1.559013 0.913189 -0.303326 0.135100 292.992988 -64.038338 109.867453
7.996096 -2.360647 1.655970 7.996096 -2.360647 1.655970 1.047237 -0.302537 0.181622 153.833219 66.668862 45.208068
8.642783 -2.522716 1.767880 8.642783 -2.522716 1.767880 1.092807 -0.225272 0.182743 -1.933217 190.880869 -41.472454
9.286860 -2.618339 1.864523 9.286860 -2.618339 1.864523 1.035354 -0.084835 0.130174 -189.577493 277.242621 -133.758558
9.862893 -2.617855 1.911917 9.862893 -2.617855 1.911917 0.866330 0.088915 0.016746 -373.837548 301.922622 -244.334911
10.305688 -2.511341 1.871779 10.305688 -2.511341 1.871779 0.593464 0.264166 -0.160878 -535.715763 282.247565 -347.744235
10.559969 -2.305120 1.709708 10.559969 -2.305120 1.709708 0.245197 0.418099 -0.384278 -625.174028 230.863069 -396.923907
10.592438 -2.017518 1.406564 10.592438 -2.017518 1.406564 -0.140497 0.532552 -0.628085 -660.472979 150.648623 -415.764927
10.389792 -1.677294 0.957047 10.389792 -1.677294 0.957047 -0.534096 0.590820 -0.866687 -651.520832 43.577612 -379.574388
9.958619 -1.321928 0.374808 9.958619 -1.321928 0.374808 -0.892216 0.582118 -1.063949 -542.215233 -72.586028 -277.967446
9.336343 -0.990941 -0.305059 9.336343 -0.990941 -0.305059 -1.164283 0.512476 -1.188046 -364.674570 -159.553736 -135.687889
8.584290 -0.714462 -1.031338 8.584290 -0.714462 -1.031338 -1.322295 0.405310 -1.214594 -162.029401 -197.664544 47.193682
7.776733 -0.507455 -1.739919 7.776733 -0.507455 -1.739919 -1.344587 0.283713 -1.127875 87.722059 -207.661096 241.869409
6.999218 -0.372787 -2.361592 6.999218 -0.372787 -2.361592 -1.224718 0.168212 -0.925176 311.841741 -177.341295 433.796483
6.332643 -0.299049 -2.828960 6.332643 -0.299049 -2.828960 -0.976993 0.085472 -0.616628 513.906699 -98.457475 594.693940
5.849014 -0.259150 -3.085193 5.849014 -0.259150 -3.085193 -0.618329 0.058087 -0.226314 681.640266 7.174362 706.354220
5.605320 -0.215601 -3.091146 5.605320 -0.215601 -3.091146 -0.186305 0.099416 0.210955 758.439164 130.587298 751.207750
5.629983 -0.125774 -2.831785 5.629983 -0.125774 -2.831785 0.268395 0.211127 0.649535 757.228294 241.784349 710.725550
5.923665 0.049769 -2.320258 5.923665 0.049769 -2.320258 0.704452 0.382926 1.045350 696.293170 330.879422 608.658414
6.463767 0.341947 -1.593726 6.463767 0.341947 -1.593726 1.082718 0.595772 1.359358 564.595376 378.605947 438.036451
7.204251 0.767138 -0.711628 7.204251 0.767138 -0.711628 1.367605 0.820829 1.560364 385.029300 371.584909 231.984163
8.081518 1.323144 0.251845 8.081518 1.323144 0.251845 1.535613 1.026893 1.627040 174.994708 315.294038 -9.733237
9.022337 1.989865 1.212152 9.022337 1.989865 1.212152 1.580370 1.185233 1.550377 -25.803751 212.504463 -245.809423
9.953948 2.730488 2.086433 9.953948 2.730488 2.086433 1.505059 1.268899 1.344392 -225.233898 66.382672 -440.807732
10.807037 3.493367 2.804576 10.807037 3.493367 2.804576 1.322896 1.256683 1.034175 -381.975347 -107.103027 -593.248095
11.528534 4.220349 3.314472 11.528534 4.220349 3.314472 1.076289 1.153674 0.659106 -440.046940 -236.258405 -656.983007
12.095099 4.870027 3.591679 12.095099 4.870027 3.591679 0.812261 1.011919 0.264916 -440.046940 -236.258405 -656.983007
