-3.746022 3.033123 -8.810759 -3.746022 3.033123 -8.810759 -0.878136 0.661309 0.152280 -28.716663 -87.294336 20.620533
-4.278072 3.414195 -8.715679 -4.278072 3.414195 -8.715679 -0.895366 0.608933 0.164652 -28.716663 -87.294336 20.620533
-4.812294 3.758417 -8.610329 -4.812294 3.758417 -8.610329 -0.871763 0.529429 0.191259 107.392071 -177.718472 68.069973
-5.304244 4.039796 -8.479193 -5.304244 4.039796 -8.479193 -0.748444 0.401355 0.252743 303.671797 -249.192273 136.876300
-5.688971 4.234416 -8.299247 -5.688971 4.234416 -8.299247 -0.517849 0.245148 0.353179 464.978826 -271.498129 197.911064
-5.908348 4.334578 -8.048709 -5.908348 4.334578 -8.048709 -0.200681 0.091959 0.486959 592.247785 -239.133718 248.020567
-5.917030 4.350262 -7.709167 -5.917030 4.350262 -7.709167 0.180278 -0.033753 0.649387 677.613165 -179.907184 293.405120
-5.686245 4.303914 -7.267889 -5.686245 4.303914 -7.267889 0.590089 -0.110261 0.819592 688.423861 -75.119469 273.944660
-5.211974 4.231833 -6.731137 -5.211974 4.231833 -6.731137 0.984651 -0.117348 0.962396 626.782585 51.498654 202.071336
-4.516333 4.178982 -6.122864 -4.516333 4.178982 -6.122864 1.320865 -0.045010 1.055952 493.933556 189.627200 109.781314
-3.645356 4.192627 -5.476815 -3.645356 4.192627 -5.476815 1.564976 0.101359 1.085407 319.766906 298.267948 -11.598375
-2.662014 4.311268 -4.836873 -2.662014 4.311268 -4.836873 1.690828 0.301004 1.032372 99.741274 367.217877 -165.185974
-1.644339 4.559584 -4.256667 -1.644339 4.559584 -4.256667 1.676797 0.529408 0.885846 -146.511427 394.128035 -323.232261
-0.677234 4.946142 -3.790292 -0.677234 4.946142 -3.790292 1.525886 0.755733 0.657153 -356.526380 360.289896 -439.079883
0.163410 5.460048 -3.479227 0.163410 5.460048 -3.479227 1.258405 0.949978 0.372741 -535.077326 287.192344 -508.958076
0.814483 6.073673 -3.349085 0.814483 6.073673 -3.349085 0.899080 1.082010 0.057916 -662.670122 152.913579 -540.457912
1.232330 6.739736 -3.409127 1.232330 6.739736 -3.409127 0.489876 1.120419 -0.253907 -701.345144 -24.882353 -498.954333
1.401664 7.397735 -3.645153 1.401664 7.397735 -3.645153 0.077322 1.056625 -0.522629 -673.833818 -187.767023 -396.783105
1.332785 7.988548 -4.020356 1.332785 7.988548 -4.020356 -0.296890 0.897147 -0.711725 -573.540327 -343.824489 -233.538499
1.061854 8.456757 -4.476917 1.061854 8.456757 -4.476917 -0.588810 0.649896 -0.789290 -399.524202 -480.347052 -25.011645
0.649152 8.755406 -4.941746 0.649152 8.755406 -4.941746 -0.766034 0.337558 -0.738062 -191.222958 -560.777912 195.772008
0.167529 8.855402 -5.336904 0.167529 8.855402 -5.336904 -0.818684 -0.006902 -0.558400 15.723633 -587.422049 403.100686
-0.308050 8.749146 -5.587792 -0.308050 8.749146 -5.587792 -0.745244 -0.341249 -0.258568 229.076075 -527.069067 596.338839
-0.702520 8.456073 -5.628170 -0.702520 8.456073 -5.628170 -0.550585 -0.624747 0.136344 419.786113 -417.922065 720.034112
-0.949885 8.015004 -5.412585 -0.949885 8.015004 -5.412585 -0.261593 -0.830473 0.589229 543.520492 -267.832973 789.584977
-1.005132 7.480494 -4.918186 -1.005132 7.480494 -4.918186 0.083898 -0.931258 1.056660 608.116180 -68.115124 768.517596
-0.844994 6.920386 -4.152044 -0.844994 6.920386 -4.152044 0.450460 -0.917590 1.486835 613.756785 113.672242 665.397478
-0.467642 6.400564 -3.149105 -0.467642 6.400564 -3.149105 0.801713 -0.798029 1.841407 557.087678 284.866148 516.509854
0.107335 5.981976 -1.963067 0.107335 5.981976 -1.963067 1.104330 -0.582343 2.092421 451.634398 434.086043 320.203364
0.843378 5.715596 -0.665168 0.843378 5.715596 -0.665168 1.336065 -0.297439 2.208595 320.814645 515.595108 67.042360
1.693269 5.630889 0.658233 1.693269 5.630889 0.658233 1.481084 0.016666 2.179704 162.583843 531.420841 -163.344284
2.602914 5.733932 1.925519 2.602914 5.733932 1.925519 1.537280 0.322452 2.026024 24.737124 487.867419 -348.922991
3.523879 6.008167 3.068975 3.523879 6.008167 3.068975 1.522844 0.579910 1.769911 -72.858263 370.322941 -504.787092
4.420305 6.414183 4.033680 4.420305 6.414183 4.033680 1.458299 0.759167 1.435141 -142.292506 227.201594 -611.110439
5.267401 6.901304 4.784242 5.267401 6.901304 4.784242 1.361568 0.849108 1.065856 -180.144446 72.601957 -619.841227
6.052962 7.412904 5.315230 6.052962 7.412904 5.315230 1.258712 0.838008 0.709182 -162.706984 -109.600222 -569.071552
6.781251 7.886796 5.643859 6.781251 7.886796 5.643859 1.172833 0.726322 0.395502 -123.557886 -262.688681 -476.527295
7.466274 8.268931 5.804981 7.466274 8.268931 5.804981 1.116515 0.536837 0.157564 -64.168577 -368.928163 -316.599350
8.129011 8.521370 5.852227 8.129011 8.521370 5.852227 1.099908 0.299200 0.016080 8.812109 -423.195779 -155.014629
8.794278 8.624450 5.844226 8.794278 8.624450 5.844226 1.123874 0.043960 -0.025660 71.074992 -427.601665 15.880598
9.482797 8.576513 5.840413 9.482797 8.576513 5.840413 1.173525 -0.199325 0.027489 94.429516 -383.348264 161.284045
10.203523 8.394258 5.892645 10.203523 8.394258 5.892645 1.228250 -0.397620 0.157794 87.984104 -277.636448 273.063174
10.954119 8.112550 6.039938 10.954119 8.112550 6.039938 1.270085 -0.530012 0.338958 51.467217 -163.670580 330.816920
11.722158 7.773287 6.303149 11.722158 7.773287 6.303149 1.284584 -0.587188 0.538896 -3.136103 -26.915307 335.645079
12.486660 7.423595 6.685262 12.486660 7.423595 6.685262 1.254283 -0.566012 0.732078 -97.867415 97.503300 308.295417
13.216259 7.105995 7.175976 13.216259 7.105995 7.175976 1.168791 -0.485224 0.896924 -187.107858 171.787805 241.189884
13.883854 6.845783 7.757544 13.883854 6.845783 7.757544 1.056526 -0.382152 1.041638 -187.107858 171.787805 241.189884
