5.839875 -1.499747 -8.804419 5.839875 -1.499747 -8.804419 0.510312 0.193807 0.575753 -90.175858 -250.520053 590.044159
6.129830 -1.428557 -8.352759 6.129830 -1.428557 -8.352759 0.456206 0.043495 0.929779 -90.175858 -250.520053 590.044159
6.386396 -1.441841 -7.693504 6.386396 -1.441841 -7.693504 0.397470 -0.078254 1.259705 -105.613707 -155.311056 509.707330
6.606330 -1.507779 -6.854736 6.606330 -1.507779 -6.854736 0.336411 -0.126590 1.521520 -97.914970 -5.806744 363.009275
6.793313 -1.576428 -5.887250 6.793313 -1.576428 -5.887250 0.291471 -0.088324 1.685488 -51.884124 133.360104 183.551049
6.962296 -1.599285 -4.852035 6.962296 -1.599285 -4.852035 0.277536 0.022352 1.750033 5.433831 235.559850 31.601332
7.133309 -1.540856 -3.804315 7.133309 -1.540856 -3.804315 0.298365 0.176772 1.729052 63.994843 279.171893 -101.538834
7.327623 -1.384079 -2.791461 7.327623 -1.384079 -2.791461 0.355640 0.346591 1.636629 126.922775 286.891849 -206.537820
7.564774 -1.126853 -1.851045 7.564774 -1.126853 -1.851045 0.436398 0.506880 1.490783 142.271090 247.403012 -279.614894
7.852107 -0.782276 -1.006791 7.852107 -0.782276 -1.006791 0.521190 0.634902 1.323584 140.366631 179.340019 -277.714990
8.186552 -0.375561 -0.260026 8.186552 -0.375561 -0.260026 0.587736 0.709969 1.169971 81.453603 70.883352 -234.329578
8.549030 0.056281 0.402745 8.549030 0.056281 0.402745 0.612481 0.718006 1.044211 1.029629 -44.094129 -184.868993
8.909319 0.473625 1.000010 8.909319 0.473625 1.000010 0.576175 0.663936 0.953362 -122.048085 -136.140466 -117.961664
9.225300 0.843608 1.555757 9.225300 0.843608 1.555757 0.464172 0.562885 0.907401 -251.296014 -200.695966 -35.243241
9.452283 1.143647 2.097767 9.452283 1.143647 2.097767 0.281956 0.434635 0.905822 -356.089348 -226.802569 29.979441
9.551350 1.364703 2.648154 9.551350 1.364703 2.648154 0.038251 0.304047 0.931299 -456.262460 -208.493314 54.944102
9.488581 1.513067 3.216316 9.488581 1.513067 3.216316 -0.253465 0.196279 0.961728 -516.122195 -150.731343 46.486633
9.243614 1.609003 3.799689 9.243614 1.609003 3.799689 -0.563069 0.132339 0.979461 -515.891140 -62.402111 12.623562
8.817561 1.684902 4.385362 8.817561 1.684902 4.385362 -0.849365 0.133538 0.965657 -438.428211 66.397392 -58.635912
8.236294 1.783547 4.950383 8.236294 1.783547 4.950383 -1.076074 0.206229 0.911384 -317.268312 175.905463 -122.274353
7.543050 1.944794 5.470360 7.543050 1.944794 5.470360 -1.218896 0.341007 0.813797 -158.806088 273.354989 -203.015385
6.796114 2.203143 5.918842 6.796114 2.203143 5.918842 -1.249243 0.527727 0.675722 57.647328 349.044775 -257.236098
6.069982 2.583480 6.277044 6.069982 2.583480 6.277044 -1.149469 0.741515 0.516735 274.935486 363.581451 -272.719085
5.440227 3.092029 6.538429 5.440227 3.092029 6.538429 -0.932318 0.950645 0.355269 448.901567 333.518615 -265.501904
4.972696 3.717007 6.707929 4.972696 3.717007 6.707929 -0.607693 1.123545 0.216615 633.180290 242.816668 -196.676499
4.728399 4.427503 6.809317 4.728399 4.427503 6.809317 -0.196050 1.232542 0.132711 738.963946 120.504628 -83.003838
4.743209 5.178052 6.882815 4.743209 5.178052 6.882815 0.244460 1.251511 0.126965 729.400344 -57.272975 63.850576
5.019242 5.910304 6.978615 5.019242 5.910304 6.978615 0.672422 1.175421 0.205914 697.141595 -196.361241 199.309735
5.548180 6.580211 7.138039 5.548180 6.580211 7.138039 1.090707 1.057604 0.325499 697.141595 -196.361241 199.309735
