-9.433993 0.655280 -9.165068 -9.433993 0.655280 -9.165068 0.291954 -0.301709 0.058741 64.743300 244.230850 69.978176
-9.247167 0.518216 -9.117227 -9.247167 0.518216 -9.117227 0.330800 -0.155171 0.100728 64.743300 244.230850 69.978176
-9.040099 0.470825 -9.046239 -9.040099 0.470825 -9.046239 0.354317 0.000113 0.132490 13.647568 273.381944 35.892720
-8.826838 0.519418 -8.963236 -8.826838 0.519418 -8.963236 0.353577 0.160726 0.139268 -16.116824 261.994132 -13.297795
-8.617780 0.657682 -8.881609 -8.617780 0.657682 -8.881609 0.342971 0.291269 0.133591 -19.235683 173.148115 -5.626655
-8.413889 0.857130 -8.799637 -8.413889 0.857130 -8.799637 0.339283 0.362759 0.144369 6.941291 65.151600 41.554226
-8.204936 1.079389 -8.702609 -8.204936 1.079389 -8.702609 0.364117 0.366232 0.183931 75.838894 -53.574723 90.319863
-7.966482 1.280406 -8.570257 -7.966482 1.280406 -8.570257 0.441285 0.288692 0.266803 181.387803 -204.890047 185.918660
-7.663437 1.408967 -8.371213 -7.663437 1.408967 -8.371213 0.578239 0.126887 0.405839 275.127271 -334.459854 277.536816
-7.262189 1.420022 -8.073605 -7.262189 1.420022 -8.073605 0.767227 -0.098162 0.593099 354.830457 -415.704668 346.663346
-6.734257 1.284499 -7.653385 -6.734257 1.284499 -7.653385 0.998755 -0.356575 0.810901 416.930157 -445.670553 379.342794
-6.059071 0.991275 -7.098602 -6.059071 0.991275 -7.098602 1.253341 -0.619273 1.038313 431.692156 -429.991590 378.695151
-5.230172 0.546642 -6.409742 -5.230172 0.546642 -6.409742 1.508309 -0.855619 1.254066 418.198449 -357.826852 340.482747
-4.255536 -0.022701 -5.602893 -4.255536 -0.022701 -5.602893 1.731103 -1.028128 1.423966 324.450415 -217.205020 225.850640
-3.166087 -0.668962 -4.716785 -3.166087 -0.668962 -4.716785 1.887699 -1.109890 1.514854 197.536392 -55.333043 77.108213
-2.007656 -1.334206 -3.803300 -2.007656 -1.334206 -3.803300 1.957497 -1.089838 1.514585 35.122513 122.173255 -78.005300
-0.838530 -1.955489 -2.918822 -0.838530 -1.955489 -2.918822 1.920102 -0.963393 1.416625 -159.773184 299.309993 -248.526741
0.274384 -2.470691 -2.123612 0.274384 -2.470691 -2.123612 1.772295 -0.739017 1.217356 -332.917004 448.608330 -415.703398
1.268467 -2.827562 -1.475958 1.268467 -2.827562 -1.475958 1.525702 -0.440905 0.928268 -489.058442 545.100268 -547.924272
2.089181 -2.991665 -1.020967 2.089181 -2.991665 -1.020967 1.198883 -0.102234 0.582797 -600.336868 583.803357 -603.644936
2.698356 -2.949726 -0.780931 2.698356 -2.949726 -0.780931 0.828210 0.239021 0.215681 -635.240616 553.713134 -620.074446
3.082321 -2.711980 -0.758335 3.082321 -2.711980 -0.758335 0.453977 0.544571 -0.132359 -612.205149 464.786485 -540.059669
3.250230 -2.310362 -0.926672 3.250230 -2.310362 -0.926672 0.115254 0.779512 -0.414947 -516.868252 318.348300 -401.899495
3.237349 -1.796383 -1.236932 3.237349 -1.796383 -1.236932 -0.139853 0.915367 -0.600840 -333.491280 134.502331 -217.742689
3.105216 -1.234193 -1.623159 3.105216 -1.234193 -1.623159 -0.280913 0.939867 -0.664134 -136.706030 -52.836452 6.762930
2.925503 -0.690950 -2.006443 2.925503 -0.690950 -2.006443 -0.295726 0.852329 -0.590179 87.327096 -238.955339 239.752895
2.777920 -0.231528 -2.304290 2.777920 -0.231528 -2.304290 -0.172663 0.664142 -0.380806 322.885083 -388.333798 458.157371
2.745089 0.091968 -2.440469 2.745089 0.091968 -2.440469 0.084306 0.405693 -0.056729 533.677998 -473.165772 622.098037
2.900740 0.247601 -2.356206 2.900740 0.247601 -2.356206 0.449539 0.108733 0.348145 683.763080 -516.698378 727.481109
3.298012 0.221318 -2.013188 3.298012 0.221318 -2.013188 0.882154 -0.193873 0.800554 758.287259 -491.990796 780.549714
3.964279 0.022867 -1.394855 3.964279 0.022867 -1.394855 1.339541 -0.456910 1.256393 766.338232 -384.798605 738.913643
4.901099 -0.313003 -0.514771 4.901099 -0.313003 -0.514771 1.775115 -0.650090 1.665959 685.575137 -259.135326 626.305362
6.081271 -0.740568 0.586214 6.081271 -0.740568 0.586214 2.144953 -0.759906 1.985118 547.217105 -106.916011 437.559948
7.456582 -1.205675 1.843474 7.456582 -1.205675 1.843474 2.422488 -0.773645 2.184797 377.899934 61.119467 228.035902
8.965085 -1.650440 3.183084 8.965085 -1.650440 3.183084 2.584167 -0.694872 2.260046 161.028952 201.455125 22.793100
10.531193 -2.023784 4.530743 10.531193 -2.023784 4.530743 2.613897 -0.537410 2.211365 -61.927198 323.418176 -185.060993
12.076908 -2.284030 5.812605 12.076908 -2.284030 5.812605 2.519360 -0.323437 2.042098 -253.198936 389.825181 -379.163559
13.534286 -2.407805 6.961758 13.534286 -2.407805 6.961758 2.324130 -0.088948 1.775314 -397.565673 391.807481 -510.117176
14.850860 -2.392682 7.932657 14.850860 -2.392682 7.932657 2.053879 0.135972 1.456903 -503.273156 357.925047 -551.252049
15.991720 -2.252587 8.707807 15.991720 -2.252587 8.707807 1.747527 0.321152 1.127322 -517.899945 259.339877 -547.351098
16.949169 -2.019050 9.289196 16.949169 -2.019050 9.289196 1.447560 0.447582 0.816504 -481.988809 162.094455 -488.708212
17.734540 -1.728277 9.696888 17.734540 -1.728277 9.696888 1.176333 0.510068 0.552068 -422.102314 46.193358 -392.746410
18.371587 -1.421262 9.966396 18.371587 -1.421262 9.966396 0.959201 0.501081 0.361229 -301.669667 -76.151786 -243.384142
18.901349 -1.139273 10.148392 18.901349 -1.139273 10.148392 0.820905 0.430630 0.260537 -159.316333 -158.683836 -92.254146
19.372360 -0.912182 10.295621 19.372360 -0.912182 10.295621 0.761042 0.321802 0.242747 -40.227729 -204.075675 32.954359
19.828302 -0.755493 10.453018 19.828302 -0.755493 10.453018 0.769692 0.201061 0.291604 69.061702 -198.394591 129.901751
20.307204 -0.667819 10.655596 20.307204 -0.667819 10.655596 0.834409 0.095767 0.390708 146.660885 -152.586155 200.444792
20.836331 -0.633432 10.927174 20.836331 -0.633432 10.927174 0.932817 0.026181 0.516343 181.367007 -79.367201 218.337590
21.428667 -0.632009 11.276281 21.428667 -0.632009 11.276281 1.041638 -0.021440 0.647345 181.367007 -79.367201 218.337590
