10.034021 -0.370120 -3.267224 10.034021 -0.370120 -3.267224 1.963916 0.708841 0.474701 -281.827780 37.594019 -65.609206
11.161642 0.061951 -2.994213 11.161642 0.061951 -2.994213 1.794819 0.731398 0.435336 -281.827780 37.594019 -65.609206
12.179655 0.501660 -2.739096 12.179655 0.501660 -2.739096 1.584977 0.724468 0.424594 -417.645532 -60.692640 29.802196
13.048090 0.919573 -2.473605 13.048090 0.919573 -2.473605 1.297511 0.658836 0.469326 -540.574615 -158.080881 119.305400
13.728057 1.282286 -2.169902 13.728057 1.282286 -2.169902 0.966990 0.543318 0.544072 -561.163264 -226.980536 129.849922
14.210182 1.567192 -1.820531 14.210182 1.567192 -1.820531 0.644994 0.405988 0.619755 -512.156559 -230.783961 122.424746
14.509048 1.771051 -1.427045 14.509048 1.771051 -1.427045 0.357989 0.276554 0.691196 -444.525327 -200.664053 115.712429
14.650206 1.906122 -0.995787 14.650206 1.906122 -0.995787 0.123167 0.182446 0.739182 -338.216405 -113.029645 44.242566
14.671629 2.000151 -0.548864 14.671629 2.000151 -0.548864 -0.037754 0.139166 0.742979 -198.185562 -31.235263 -31.587089
14.619966 2.085397 -0.111254 14.619966 2.085397 -0.111254 -0.123349 0.157267 0.711565 -87.129672 91.571222 -73.126526
14.536500 2.202855 0.300857 14.536500 2.202855 0.300857 -0.144495 0.245285 0.659363 16.640768 201.820731 -100.878812
14.456634 2.391589 0.678273 14.456634 2.391589 0.678273 -0.115332 0.392550 0.598617 80.570592 289.064390 -101.608268
14.403420 2.682269 1.022300 14.403420 2.682269 1.022300 -0.059576 0.581580 0.553382 105.281380 341.035511 -49.177210
14.386437 3.091657 1.348261 14.386437 3.091657 1.348261 0.002653 0.781473 0.537795 102.148273 325.273424 -2.779131
14.406416 3.619090 1.670437 14.406416 3.619090 1.670437 0.063942 0.976637 0.536127 102.148273 325.273424 -2.779131
