-8.888050 -2.932362 5.385505 -8.888050 -2.932362 5.385505 0.429143 -0.337031 0.112576 294.272375 242.854918 585.155445
-8.577595 -3.090867 5.558379 -8.577595 -3.090867 5.558379 0.605706 -0.191318 0.463670 294.272375 242.854918 585.155445
-8.158910 -3.162793 5.939590 -8.158910 -3.162793 5.939590 0.793730 -0.049850 0.803170 332.472054 228.703067 546.513636
-7.622716 -3.154752 6.510967 -7.622716 -3.154752 6.510967 0.993768 0.071292 1.086588 334.320845 175.105292 398.210710
-6.971274 -3.086959 7.223495 -6.971274 -3.086959 7.223495 1.169381 0.143851 1.269999 251.056535 66.756210 213.161717
-6.230268 -2.993688 8.010335 -6.230268 -2.993688 8.010335 1.290948 0.158626 1.330253 154.168870 -17.504536 -12.315312
-5.435950 -2.908684 8.793466 -5.435950 -2.908684 8.793466 1.343443 0.113018 1.258844 20.812955 -134.522495 -225.714712
-4.636173 -2.870058 9.495421 -4.636173 -2.870058 9.495421 1.305756 0.007452 1.059801 -146.436389 -217.364169 -437.764043
-3.888974 -2.907364 10.040733 -3.888974 -2.907364 10.040733 1.168414 -0.136224 0.738288 -311.369063 -261.554581 -633.943713
-3.251297 -3.036708 10.364215 -3.251297 -3.036708 10.364215 0.944965 -0.295804 0.331017 -433.460680 -270.379299 -723.629373
-2.769132 -3.259292 10.429037 -2.769132 -3.259292 10.429037 0.650934 -0.440201 -0.120838 -546.645616 -210.943555 -782.552398
-2.476968 -3.561382 10.215674 -2.476968 -3.561382 10.215674 0.322946 -0.566767 -0.590369 -546.645616 -210.943555 -782.552398
