8.395566 -3.113776 6.863953 8.395566 -3.113776 6.863953 1.414590 -0.172598 -0.334533 150.993871 -208.581770 541.407722
9.271499 -3.254879 6.760686 9.271499 -3.254879 6.760686 1.505186 -0.297747 -0.009689 150.993871 -208.581770 541.407722
10.193120 -3.469340 6.848313 10.193120 -3.469340 6.848313 1.552438 -0.414235 0.295090 6.512978 -179.710537 474.522585
11.112622 -3.745765 7.105169 11.112622 -3.745765 7.105169 1.490677 -0.499746 0.551744 -212.382122 -105.326031 380.988154
11.955738 -4.056227 7.496304 11.955738 -4.056227 7.496304 1.297941 -0.521218 0.737887 -430.072896 33.750863 239.490584
12.647103 -4.355769 7.972675 12.647103 -4.355769 7.972675 0.989968 -0.465403 0.834236 -596.503508 152.299096 81.672128
13.126612 -4.600530 8.479854 13.126612 -4.600530 8.479854 0.596560 -0.338687 0.842923 -714.856302 270.087096 -52.714583
13.353240 -4.749262 8.968857 13.353240 -4.749262 8.968857 0.154479 -0.147311 0.774980 -758.745793 367.834960 -173.764064
13.311057 -4.767982 9.397411 13.311057 -4.767982 9.397411 -0.292254 0.090672 0.644940 -730.363530 425.440269 -259.699754
13.009449 -4.636215 9.735983 13.009449 -4.636215 9.735983 -0.704421 0.349858 0.480890 -643.526184 438.513289 -287.134892
12.480635 -4.352024 9.974254 12.480635 -4.352024 9.974254 -1.042172 0.589687 0.315718 -482.313396 360.916451 -263.440341
11.781832 -3.939603 10.118387 11.781832 -3.939603 10.118387 -1.264974 0.774455 0.168258 -260.360028 254.977254 -228.091769
10.990533 -3.436890 10.181594 10.990533 -3.436890 10.181594 -1.348437 0.888162 0.047950 -17.850068 124.047495 -172.935168
10.191990 -2.892155 10.183876 10.191990 -2.892155 10.183876 -1.290488 0.910134 -0.032613 211.015427 -50.809292 -95.606032
9.467902 -2.365948 10.151287 9.467902 -2.365948 10.151287 -1.102766 0.826010 -0.069037 414.723181 -229.602639 -25.809678
8.890292 -1.919629 10.107645 8.890292 -1.919629 10.107645 -0.806938 0.648454 -0.072391 571.372577 -362.252035 14.630150
8.514938 -1.602586 10.067354 8.514938 -1.602586 10.067354 -0.434306 0.396987 -0.061061 670.733681 -475.971042 23.135374
8.375878 -1.453612 10.033099 8.375878 -1.453612 10.033099 -0.027908 0.093685 -0.056093 683.924507 -535.034639 -6.574132
8.478328 -1.491981 9.995198 8.478328 -1.491981 9.995198 0.362888 -0.218704 -0.075346 618.730229 -506.263076 -57.603044
8.801096 -1.709665 9.935409 8.801096 -1.709665 9.935409 0.702447 -0.499133 -0.130972 513.131180 -428.500741 -127.817373
9.304536 -2.078354 9.828277 9.304536 -2.078354 9.828277 0.958366 -0.716628 -0.235367 339.935091 -296.481035 -220.164279
9.929173 -2.551626 9.643727 9.929173 -2.551626 9.643727 1.104471 -0.844164 -0.385972 147.078867 -128.639519 -281.851391
10.607627 -3.069329 9.358506 10.607627 -3.069329 9.358506 1.139206 -0.861592 -0.569602 -31.294471 70.547093 -330.248817
11.275144 -3.562012 8.956908 11.275144 -3.562012 8.956908 1.068559 -0.761400 -0.769714 -204.195578 263.423879 -336.791954
11.871474 -3.962456 8.436974 11.871474 -3.962456 8.436974 0.905793 -0.558445 -0.959204 -338.357638 413.094880 -294.842949
12.350173 -4.216068 7.814114 12.350173 -4.216068 7.814114 0.683414 -0.275100 -1.107440 -402.906021 531.387245 -199.274571
12.685744 -4.282540 7.121283 12.685744 -4.282540 7.121283 0.431899 0.058427 -1.189493 -435.476773 580.370321 -74.237549
12.868193 -4.144058 6.404321 12.868193 -4.144058 6.404321 0.179091 0.401441 -1.183550 -407.217954 563.007667 94.047438
12.907716 -3.806239 5.721777 12.907716 -3.806239 5.721777 -0.038400 0.717314 -1.073837 -317.752198 489.902618 271.664821
12.832812 -3.295970 5.134941 12.832812 -3.295970 5.134941 -0.202395 0.969747 -0.868004 -228.896347 351.541202 414.444057
12.676365 -2.660000 4.696721 12.676365 -2.660000 4.696721 -0.308774 1.134893 -0.579428 -125.701478 198.946628 547.476977
12.474768 -1.953953 4.452744 12.474768 -1.953953 4.452744 -0.352725 1.200765 -0.225270 -20.800042 20.627684 633.047337
12.264118 -1.240061 4.432096 12.264118 -1.240061 4.432096 -0.341563 1.161739 0.157387 58.004780 -150.716691 642.476703
12.072409 -0.577838 4.638098 12.072409 -0.577838 4.638098 -0.292816 1.032855 0.522491 104.487569 -278.896153 574.537404
11.916034 -0.014258 5.047774 11.916034 -0.014258 5.047774 -0.227592 0.835858 0.831037 112.923398 -377.760119 453.947972
11.797748 0.417655 5.617039 11.797748 0.417655 5.617039 -0.170123 0.601178 1.048066 78.640086 -404.505403 269.483049
11.707569 0.707705 6.281832 11.707569 0.707705 6.281832 -0.134237 0.369243 1.146990 40.979866 -368.611365 60.264311
11.630451 0.866219 6.966920 11.630451 0.866219 6.966920 -0.129414 0.164666 1.113378 -24.902404 -313.313179 -172.304991
11.544777 0.915002 7.590832 11.544777 0.915002 7.590832 -0.162070 0.008577 0.944496 -83.950681 -206.983237 -390.633832
11.430465 0.891533 8.076362 11.430465 0.891533 8.076362 -0.222235 -0.072403 0.655849 -116.599505 -62.949555 -571.524711
11.275724 0.844581 8.359820 11.275724 0.844581 8.359820 -0.294253 -0.071071 0.277047 -123.459125 67.389122 -691.148337
11.079342 0.820083 8.398793 11.079342 0.820083 8.398793 -0.356369 -0.000565 -0.151884 -83.595464 167.629096 -738.620745
10.854938 0.853800 8.177274 10.854938 0.853800 8.177274 -0.384200 0.119430 -0.582243 -9.175952 232.354757 -695.909560
10.629270 0.969099 7.710105 10.629270 0.969099 7.710105 -0.357190 0.267928 -0.962583 99.211658 262.639033 -571.890923
10.439361 1.176514 7.037315 10.439361 1.176514 7.037315 -0.264930 0.422425 -1.267219 208.321166 252.351640 -443.561883
10.317900 1.475392 6.197142 10.317900 1.475392 6.197142 -0.139937 0.573836 -1.533356 208.321166 252.351640 -443.561883
