-2.551481 1.686821 -7.920993 -2.551481 1.686821 -7.920993 1.431363 0.031679 1.035329 -694.820728 250.546986 -179.582463
-1.817730 1.750927 -7.332120 -1.817730 1.750927 -7.332120 1.014471 0.182007 0.927579 -694.820728 250.546986 -179.582463
-1.330912 1.901139 -6.805192 -1.330912 1.901139 -6.805192 0.613599 0.311882 0.833356 -641.420077 182.368874 -134.493476
-1.069651 2.115084 -6.324873 -1.069651 2.115084 -6.324873 0.271533 0.391250 0.775230 -498.798988 82.191553 -59.262551
-0.986449 2.355579 -5.866486 -0.986449 2.355579 -5.866486 0.022584 0.395315 0.759259 -331.031469 -68.642575 6.027534
-1.019013 2.571848 -5.406600 -1.019013 2.571848 -5.406600 -0.108678 0.311309 0.779100 -106.508127 -211.377203 60.107727
-1.088549 2.714329 -4.927052 -1.088549 2.714329 -4.927052 -0.098374 0.153199 0.821510 140.855939 -315.655071 81.261702
-1.109199 2.743276 -4.419601 -1.109199 2.743276 -4.419601 0.051243 -0.066969 0.869857 357.865082 -418.240634 79.891812
-1.003769 2.624565 -3.885224 -1.003769 2.624565 -3.885224 0.317305 -0.334141 0.908202 529.010486 -472.330259 47.927519
-0.709315 2.340724 -3.335967 -0.709315 2.340724 -3.335967 0.678955 -0.609229 0.915503 676.487055 -444.632027 -23.590610
-0.177093 1.899385 -2.795843 -0.177093 1.899385 -2.795843 1.100257 -0.854846 0.876690 727.853947 -374.091393 -105.786115
0.611912 1.326366 -2.294144 0.611912 1.326366 -2.294144 1.526152 -1.043175 0.786850 691.796787 -253.671321 -193.680235
1.646856 0.665805 -1.861473 1.646856 0.665805 -1.861473 1.914879 -1.140350 0.647757 603.960667 -70.244754 -269.964451
2.895809 -0.020940 -1.523903 2.895809 -0.020940 -1.523903 2.233819 -1.131955 0.473325 459.170999 98.226276 -311.477126
4.307799 -0.671787 -1.295545 4.307799 -0.671787 -1.295545 2.454562 -1.019792 0.288585 276.638483 275.653092 -304.320125
5.818019 -1.224834 -1.174440 5.818019 -1.224834 -1.174440 2.558982 -0.808343 0.119646 71.427898 429.174454 -258.810002
7.354122 -1.626429 -1.143608 7.354122 -1.626429 -1.143608 2.541128 -0.520043 -0.007488 -130.940131 531.826326 -164.969881
8.846624 -1.840395 -1.169535 8.846624 -1.840395 -1.169535 2.419532 -0.189290 -0.065169 -274.378094 570.684104 -27.300962
10.241602 -1.851837 -1.202757 10.241602 -1.851837 -1.202757 2.218142 0.150166 -0.027583 -396.922349 560.837353 152.588460
11.497584 -1.665951 -1.182035 11.497584 -1.665951 -1.182035 1.962698 0.460843 0.112997 -454.558450 474.752480 316.010563
12.593563 -1.312976 -1.048425 12.593563 -1.312976 -1.048425 1.690867 0.700765 0.347256 -451.544903 324.986519 464.851269
13.528861 -0.844583 -0.748228 13.528861 -0.844583 -0.748228 1.430221 0.842937 0.667019 -417.274888 148.920469 601.026878
14.316951 -0.323574 -0.236293 14.316951 -0.323574 -0.236293 1.205193 0.874495 1.045325 -332.819955 -43.727494 659.991015
14.987199 0.182762 0.508895 14.987199 0.182762 0.508895 1.040701 0.795809 1.437298 -215.485276 -218.559007 646.586879
15.579436 0.611777 1.483755 15.579436 0.611777 1.483755 0.944428 0.619024 1.805727 -105.424148 -370.724062 581.508762
16.132772 0.910147 2.663939 16.132772 0.910147 2.663939 0.909448 0.365017 2.115014 -11.177816 -475.967150 449.448944
16.679617 1.041223 4.001901 16.679617 1.041223 4.001901 0.918684 0.068138 2.324948 41.966065 -513.628987 250.331260
17.241004 0.991031 5.428190 17.241004 0.991031 5.428190 0.956976 -0.233149 2.406447 85.672457 -490.659526 21.333531
17.830405 0.767675 6.862323 17.830405 0.767675 6.862323 1.007353 -0.503286 2.351372 82.253301 -409.797803 -204.916509
18.447236 0.399764 8.222465 18.447236 0.399764 8.222465 1.044771 -0.710044 2.159442 42.471671 -279.396367 -434.852922
19.078662 -0.066784 9.429618 19.078662 -0.066784 9.429618 1.054847 -0.828831 1.847334 -8.884855 -116.559695 -605.507421
19.705293 -0.575339 10.422749 19.705293 -0.575339 10.422749 1.026127 -0.850147 1.452644 -86.849483 45.505553 -710.123216
20.302806 -1.069382 11.163902 20.302806 -1.069382 11.163902 0.961365 -0.783569 1.013512 -129.021439 176.422218 -753.650646
20.854897 -1.499593 11.638972 20.854897 -1.499593 11.638972 0.876433 -0.636848 0.574417 -154.086841 312.646508 -709.998949
21.352928 -1.821673 11.862153 21.352928 -1.821673 11.862153 0.783515 -0.430494 0.180074 -155.638430 375.200648 -604.479208
21.795022 -2.012433 11.861391 21.795022 -2.012433 11.861391 0.690132 -0.205374 -0.182614 -155.638430 375.200648 -604.479208
