6.620768 3.325774 6.212536 6.620768 3.325774 6.212536 1.238657 0.952694 0.898985 405.526462 -362.210522 -415.806559
7.436957 3.832192 6.677082 7.436957 3.832192 6.677082 1.481973 0.735368 0.649501 405.526462 -362.210522 -415.806559
8.388236 4.208745 6.984839 8.388236 4.208745 6.984839 1.670789 0.520691 0.364527 223.860725 -353.380091 -534.107894
9.416111 4.460623 7.099845 9.416111 4.460623 7.099845 1.730635 0.324024 0.006207 -24.373211 -302.176800 -660.290875
10.436411 4.606489 6.981221 10.436411 4.606489 6.981221 1.647542 0.171936 -0.407448 -252.603524 -204.781324 -718.558834
11.367021 4.679664 6.609894 11.367021 4.679664 6.609894 1.433745 0.083438 -0.826171 -460.055520 -90.211920 -677.186050
12.134604 4.719815 5.998310 12.134604 4.719815 5.998310 1.108443 0.060941 -1.202424 -624.283531 15.221140 -576.991346
12.682371 4.764673 5.183000 12.682371 4.764673 5.183000 0.709235 0.097841 -1.498607 -706.409763 107.780380 -410.285030
12.979855 4.847003 4.222653 12.979855 4.847003 4.222653 0.280875 0.183636 -1.681431 -721.458154 178.201182 -199.127923
13.021641 4.991358 3.192434 13.021641 4.991358 3.192434 -0.136384 0.301041 -1.728497 -669.404021 213.150776 42.241550
12.826403 5.208933 2.177019 12.826403 5.208933 2.177019 -0.502600 0.421845 -1.632752 -551.314785 189.528544 276.908138
12.435186 5.492030 1.259713 12.435186 5.492030 1.259713 -0.785491 0.514937 -1.404101 -391.657950 120.777741 485.260826
11.905043 5.817196 0.513118 11.905043 5.817196 0.513118 -0.962236 0.559724 -1.070349 -197.491948 28.510338 627.246390
11.303876 6.151318 -0.010964 11.303876 6.151318 -0.010964 -1.022112 0.542610 -0.667883 -2.093605 -85.554271 714.305946
10.699702 6.455339 -0.281768 10.699702 6.455339 -0.281768 -0.976017 0.460549 -0.232547 155.743949 -187.984675 736.813927
10.150424 6.693242 -0.292530 10.150424 6.693242 -0.292530 -0.841081 0.324815 0.190244 294.044281 -264.460038 672.489554
9.704103 6.836929 -0.065216 9.704103 6.836929 -0.065216 -0.637661 0.148141 0.554335 384.021971 -324.452770 541.148023
9.391257 6.867229 0.353302 9.391257 6.867229 0.353302 -0.404112 -0.047449 0.821573 394.474921 -327.515845 349.646149
9.218845 6.783713 0.897295 9.218845 6.783713 0.897295 -0.172182 -0.224424 0.971927 378.621967 -262.400295 151.533928
9.180355 6.606896 1.495463 9.180355 6.606896 1.495463 0.038332 -0.356519 1.001524 323.091844 -177.917625 -52.876804
9.255365 6.367987 2.075461 9.255365 6.367987 2.075461 0.201460 -0.428128 0.912805 220.669202 -60.776946 -242.852770
9.409100 6.108872 2.570780 9.409100 6.108872 2.570780 0.299553 -0.421087 0.723839 106.307050 84.244642 -387.034662
9.603034 5.880829 2.930413 9.603034 5.880829 2.930413 0.338671 -0.323316 0.466598 24.086270 241.659470 -470.435347
9.806876 5.737096 3.123848 9.806876 5.737096 3.123848 0.334645 -0.144528 0.175111 -37.505455 354.301836 -501.189714
9.998521 5.718756 3.140796 9.998521 5.718756 3.140796 0.300185 0.091064 -0.115124 -77.359897 431.004469 -466.259291
10.164160 5.852049 2.992852 10.164160 5.852049 2.992852 0.251033 0.355038 -0.369597 -86.480916 448.909355 -381.983139
10.300895 6.144614 2.708733 10.300895 6.144614 2.708733 0.207552 0.618075 -0.566808 -58.457825 427.881628 -275.387363
10.418607 6.585984 2.327050 10.418607 6.585984 2.327050 0.190994 0.842335 -0.692179 3.264841 319.648758 -142.515441
10.537981 7.140146 1.894023 10.537981 7.140146 1.894023 0.213903 0.990246 -0.738025 73.098554 173.389202 -10.305389
10.682678 7.755834 1.454979 10.682678 7.755834 1.454979 0.273748 1.045931 -0.716077 126.385112 12.227876 83.466087
10.871675 8.373728 1.045204 10.871675 8.373728 1.045204 0.359577 0.993939 -0.641762 159.712284 -185.535566 164.250114
11.116950 8.926748 0.691959 11.116950 8.926748 0.691959 0.459305 0.832883 -0.531976 172.713531 -351.317255 201.704767
11.421631 9.355247 0.408364 11.421631 9.355247 0.408364 0.552984 0.582121 -0.414534 139.549961 -484.554474 189.765634
11.773835 9.611842 0.190880 11.773835 9.611842 0.190880 0.613185 0.264103 -0.315283 61.121982 -575.508677 141.070700
12.147047 9.665138 0.024160 12.147047 9.665138 0.024160 0.621353 -0.089077 -0.245355 -33.897543 -601.755014 92.024752
12.506603 9.507019 -0.109683 12.506603 9.507019 -0.109683 0.565242 -0.431913 -0.206109 -153.138616 -541.031845 38.794056
12.810095 9.156356 -0.230327 12.810095 9.156356 -0.230327 0.432918 -0.727180 -0.202643 -287.942477 -443.193661 -27.238455
13.011602 8.649526 -0.357863 13.011602 8.649526 -0.357863 0.228084 -0.946831 -0.224225 -394.836880 -288.974861 -44.703360
13.073375 8.040539 -0.499775 13.073375 8.040539 -0.499775 -0.028851 -1.064579 -0.247694 -461.611735 -103.519865 -33.526941
12.971775 7.395209 -0.651899 12.971775 7.395209 -0.651899 -0.311813 -1.066438 -0.255176 -481.596907 97.324689 8.587653
12.700055 6.782786 -0.799015 12.700055 6.782786 -0.799015 -0.590494 -0.958437 -0.227802 -447.338969 262.678233 82.658805
12.270785 6.263258 -0.915534 12.270785 6.263258 -0.915534 -0.831163 -0.759568 -0.151790 -354.889127 400.218330 170.713998
11.717651 5.884464 -0.969485 11.717651 5.884464 -0.969485 -0.996875 -0.494898 -0.017390 -197.485397 482.014751 277.286067
11.095505 5.675325 -0.924033 11.095505 5.675325 -0.924033 -1.057738 -0.200507 0.178857 -5.392186 499.287581 376.871992
10.472403 5.642521 -0.745509 10.472403 5.642521 -0.745509 -0.998416 0.087210 0.421842 203.132595 459.769108 433.076577
9.922243 5.771209 -0.413565 9.922243 5.771209 -0.413565 -0.814908 0.331092 0.686111 408.561998 353.170883 447.820317
9.517728 6.024504 0.076926 9.517728 6.024504 0.076926 -0.515325 0.498340 0.945887 590.047337 204.322827 418.099387
9.321698 6.353024 0.715938 9.321698 6.353024 0.715938 -0.126516 0.584622 1.177858 705.981256 83.285339 355.138729
9.372865 6.718788 1.486578 9.372865 6.718788 1.486578 0.297072 0.634593 1.390941 705.981256 83.285339 355.138729
