-11.820857 0.248585 5.603591 -11.820857 0.248585 5.603591 0.430374 -0.344950 -0.095399 623.866658 -317.709580 690.170215
-11.450336 -0.015573 5.670583 -11.450336 -0.015573 5.670583 0.804694 -0.535576 0.318703 623.866658 -317.709580 690.170215
-10.854410 -0.386527 5.982822 -10.854410 -0.386527 5.982822 1.183083 -0.688303 0.716741 637.429611 -191.381396 636.623311
-10.030087 -0.824447 6.519426 -10.030087 -0.824447 6.519426 1.564219 -0.755580 1.058547 633.023591 -32.873434 502.729877
-8.985123 -1.276099 7.233709 -8.985123 -1.276099 7.233709 1.906478 -0.737239 1.303504 507.841229 94.009246 313.793279
-7.759796 -1.695089 8.059338 -7.759796 -1.695089 8.059338 2.161323 -0.648674 1.426998 341.639758 201.207665 97.852079
-6.413319 -2.043470 8.917671 -6.413319 -2.043470 8.917671 2.307247 -0.504919 1.408316 144.775207 277.974082 -160.125776
-5.016198 -2.294987 9.722285 -5.016198 -2.294987 9.722285 2.327678 -0.331137 1.254475 -76.672607 301.302534 -352.678098
-3.647091 -2.440984 10.399966 -3.647091 -2.440984 10.399966 2.213179 -0.158106 0.985261 -304.990270 275.465724 -544.701429
-2.385062 -2.490553 10.885860 -2.385062 -2.490553 10.885860 1.975285 -0.014271 0.622359 -487.989271 203.985779 -664.972504
-1.297181 -2.468210 11.137457 -1.297181 -2.468210 11.137457 1.635231 0.079060 0.212761 -645.524831 107.116301 -700.353696
-0.435608 -2.407016 11.139979 -0.435608 -2.407016 11.139979 1.231063 0.115714 -0.202806 -701.703415 15.064488 -684.869510
0.176709 -2.340852 10.900590 0.176709 -2.340852 10.900590 0.809970 0.094872 -0.585874 -701.939121 -84.539084 -592.023668
0.541892 -2.304868 10.451435 0.541892 -2.304868 10.451435 0.416555 0.015538 -0.896417 -609.442614 -179.908438 -443.119808
0.690919 -2.329482 9.843828 0.690919 -2.329482 9.843828 0.094855 -0.100170 -1.112263 -462.890587 -205.783571 -276.366833
0.676764 -2.426176 9.137535 0.676764 -2.426176 9.137535 -0.121617 -0.221398 -1.224032 -258.682979 -198.311230 -96.194742
0.570436 -2.592097 8.396797 0.570436 -2.592097 8.396797 -0.210800 -0.327314 -1.226765 -38.593341 -154.740976 87.085341
0.450220 -2.811022 7.685226 0.450220 -2.811022 7.685226 -0.167904 -0.393574 -1.130455 181.577922 -66.126725 233.946258
0.395104 -3.052692 7.054513 0.395104 -3.052692 7.054513 0.005753 -0.401364 -0.962838 397.280835 40.162316 324.777070
0.479128 -3.278470 6.537135 0.479128 -3.278470 6.537135 0.289430 -0.338208 -0.758647 548.307559 170.356125 355.858554
0.755763 -3.444433 6.145225 0.755763 -3.444433 6.145225 0.639822 -0.204505 -0.549009 619.664929 275.320281 342.936079
1.252743 -3.512881 5.875338 1.252743 -3.512881 5.875338 1.019357 -0.015829 -0.354301 645.452170 353.600360 306.089063
1.980538 -3.458731 5.717853 1.980538 -3.458731 5.717853 1.406628 0.196331 -0.170648 645.452170 353.600360 306.089063
