-8.226182 5.245956 -5.262881 -8.226182 5.245956 -5.262881 -0.413932 0.225244 -0.511102 -75.190081 -279.890339 -407.650349
-8.488075 5.330722 -5.642920 -8.488075 5.330722 -5.642920 -0.459046 0.057309 -0.755692 -75.190081 -279.890339 -407.650349
-8.766714 5.317854 -6.164186 -8.766714 5.317854 -6.164186 -0.452545 -0.094992 -0.972652 96.858247 -227.781164 -315.547634
-9.005418 5.226614 -6.795750 -9.005418 5.226614 -6.795750 -0.317484 -0.197880 -1.117854 353.344923 -115.178087 -168.460584
-9.119888 5.093150 -7.485052 -9.119888 5.093150 -7.485052 -0.043388 -0.237007 -1.160265 560.310329 -15.246516 27.091959
-9.036546 4.953891 -8.164252 -9.036546 4.953891 -8.164252 0.335394 -0.217707 -1.083596 702.296343 79.580962 228.471007
-8.704147 4.842522 -8.761710 -8.704147 4.842522 -8.761710 0.780516 -0.145308 -0.888641 781.443169 161.748731 421.378661
-8.095412 4.787044 -9.208764 -8.095412 4.787044 -9.208764 1.248209 -0.035297 -0.584404 777.534191 204.953967 592.744174
-7.210221 4.803015 -9.444876 -7.210221 4.803015 -9.444876 1.696279 0.088962 -0.189572 716.032985 209.241960 723.362497
-6.072013 4.890638 -9.425641 -6.072013 4.890638 -9.425641 2.083668 0.197418 0.258309 575.262005 152.278068 769.573122
-4.730409 5.031771 -9.134550 -4.730409 5.031771 -9.134550 2.368104 0.265147 0.707964 372.858507 73.484934 729.279306
-3.255379 5.197743 -8.583691 -3.255379 5.197743 -8.583691 2.527086 0.277520 1.119581 157.080755 -32.239306 642.775380
-1.724796 5.350631 -7.805759 -1.724796 5.350631 -7.805759 2.551619 0.219071 1.457667 -75.302986 -162.590363 484.177393
-0.219625 5.446722 -6.857295 -0.219625 5.446722 -6.857295 2.445209 0.091090 1.681733 -279.398325 -264.015155 262.711597
1.187657 5.448390 -5.814900 1.187657 5.448390 -5.814900 2.229811 -0.094635 1.769696 -438.596102 -355.067101 30.497283
2.440279 5.326755 -4.761523 2.440279 5.326755 -4.761523 1.935070 -0.312382 1.718344 -543.872090 -370.756768 -201.669891
3.501257 5.072707 -3.779163 3.501257 5.072707 -3.779163 1.597910 -0.534252 1.535609 -579.996148 -368.808537 -407.448084
4.357880 4.689197 -2.940703 4.357880 4.689197 -2.940703 1.261293 -0.738400 1.243316 -542.060366 -311.684780 -566.860312
5.022123 4.197833 -2.301455 5.022123 4.197833 -2.301455 0.961248 -0.886519 0.879667 -458.087285 -182.047254 -645.303380
5.523565 3.642299 -1.890538 5.523565 3.642299 -1.890538 0.722139 -0.950015 0.488839 -338.944240 -29.606331 -657.458290
5.905919 3.076490 -1.712679 5.905919 3.076490 -1.712679 0.569176 -0.920131 0.108859 -170.933560 129.221230 -609.141406
6.225949 2.557286 -1.748263 6.225949 2.557286 -1.748263 0.513083 -0.794525 -0.212899 -16.042354 289.464362 -463.383856
6.537452 2.139645 -1.950911 6.537452 2.139645 -1.950911 0.536162 -0.585994 -0.448426 92.972231 405.641210 -321.707198
6.875884 1.861064 -2.277874 6.875884 1.861064 -2.277874 0.591945 -0.342609 -0.641450 92.972231 405.641210 -321.707198
