13.033636 4.646314 3.402581 13.033636 4.646314 3.402581 0.504203 1.012734 0.576163 -682.912797 -294.214683 -9.504244
13.213233 5.200995 3.746568 13.213233 5.200995 3.746568 0.094455 0.836205 0.570461 -682.912797 -294.214683 -9.504244
13.152214 5.644217 4.090684 13.152214 5.644217 4.090684 -0.289134 0.631965 0.582509 -595.719446 -386.586417 49.666532
12.881196 5.948149 4.451709 12.881196 5.948149 4.451709 -0.598106 0.371704 0.625205 -434.188013 -480.948493 92.653880
12.456846 6.083081 4.842214 12.456846 6.083081 4.842214 -0.795278 0.075536 0.674320 -223.050583 -506.278841 71.063156
11.953150 6.040534 5.257070 11.953150 6.040534 5.257070 -0.861012 -0.211923 0.704318 3.936691 -451.918195 28.927897
11.451857 5.837434 5.681835 11.451857 5.837434 5.681835 -0.785620 -0.456081 0.706514 247.368838 -361.941093 -21.608758
11.036691 5.506385 6.098199 11.036691 5.506385 6.098199 -0.578800 -0.634502 0.675272 442.033212 -232.794920 -82.531243
10.778202 5.093213 6.485188 10.778202 5.093213 6.485188 -0.267454 -0.727017 0.609165 595.785908 -75.588302 -137.822587
10.730214 4.652026 6.824168 10.730214 4.652026 6.824168 0.116231 -0.729223 0.517914 683.164499 68.232454 -166.349445
10.923809 4.233234 7.105524 10.923809 4.233234 7.105524 0.530565 -0.655985 0.420859 697.950094 175.896172 -157.165126
11.363854 3.876092 7.332516 11.363854 3.876092 7.332516 0.929711 -0.526508 0.340388 632.535730 255.691526 -111.074177
12.026860 3.608405 7.521798 12.026860 3.608405 7.521798 1.265847 -0.362128 0.298956 487.915910 292.244283 -27.029508
12.863475 3.442825 7.703232 12.863475 3.442825 7.703232 1.505004 -0.191319 0.317370 309.275084 277.117822 88.409107
13.809901 3.373886 7.917082 13.809901 3.373886 7.917082 1.629343 -0.045188 0.407984 105.187860 209.984835 213.636772
14.793074 3.378773 8.206650 14.793074 3.378773 8.206650 1.625623 0.051814 0.567780 -117.587854 113.356607 319.016190
15.734879 3.423805 8.609694 15.734879 3.423805 8.609694 1.493054 0.087525 0.783957 -324.309387 5.678111 401.573107
16.564200 3.471922 9.155921 16.564200 3.471922 9.155921 1.257791 0.063833 1.042746 -459.897971 -84.650466 461.058874
17.229574 3.489856 9.863782 17.229574 3.489856 9.863782 0.949258 -0.012603 1.315495 -568.545628 -170.135015 448.102685
17.695505 3.448019 10.729021 17.695505 3.448019 10.729021 0.601700 -0.132936 1.560778 -589.983404 -230.974492 369.508312
17.951946 3.326591 11.724480 17.951946 3.326591 11.724480 0.255804 -0.271976 1.744886 -563.003182 -232.494898 244.183745
18.008620 3.124576 12.805779 18.008620 3.124576 12.805779 -0.059339 -0.396374 1.843464 -487.473080 -182.164740 84.410760
17.893006 2.858231 13.915168 17.893006 2.858231 13.915168 -0.313148 -0.484331 1.834698 -358.556667 -111.023915 -113.632282
17.649562 2.553979 14.982226 17.649562 2.553979 14.982226 -0.483355 -0.519287 1.699981 -208.799086 -5.496463 -335.423674
17.330045 2.248934 15.930468 17.330045 2.248934 15.930468 -0.568238 -0.485004 1.441877 -74.144224 119.772802 -524.921338
16.982450 1.985773 16.693278 16.982450 1.985773 16.693278 -0.579257 -0.381726 1.087773 37.415064 224.486419 -655.425110
16.647462 1.801406 17.222440 16.647462 1.801406 17.222440 -0.527648 -0.225731 0.666887 134.613465 295.496742 -747.529853
16.358286 1.722228 17.486610 16.358286 1.722228 17.486610 -0.430972 -0.033077 0.211338 187.641717 346.684216 -770.966913
16.133460 1.764521 17.478692 16.133460 1.764521 17.478692 -0.318476 0.173616 -0.230980 187.341903 342.293468 -703.425106
15.973610 1.925726 17.221227 15.973610 1.925726 17.221227 -0.218501 0.356104 -0.614335 145.908067 265.998625 -574.427034
15.866621 2.181241 16.760933 15.866621 2.181241 16.760933 -0.141713 0.485570 -0.900471 110.054957 165.554768 -379.358832
15.796676 2.494485 16.166147 15.796676 2.494485 16.166147 -0.099318 0.545415 -1.059181 31.258995 33.927827 -149.672770
15.739155 2.817631 15.517567 15.739155 2.817631 15.517567 -0.098346 0.514723 -1.079637 -28.017057 -136.234163 81.483513
15.673478 3.092662 14.897481 15.673478 3.092662 14.897481 -0.123286 0.386576 -0.965603 -55.118257 -290.922518 298.630380
15.588763 3.265343 14.383298 15.588763 3.265343 14.383298 -0.160468 0.177534 -0.729293 -68.821802 -405.883741 489.069850
15.482051 3.294361 14.041329 15.482051 3.294361 14.041329 -0.191975 -0.088212 -0.397982 -36.200974 -479.935708 615.300605
15.363436 3.153575 13.916199 15.363436 3.153575 13.916199 -0.198263 -0.383529 -0.014274 15.240614 -504.454109 663.724565
15.251533 2.834485 14.025538 15.251533 2.834485 14.025538 -0.167565 -0.677053 0.376122 87.087766 -473.958433 637.598059
15.173039 2.349722 14.360483 15.173039 2.349722 14.360483 -0.083467 -0.927525 0.731204 193.239315 -360.949305 546.005672
15.163825 1.738759 14.887725 15.163825 1.738759 14.887725 0.062894 -1.091480 1.010003 294.630983 -185.566678 383.324320
15.256790 1.059523 15.553502 15.256790 1.059523 15.553502 0.250647 -1.157551 1.193881 331.212394 -34.672183 229.602941
15.466797 0.358751 16.311159 15.466797 0.358751 16.311159 0.449375 -1.178355 1.331642 331.212394 -34.672183 229.602941
