8.743860 2.759027 -7.243640 8.743860 2.759027 -7.243640 -0.473195 -1.165747 0.668203 493.741032 93.317170 -270.309613
8.548816 2.076376 -6.891374 8.548816 2.076376 -6.891374 -0.176951 -1.109756 0.506017 493.741032 93.317170 -270.309613
8.537568 1.436099 -6.631717 8.537568 1.436099 -6.631717 0.149542 -1.009868 0.367347 594.569001 239.643156 -191.923056
8.739267 0.883940 -6.439238 8.739267 0.883940 -6.439238 0.531037 -0.812951 0.285278 677.078750 416.746773 -81.638842
9.178950 0.477675 -6.277050 9.178950 0.477675 -6.277050 0.933219 -0.530447 0.264875 663.529348 524.933150 13.628236
9.852590 0.255878 -6.112218 9.852590 0.255878 -6.112218 1.302701 -0.205570 0.290321 568.077657 557.989909 71.191300
10.727270 0.232212 -5.923302 10.727270 0.232212 -5.923302 1.597576 0.125415 0.342579 414.838340 545.295545 103.001487
11.749167 0.400719 -5.698004 11.749167 0.400719 -5.698004 1.789883 0.428117 0.410428 226.183761 463.711541 123.163289
12.851217 0.731809 -5.432227 12.851217 0.731809 -5.432227 1.862627 0.660098 0.471081 16.296720 309.556234 79.010905
13.960328 1.173596 -5.139099 13.960328 1.173596 -5.139099 1.815412 0.795876 0.499776 -173.678260 143.037900 16.639465
15.008667 1.665748 -4.839457 15.008667 1.665748 -4.839457 1.662975 0.826095 0.493666 -334.444509 -42.307261 -37.005848
15.938917 2.142434 -4.552924 15.938917 2.142434 -4.552924 1.425633 0.743930 0.456436 -456.696017 -231.576954 -87.094621
16.707828 2.538178 -4.297738 16.707828 2.538178 -4.297738 1.130295 0.560333 0.389189 -527.766393 -380.414302 -137.062799
17.290869 2.800060 -4.089423 17.290869 2.800060 -4.089423 0.812947 0.302868 0.304317 -530.059535 -477.801163 -145.841392
17.686305 2.893683 -3.931034 17.686305 2.893683 -3.931034 0.510304 0.005720 0.227061 -478.749465 -512.692243 -111.680777
17.911985 2.805817 -3.810069 17.911985 2.805817 -3.810069 0.251416 -0.296962 0.184210 -384.210749 -496.247637 -31.154409
18.000389 2.543189 -3.699098 18.000389 2.543189 -3.699098 0.054453 -0.570342 0.195781 -272.331377 -415.019285 69.723174
17.990835 2.134299 -3.561353 17.990835 2.134299 -3.561353 -0.074975 -0.779259 0.276246 -159.096938 -281.371993 198.493090
17.924305 1.625079 -3.352045 17.924305 1.625079 -3.352045 -0.134974 -0.903169 0.434500 -40.899262 -131.658549 329.022583
17.841243 1.068691 -3.024843 17.841243 1.068691 -3.024843 -0.133091 -0.936104 0.668306 47.175693 21.873530 450.329455
17.772201 0.520062 -2.538900 17.772201 0.520062 -2.538900 -0.093179 -0.877499 0.958002 85.864123 173.478129 515.324751
17.731821 0.031575 -1.869321 17.731821 0.031575 -1.869321 -0.041304 -0.739481 1.277294 87.053311 286.581988 548.983075
17.721796 -0.356838 -1.005580 17.721796 -0.356838 -1.005580 0.006367 -0.549077 1.599422 71.849626 348.095214 524.776908
17.735530 -0.623022 0.043001 17.735530 -0.623022 0.043001 0.034383 -0.337196 1.886624 21.536810 358.174811 432.560262
17.755664 -0.763627 1.243551 17.755664 -0.763627 1.243551 0.025444 -0.136084 2.099736 -51.333297 312.199908 277.815229
17.759064 -0.793401 2.542629 17.759064 -0.793401 2.542629 -0.018489 0.029640 2.212572 -95.110341 240.214669 98.304407
17.729066 -0.738476 3.874223 17.729066 -0.738476 3.874223 -0.084478 0.143277 2.203333 -124.854107 138.574474 -129.100799
17.655370 -0.635190 5.160267 17.655370 -0.635190 5.160267 -0.162068 0.188305 2.062285 -133.778880 11.517711 -341.061512
17.535712 -0.526537 6.325843 17.535712 -0.526537 6.325843 -0.234021 0.163199 1.805631 -106.063467 -95.202217 -514.451459
17.380506 -0.449659 7.307606 17.380506 -0.449659 7.307606 -0.276170 0.086551 1.451889 -34.431472 -160.293324 -664.687775
17.214655 -0.429103 8.055600 17.214655 -0.429103 8.055600 -0.266582 -0.022234 1.035600 66.388596 -202.320993 -722.942045
17.072683 -0.478720 8.547283 17.072683 -0.478720 8.547283 -0.196614 -0.142918 0.604094 166.838065 -199.961958 -715.410344
16.991237 -0.597630 8.785960 16.991237 -0.597630 8.785960 -0.064051 -0.248726 0.199820 275.040352 -152.730539 -632.171112
17.007985 -0.769602 8.800583 17.007985 -0.769602 8.800583 0.129330 -0.316587 -0.136872 369.561940 -73.473637 -490.134490
17.155366 -0.965851 8.642122 17.155366 -0.965851 8.642122 0.367374 -0.326030 -0.371520 423.920083 41.998356 -292.025613
17.451987 -1.147404 8.381140 17.451987 -1.147404 8.381140 0.621180 -0.268303 -0.474262 422.098896 150.426047 -50.446796
17.897600 -1.276611 8.100581 17.897600 -1.276611 8.100581 0.859076 -0.154557 -0.439140 370.887602 228.727052 167.519341
18.473485 -1.323650 7.880657 18.473485 -1.323650 7.880657 1.050006 0.005297 -0.271595 265.545599 304.119193 390.962313
19.141571 -1.264165 7.798257 19.141571 -1.264165 7.798257 1.160753 0.195598 0.013900 103.612410 330.216468 560.690493
19.844205 -1.090090 7.912050 19.844205 -1.090090 7.912050 1.160582 0.380112 0.372960 -104.182804 284.831383 636.175582
20.511993 -0.814743 8.252418 20.511993 -0.814743 8.252418 1.049030 0.531063 0.765067 -267.657874 218.336979 670.845741
21.093233 -0.456805 8.832210 21.093233 -0.456805 8.832210 0.888435 0.662065 1.167574 -267.657874 218.336979 670.845741
