1.366564 3.615000 -4.329596 1.366564 3.615000 -4.329596 1.162517 0.538895 2.358240 -168.351065 -541.866062 -366.537861
2.033771 3.840802 -2.980629 2.033771 3.840802 -2.980629 1.061507 0.213776 2.138318 -168.351065 -541.866062 -366.537861
2.639885 3.869172 -1.772709 2.639885 3.869172 -1.772709 0.958060 -0.123138 1.872926 -176.470264 -581.179114 -518.102122
3.183793 3.692300 -0.750979 3.183793 3.692300 -0.750979 0.856363 -0.463733 1.518231 -162.521363 -554.137168 -664.214348
3.672274 3.318865 0.037150 3.672274 3.318865 0.037150 0.778434 -0.773470 1.103449 -97.242681 -478.320906 -718.390214
4.128046 2.776980 0.571677 4.128046 2.776980 0.571677 0.751168 -1.018985 0.681252 6.356816 -340.062042 -688.933212
4.587226 2.115600 0.861894 4.587226 2.115600 0.861894 0.791656 -1.166911 0.295258 128.603153 -153.025133 -597.714653
5.092825 1.398421 0.940815 5.092825 1.398421 0.940815 0.906101 -1.206169 -0.016593 252.880542 22.165107 -441.787015
5.689626 0.689725 0.863063 5.689626 0.689725 0.863063 1.095938 -1.137791 -0.223041 379.909878 205.763642 -246.375576
6.420566 0.053637 0.697200 6.420566 0.053637 0.697200 1.348852 -0.966587 -0.309321 463.137105 364.914096 -41.222172
7.315917 -0.454728 0.516546 7.315917 -0.454728 0.516546 1.640109 -0.718126 -0.272260 507.717371 463.290510 164.758942
8.390288 -0.799494 0.393379 8.390288 -0.799494 0.393379 1.939320 -0.426563 -0.120745 489.655245 508.584498 340.291366
9.636715 -0.964749 0.389346 9.636715 -0.964749 0.389346 2.206597 -0.125724 0.119240 401.265781 494.214047 459.655765
11.025237 -0.956116 0.547000 11.025237 -0.956116 0.547000 2.409039 0.146351 0.411893 273.542593 412.702405 515.856480
12.508612 -0.801381 0.886897 12.508612 -0.801381 0.886897 2.516733 0.357161 0.720939 85.436355 289.996700 514.294381
14.021519 -0.543511 1.409219 14.021519 -0.543511 1.409219 2.505438 0.488027 1.015446 -123.087781 146.222802 467.396942
15.490061 -0.233964 2.096315 15.490061 -0.233964 2.096315 2.368761 0.527819 1.264372 -332.502171 -13.582723 362.357992
16.838990 0.072390 2.912480 16.838990 0.072390 2.912480 2.106875 0.480204 1.443371 -540.448193 -145.132339 234.304786
17.997793 0.328376 3.813174 17.997793 0.328376 3.813174 1.742398 0.363061 1.546433 -674.476882 -245.345742 109.234450
18.916830 0.497356 4.753254 18.916830 0.497356 4.753254 1.312734 0.192386 1.574764 -757.736072 -323.571118 -14.798516
19.567451 0.553850 5.689563 19.567451 0.553850 5.689563 0.854955 -0.005230 1.536460 -768.193159 -335.149423 -112.879297
19.945801 0.494053 6.587911 19.945801 0.494053 6.587911 0.412299 -0.187983 1.452680 -707.328070 -274.025131 -166.387480
20.073988 0.336072 7.428397 20.073988 0.336072 7.428397 0.028536 -0.331729 1.346985 -571.882451 -205.129259 -185.929412
20.000546 0.106596 8.204313 20.000546 0.106596 8.204313 -0.252718 -0.422385 1.241390 -365.631568 -97.058133 -166.055147
19.795982 -0.156885 8.922338 19.795982 -0.156885 8.922338 -0.407693 -0.443518 1.157161 -150.951164 26.616809 -114.708771
19.538771 -0.412829 9.599618 19.538771 -0.412829 9.599618 -0.425380 -0.400665 1.106493 91.996743 116.225198 -54.184847
19.313302 -0.627776 10.256919 19.313302 -0.627776 10.256919 -0.304188 -0.308276 1.089774 311.975201 191.737526 -1.544653
19.197132 -0.774955 10.913354 19.197132 -0.774955 10.913354 -0.066063 -0.176863 1.103093 481.776336 246.308090 45.941391
19.250439 -0.837499 11.584052 19.250439 -0.837499 11.584052 0.254124 -0.032884 1.133519 585.512597 233.619429 55.480662
19.511662 -0.818894 12.272480 19.511662 -0.818894 12.272480 0.622213 0.088707 1.158455 641.449009 171.686370 27.638541
19.999345 -0.739245 12.970024 19.999345 -0.739245 12.970024 1.001558 0.169321 1.162521 623.037177 97.024555 -14.086106
20.705883 -0.626360 13.659959 20.705883 -0.626360 13.659959 1.342662 0.196679 1.128856 513.973622 -5.830574 -98.129493
21.594682 -0.516504 14.312758 21.594682 -0.516504 14.312758 1.604480 0.157673 1.035723 358.755047 -124.190399 -212.313496
22.611549 -0.449889 14.890402 22.611549 -0.449889 14.890402 1.767745 0.054986 0.880466 185.459972 -218.097297 -305.212609
23.695012 -0.458952 15.359320 23.695012 -0.458952 15.359320 1.826188 -0.089861 0.675225 9.349943 -264.726768 -378.921037
24.781716 -0.562534 15.693230 24.781716 -0.562534 15.693230 1.778338 -0.258766 0.432776 -168.849227 -298.291474 -429.244194
25.809066 -0.769494 15.875029 25.809066 -0.769494 15.875029 1.630730 -0.427779 0.172216 -323.176063 -265.084121 -439.288796
26.724630 -1.068566 15.902377 26.724630 -1.068566 15.902377 1.413310 -0.560279 -0.075907 -401.556901 -176.581053 -387.788262
27.498047 -1.429031 15.794168 27.498047 -1.429031 15.794168 1.160935 -0.628795 -0.272895 -439.694339 -51.807189 -268.836992
28.115233 -1.807751 15.590586 28.115233 -1.807751 15.590586 0.895969 -0.620466 -0.391467 -443.527387 79.569477 -126.405344
28.576946 -2.156845 15.343327 28.576946 -2.156845 15.343327 0.649682 -0.528406 -0.415441 -377.426968 227.299199 46.492681
28.904195 -2.424391 15.114054 28.904195 -2.424391 15.114054 0.450111 -0.349107 -0.329429 -287.811247 370.364794 240.213805
29.127934 -2.561311 14.970892 29.127934 -2.561311 14.970892 0.304813 -0.097499 -0.129016 -196.514245 468.326845 427.829570
29.281192 -2.533161 14.977384 29.281192 -2.533161 14.977384 0.215623 0.195250 0.162145 -100.786930 507.504082 542.706418
29.392425 -2.324660 15.172358 29.392425 -2.324660 15.172358 0.155151 0.499753 0.487768 -100.786930 507.504082 542.706418
