-10.594904 -6.331281 3.559212 -10.594904 -6.331281 3.559212 -0.656518 0.774778 -0.461544 422.085854 251.242302 -322.917002
-10.912839 -5.821191 3.224160 -10.912839 -5.821191 3.224160 -0.403266 0.925523 -0.655295 422.085854 251.242302 -322.917002
-11.069631 -5.228926 2.774135 -11.069631 -5.228926 2.774135 -0.104053 1.034908 -0.842662 575.293192 113.374247 -301.641653
-11.019091 -4.597940 2.217670 -11.019091 -4.597940 2.217670 0.288219 1.051100 -1.006506 732.278387 -59.399141 -244.503459
-10.711106 -3.986312 1.575700 -10.711106 -3.986312 1.575700 0.743800 0.973758 -1.123488 786.326368 -198.407491 -145.438483
-10.124241 -3.443648 0.883098 -10.124241 -3.443648 0.883098 1.210826 0.825325 -1.172403 770.425576 -296.369086 -17.611011
-9.263598 -3.005040 0.186271 -9.263598 -3.005040 0.186271 1.650439 0.631300 -1.134046 694.950417 -350.383664 145.466951
-8.157766 -2.689137 -0.457909 -8.157766 -2.689137 -0.457909 2.019795 0.422031 -0.996444 536.237247 -347.179642 313.208619
-6.862488 -2.495123 -0.990248 -6.862488 -2.495123 -0.990248 2.275928 0.230162 -0.762770 317.540463 -292.381942 465.703104
-5.453453 -2.403814 -1.357498 -5.453453 -2.403814 -1.357498 2.398059 0.083937 -0.450419 89.562713 -195.033979 575.466653
-4.012245 -2.382327 -1.520589 -4.012245 -2.382327 -1.520589 2.383051 -0.001934 -0.087258 -139.589604 -91.203589 635.070854
-2.619747 -2.391916 -1.459713 -2.619747 -2.391916 -1.459713 2.238262 -0.016713 0.288372 -343.041739 41.940851 617.029684
-1.348111 -2.388234 -1.179609 -1.348111 -2.388234 -1.179609 1.984572 0.039250 0.638670 -502.591366 144.601685 550.628695
-0.253520 -2.334926 -0.706512 -0.253520 -2.334926 -0.706512 1.654587 0.144662 0.922955 -597.358257 206.770976 396.990261
0.630411 -2.208594 -0.092193 0.630411 -2.208594 -0.092193 1.289689 0.280302 1.106589 -618.968239 245.363402 215.121509
1.295669 -1.996232 0.597163 1.295669 -1.996232 0.597163 0.932605 0.427599 1.169064 -571.310855 245.626616 -6.869487
1.758567 -1.699529 1.283467 1.758567 -1.699529 1.283467 0.620672 0.554627 1.095455 -468.466893 177.800234 -238.495150
2.055675 -1.340243 1.885411 2.055675 -1.340243 1.885411 0.384734 0.633835 0.890358 -317.994306 86.225394 -445.162884
2.239911 -0.950092 2.329385 2.239911 -0.950092 2.329385 0.247113 0.657219 0.572702 -140.740683 -8.279832 -613.687511
2.372743 -0.563703 2.556969 2.372743 -0.563703 2.556969 0.212156 0.619993 0.176622 24.218374 -115.804524 -706.580871
2.514031 -0.218271 2.534935 2.514031 -0.218271 2.534935 0.274862 0.521913 -0.251442 184.800963 -211.130161 -720.298102
2.719151 0.054326 2.257347 2.719151 0.054326 2.257347 0.420433 0.382498 -0.668965 300.435035 -253.585174 -671.446205
3.029031 0.237639 1.743185 3.029031 0.237639 1.743185 0.618403 0.227645 -1.031447 359.466183 -262.594044 -536.826905
3.465832 0.328564 1.037824 3.465832 0.328564 1.037824 0.839358 0.078111 -1.302862 377.047611 -235.849606 -367.890356
4.035861 0.338532 0.203014 4.035861 0.338532 0.203014 1.058316 -0.035628 -1.457961 352.813188 -143.282750 -149.107147
4.729970 0.298571 -0.683909 4.729970 0.298571 -0.683909 1.248069 -0.085559 -1.473960 279.697260 -23.153910 95.778392
5.524313 0.251106 -1.539118 5.524313 0.251106 -1.539118 1.391668 -0.059265 -1.356856 198.966994 110.802713 294.568234
6.390112 0.243830 -2.289991 6.390112 0.243830 -2.289991 1.485972 0.048910 -1.129025 115.377393 249.780487 464.867495
7.297045 0.324429 -2.876008 7.297045 0.324429 -2.876008 1.528104 0.230240 -0.811491 25.064910 354.652877 593.579775
8.215132 0.531435 -3.252997 8.215132 0.531435 -3.252997 1.526712 0.468152 -0.440041 -29.706905 438.385342 644.587994
9.125276 0.892683 -3.401961 9.125276 0.892683 -3.401961 1.506208 0.738424 -0.058112 -38.638209 462.523488 628.508673
10.023582 1.415651 -3.329540 10.023582 1.415651 -3.329540 1.490703 0.999230 0.289774 -13.045647 406.828587 531.111839
10.916947 2.083805 -3.066715 10.916947 2.083805 -3.066715 1.489333 1.220261 0.575246 8.479571 329.942067 420.459495
11.812073 2.875351 -2.645884 11.812073 2.875351 -2.645884 1.494421 1.418227 0.827521 8.479571 329.942067 420.459495
