-6.812947 -1.037748 -11.004254 -6.812947 -1.037748 -11.004254 1.018770 -0.516512 -0.456606 -55.438793 -44.395932 728.399340
-6.211664 -1.355647 -11.147106 -6.211664 -1.355647 -11.147106 0.985506 -0.543150 -0.019567 -55.438793 -44.395932 728.399340
-5.628795 -1.679317 -11.028275 -5.628795 -1.679317 -11.028275 0.959965 -0.518735 0.414770 -29.698516 125.779224 719.390030
-5.055462 -1.956538 -10.654587 -5.055462 -1.956538 -10.654587 0.955643 -0.386371 0.823081 15.292752 315.434289 641.645858
-4.474693 -2.124178 -10.052871 -4.474693 -2.124178 -10.052871 0.987971 -0.160088 1.169925 92.466133 438.841333 514.500823
-3.860171 -2.137187 -9.268788 -3.860171 -2.137187 -9.268788 1.068925 0.123479 1.426215 177.379493 506.383023 339.798618
-3.179981 -1.971175 -8.362254 -3.179981 -1.971175 -8.362254 1.209890 0.431187 1.578303 292.504124 519.310896 167.163310
-2.396624 -1.621426 -7.396617 -2.396624 -1.621426 -7.396617 1.409253 0.730578 1.621431 372.039814 478.659007 -23.404622
-1.481187 -1.103482 -6.437103 -1.481187 -1.103482 -6.437103 1.647068 0.984965 1.561727 420.676924 369.294955 -175.608512
-0.417145 -0.454544 -5.538916 -0.417145 -0.454544 -5.538916 1.899869 1.163973 1.420166 421.993458 227.399593 -296.260438
0.795557 0.274763 -4.742816 0.795557 0.274763 -4.742816 2.137173 1.250367 1.229043 369.019467 60.579656 -340.817855
2.138971 1.026864 -4.067840 2.138971 1.026864 -4.067840 2.332017 1.241598 1.019043 280.460151 -89.807410 -359.182492
3.579817 1.747605 -3.518370 3.579817 1.747605 -3.518370 2.456060 1.147454 0.817018 133.018102 -224.008204 -314.232837
5.065573 2.390175 -3.080264 5.065573 2.390175 -3.080264 2.476754 0.985144 0.650763 -64.037970 -317.022594 -239.950037
6.529346 2.921821 -2.727729 6.529346 2.921821 -2.727729 2.384566 0.783045 0.533137 -243.257284 -356.642636 -152.137018
7.905046 3.328035 -2.429544 7.905046 3.328035 -2.429544 2.182344 0.571975 0.470289 -430.816583 -346.924240 -57.356704
9.128365 3.612061 -2.151874 9.128365 3.612061 -2.151874 1.881154 0.380259 0.464980 -573.148853 -292.129675 39.659652
10.148250 3.793256 -1.862497 10.148250 3.793256 -1.862497 1.509062 0.233095 0.505030 -667.157190 -198.415010 93.839661
10.932296 3.904903 -1.542580 10.932296 3.904903 -1.542580 1.102253 0.151568 0.561372 -688.874914 -73.341253 93.968728
11.472580 3.989231 -1.188603 11.472580 3.989231 -1.188603 0.703579 0.140507 0.618951 -640.038588 36.470668 97.961574
11.786115 4.085177 -0.802434 11.786115 4.085177 -0.802434 0.352529 0.187771 0.663552 -530.126370 121.074988 50.709451
11.912696 4.224186 -0.399458 11.912696 4.224186 -0.399458 0.086884 0.283181 0.672566 -355.358652 196.959690 -20.663293
11.914320 4.430718 -0.003023 11.914320 4.430718 -0.003023 -0.059039 0.407213 0.643241 -131.048774 216.479039 -77.088008
11.870267 4.712417 0.366259 11.870267 4.712417 0.366259 -0.062874 0.529124 0.583053 118.265780 189.891662 -123.536757
11.866637 5.060397 0.691942 11.866637 5.060397 0.691942 0.072117 0.624682 0.499370 331.702293 128.634406 -155.407493
11.980296 5.452534 0.963729 11.980296 5.452534 0.963729 0.324550 0.672735 0.406818 509.741304 31.540855 -153.101210
12.275243 5.855383 1.183639 12.275243 5.855383 1.183639 0.672716 0.659311 0.331841 650.811402 -76.285468 -96.821049
12.800168 6.231216 1.371263 12.800168 6.231216 1.371263 1.083949 0.583429 0.303487 719.967110 -176.656439 2.307017
13.578506 6.543890 1.561307 13.578506 6.543890 1.561307 1.507798 0.449510 0.342555 692.861668 -269.739846 127.920009
14.602516 6.762348 1.795610 14.602516 6.762348 1.795610 1.896598 0.274195 0.448031 603.137526 -314.642613 223.666646
15.849039 6.870230 2.104689 15.849039 6.870230 2.104689 2.258480 0.085409 0.582231 603.137526 -314.642613 223.666646
