9.487735 -0.621131 -4.889210 9.487735 -0.621131 -4.889210 1.304232 0.210968 1.183287 -108.901487 285.654824 -158.088191
10.250672 -0.443132 -4.207694 10.250672 -0.443132 -4.207694 1.238891 0.382361 1.088434 -108.901487 285.654824 -158.088191
10.966027 -0.165337 -3.578649 10.966027 -0.165337 -3.578649 1.131668 0.538560 1.015783 -248.507280 235.008710 -84.082651
11.589670 0.194290 -2.980547 11.589670 0.194290 -2.980547 0.929428 0.650513 0.984165 -425.625897 138.170448 -21.312058
12.062371 0.605054 -2.390405 12.062371 0.605054 -2.390405 0.632336 0.711340 0.988778 -564.680918 64.585975 36.688393
12.335148 1.037129 -1.789485 12.335148 1.037129 -1.789485 0.268619 0.718320 1.016035 -647.708890 -41.319830 54.168219
12.377809 1.453322 -1.168978 12.377809 1.453322 -1.168978 -0.129624 0.656721 1.054215 -679.769690 -164.009650 73.101613
12.180291 1.815217 -0.525427 12.180291 1.815217 -0.525427 -0.524412 0.545235 1.087396 -636.187904 -207.610140 37.498687
11.759550 2.103550 0.129300 11.759550 2.103550 0.129300 -0.864023 0.413477 1.087595 -495.850322 -231.585782 -36.835394
11.160218 2.311248 0.770624 11.160218 2.311248 0.770624 -1.119858 0.281013 1.042483 -356.931667 -209.958008 -113.538035
10.424056 2.442064 1.375677 10.424056 2.442064 1.375677 -1.334017 0.155039 0.974360 -356.931667 -209.958008 -113.538035
