0.269256 1.509652 -5.968985 0.269256 1.509652 -5.968985 0.759073 -0.465962 0.680898 505.167748 -472.524753 -174.839144
0.815630 1.145021 -5.591918 0.815630 1.145021 -5.591918 1.062174 -0.749476 0.575995 505.167748 -472.524753 -174.839144
1.534666 0.617115 -5.280867 1.534666 0.617115 -5.280867 1.319285 -0.998816 0.455718 351.868821 -358.607614 -226.082505
2.374897 -0.036754 -5.049692 2.374897 -0.036754 -5.049692 1.457021 -1.164131 0.312263 107.251790 -192.441045 -252.102153
3.253934 -0.759311 -4.905507 3.253934 -0.759311 -4.905507 1.448968 -1.226794 0.172027 -134.094387 -16.435430 -215.348854
4.086482 -1.486491 -4.836743 4.086482 -1.486491 -4.836743 1.305035 -1.177381 0.064373 -345.683060 181.145928 -143.499051
4.796701 -2.149662 -4.817753 4.796701 -2.149662 -4.817753 1.044730 -1.015438 0.009252 -521.999420 358.663260 -40.238451
5.321780 -2.686333 -4.810808 5.321780 -2.686333 -4.810808 0.692532 -0.760076 0.028293 -651.993163 492.543647 103.709491
5.616838 -3.049115 -4.765689 5.616838 -3.049115 -4.765689 0.285826 -0.441525 0.137895 -703.694432 569.290664 261.630920
5.663443 -3.211583 -4.626367 5.663443 -3.211583 -4.626367 -0.127521 -0.100073 0.342332 -674.129415 568.884689 419.825221
5.470951 -3.172453 -4.338667 5.470951 -3.172453 -4.338667 -0.505177 0.225127 0.627887 -584.722829 515.114790 532.023083
5.071592 -2.950921 -3.861449 5.071592 -2.950921 -3.861449 -0.811022 0.502874 0.970709 -434.762105 410.708171 610.719302
4.517922 -2.584833 -3.167931 4.517922 -2.584833 -3.167931 -1.015881 0.701477 1.342955 -248.098631 251.303500 630.100656
3.875609 -2.129448 -2.252264 3.875609 -2.129448 -2.252264 -1.105371 0.798577 1.703393 -50.204120 72.362879 571.359046
3.214411 -1.647781 -1.134118 3.214411 -1.647781 -1.134118 -1.080187 0.789476 2.012538 134.152156 -102.702093 459.123771
2.599816 -1.202292 0.145872 2.599816 -1.202292 0.145872 -0.952847 0.679304 2.237137 290.312818 -264.537664 289.538427
2.087494 -0.848756 1.526754 2.087494 -0.848756 1.526754 -0.743009 0.488432 2.343274 409.149145 -371.699895 64.253517
1.718459 -0.625788 2.930360 1.718459 -0.625788 2.930360 -0.481903 0.249484 2.312203 461.202420 -424.793181 -167.824159
1.511843 -0.552644 4.275230 1.511843 -0.552644 4.275230 -0.207633 -0.005812 2.150293 453.032286 -426.194001 -371.876995
1.466411 -0.629407 5.487002 1.466411 -0.629407 5.487002 0.052197 -0.244332 1.869840 413.067608 -368.872569 -562.966916
1.566334 -0.836784 6.499827 1.566334 -0.836784 6.499827 0.271301 -0.437560 1.493334 317.277905 -275.220274 -692.051999
1.779960 -1.141029 7.267881 1.779960 -1.141029 7.267881 0.430344 -0.563539 1.061216 212.866739 -144.711090 -748.341681
2.070773 -1.496465 7.770942 2.070773 -1.496465 7.770942 0.529519 -0.606689 0.617378 117.716670 0.876095 -731.117760
2.403797 -1.852551 8.015761 2.403797 -1.852551 8.015761 0.570766 -0.567315 0.208676 19.773892 130.372540 -631.221893
2.746141 -2.163317 8.037146 2.746141 -2.163317 8.037146 0.564254 -0.458313 -0.121064 -41.482719 232.967212 -467.912560
3.076310 -2.392724 7.892874 3.076310 -2.392724 7.892874 0.534784 -0.300296 -0.338854 -56.748544 293.755809 -258.053908
3.387404 -2.519977 7.655846 3.387404 -2.519977 7.655846 0.502927 -0.123801 -0.430016 -49.442524 294.560807 -45.817413
3.681746 -2.543369 7.403427 3.681746 -2.543369 7.403427 0.480690 0.042273 -0.388321 -24.680978 259.017785 184.800629
3.969421 -2.475531 7.215451 3.969421 -2.475531 7.215451 0.484401 0.176941 -0.218677 37.051308 189.877438 380.676930
4.271101 -2.341295 7.160691 4.271101 -2.341295 7.160691 0.528482 0.260331 0.049352 109.884186 88.089585 512.753314
4.610902 -2.175630 7.286936 4.610902 -2.175630 7.286936 0.609076 0.281240 0.378693 158.764840 -18.392954 585.051157
5.006073 -2.015288 7.621335 5.006073 -2.015288 7.621335 0.710075 0.244745 0.739097 177.897447 -103.257093 616.293769
5.464225 -1.891402 8.172174 5.464225 -1.891402 8.172174 0.817239 0.160916 1.091111 179.316211 -176.174295 557.086621
5.983706 -1.829010 8.919493 5.983706 -1.829010 8.919493 0.909133 0.042984 1.387251 126.996669 -216.932467 430.047894
6.546524 -1.840861 9.820934 6.546524 -1.840861 9.820934 0.957725 -0.080146 1.603690 34.978414 -193.501649 291.414657
7.121514 -1.919656 10.825525 7.121514 -1.919656 10.825525 0.949003 -0.175631 1.728150 -64.051936 -124.781434 123.453722
7.672011 -2.042410 11.875127 7.672011 -2.042410 11.875127 0.873697 -0.225071 1.754670 -186.970449 -40.016806 -35.054538
8.155363 -2.177443 12.913704 8.155363 -2.177443 12.913704 0.725458 -0.213017 1.694061 -307.159152 80.195558 -166.975911
8.530069 -2.283363 13.894508 8.530069 -2.283363 13.894508 0.514761 -0.127626 1.565994 -395.162051 204.440619 -259.912215
8.765635 -2.317226 14.783280 8.765635 -2.317226 14.783280 0.266856 0.024607 1.389844 -431.188432 303.004750 -327.257640
8.847853 -2.243656 15.558952 8.847853 -2.243656 15.558952 0.006734 0.227735 1.196850 -435.884580 374.087495 -316.055711
8.777369 -2.037990 16.221778 8.777369 -2.037990 16.221778 -0.235125 0.460633 1.015250 -370.313136 402.239387 -289.275498
8.577601 -1.690667 16.782693 8.577601 -1.690667 16.782693 -0.417498 0.694675 0.860856 -237.596107 377.902401 -225.370483
8.293951 -1.210782 17.263753 8.293951 -1.210782 17.263753 -0.511973 0.896705 0.751198 -77.322191 295.528218 -140.158964
7.985136 -0.627461 17.693048 7.985136 -0.627461 17.693048 -0.496933 1.034538 0.686128 127.456090 163.916206 -76.739745
7.723064 0.012847 18.094655 7.723064 0.012847 18.094655 -0.354732 1.083289 0.658802 346.548231 -1.411719 -14.347714
7.581935 0.653593 18.488567 7.581935 0.653593 18.488567 -0.100143 1.037573 0.656259 502.080306 -150.977428 5.871438
7.612224 1.248960 18.883379 7.612224 1.248960 18.883379 0.201105 0.946986 0.659782 502.080306 -150.977428 5.871438
