-8.786861 -2.361225 9.481901 -8.786861 -2.361225 9.481901 1.589319 -0.011163 1.882865 -371.138777 87.984525 -558.906534
-7.900075 -2.352086 10.511017 -7.900075 -2.352086 10.511017 1.366635 0.041627 1.547521 -371.138777 87.984525 -558.906534
-7.146841 -2.316583 11.334313 -7.146841 -2.316583 11.334313 1.144238 0.067867 1.189113 -370.185287 -0.520691 -635.786417
-6.524081 -2.282285 11.929725 -6.524081 -2.282285 11.929725 0.936378 0.035914 0.789572 -322.681081 -105.988245 -696.016794
-6.015731 -2.284947 12.280912 -6.015731 -2.284947 12.280912 0.765797 -0.053346 0.385595 -245.923698 -191.543431 -650.574625
-5.594822 -2.355034 12.402048 -5.594822 -2.355034 12.402048 0.646733 -0.186277 0.029660 -150.956525 -251.561851 -535.872885
-5.227020 -2.511853 12.331615 -5.227020 -2.511853 12.331615 0.590828 -0.336076 -0.250722 -35.391941 -247.768141 -398.735123
-4.873935 -2.754938 12.118883 -4.873935 -2.754938 12.118883 0.594388 -0.468940 -0.442596 47.256470 -195.110796 -240.845211
-4.505770 -3.067113 11.821223 -4.505770 -3.067113 11.821223 0.637874 -0.564463 -0.530854 97.698272 -123.299500 -53.345980
-4.103078 -3.420621 11.501553 -4.103078 -3.420621 11.501553 0.708398 -0.601622 -0.520636 137.382278 -0.562987 87.405124
-3.653678 -3.773544 11.211100 -3.653678 -3.773544 11.211100 0.788990 -0.561202 -0.437218 131.257128 135.293768 190.653733
-3.160052 -4.077769 10.987330 -3.160052 -4.077769 10.987330 0.850774 -0.439309 -0.301610 74.689932 271.018973 261.373317
-2.638730 -4.286296 10.854426 -2.638730 -4.286296 10.854426 0.882655 -0.245322 -0.139710 31.579531 375.601511 278.293390
-2.107508 -4.362090 10.819063 -2.107508 -4.362090 10.819063 0.881327 -0.001008 0.019118 -36.006170 438.781164 251.134671
-1.588819 -4.282506 10.872961 -1.588819 -4.282506 10.872961 0.841589 0.268300 0.155910 -96.453777 458.910240 204.836124
-1.101745 -4.041743 10.997851 -1.101745 -4.041743 10.997851 0.781127 0.529546 0.251181 -105.085948 411.910795 112.734486
-0.652354 -3.655800 11.163501 -0.652354 -3.655800 11.163501 0.716231 0.747045 0.292068 -111.234641 313.085948 23.556780
-0.240172 -3.158988 11.339327 -0.240172 -3.158988 11.339327 0.661818 0.896047 0.287925 -70.143552 183.588311 -37.367818
0.150044 -2.598667 11.503023 0.150044 -2.598667 11.503023 0.648485 0.954432 0.253842 25.702430 11.027005 -76.241198
0.550211 -2.035445 11.640633 0.550211 -2.035445 11.640633 0.696155 0.903941 0.203238 133.197229 -179.330397 -92.438712
0.999467 -1.534702 11.747732 0.999467 -1.534702 11.747732 0.814011 0.749631 0.156752 259.655175 -335.034398 -62.515718
1.542050 -1.152783 11.833375 1.542050 -1.152783 11.833375 1.006998 0.510842 0.133462 383.635281 -460.932130 -15.116176
2.220533 -0.932944 11.914374 2.220533 -0.932944 11.914374 1.263329 0.215789 0.142608 470.802225 -522.575507 45.602172
3.065997 -0.897974 12.012933 3.065997 -0.897974 12.012933 1.559417 -0.099955 0.193899 516.158140 -529.905211 125.367177
4.094736 -1.050409 12.155889 4.094736 -1.050409 12.155889 1.870015 -0.403293 0.289371 519.168549 -481.222737 192.872155
5.307242 -1.371598 12.364887 5.307242 -1.371598 12.364887 2.166749 -0.654991 0.408386 469.945184 -357.770562 203.846957
6.684345 -1.819251 12.646376 6.684345 -1.819251 12.646376 2.411031 -0.820951 0.529520 344.328151 -195.429900 199.930163
8.182428 -2.335081 12.996735 8.182428 -2.335081 12.996735 2.565056 -0.878616 0.632775 169.085671 3.213973 144.254434
9.739936 -2.850200 13.396801 9.739936 -2.850200 13.396801 2.606702 -0.819326 0.691503 -30.263322 194.421223 51.507142
11.285619 -3.296659 13.813641 11.285619 -3.296659 13.813641 2.524091 -0.651971 0.685741 -245.106316 363.429284 -70.714930
12.744356 -3.615116 14.203090 12.744356 -3.615116 14.203090 2.319033 -0.397371 0.596979 -438.422435 485.234676 -225.157929
14.047803 -3.762423 14.511385 14.047803 -3.762423 14.511385 2.010697 -0.087366 0.415065 -589.362523 548.116681 -381.222165
15.141534 -3.714885 14.684589 15.141534 -3.714885 14.684589 1.624069 0.247987 0.150252 -699.396795 569.725023 -501.487349
15.988329 -3.466922 14.679440 15.988329 -3.466922 14.679440 1.195652 0.572928 -0.175802 -728.662077 513.411629 -585.361410
16.578695 -3.039227 14.467299 16.578695 -3.039227 14.467299 0.779126 0.838593 -0.533491 -659.757691 372.141485 -606.933195
16.933405 -2.476505 14.039832 16.933405 -2.476505 14.039832 0.413228 1.024784 -0.888276 -559.902492 248.493962 -575.683831
17.080560 -1.816905 13.403243 17.080560 -1.816905 13.403243 0.077286 1.173880 -1.233686 -559.902492 248.493962 -575.683831
