0.958795 4.939230 -7.467566 0.958795 4.939230 -7.467566 1.374090 0.324693 -0.133919 -102.911843 17.380496 -10.011741
1.764725 5.137175 -7.549720 1.764725 5.137175 -7.549720 1.312343 0.335121 -0.139926 -102.911843 17.380496 -10.011741
2.537773 5.335518 -7.635294 2.537773 5.335518 -7.635294 1.271429 0.316258 -0.145015 -33.468141 -80.256606 -6.951747
3.299348 5.504464 -7.721008 3.299348 5.504464 -7.721008 1.275053 0.236291 -0.136452 45.545932 -186.300402 35.495806
4.072598 5.608812 -7.793072 4.072598 5.608812 -7.793072 1.302482 0.105046 -0.098065 45.885029 -251.183727 92.460685
4.860816 5.625610 -7.830596 4.860816 5.625610 -7.830596 1.322360 -0.050744 -0.019226 20.374790 -268.117788 170.335442
5.655635 5.547340 -7.805196 5.655635 5.547340 -7.805196 1.323263 -0.209426 0.114351 -17.365213 -260.822791 274.922367
6.442435 5.378387 -7.683009 6.442435 5.378387 -7.683009 1.292685 -0.347667 0.299756 -84.561421 -199.978754 343.093487
7.198662 5.139997 -7.439905 7.198662 5.139997 -7.439905 1.221136 -0.436623 0.513081 -153.935371 -96.540444 367.989557
7.899248 4.868244 -7.065706 7.899248 4.868244 -7.065706 1.106839 -0.456555 0.734436 -227.052739 30.097880 369.862409
8.520687 4.607598 -6.562110 8.520687 4.607598 -6.562110 0.961629 -0.399150 0.938146 -256.981093 161.252553 309.168666
9.052001 4.404029 -5.950134 9.052001 4.404029 -5.950134 0.810410 -0.267918 1.090838 -247.084050 276.189158 199.806406
9.495501 4.297769 -5.267046 9.495501 4.297769 -5.267046 0.670805 -0.078322 1.173826 -218.265547 355.797201 76.818931
9.864792 4.317413 -4.559210 9.864792 4.317413 -4.559210 0.570323 0.148122 1.168482 -116.673341 399.016208 -94.630728
10.192854 4.477263 -3.886174 10.192854 4.477263 -3.886174 0.534667 0.383300 1.056604 -2.181498 384.911587 -278.295812
10.521512 4.771779 -3.311086 10.521512 4.771779 -3.311086 0.574613 0.590509 0.845721 135.335330 305.782069 -424.648437
10.900012 5.173305 -2.887457 10.900012 5.173305 -2.887457 0.702676 0.734875 0.554095 291.540947 175.438763 -547.439369
11.382216 5.637165 -2.656620 11.382216 5.637165 -2.656620 0.918205 0.796921 0.210226 426.889523 31.382953 -598.788608
12.015388 6.110157 -2.637673 12.015388 6.110157 -2.637673 1.201385 0.761701 -0.146077 517.045671 -148.783769 -588.889374
12.831520 6.530703 -2.827463 12.831520 6.530703 -2.827463 1.522775 0.623963 -0.480131 554.254086 -310.341837 -524.624485
13.843482 6.840874 -3.200644 13.843482 6.840874 -3.200644 1.847981 0.396030 -0.748255 529.763552 -449.436277 -369.121106
15.042304 6.991804 -3.704255 15.042304 6.991804 -3.704255 2.139222 0.097421 -0.910811 441.041581 -545.927729 -172.731573
16.395615 6.950408 -4.268212 16.395615 6.950408 -4.268212 2.355800 -0.238040 -0.946344 280.883302 -572.274323 54.288572
17.848600 6.706464 -4.812993 17.848600 6.706464 -4.812993 2.469060 -0.571958 -0.847504 96.651699 -540.787762 275.176202
19.333880 6.272380 -5.259513 19.333880 6.272380 -5.259513 2.459281 -0.864268 -0.620143 -129.249207 -433.575706 482.694166
20.773237 5.685201 -5.533774 20.773237 5.685201 -5.533774 2.317000 -1.077286 -0.275825 -345.020792 -276.484333 665.032184
22.089050 4.999544 -5.573456 22.089050 4.999544 -5.573456 2.048571 -1.190771 0.153727 -549.740571 -101.801761 766.808781
23.209808 4.277698 -5.341959 23.209808 4.277698 -5.341959 1.671571 -1.197148 0.619989 -706.927212 80.546196 787.397827
24.080979 3.585283 -4.831278 24.080979 3.585283 -4.831278 1.224789 -1.091940 1.077210 -782.346262 270.145791 736.671064
24.675432 2.988539 -4.059477 24.675432 2.988539 -4.059477 0.757393 -0.880884 1.483582 -775.640769 433.375126 617.903732
24.993673 2.542797 -3.068973 24.993673 2.542797 -3.068973 0.309111 -0.596953 1.799983 -718.631227 513.063134 436.765264
25.057963 2.279210 -1.922589 25.057963 2.279210 -1.922589 -0.081182 -0.277949 2.000925 -582.345322 550.282871 233.040627
24.916479 2.209112 -0.694277 24.916479 2.209112 -0.694277 -0.370357 0.040324 2.069803 -381.573780 510.627169 -3.446867
24.638741 2.319772 0.534275 24.638741 2.319772 0.534275 -0.533501 0.319462 2.004187 -162.237080 419.832943 -215.273721
24.303846 2.578713 1.688947 24.303846 2.578713 1.688947 -0.558802 0.529829 1.829570 77.899553 281.391476 -366.779944
23.995040 2.937497 2.712818 23.995040 2.937497 2.712818 -0.449799 0.649843 1.570247 285.443939 118.654400 -497.632251
23.786696 3.338764 3.561479 23.786696 3.338764 3.561479 -0.227753 0.671053 1.252102 454.707658 -47.954904 -562.849751
23.737916 3.722185 4.213803 23.737916 3.722185 4.213803 0.075195 0.589385 0.926269 555.121601 -224.272051 -523.259465
23.885238 4.029567 4.679336 23.885238 4.029567 4.679336 0.419680 0.425424 0.632104 593.159995 -322.264784 -457.291696
24.243814 4.226814 4.976286 24.243814 4.226814 4.976286 0.775576 0.232065 0.357729 593.159995 -322.264784 -457.291696
