10.840841 2.142496 9.738101 10.840841 2.142496 9.738101 0.909234 -0.524507 1.560078 -104.481227 -234.255979 -188.555405
11.367575 1.785626 10.640207 11.367575 1.785626 10.640207 0.846545 -0.665061 1.446944 -104.481227 -234.255979 -188.555405
11.859379 1.349288 11.465141 11.859379 1.349288 11.465141 0.797272 -0.781292 1.287348 -59.763369 -153.179881 -343.433554
12.330352 0.861019 12.164926 12.330352 0.861019 12.164926 0.778253 -0.832807 1.027257 -3.632533 -18.538166 -523.535805
12.798467 0.366417 12.678961 12.798467 0.366417 12.678961 0.785159 -0.801831 0.672725 26.652904 121.793270 -658.237844
13.273255 -0.083539 12.960076 13.273255 -0.083539 12.960076 0.795624 -0.682658 0.257596 8.230743 275.450349 -725.523964
13.749228 -0.436523 12.984797 13.749228 -0.436523 12.984797 0.786151 -0.482240 -0.173930 -39.808972 392.609206 -712.898188
14.209037 -0.651193 12.756538 14.209037 -0.651193 12.756538 0.738684 -0.226653 -0.579567 -118.411756 459.346925 -639.224686
14.625258 -0.702947 12.302246 14.625258 -0.702947 12.302246 0.639263 0.056729 -0.920554 -212.994206 485.259707 -497.397373
14.964871 -0.584447 11.671883 14.964871 -0.584447 11.671883 0.483434 0.333464 -1.161489 -306.432993 437.188150 -305.717958
15.195993 -0.311611 10.934129 15.195993 -0.311611 10.934129 0.280670 0.566099 -1.274081 -369.447757 338.262167 -69.588849
15.294587 0.079946 10.171473 15.294587 0.079946 10.171473 0.042464 0.724106 -1.244241 -424.572554 188.427853 169.055607
15.243614 0.538176 9.468198 15.243614 0.538176 9.468198 -0.212421 0.786414 -1.078608 -425.045003 19.268151 383.052502
15.043707 1.002608 8.900665 15.043707 1.002608 8.900665 -0.447179 0.743551 -0.795368 -357.482749 -162.146618 561.081761
14.716739 1.409027 8.530229 14.716739 1.409027 8.530229 -0.633236 0.593635 -0.429766 -262.704139 -337.573608 657.590132
14.298821 1.695678 8.393135 14.298821 1.695678 8.393135 -0.744308 0.347256 -0.023218 -107.538513 -483.689004 697.571421
13.843388 1.813087 8.502905 13.843388 1.813087 8.502905 -0.756283 0.037641 0.386017 67.621619 -548.361398 666.545797
13.412800 1.736258 8.847585 13.412800 1.736258 8.847585 -0.660663 -0.294918 0.751400 251.111699 -560.169048 551.396032
13.071864 1.461586 9.387253 13.071864 1.461586 9.387253 -0.458687 -0.615472 1.030123 422.144275 -508.342897 377.680471
12.880351 1.007765 10.060946 12.880351 1.007765 10.060946 -0.166832 -0.885657 1.194913 550.704152 -392.275389 171.618693
12.884662 0.415115 10.796055 12.884662 0.415115 10.796055 0.190004 -1.074253 1.234237 638.749303 -236.377107 -40.536139
13.113581 -0.261123 11.518144 13.113581 -0.261123 11.518144 0.572966 -1.161771 1.154127 637.789375 -55.350190 -226.498123
13.568137 -0.955778 12.159527 13.568137 -0.955778 12.159527 0.935509 -1.133127 0.966612 570.689128 150.829424 -398.550656
14.225231 -1.599161 12.660662 14.225231 -1.599161 12.660662 1.243244 -0.995908 0.692014 455.095263 306.567940 -516.777556
15.041808 -2.134148 12.980167 15.041808 -2.134148 12.980167 1.459872 -0.775090 0.368531 266.995330 429.493133 -561.498124
15.951264 -2.516043 13.101225 15.951264 -2.516043 13.101225 1.547438 -0.488144 0.036678 24.893003 526.992236 -544.678305
16.869200 -2.713990 13.029854 16.869200 -2.713990 13.029854 1.487333 -0.171542 -0.266810 -225.243281 528.350028 -466.950438
17.710660 -2.725638 12.790913 17.710660 -2.725638 12.790913 1.300209 0.126338 -0.520996 -398.502678 464.581761 -380.336999
18.419055 -2.566210 12.409855 18.419055 -2.566210 12.409855 1.061108 0.405087 -0.749199 -398.502678 464.581761 -380.336999
