-6.480789 2.651766 0.084523 -6.480789 2.651766 0.084523 0.050486 0.801437 0.996990 101.420921 92.180453 191.494855
-6.432242 3.149220 0.717186 -6.432242 3.149220 0.717186 0.111338 0.856745 1.111887 101.420921 92.180453 191.494855
-6.349528 3.672760 1.414009 -6.349528 3.672760 1.414009 0.160465 0.876553 1.202895 62.335699 -26.152637 111.866055
-6.244939 4.185659 2.150053 -6.244939 4.185659 2.150053 0.183314 0.819235 1.240870 13.824706 -164.908294 14.718763
-6.136885 4.642360 2.892885 -6.136885 4.642360 2.892885 0.169496 0.694510 1.228004 -59.882472 -250.843626 -57.606297
-6.048783 5.012785 3.617949 -6.048783 5.012785 3.617949 0.119485 0.538355 1.186591 -106.822714 -269.670116 -80.438379
-5.998013 5.287092 4.314443 -5.998013 5.287092 4.314443 0.046925 0.375726 1.133421 -135.041984 -272.428218 -96.792732
-5.995232 5.466421 4.980106 -5.995232 5.466421 4.980106 -0.039434 0.226921 1.090508 -152.822340 -223.587030 -46.252115
-6.044028 5.567607 5.628989 -6.044028 5.567607 5.628989 -0.119264 0.119163 1.077279 -113.278499 -135.607776 2.155861
-6.129931 5.621186 6.278611 -6.129931 5.621186 6.278611 -0.157003 0.070253 1.092905 -12.515892 -27.424427 49.931223
-6.220486 5.663939 6.947842 -6.220486 5.663939 6.947842 -0.135016 0.081485 1.145364 85.804128 64.863272 124.932006
-6.278489 5.729686 7.658549 -6.278489 5.729686 7.658549 -0.045724 0.146304 1.225324 211.836150 151.200921 141.601015
-6.258363 5.848711 8.419699 -6.258363 5.848711 8.419699 0.128531 0.257156 1.312623 369.014654 218.306006 149.393839
-6.107813 6.041832 9.231778 -6.107813 6.041832 9.231778 0.384981 0.385802 1.390334 485.816888 210.513035 109.644702
-5.785076 6.309624 10.080550 -5.785076 6.309624 10.080550 0.697978 0.504206 1.430295 557.507603 184.165939 23.559297
-5.264266 6.640646 10.936450 -5.264266 6.640646 10.936450 1.040841 0.591449 1.411846 585.367599 106.643622 -85.057876
-4.535214 7.007404 11.760248 -4.535214 7.007404 11.760248 1.387972 0.618898 1.320815 571.735819 -15.146918 -218.377112
-3.604929 7.368967 12.505176 -3.604929 7.368967 12.505176 1.703959 0.574564 1.148522 481.557117 -132.629865 -355.935230
-2.505869 7.682954 13.123727 -2.505869 7.682954 13.123727 1.942915 0.460595 0.902494 314.959735 -247.268122 -464.155388
-1.295601 7.907827 13.576960 -1.295601 7.907827 13.576960 2.071025 0.277354 0.600418 112.074741 -363.535998 -542.765291
-0.043272 8.005570 13.838233 -0.043272 8.005570 13.838233 2.085972 0.043069 0.268362 -62.250095 -417.413469 -564.088594
1.197106 7.956277 13.897714 1.197106 7.956277 13.897714 2.048622 -0.207379 -0.070091 -62.250095 -417.413469 -564.088594
