-5.414982 -1.858178 -9.229686 -5.414982 -1.858178 -9.229686 1.354946 0.723491 0.010138 76.543918 192.003711 640.097698
-4.588237 -1.389523 -9.108386 -4.588237 -1.389523 -9.108386 1.400872 0.838693 0.394197 76.543918 192.003711 640.097698
-3.733040 -0.857756 -8.763674 -3.733040 -0.857756 -8.763674 1.451273 0.923843 0.743135 91.457728 91.830033 523.029408
-2.846575 -0.294910 -8.235150 -2.846575 -0.294910 -8.235150 1.502343 0.938998 0.999443 78.774539 -41.315452 331.329681
-1.933673 0.254449 -7.587754 -1.933673 0.254449 -7.587754 1.536195 0.881191 1.138698 34.068108 -151.375419 132.855817
-1.010267 0.751668 -6.891557 -1.010267 0.751668 -6.891557 1.534419 0.769126 1.163729 -39.988574 -222.172756 -49.419427
-0.102501 1.171610 -6.212291 -0.102501 1.171610 -6.212291 1.481984 0.628110 1.083700 -134.794890 -247.880799 -217.343124
0.757381 1.505144 -5.607699 0.757381 1.505144 -5.607699 1.375883 0.485815 0.920762 -218.876924 -226.436221 -325.785253
1.537986 1.759516 -5.117345 1.537986 1.759516 -5.117345 1.216924 0.368163 0.707981 -310.983622 -165.736782 -383.483503
2.209461 1.956092 -4.762526 2.209461 1.956092 -4.762526 1.016817 0.296276 0.473180 -356.041329 -73.886160 -399.187942
2.754809 2.126403 -4.547840 2.754809 2.126403 -4.547840 0.799918 0.281167 0.246826 -366.953761 23.522100 -355.323659
3.172687 2.305622 -4.458295 3.172687 2.305622 -4.458295 0.599641 0.326704 0.060670 -300.637845 128.268496 -265.196866
3.484350 2.529606 -4.463839 3.484350 2.529606 -4.463839 0.449225 0.428032 -0.069501 -200.749329 209.491520 -168.708342
3.725160 2.825934 -4.529390 3.725160 2.825934 -4.529390 0.365824 0.562727 -0.138141 -77.254860 239.491877 -60.090384
3.941439 3.206867 -4.616895 3.941439 3.206867 -4.616895 0.372925 0.707363 -0.143214 100.925779 242.629118 43.181834
4.194468 3.672367 -4.690982 4.194468 3.672367 -4.690982 0.489017 0.839984 -0.096966 286.046518 199.437939 110.977603
4.549489 4.205895 -4.727433 4.549489 4.205895 -4.727433 0.711258 0.927840 -0.021613 454.757471 93.418345 140.197368
5.065463 4.772366 -4.715179 5.065463 4.772366 -4.715179 1.020927 0.948650 0.062436 577.475083 -24.052954 139.967258
5.786473 5.329885 -4.654870 5.786473 5.329885 -4.654870 1.389954 0.897513 0.134684 652.613747 -146.402258 100.860847
6.738701 5.833992 -4.559184 6.738701 5.833992 -4.559184 1.785446 0.769425 0.178801 665.692838 -280.560518 46.193550
7.926627 6.238651 -4.446817 7.926627 6.238651 -4.446817 2.169034 0.568618 0.190377 612.934414 -388.794452 -7.606750
9.329578 6.507011 -4.337059 9.329578 6.507011 -4.337059 2.492806 0.321198 0.170315 466.305579 -435.938147 -59.266254
10.897625 6.621430 -4.248025 10.897625 6.621430 -4.248025 2.714728 0.060479 0.122320 273.432158 -433.127996 -100.718330
12.562685 6.582575 -4.192541 12.562685 6.582575 -4.192541 2.813816 -0.185294 0.062998 56.862109 -386.112624 -97.018939
14.247028 6.408518 -4.169300 14.247028 6.408518 -4.169300 2.777026 -0.383863 0.019312 -179.495630 -275.783521 -48.603665
15.867742 6.137296 -4.161660 15.867742 6.137296 -4.161660 2.603365 -0.505649 0.014161 -399.373884 -130.171241 31.433666
17.346521 5.820970 -4.141078 17.346521 5.820970 -4.141078 2.306979 -0.531280 0.065156 -588.578146 44.735649 138.550019
18.616646 5.521064 -4.070336 18.616646 5.521064 -4.070336 1.913238 -0.450391 0.181834 -723.892548 224.891727 250.379150
19.632138 5.300226 -3.909380 19.632138 5.300226 -3.909380 1.468152 -0.270878 0.366000 -759.727230 373.485807 363.505584
20.377508 5.210777 -3.617782 20.377508 5.210777 -3.617782 1.018463 -0.017532 0.616938 -739.236095 471.001244 472.954031
20.861821 5.288714 -3.159139 20.861821 5.288714 -3.159139 0.606410 0.283449 0.917455 -634.275529 532.269185 528.770505
21.120777 5.554319 -2.514053 21.120777 5.554319 -2.514053 0.272244 0.601444 1.231886 -479.610470 527.714720 519.332678
21.209458 6.005718 -1.684930 21.209458 6.005718 -1.684930 0.042800 0.895791 1.526042 -285.203971 453.441892 461.185848
21.196997 6.616644 -0.692647 21.196997 6.616644 -0.692647 -0.062345 1.127017 1.770976 -65.279545 317.310034 355.263376
21.160003 7.339043 0.424223 21.160003 7.339043 0.424223 -0.040695 1.262768 1.935818 137.447712 135.192830 194.207095
21.171287 8.110019 1.608684 21.171287 8.110019 1.608684 0.096579 1.288787 1.992410 320.133569 -48.460969 -5.566194
21.293979 8.863182 2.790155 21.293979 8.863182 2.790155 0.324260 1.202780 1.924207 438.802222 -238.231443 -221.777574
21.571773 9.532237 3.893077 21.571773 9.532237 3.893077 0.608806 1.011186 1.732727 509.683931 -400.412437 -416.486767
22.028450 10.060072 4.848947 22.028450 10.060072 4.848947 0.912870 0.736926 1.438842 503.863087 -513.789118 -563.129796
22.663206 10.406223 5.604869 22.663206 10.406223 5.604869 1.196882 0.411037 1.070864 442.842570 -572.505640 -663.464903
23.455444 10.550441 6.125193 23.455444 10.550441 6.125193 1.434571 0.070769 0.658929 349.454208 -561.723747 -709.653371
24.370955 10.496004 6.395577 24.370955 10.496004 6.395577 1.603578 -0.245207 0.246962 213.903933 -491.529605 -663.569726
25.362392 10.269141 6.433744 25.362392 10.269141 6.433744 1.685858 -0.496442 -0.104020 60.362758 -345.920564 -506.367393
26.377909 9.917371 6.289203 26.377909 9.917371 6.289203 1.687757 -0.662186 -0.362754 -54.033724 -206.557187 -356.079837
27.380837 9.482880 6.007456 27.380837 9.482880 6.007456 1.655337 -0.786120 -0.576402 -54.033724 -206.557187 -356.079837
