-6.867708 -4.355951 -7.541308 -6.867708 -4.355951 -7.541308 1.055061 0.305740 -0.109448 -181.486590 -236.300357 81.524223
-6.267338 -4.215041 -7.592303 -6.267338 -4.215041 -7.592303 0.946169 0.163960 -0.060534 -181.486590 -236.300357 81.524223
-5.735911 -4.161025 -7.610792 -5.735911 -4.161025 -7.610792 0.819245 0.013049 0.004164 -241.595272 -266.737509 134.133473
-5.288410 -4.201186 -7.582309 -5.288410 -4.201186 -7.582309 0.671490 -0.146878 0.093847 -250.920069 -266.350422 164.811477
-4.929007 -4.334713 -7.497271 -4.929007 -4.334713 -7.497271 0.529310 -0.293975 0.188052 -223.013012 -223.974743 149.204566
-4.647579 -4.546611 -7.360573 -4.647579 -4.546611 -7.360573 0.415428 -0.404347 0.262627 -156.595726 -143.929051 99.379117
-4.419543 -4.805954 -7.187664 -4.419543 -4.805954 -7.187664 0.356301 -0.444842 0.309477 -40.493179 8.945687 56.786248
-4.204277 -5.063879 -6.996336 -4.204277 -5.063879 -6.996336 0.375877 -0.402626 0.320648 105.746632 131.771735 -19.548200
-3.949623 -5.272256 -6.810644 -3.949623 -5.272256 -6.810644 0.489791 -0.276167 0.293029 273.967723 289.760174 -72.514245
-3.598427 -5.378662 -6.647748 -3.598427 -5.378662 -6.647748 0.694208 -0.066621 0.250178 407.421106 408.725880 -70.322217
-3.099889 -5.340395 -6.510174 -3.099889 -5.340395 -6.510174 0.982047 0.201959 0.208610 552.041646 486.541033 -68.240014
-2.406729 -5.131263 -6.392782 -2.406729 -5.131263 -6.392782 1.336092 0.495777 0.190212 628.110277 492.851822 6.914237
-1.491644 -4.746414 -6.273853 -1.491644 -4.746414 -6.273853 1.714807 0.784834 0.212144 634.271906 470.672269 66.192567
-0.348591 -4.190793 -6.134652 -0.348591 -4.190793 -6.134652 2.095370 1.067238 0.251860 634.271906 470.672269 66.192567
