-2.205659 0.442946 4.372472 -2.205659 0.442946 4.372472 1.116973 0.283762 0.609479 -265.803374 -109.442707 -127.396891
-1.583320 0.593504 4.715228 -1.583320 0.593504 4.715228 0.957491 0.218096 0.533040 -265.803374 -109.442707 -127.396891
-1.056834 0.698124 5.014478 -1.056834 0.698124 5.014478 0.797188 0.119741 0.468388 -268.539315 -218.408989 -88.110566
-0.623230 0.724726 5.284279 -0.623230 0.724726 5.284279 0.654204 -0.040947 0.438661 -208.075268 -317.216633 -10.978936
-0.262446 0.638374 5.550930 -0.262446 0.638374 5.550930 0.557936 -0.254699 0.459230 -112.818942 -395.290979 79.542694
0.059453 0.413593 5.847038 0.059453 0.413593 5.847038 0.527471 -0.495918 0.538216 11.268935 -408.772494 183.741673
0.387636 0.046354 6.209731 0.387636 0.046354 6.209731 0.582593 -0.721729 0.681910 172.472893 -343.928165 295.239815
0.778058 -0.442609 6.676297 0.778058 -0.442609 6.676297 0.735183 -0.898181 0.880435 336.161006 -244.244858 366.510124
1.287279 -1.017558 7.272561 1.287279 -1.017558 7.272561 0.974888 -1.005108 1.110496 462.854340 -112.180797 400.359221
1.962221 -1.631237 8.010623 1.962221 -1.631237 8.010623 1.286077 -1.024526 1.349215 574.442691 47.454153 395.369523
2.839114 -2.226681 8.887782 2.839114 -2.226681 8.887782 1.639979 -0.942404 1.568754 605.230952 226.286683 336.427778
3.931526 -2.741847 9.881764 3.931526 -2.741847 9.881764 2.000533 -0.758907 1.731472 596.614442 385.369370 205.966487
5.233856 -3.121031 10.947968 5.233856 -3.121031 10.947968 2.331600 -0.493714 1.806285 506.942588 498.608636 43.409863
6.714309 -3.324026 12.028386 6.714309 -3.324026 12.028386 2.586983 -0.177132 1.776498 344.335504 556.664209 -142.699940
8.317316 -3.330302 13.055976 8.317316 -3.330302 13.055976 2.737768 0.155882 1.627764 158.281836 553.382983 -353.078392
9.974714 -3.141371 13.958239 9.974714 -3.141371 13.958239 2.763967 0.466879 1.361708 -70.952678 483.272700 -533.777362
11.606112 -2.781352 14.671908 11.606112 -2.781352 14.671908 2.650341 0.721353 1.005062 -307.800848 364.974434 -655.041290
13.128777 -2.292844 15.152417 13.128777 -2.292844 15.152417 2.404985 0.890342 0.588936 -510.053808 198.321377 -732.046642
14.470795 -1.734805 15.372898 14.470795 -1.734805 15.372898 2.053138 0.950016 0.144147 -662.769061 0.593593 -750.582451
15.578233 -1.176026 15.329186 15.578233 -1.176026 15.329186 1.629744 0.893682 -0.281678 -748.542416 -188.373403 -668.833083
16.419881 -0.683372 15.047993 16.419881 -0.683372 15.047993 1.173314 0.732418 -0.641962 -772.893363 -349.175142 -532.116456
16.988334 -0.314222 14.578039 16.988334 -0.314222 14.578039 0.727506 0.485665 -0.906211 -713.132243 -473.332779 -348.712095
17.305126 -0.111760 13.986020 17.305126 -0.111760 13.986020 0.342886 0.182978 -1.043056 -568.934461 -535.624513 -107.437343
17.419601 -0.098093 13.354590 17.419601 -0.098093 13.354590 0.057283 -0.136931 -1.038808 -383.074958 -530.740183 121.598414
17.397579 -0.271543 12.767061 17.397579 -0.271543 12.767061 -0.109755 -0.434168 -0.896511 -173.719069 -460.047947 352.722746
17.313979 -0.607936 12.302565 17.313979 -0.607936 12.302565 -0.146375 -0.675617 -0.635273 51.653081 -344.784076 518.072648
17.248408 -1.065440 12.021575 17.248408 -1.065440 12.021575 -0.050599 -0.832851 -0.289828 267.599226 -179.327068 633.407717
17.276495 -1.586543 11.964900 17.276495 -1.586543 11.964900 0.161354 -0.886014 0.106261 438.911630 2.115395 686.890967
17.458156 -2.107837 12.150565 17.458156 -2.107837 12.150565 0.453919 -0.835078 0.509732 536.304369 167.671970 658.011180
17.829605 -2.570777 12.567708 17.829605 -2.570777 12.567708 0.788520 -0.694843 0.868852 579.032555 299.776048 539.055239
18.405351 -2.927109 13.176660 18.405351 -2.927109 13.176660 1.127980 -0.481908 1.145338 552.500275 410.007467 382.564386
19.177220 -3.139940 13.921769 19.177220 -3.139940 13.921769 1.437635 -0.223339 1.320104 479.683616 451.889490 199.990049
20.117289 -3.194017 14.737379 20.117289 -3.194017 14.737379 1.681169 0.040725 1.377843 332.096525 428.325618 -7.527228
21.176303 -3.096185 15.550442 21.176303 -3.096185 15.550442 1.833101 0.279213 1.311888 174.343840 366.634588 -212.320558
22.298801 -2.868218 16.290068 22.298801 -2.868218 16.290068 1.893985 0.471416 1.138048 28.602925 274.042571 -367.148044
23.430950 -2.544296 16.901019 23.430950 -2.544296 16.901019 1.864191 0.594566 0.888805 -127.916586 136.455073 -463.660134
24.519272 -2.170830 17.347601 24.519272 -2.170830 17.347601 1.751605 0.637259 0.594394 -247.371465 5.854065 -517.709754
25.522329 -1.794717 17.610636 25.522329 -1.794717 17.610636 1.586288 0.604293 0.281700 -303.683733 -115.738459 -524.606683
26.417984 -1.457479 17.688917 26.417984 -1.457479 17.688917 1.396803 0.512325 -0.014612 -327.934512 -190.820926 -463.099346
27.197596 -1.186681 17.603628 27.197596 -1.186681 17.603628 1.202834 0.386584 -0.258289 -318.626130 -228.317818 -349.154736
27.865793 -0.995635 17.392012 27.865793 -0.995635 17.392012 1.030903 0.250558 -0.436755 -254.480184 -225.101213 -245.734255
28.442548 -0.882842 17.093570 28.442548 -0.882842 17.093570 0.898314 0.130380 -0.544981 -187.480847 -175.491254 -115.019949
28.952306 -0.830948 16.751848 28.952306 -0.830948 16.751848 0.808407 0.051360 -0.584143 -112.209023 -87.910268 -15.518489
29.420763 -0.809858 16.403422 29.420763 -0.809858 16.403422 0.759132 0.029103 -0.569185 -52.042035 13.721408 65.378242
29.869416 -0.783827 16.076081 29.869416 -0.783827 16.076081 0.740614 0.067833 -0.517949 -9.684301 115.376570 105.408953
30.312863 -0.717128 15.784204 30.312863 -0.717128 15.784204 0.738912 0.163213 -0.455109 4.010029 202.559385 104.057651
30.754443 -0.579482 15.528138 30.754443 -0.579482 15.528138 0.728876 0.301035 -0.401332 -37.463303 256.846317 75.198104
31.181515 -0.351986 15.297587 31.181515 -0.351986 15.297587 0.688843 0.458359 -0.372649 -95.979102 267.565695 20.412177
31.574380 -0.031713 15.073817 31.574380 -0.031713 15.073817 0.615434 0.604377 -0.379672 -148.717382 219.163605 -43.822909
31.916871 0.370363 14.838126 31.916871 0.370363 14.838126 0.526204 0.735876 -0.405966 -148.717382 219.163605 -43.822909
