5.591039 -3.344695 -8.783806 5.591039 -3.344695 -8.783806 1.586920 0.939011 -0.044760 -257.446040 -178.048034 415.772356
6.496850 -2.813337 -8.735823 6.496850 -2.813337 -8.735823 1.432452 0.832182 0.204703 -257.446040 -178.048034 415.772356
7.300747 -2.349453 -8.537114 7.300747 -2.349453 -8.537114 1.231812 0.708470 0.459403 -411.353193 -234.326484 433.226629
7.955379 -1.967700 -8.183963 7.955379 -1.967700 -8.183963 0.932943 0.562122 0.716983 -584.877562 -253.498720 425.373370
8.405602 -1.673467 -7.680390 8.405602 -1.673467 -7.680390 0.560692 0.422972 0.956285 -655.958458 -210.336783 372.301375
8.624813 -1.453438 -7.047784 8.624813 -1.453438 -7.047784 0.171460 0.317302 1.138769 -641.480893 -141.894508 235.976050
8.616217 -1.282531 -6.332142 8.616217 -1.282531 -6.332142 -0.193460 0.262496 1.229883 -574.918500 -40.794697 67.738842
8.403386 -1.125735 -5.592460 8.403386 -1.125735 -5.592460 -0.504758 0.271231 1.218318 -462.743113 69.912687 -106.288654
8.026223 -0.945567 -4.892748 8.026223 -0.945567 -4.892748 -0.737478 0.337403 1.093814 -312.990966 150.661035 -308.726525
7.538042 -0.712158 -4.301012 7.538042 -0.712158 -4.301012 -0.872050 0.447039 0.863671 -135.581402 214.791861 -458.414975
7.000488 -0.402996 -3.872445 7.000488 -0.402996 -3.872445 -0.902996 0.587293 0.553016 32.428826 252.722471 -577.102174
6.472423 -0.006071 -3.649231 6.472423 -0.006071 -3.649231 -0.844064 0.734221 0.183169 164.010125 237.035216 -655.720185
6.000690 0.472321 -3.655736 6.000690 0.472321 -3.655736 -0.719736 0.852409 -0.202150 250.416230 156.926651 -628.676596
5.616849 1.006194 -3.885057 5.616849 1.006194 -3.885057 -0.554859 0.917468 -0.553705 299.173805 59.936585 -543.173481
5.338405 1.560727 -4.306456 5.338405 1.560727 -4.306456 -0.372255 0.919751 -0.836631 309.505017 -52.325860 -399.913946
5.168516 2.095061 -4.868616 5.168516 2.095061 -4.868616 -0.197787 0.847862 -1.017567 272.057466 -187.304632 -203.204871
5.094766 2.563626 -5.500908 5.094766 2.563626 -5.500908 -0.054790 0.703295 -1.065362 204.599127 -294.586084 43.886258
5.093566 2.927767 -6.117853 5.093566 2.927767 -6.117853 0.042196 0.502488 -0.967165 118.686292 -374.770352 283.438142
5.135826 3.159811 -6.635429 5.135826 3.159811 -6.635429 0.091303 0.267674 -0.738583 45.004835 -407.942451 478.501990
5.195463 3.249388 -6.982138 5.195463 3.249388 -6.982138 0.102078 0.034921 -0.399931 -9.090378 -367.902400 650.335830
5.253454 3.208912 -7.099080 5.253454 3.208912 -7.099080 0.088529 -0.161853 0.020051 -36.071512 -288.010649 749.606647
5.301015 3.067051 -6.950846 5.301015 3.067051 -6.950846 0.071569 -0.299192 0.476187 -20.461022 -169.785303 770.844872
5.342562 2.866181 -6.528902 5.342562 2.866181 -6.528902 0.070732 -0.355035 0.926092 17.671565 -16.357238 728.839097
5.391411 2.660714 -5.848718 5.391411 2.660714 -5.848718 0.097478 -0.312355 1.330085 71.480735 158.621645 617.805764
5.467379 2.511144 -4.950651 5.467379 2.511144 -4.950651 0.163442 -0.170725 1.644823 148.399581 313.479820 431.319870
5.596774 2.472827 -3.898584 5.596774 2.472827 -3.898584 0.275569 0.055821 1.841290 225.357659 441.672035 223.568937
5.805494 2.590889 -2.765977 5.805494 2.590889 -2.765977 0.424857 0.346163 1.913390 272.266402 526.136883 16.763753
6.110012 2.893607 -1.626852 6.110012 2.893607 -1.626852 0.591195 0.663424 1.863814 282.193926 531.400300 -182.016175
6.514084 3.384354 -0.550494 6.514084 3.384354 -0.550494 0.753314 0.967466 1.708767 258.202871 482.072554 -334.806894
7.008174 4.045104 0.408439 7.008174 4.045104 0.408439 0.886360 1.224197 1.477572 185.283963 373.696851 -435.841332
7.566466 4.837327 1.213291 7.566466 4.837327 1.213291 0.963158 1.400611 1.199872 70.710724 214.350311 -489.827256
8.148901 5.705709 1.846135 8.148901 5.705709 1.846135 0.964644 1.476382 0.911423 -65.756734 38.218370 -471.669453
8.706787 6.586152 2.313073 8.706787 6.586152 2.313073 0.879871 1.437987 0.653347 -216.822315 -166.202127 -388.583440
9.186579 7.408021 2.640817 9.186579 7.408021 2.640817 0.704264 1.283228 0.448598 -368.532685 -349.659080 -293.913446
9.535918 8.107228 2.864225 9.535918 8.107228 2.864225 0.448723 1.034479 0.308018 -483.269918 -479.507196 -174.685167
9.713927 8.637018 3.025752 9.713927 8.637018 3.025752 0.137581 0.723844 0.244005 -553.870136 -555.941249 -38.693083
9.696487 8.969686 3.172191 9.696487 8.969686 3.172191 -0.196202 0.382435 0.255793 -558.739910 -582.089775 77.985401
9.482487 9.097381 3.343424 9.482487 9.097381 3.343424 -0.509974 0.048231 0.321184 -487.169268 -531.921070 139.986085
9.095817 9.037306 3.563860 9.095817 9.037306 3.563860 -0.767252 -0.237260 0.417816 -370.422085 -419.718546 182.119839
8.578868 8.828250 3.848123 8.578868 8.828250 3.848123 -0.939111 -0.444843 0.531050 -202.440734 -272.223442 195.327310
7.992274 8.522022 4.199114 7.992274 8.522022 4.199114 -0.994016 -0.559790 0.634257 19.422296 -110.932199 148.696276
7.413588 8.177631 4.602895 7.413588 8.177631 4.602895 -0.911226 -0.569095 0.705782 256.546032 79.913831 89.719722
6.925419 7.859897 5.039024 6.925419 7.859897 5.039024 -0.695358 -0.474451 0.742164 463.013678 235.567478 31.553924
6.601770 7.623344 5.486747 6.601770 7.623344 5.486747 -0.366433 -0.304537 0.744824 633.401331 330.811609 -22.688276
6.503167 7.504302 5.927171 6.503167 7.504302 5.927171 0.049829 -0.085378 0.719278 754.140250 399.719186 -62.463049
6.671732 7.525774 6.347271 6.671732 7.525774 6.347271 0.516926 0.158201 0.680685 802.850862 412.211223 -66.179584
7.122790 7.690998 6.746475 7.122790 7.690998 6.746475 0.980582 0.386055 0.654501 742.667366 347.300627 -21.100403
7.839873 7.980200 7.137824 7.839873 7.980200 7.137824 1.401450 0.569708 0.654071 660.225247 264.877141 19.664619
8.799583 8.369703 7.533806 8.799583 8.369703 7.533806 1.797585 0.728634 0.665869 660.225247 264.877141 19.664619
