-4.040459 -4.807334 -0.367475 -4.040459 -4.807334 -0.367475 1.534703 -0.065489 -0.340112 -36.004868 230.163202 58.213327
-3.126119 -4.805198 -0.561063 -3.126119 -4.805198 -0.561063 1.513100 0.072609 -0.305184 -36.004868 230.163202 58.213327
-2.222565 -4.719658 -0.735634 -2.222565 -4.719658 -0.735634 1.502370 0.213429 -0.279951 0.240181 239.236717 25.896279
-1.317996 -4.549681 -0.902049 -1.317996 -4.549681 -0.902049 1.518033 0.351260 -0.279940 51.969364 220.197572 -25.860175
-0.395499 -4.305178 -1.078610 -0.395499 -4.305178 -1.078610 1.560829 0.453936 -0.315165 90.682749 122.056390 -91.557556
0.557108 -4.016548 -1.288100 0.557108 -4.016548 -1.288100 1.614171 0.498661 -0.389653 87.126412 27.027626 -156.733643
1.537803 -3.719569 -1.553577 1.537803 -3.719569 -1.553577 1.648992 0.479465 -0.501060 28.941739 -91.015757 -214.623338
2.527865 -3.454561 -1.894945 2.527865 -3.454561 -1.894945 1.643648 0.393414 -0.640335 -46.753419 -195.817753 -249.625458
3.500004 -3.258594 -2.322340 3.500004 -3.258594 -2.322340 1.587420 0.251754 -0.781418 -140.673278 -276.382664 -220.653585
4.421507 -3.159666 -2.827802 4.421507 -3.159666 -2.827802 1.474878 0.074045 -0.898273 -234.468830 -315.980875 -168.862086
5.258850 -3.172259 -3.390776 5.258850 -3.172259 -3.390776 1.307300 -0.116261 -0.967670 -324.123128 -318.374167 -62.462266
5.981129 -3.295195 -3.974657 5.981129 -3.295195 -3.974657 1.094032 -0.286649 -0.965323 -386.771449 -249.584870 70.286607
6.568448 -3.505645 -4.531410 6.568448 -3.505645 -4.531410 0.864565 -0.404076 -0.874205 -378.118957 -141.839936 233.438377
7.021407 -3.765100 -5.005374 7.021407 -3.765100 -5.005374 0.649100 -0.446569 -0.691438 -340.096793 0.199277 375.785858
7.354140 -4.024079 -5.344530 7.354140 -4.024079 -5.344530 0.467491 -0.401815 -0.425644 -265.265873 148.978914 510.195879
7.595774 -4.228971 -5.501987 7.595774 -4.228971 -5.501987 0.352770 -0.265524 -0.089052 -117.139458 305.325412 611.775157
7.796850 -4.325419 -5.444397 7.796850 -4.325419 -5.444397 0.334984 -0.042790 0.282520 57.855812 437.119862 626.800777
8.018966 -4.267660 -5.163592 8.018966 -4.267660 -5.163592 0.423253 0.243240 0.650944 236.374059 516.314034 601.277028
8.325509 -4.027984 -4.670664 8.325509 -4.027984 -4.670664 0.615297 0.557003 0.982371 403.772634 529.564407 503.480636
8.776736 -3.600604 -4.000157 8.776736 -3.600604 -4.000157 0.904406 0.864026 1.236745 559.922491 493.845035 344.431788
9.425017 -2.999807 -3.208454 9.425017 -2.999807 -3.208454 1.264615 1.127775 1.381699 640.775618 385.317395 138.747335
10.300162 -2.261622 -2.367936 10.300162 -2.261622 -2.367936 1.654263 1.319783 1.397568 658.048755 254.708255 -85.847870
11.408277 -1.434760 -1.558275 11.408277 -1.434760 -1.558275 2.034636 1.418334 1.278921 609.861864 73.794873 -309.643507
12.731873 -0.583309 -0.857302 12.731873 -0.583309 -0.857302 2.365748 1.398448 1.039917 493.843642 -140.079485 -487.037619
14.229598 0.220394 -0.329843 14.229598 0.220394 -0.329843 2.608980 1.263639 0.703573 316.930307 -309.283414 -634.107380
15.838877 0.915124 -0.026522 15.838877 0.915124 -0.026522 2.733352 1.039157 0.299690 97.644536 -438.990779 -712.168057
17.481802 1.453546 0.026182 17.481802 1.453546 0.026182 2.718628 0.745495 -0.122207 -146.724053 -539.882688 -694.157190
19.071964 1.802930 -0.165401 19.071964 1.802930 -0.165401 2.557572 0.417894 -0.505257 -390.130829 -552.120566 -582.674203
20.525735 1.956551 -0.566823 20.525735 1.956551 -0.566823 2.270749 0.097952 -0.821793 -565.946332 -514.352546 -472.447411
21.786314 1.922739 -1.144939 21.786314 1.922739 -1.144939 1.931181 -0.210659 -1.105261 -565.946332 -514.352546 -472.447411
