-6.513223 5.180722 -7.870012 -6.513223 5.180722 -7.870012 1.051193 -1.044315 -0.509217 325.015291 112.399189 -188.976333
-5.824005 4.574365 -8.209558 -5.824005 4.574365 -8.209558 1.246202 -0.976875 -0.622603 325.015291 112.399189 -188.976333
-5.026449 4.016525 -8.608233 -5.026449 4.016525 -8.608233 1.397871 -0.869171 -0.691474 180.548574 246.614225 -40.593681
-4.167505 3.549076 -9.017840 -4.167505 3.549076 -9.017840 1.444814 -0.672886 -0.652909 -24.070879 407.671537 169.143097
-3.318122 3.224629 -9.367133 -3.318122 3.224629 -9.367133 1.364508 -0.398764 -0.491388 -243.615622 506.065371 369.260336
-2.555274 3.076812 -9.585724 -2.555274 3.076812 -9.585724 1.158305 -0.093377 -0.220957 -443.728007 511.894134 532.176291
-1.948498 3.110150 -9.613450 -1.948498 3.110150 -9.613450 0.850392 0.199873 0.143633 -582.650495 465.604367 683.126550
-1.548576 3.308587 -9.400752 -1.548576 3.308587 -9.400752 0.473623 0.452761 0.571283 -673.245726 377.354587 742.372514
-1.387195 3.638903 -8.924727 -1.387195 3.638903 -8.924727 0.061630 0.632850 1.014848 -700.062479 222.941789 736.175950
-1.472495 4.049182 -8.186939 -1.472495 4.049182 -8.186939 -0.339743 0.718817 1.438390 -637.847134 63.616570 675.631247
-1.782995 4.483011 -7.210998 -1.782995 4.483011 -7.210998 -0.681659 0.712424 1.800239 -501.873119 -84.926356 530.531405
-2.270810 4.886270 -6.048039 -2.270810 4.886270 -6.048039 -0.925195 0.616924 2.055158 -309.914847 -233.407770 319.198868
-2.868361 5.207752 -4.771065 -2.868361 5.207752 -4.771065 -1.044390 0.443586 2.178795 -87.399765 -344.383583 92.924773
-3.497088 5.409334 -3.461560 -3.497088 5.409334 -3.461560 -1.028637 0.224053 2.162060 139.906502 -387.395662 -148.707221
-4.075437 5.474280 -2.203924 -4.075437 5.474280 -2.203924 -0.876442 -0.007160 2.008668 367.412992 -383.313458 -362.600313
-4.523543 5.403710 -1.074489 -4.523543 5.403710 -1.074489 -0.597870 -0.223532 1.738622 561.160001 -337.927964 -537.553799
-4.773942 5.214610 -0.134511 -4.773942 5.214610 -0.134511 -0.224604 -0.397059 1.383913 683.059855 -240.494845 -644.808673
-4.782554 4.939908 0.576940 -4.782554 4.939908 0.576940 0.201230 -0.507244 0.982871 736.384782 -126.786327 -691.997917
-4.530581 4.620480 1.043890 -4.530581 4.620480 1.043890 0.636488 -0.544615 0.576609 714.476948 2.213659 -662.209630
-4.025076 4.300535 1.277153 -4.025076 4.300535 1.277153 1.040207 -0.511158 0.211759 631.252908 109.309653 -553.954663
-3.295879 4.017847 1.315006 -3.295879 4.017847 1.315006 1.376196 -0.423916 -0.068067 488.708803 181.498901 -378.801131
-2.392692 3.798684 1.216730 -2.392692 3.798684 1.216730 1.616933 -0.302434 -0.241606 313.748846 223.439663 -199.659870
-1.377565 3.657529 1.047517 -1.377565 3.657529 1.047517 1.747642 -0.167935 -0.302951 121.949692 224.891135 -4.823838
-0.317560 3.592877 0.876782 -0.317560 3.592877 0.876782 1.768156 -0.054859 -0.246328 -53.570933 152.028896 193.567929
0.724601 3.582343 0.772739 0.724601 3.582343 0.772739 1.690565 0.011439 -0.085633 -205.067525 68.965693 342.079755
1.696354 3.596594 0.788978 1.696354 3.596594 0.788978 1.539154 0.027686 0.149842 -299.634043 -14.810047 442.836959
2.563039 3.603999 0.961459 2.563039 3.603999 0.961459 1.345008 -0.013901 0.429869 -347.518898 -123.813416 490.588712
3.306620 3.567448 1.306150 3.306620 3.567448 1.306150 1.132146 -0.117811 0.716540 -362.021113 -222.553639 464.978988
3.924256 3.454487 1.815363 3.924256 3.454487 1.815363 0.932493 -0.262417 0.973491 -303.490759 -259.465315 391.525311
4.434572 3.249350 2.466163 4.434572 3.249350 2.466163 0.777643 -0.423010 1.189559 -212.673732 -275.843709 328.702497
4.862877 2.945893 3.239065 4.862877 2.945893 3.239065 0.650039 -0.588516 1.386781 -212.673732 -275.843709 328.702497
