9.394451 3.104339 9.952347 9.394451 3.104339 9.952347 -0.528169 0.358768 1.751948 277.336376 445.674323 -494.540960
9.127470 3.399822 10.914498 9.127470 3.399822 10.914498 -0.361767 0.626173 1.455223 277.336376 445.674323 -494.540960
8.969112 3.848549 11.691314 8.969112 3.848549 11.691314 -0.151457 0.857588 1.121993 423.694940 325.709492 -616.226626
8.963576 4.411207 12.246707 8.963576 4.411207 12.246707 0.148128 1.000401 0.717848 574.922815 150.334113 -730.924604
9.161316 5.026885 12.544744 9.161316 5.026885 12.544744 0.519965 1.032487 0.273769 664.532726 -43.379312 -749.337959
9.593565 5.627927 12.577604 9.593565 5.627927 12.577604 0.921959 0.953251 -0.158437 675.448236 -220.741043 -691.348745
10.264377 6.149733 12.365105 10.264377 6.149733 12.365105 1.307509 0.768752 -0.538215 609.717830 -394.254755 -574.577757
11.149253 6.532670 11.948696 11.149253 6.532670 11.948696 1.626449 0.495452 -0.833243 453.416346 -516.748302 -408.849609
12.195439 6.733098 11.386888 12.195439 6.733098 11.386888 1.842004 0.166265 -1.019898 265.100403 -580.540628 -213.331095
13.335346 6.728675 10.748328 13.335346 6.728675 10.748328 1.935997 -0.180483 -1.089005 48.210317 -575.284828 -17.027207
14.490850 6.521170 10.102314 14.490850 6.521170 10.102314 1.891061 -0.503977 -1.046952 -197.995813 -503.029672 157.204690
15.576919 6.135349 9.510823 15.576919 6.135349 9.510823 1.707623 -0.770242 -0.910711 -413.465108 -384.519595 296.932169
16.516095 5.613144 9.022796 16.516095 5.613144 9.022796 1.404674 -0.955183 -0.707795 -596.366244 -231.950480 379.452490
17.244750 5.009802 8.668242 17.244750 5.009802 8.668242 1.012836 -1.036761 -0.471013 -709.758838 -39.975515 409.820683
17.722437 4.390845 8.457816 17.722437 4.390845 8.457816 0.575690 -1.009267 -0.233052 -747.393803 131.620183 383.384792
17.934706 3.817600 8.382970 17.934706 3.817600 8.382970 0.134185 -0.887180 -0.023139 -724.292550 275.338034 316.324326
17.891435 3.341274 8.420335 17.891435 3.341274 8.420335 -0.267439 -0.689872 0.138204 -614.451405 382.355211 221.486693
17.629653 2.998837 8.536489 17.629653 2.998837 8.536489 -0.589699 -0.447149 0.237918 -459.750760 426.721555 110.891689
17.203698 2.806906 8.693223 17.203698 2.806906 8.693223 -0.812448 -0.193371 0.274567 -282.744413 419.205055 11.272257
16.677648 2.762591 8.855028 16.677648 2.762591 8.855028 -0.920531 0.039405 0.256507 -77.532917 356.713787 -71.473225
16.122513 2.843854 8.993468 16.122513 2.843854 8.993468 -0.911354 0.220492 0.200627 108.123252 246.911482 -114.792622
15.604302 3.012714 9.092527 15.604302 3.012714 9.092527 -0.800785 0.329240 0.128480 260.439164 115.580042 -125.697134
15.177039 3.223195 9.148144 15.177039 3.223195 9.148144 -0.612878 0.359250 0.058833 365.917531 -15.547686 -106.458900
14.878194 3.428731 9.167238 14.878194 3.428731 9.167238 -0.378241 0.313846 0.009741 416.206307 -135.797545 -57.180235
14.725252 3.587802 9.167085 14.725252 3.587802 9.167085 -0.133091 0.208402 -0.003092 400.959327 -215.683312 14.400474
14.714210 3.670697 9.171051 14.714210 3.670697 9.171051 0.090687 0.062377 0.021697 344.968848 -271.064700 68.230919
14.825974 3.658826 9.198772 14.825974 3.658826 9.198772 0.273953 -0.102788 0.074738 265.918884 -279.488035 108.573901
15.031961 3.550217 9.263734 15.031961 3.550217 9.263734 0.402252 -0.253623 0.142763 161.743778 -223.293080 118.174206
15.295698 3.363231 9.369634 15.295698 3.363231 9.369634 0.465657 -0.360695 0.208521 49.607163 -133.613404 101.018972
15.578362 3.128854 9.509375 15.578362 3.128854 9.509375 0.467125 -0.410414 0.251358 -44.714052 -32.118989 41.770958
15.847302 2.882556 9.661644 15.847302 2.882556 9.661644 0.423862 -0.401026 0.246102 -99.498080 63.414719 -59.288836
16.082289 2.659219 9.791433 16.082289 2.659219 9.791433 0.357063 -0.333658 0.174522 -123.164720 161.146126 -179.311486
16.275885 2.491413 9.857027 16.275885 2.491413 9.857027 0.290802 -0.220055 0.032721 -97.705892 217.530453 -293.359086
16.435326 2.399869 9.817995 16.435326 2.399869 9.817995 0.244911 -0.082873 -0.172594 -55.264140 239.741816 -391.024513
16.574832 2.391830 9.639579 16.574832 2.391830 9.639579 0.224289 0.053629 -0.429585 -13.473873 215.262894 -465.612038
16.711035 2.458398 9.296388 16.711035 2.458398 9.296388 0.236478 0.161002 -0.717101 54.102601 142.649573 -492.775305
16.866303 2.574765 8.779530 16.866303 2.574765 8.779530 0.287153 0.217039 -1.002258 114.812994 44.140173 -457.748987
17.060712 2.705388 8.101925 17.060712 2.705388 8.101925 0.363299 0.205793 -1.246182 139.008298 -81.628640 -355.330182
17.302421 2.807064 7.298724 17.302421 2.807064 7.298724 0.440245 0.121284 -1.417041 117.478017 -200.065604 -214.199805
17.584930 2.837751 6.420924 17.584930 2.837751 6.420924 0.496808 -0.029113 -1.490655 71.064695 -301.259429 -31.179120
17.890639 2.762194 5.533928 17.890639 2.762194 5.533928 0.513610 -0.229182 -1.444320 -15.058769 -365.637635 185.627338
18.190275 2.558179 4.712258 18.190275 2.558179 4.712258 0.475482 -0.452022 -1.275395 -112.033900 -377.162663 377.458507
18.447452 2.221905 4.025691 18.447452 2.221905 4.025691 0.368531 -0.664173 -0.995282 -244.469384 -330.007819 556.250028
18.617553 1.769278 3.536684 18.617553 1.769278 3.536684 0.186784 -0.835787 -0.621350 -361.353646 -242.038706 690.189590
18.660549 1.232300 3.291486 18.660549 1.232300 3.291486 -0.050183 -0.940703 -0.190347 -428.537110 -107.678678 746.487856
18.551556 0.659419 3.308935 18.551556 0.659419 3.308935 -0.316036 -0.950698 0.243993 -457.638850 74.361318 701.312467
18.279111 0.110504 3.576821 18.279111 0.110504 3.576821 -0.592861 -0.865485 0.641052 -465.108945 209.680619 622.218691
17.839675 -0.371045 4.073452 17.839675 -0.371045 4.073452 -0.871926 -0.739677 1.014384 -465.108945 209.680619 622.218691
