0.915738 0.014860 -2.340426 0.915738 0.014860 -2.340426 -0.821072 1.329713 1.416371 -214.005783 180.104344 -40.920492
0.384573 0.845107 -1.497970 0.384573 0.845107 -1.497970 -0.949476 1.437776 1.391818 -214.005783 180.104344 -40.920492
-0.214889 1.731655 -0.672674 -0.214889 1.731655 -0.672674 -1.034157 1.503159 1.355116 -68.265578 37.840664 -81.419189
-0.836306 2.627645 0.124572 -0.836306 2.627645 0.124572 -1.018290 1.462277 1.300424 121.154937 -174.112848 -100.889688
-1.414404 3.463471 0.886959 -1.414404 3.463471 0.886959 -0.890258 1.306811 1.241353 305.620561 -344.109718 -96.011856
-1.883407 4.178294 1.617032 -1.883407 4.178294 1.617032 -0.656183 1.063726 1.196462 474.627129 -466.172311 -53.626950
-2.183973 4.728751 2.328709 -2.183973 4.728751 2.328709 -0.332855 0.764686 1.181552 603.134325 -530.627094 3.928153
-2.270337 5.092144 3.041860 -2.270337 5.092144 3.041860 0.052954 0.446779 1.201471 682.894530 -529.064727 62.467518
-2.115663 5.268592 3.777009 -2.115663 5.268592 3.777009 0.462592 0.147401 1.254067 682.565695 -468.859563 112.853057
-1.718798 5.279317 4.550653 -1.718798 5.279317 4.550653 0.854373 -0.100520 1.326227 623.372888 -357.546680 127.679276
-1.102005 5.163440 5.367221 -1.102005 5.163440 5.367221 1.188205 -0.271077 1.392085 489.399413 -210.975311 91.848246
-0.312666 4.972099 6.215599 -0.312666 4.972099 6.215599 1.423468 -0.351260 1.430163 294.810216 -56.300086 35.079436
0.581649 4.760211 7.075332 0.581649 4.760211 7.075332 1.536193 -0.340032 1.427819 80.941630 93.725839 -42.894272
1.503478 4.581199 7.917487 1.503478 4.581199 7.917487 1.512476 -0.243111 1.368006 -159.998423 229.345589 -156.479897
2.369129 4.481719 8.702116 2.369129 4.481719 8.702116 1.351301 -0.079984 1.234072 -377.253993 314.410591 -289.969542
3.101312 4.491718 9.383911 3.101312 4.491718 9.383911 1.071490 0.115637 1.027825 -555.446693 337.659328 -397.518031
3.637393 4.620842 9.924600 3.637393 4.620842 9.924600 0.704059 0.313047 0.767049 -669.326142 320.373354 -471.735308
3.937126 4.862709 10.297814 3.937126 4.862709 10.297814 0.291347 0.487128 0.473493 -706.380765 259.897167 -506.784288
3.986310 5.195358 10.492082 3.986310 5.195358 10.492082 -0.124859 0.611020 0.176389 -680.972344 153.076252 -483.563258
3.795969 5.582073 10.516150 3.795969 5.582073 10.516150 -0.497697 0.665613 -0.087371 -561.819511 28.898354 -395.636107
3.405890 5.980047 10.400920 3.405890 5.980047 10.400920 -0.786453 0.649974 -0.282718 -400.702159 -81.027954 -255.520888
2.873539 6.350111 10.195270 2.873539 6.350111 10.195270 -0.968638 0.574682 -0.386159 -206.578551 -169.945360 -89.284908
2.269053 6.660531 9.959609 2.269053 6.660531 9.959609 -1.023181 0.453722 -0.379202 24.767892 -233.254561 112.475004
1.671873 6.889618 9.764743 1.671873 6.889618 9.764743 -0.946971 0.307966 -0.249668 229.266150 -252.598721 319.306442
1.155208 7.030913 9.682508 1.155208 7.030913 9.682508 -0.758163 0.166322 -0.007630 400.093125 -219.549059 487.487961
0.779767 7.095491 9.773397 0.779767 7.095491 9.773397 -0.480906 0.056115 0.323459 524.095695 -147.805220 616.140663
0.589257 7.107952 10.082514 0.589257 7.107952 10.082514 -0.147967 -0.005584 0.713827 585.703161 -57.858458 685.085950
0.605200 7.100263 10.633635 0.605200 7.100263 10.633635 0.199935 -0.009924 1.122422 573.969305 43.391729 676.897788
0.824850 7.108890 11.423042 0.824850 7.108890 11.423042 0.526189 0.049967 1.499124 513.544920 156.244456 578.776270
1.227635 7.171339 12.417775 1.227635 7.171339 12.417775 0.807482 0.165440 1.801782 424.098298 228.666603 430.083100
1.780205 7.313750 13.564424 1.780205 7.313750 13.564424 1.020656 0.312573 2.000654 286.480829 261.775502 232.823744
2.436045 7.548133 14.792272 2.436045 7.548133 14.792272 1.151942 0.468235 2.068087 151.138284 257.096720 -8.048743
3.146796 7.872321 16.017761 3.146796 7.872321 16.017761 1.204533 0.607344 1.993688 24.164218 206.600210 -239.945999
3.867945 8.267162 17.158003 3.867945 8.267162 17.158003 1.189429 0.697539 1.785814 -74.509855 94.051101 -452.967370
4.565247 8.695190 18.137437 4.565247 8.695190 18.137437 1.130005 0.716844 1.461432 -123.568464 -29.699688 -628.307743
5.219618 9.111482 18.895700 5.219618 9.111482 18.895700 1.048915 0.656682 1.056944 -146.732946 -170.842047 -719.982881
5.824041 9.466057 19.397777 5.824041 9.466057 19.397777 0.968304 0.510764 0.612493 -121.969549 -315.551946 -761.522386
6.386323 9.709761 19.631283 6.386323 9.709761 19.631283 0.911389 0.291659 0.170999 -67.747452 -414.797217 -710.122594
6.924107 9.806530 19.613502 6.924107 9.806530 19.613502 0.886469 0.024966 -0.217866 -15.318486 -474.179040 -586.094558
7.457177 9.734965 19.386220 7.457177 9.734965 19.386220 0.897007 -0.265504 -0.524849 50.444701 -494.056401 -437.184420
8.007185 9.489887 19.003749 8.007185 9.489887 19.003749 0.940889 -0.546165 -0.731502 95.826186 -441.477996 -251.656654
8.589841 9.090853 18.533304 8.589841 9.090853 18.533304 1.002757 -0.770400 -0.813725 110.401476 -305.971061 -22.421471
9.210858 8.580693 18.050461 9.210858 8.580693 18.050461 1.066448 -0.918207 -0.780040 101.903782 -186.719757 134.706481
9.869069 7.996160 17.606684 9.869069 7.996160 17.606684 1.127591 -1.030239 -0.699216 101.903782 -186.719757 134.706481
