-9.072444 -0.879275 0.847198 -9.072444 -0.879275 0.847198 0.430148 1.448695 -0.723225 141.133817 77.831497 -148.088227
-8.788951 0.003951 0.386607 -8.788951 0.003951 0.386607 0.514828 1.495393 -0.812078 141.133817 77.831497 -148.088227
-8.448265 0.905845 -0.122667 -8.448265 0.905845 -0.122667 0.631435 1.495330 -0.877785 247.553806 -78.042940 -70.936110
-8.016284 1.776886 -0.656152 -8.016284 1.776886 -0.656152 0.822768 1.387961 -0.890574 390.223008 -279.853015 28.306915
-7.446026 2.549376 -1.178078 -7.446026 2.549376 -1.178078 1.088686 1.170482 -0.836974 496.171973 -445.076874 150.360166
-6.700174 3.165938 -1.644958 -6.700174 3.165938 -1.644958 1.403040 0.875370 -0.705558 551.672187 -538.630870 287.694386
-5.759226 3.591889 -2.008969 -5.759226 3.591889 -2.008969 1.733156 0.540604 -0.495247 548.714745 -577.256866 413.342967
-4.623533 3.813873 -2.226555 -4.623533 3.813873 -2.226555 2.047543 0.201891 -0.221442 499.243378 -551.786159 499.337536
-3.312348 3.840644 -2.267338 -3.312348 3.840644 -2.267338 2.311065 -0.104392 0.089172 379.162103 -469.155168 536.042573
-1.868004 3.702220 -2.118256 -1.868004 3.702220 -2.118256 2.485841 -0.342593 0.406250 203.424014 -324.847970 520.884772
-0.352939 3.450025 -1.786346 -0.352939 3.450025 -1.786346 2.542615 -0.478331 0.690787 -14.174155 -127.614250 427.572282
1.159242 3.149646 -1.302656 1.159242 3.149646 -1.302656 2.479929 -0.506951 0.908604 -194.780030 32.213798 298.485219
2.612139 2.851273 -0.703766 2.612139 2.851273 -0.703766 2.363061 -0.487623 1.087695 -194.780030 32.213798 298.485219
