2.255297 6.200848 -6.241824 2.255297 6.200848 -6.241824 0.904314 -0.016414 2.201711 -697.087176 -461.932858 143.050278
2.672410 6.107851 -4.895048 2.672410 6.107851 -4.895048 0.486062 -0.293574 2.287542 -697.087176 -461.932858 143.050278
2.838007 5.850138 -3.508116 2.838007 5.850138 -3.508116 0.064990 -0.562839 2.316660 -706.483945 -435.617902 -45.987920
2.752273 5.441020 -2.140970 2.752273 5.441020 -2.140970 -0.346705 -0.789225 2.216209 -665.833827 -319.002136 -288.847855
2.431715 4.919839 -0.873950 2.431715 4.919839 -0.873950 -0.709631 -0.931755 1.989336 -543.917494 -156.097844 -467.398082
1.918711 4.341930 0.228744 1.918711 4.341930 0.228744 -0.982584 -0.979203 1.675017 -365.926364 -2.060044 -580.331641
1.275533 3.765181 1.125784 1.275533 3.765181 1.125784 -1.140946 -0.924725 1.309264 -161.948225 183.653301 -638.845608
0.574389 3.253909 1.797576 0.574389 3.253909 1.797576 -1.175243 -0.762005 0.932087 47.623826 358.746782 -618.410864
-0.111334 2.868348 2.250748 -0.111334 2.868348 2.250748 -1.092416 -0.511424 0.587211 228.467746 476.522022 -531.174392
-0.716836 2.651535 2.514922 -0.716836 2.651535 2.514922 -0.911215 -0.204174 0.305798 375.536619 547.645314 -406.867719
-1.189860 2.626892 2.635206 -1.189860 2.626892 2.635206 -0.655355 0.120841 0.111883 477.330097 535.735303 -239.516655
-1.494850 2.792132 2.669557 -1.494850 2.792132 2.669557 -0.357437 0.423800 0.019845 515.727208 474.129979 -67.277037
-1.618551 3.125624 2.678846 -1.618551 3.125624 2.678846 -0.058347 0.677619 0.026939 481.240032 371.932078 90.924200
-1.570611 3.588813 2.719299 -1.570611 3.588813 2.719299 0.212020 0.849129 0.121108 419.982461 199.770086 222.972158
-1.373878 4.121854 2.836703 -1.373878 4.121854 2.836703 0.433634 0.907013 0.277912 318.733637 -6.823914 299.707028
-1.063046 4.653934 3.059021 -1.063046 4.653934 3.059021 0.591269 0.848420 0.465855 206.715649 -188.486261 326.770197
-0.678322 5.119601 3.397288 -0.678322 5.119601 3.397288 0.679065 0.688041 0.661594 85.938434 -346.110177 325.692951
-0.261797 5.462556 3.849169 -0.261797 5.462556 3.849169 0.698712 0.442528 0.838512 -20.448393 -472.268041 264.034615
0.150421 5.638998 4.394805 0.150421 5.638998 4.394805 0.669803 0.138832 0.971942 -75.916396 -540.050165 180.732800
0.537506 5.625765 5.005827 0.537506 5.625765 5.005827 0.618595 -0.181811 1.057006 -94.777858 -528.762198 102.812707
0.892437 5.424755 5.654137 0.892437 5.424755 5.654137 0.565895 -0.482800 1.096693 -80.888578 -474.534688 29.475722
1.219344 5.056091 6.312891 1.219344 5.056091 6.312891 0.527017 -0.735357 1.091544 -48.705508 -367.321108 -46.637468
1.530099 4.558747 6.957719 1.530099 4.558747 6.957719 0.514353 -0.905809 1.055042 6.494427 -200.852019 -75.035941
1.843869 3.988075 7.578585 1.843869 3.988075 7.578585 0.538195 -0.981486 1.016755 72.977320 -51.405275 -52.587919
2.183529 3.399965 8.181111 2.183529 3.399965 8.181111 0.600016 -0.962157 0.994897 133.094694 115.835563 -20.270798
2.568091 2.851234 8.777800 2.568091 2.851234 8.777800 0.682847 -0.854092 0.999730 143.009193 244.380305 36.380976
3.002901 2.388239 9.388519 3.002901 2.388239 9.388519 0.765456 -0.680105 1.043219 132.352576 335.578830 108.581378
3.483463 2.042725 10.037320 3.483463 2.042725 10.037320 0.832188 -0.468032 1.124996 90.085974 371.330430 164.009565
3.994396 1.827687 10.744043 3.994396 1.827687 10.744043 0.863264 -0.250524 1.234419 13.503789 353.697553 200.732807
4.508515 1.737670 11.521219 4.508515 1.737670 11.521219 0.840015 -0.055150 1.356822 -91.002002 297.547828 207.275625
4.989412 1.751394 12.370181 4.989412 1.751394 12.370181 0.751757 0.089655 1.468981 -203.191296 185.136700 166.590372
5.398140 1.831564 13.276414 5.398140 1.831564 13.276414 0.601086 0.165997 1.543226 -299.046124 69.334894 80.890927
5.700529 1.937031 14.210340 5.700529 1.937031 14.210340 0.399484 0.174543 1.558911 -372.959879 -40.848051 -28.605982
5.871474 2.028696 15.131712 5.871474 2.028696 15.131712 0.167647 0.121495 1.497622 -399.831721 -135.978369 -175.693081
5.901812 2.072518 15.989196 5.901812 2.072518 15.989196 -0.063652 0.016911 1.344881 -371.163509 -212.636199 -333.440776
5.801468 2.043496 16.728389 5.801468 2.043496 16.728389 -0.263068 -0.115138 1.106238 -293.557284 -227.527003 -462.036937
5.600682 1.936086 17.303002 5.600682 1.936086 17.303002 -0.389727 -0.238517 0.799200 -128.637933 -183.733748 -561.422171
5.351930 1.762567 17.678666 5.351930 1.762567 17.678666 -0.425716 -0.335440 0.448344 8.674199 -139.343613 -608.099060
5.098062 1.536222 17.838215 5.098062 1.536222 17.838215 -0.420511 -0.419046 0.083485 8.674199 -139.343613 -608.099060
