3.669752 -3.538560 -1.219192 3.669752 -3.538560 -1.219192 -0.035683 0.101575 1.679023 -54.571394 -196.905875 274.257117
3.638519 -3.513058 -0.162412 3.638519 -3.513058 -0.162412 -0.068426 -0.016569 1.843577 -54.571394 -196.905875 274.257117
3.589376 -3.558644 0.985976 3.589376 -3.558644 0.985976 -0.092494 -0.135718 1.972511 -25.656800 -200.259388 155.522456
3.533573 -3.673727 2.186921 3.533573 -3.673727 2.186921 -0.086327 -0.243901 2.013046 46.215012 -160.350472 -20.407194
3.495832 -3.844003 3.379694 3.495832 -3.844003 3.379694 -0.029918 -0.315471 1.943896 141.815722 -78.215961 -210.092191
3.508756 -4.041800 4.498285 3.508756 -4.041800 4.498285 0.081909 -0.334577 1.768189 230.940775 14.531780 -375.597887
3.602725 -4.231885 5.482537 3.602725 -4.231885 5.482537 0.236747 -0.285636 1.497561 285.185096 148.604927 -526.495051
3.797795 -4.371454 6.279044 3.797795 -4.371454 6.279044 0.416300 -0.171151 1.145366 313.324983 233.009472 -647.488672
4.104651 -4.427672 6.847175 4.104651 -4.427672 6.847175 0.607679 -0.008694 0.744169 324.604887 308.513811 -689.833358
4.524297 -4.374574 7.171563 4.524297 -4.374574 7.171563 0.785490 0.190327 0.340550 268.098099 354.890050 -655.564035
5.036637 -4.197051 7.263605 5.036637 -4.197051 7.263605 0.910294 0.400494 -0.024221 147.913960 345.667034 -560.339597
5.601925 -3.899065 7.158289 5.601925 -3.899065 7.158289 0.961476 0.585238 -0.310035 22.692898 270.147241 -392.374578
6.171688 -3.505991 6.913334 6.171688 -3.505991 6.913334 0.919057 0.713851 -0.486993 -164.088104 158.562491 -197.483118
6.684234 -3.057084 6.600042 6.684234 -3.057084 6.600042 0.773841 0.769266 -0.533228 -319.966353 26.152500 43.364961
7.081387 -2.601223 6.302371 7.081387 -2.601223 6.302371 0.534077 0.732927 -0.434910 -479.245231 -147.282618 284.362547
7.309801 -2.195452 6.103064 7.309801 -2.195452 6.103064 0.217688 0.607188 -0.212023 -575.384561 -271.847050 458.592496
7.336845 -1.880071 6.058397 7.336845 -1.880071 6.058397 -0.127542 0.444080 0.063132 -575.384561 -271.847050 458.592496
