-10.889117 -5.111916 5.389972 -10.889117 -5.111916 5.389972 1.493111 0.767389 0.015583 45.614836 220.702883 7.001606
-9.985040 -4.611755 5.400582 -9.985040 -4.611755 5.400582 1.520480 0.899811 0.019783 45.614836 220.702883 7.001606
-9.071699 -4.037694 5.420576 -9.071699 -4.037694 5.420576 1.512059 1.004475 0.058304 -73.682877 128.177343 121.401726
-8.185501 -3.422598 5.483417 -8.185501 -3.422598 5.483417 1.428978 1.028078 0.161173 -203.254108 -49.500667 221.492594
-7.367393 -2.823981 5.623421 -7.367393 -2.823981 5.623421 1.293557 0.951778 0.311225 -248.150362 -204.833265 278.681160
-6.637092 -2.297170 5.859981 -6.637092 -2.297170 5.859981 1.138836 0.791951 0.476748 -267.586043 -327.922418 273.062088
-5.999724 -1.888696 6.192070 -5.999724 -1.888696 6.192070 0.989443 0.556843 0.625031 -230.392190 -455.771178 221.215450
-5.443017 -1.638820 6.603281 -5.443017 -1.638820 6.603281 0.873769 0.272424 0.739627 -155.188107 -492.290918 160.771032
-4.942833 -1.562678 7.071245 -4.942833 -1.562678 7.071245 0.799940 -0.016453 0.812336 -90.907805 -470.634439 81.592603
-4.474581 -1.653597 7.568812 -4.474581 -1.653597 7.568812 0.768652 -0.280497 0.838685 -13.384331 -409.512013 6.236470
-4.011556 -1.887090 8.069790 -4.011556 -1.887090 8.069790 0.781836 -0.483615 0.825650 57.332129 -267.549086 -49.687028
-3.530097 -2.215769 8.553770 -3.530097 -2.215769 8.553770 0.826425 -0.595897 0.783506 91.295192 -106.723954 -90.792284
-3.017874 -2.581482 9.009089 -3.017874 -2.581482 9.009089 0.880873 -0.604756 0.736821 90.198821 77.193680 -64.823776
-2.475364 -2.919182 9.441265 -2.475364 -2.919182 9.441265 0.923747 -0.502144 0.706684 52.716266 264.846549 -35.633703
-1.914064 -3.162306 9.862439 -1.914064 -3.162306 9.862439 0.943190 -0.290787 0.703192 12.092134 439.678629 23.993435
-1.350952 -3.251930 10.293429 -1.350952 -3.251930 10.293429 0.925551 0.001553 0.741371 -70.887116 534.787707 103.270219
-0.813053 -3.152650 10.760759 -0.813053 -3.152650 10.760759 0.859660 0.332859 0.822923 -148.750036 569.565628 168.568859
-0.326771 -2.849877 11.287268 -0.326771 -2.849877 11.287268 0.756714 0.677274 0.936131 -194.403182 578.484607 208.791523
0.092265 -2.339385 11.886529 0.092265 -2.339385 11.886529 0.640072 1.024365 1.061406 -194.403182 578.484607 208.791523
