-8.433392 0.674226 0.050057 -8.433392 0.674226 0.050057 1.253532 0.451451 1.287914 54.829762 233.235514 -152.488247
-7.671404 0.987079 0.795358 -7.671404 0.987079 0.795358 1.286430 0.591393 1.196421 54.829762 233.235514 -152.488247
-6.887008 1.383640 1.488206 -6.887008 1.383640 1.488206 1.332666 0.730049 1.117149 99.290163 228.952670 -111.750837
-6.064762 1.858365 2.142704 -6.064762 1.858365 2.142704 1.416114 0.844839 1.071713 178.868658 153.679373 -39.703040
-5.180179 2.387297 2.782187 -5.180179 2.387297 2.782187 1.537025 0.908879 1.065903 224.170107 59.786908 20.336454
-4.219023 2.935769 3.426971 -4.219023 2.935769 3.426971 1.664481 0.906670 1.086012 200.682443 -67.148046 46.695223
-3.185019 3.460272 4.086574 -3.185019 3.460272 4.086574 1.780851 0.829315 1.111984 187.218546 -190.704103 39.877246
-2.086853 3.917554 4.758178 -2.086853 3.917554 4.758178 1.872962 0.684994 1.122084 119.815823 -290.364586 -6.211161
-0.949474 4.270851 5.427814 -0.949474 4.270851 5.427814 1.905026 0.483609 1.105880 -12.934628 -380.918279 -47.802737
0.184386 4.490131 6.076150 0.184386 4.490131 6.076150 1.863125 0.243456 1.044258 -126.735453 -419.593494 -157.603050
1.270927 4.562183 6.669439 1.270927 4.562183 6.669439 1.744476 -0.000774 0.925210 -268.761843 -394.505612 -239.222964
2.261273 4.495366 7.176809 2.261273 4.495366 7.176809 1.543409 -0.214185 0.758197 -401.459788 -316.863016 -317.488778
3.111129 4.318260 7.573235 3.111129 4.318260 7.573235 1.282897 -0.362104 0.560983 -466.914803 -176.200093 -339.889104
3.794481 4.077721 7.847214 3.794481 4.077721 7.847214 0.991041 -0.425627 0.349896 -505.938663 -35.542903 -363.734012
4.298037 3.815947 7.991680 4.298037 3.815947 7.991680 0.687478 -0.446952 0.131656 -505.938663 -35.542903 -363.734012
