-2.621942 5.407402 0.429038 -2.621942 5.407402 0.429038 0.495430 0.501868 0.789141 697.061153 -307.835399 -62.891259
-2.199213 5.653113 0.891202 -2.199213 5.653113 0.891202 0.913667 0.317167 0.751406 697.061153 -307.835399 -62.891259
-1.522873 5.783824 1.333540 -1.522873 5.783824 1.333540 1.345247 0.111572 0.727742 741.538335 -377.478532 -15.991148
-0.583222 5.778368 1.771643 -0.583222 5.778368 1.771643 1.785299 -0.137181 0.739829 725.303282 -451.699789 56.281174
0.612065 5.614184 2.230099 0.612065 5.614184 2.230099 2.188248 -0.411048 0.795740 617.859420 -461.189911 130.089793
2.026433 5.288771 2.737520 2.026433 5.288771 2.737520 2.509984 -0.666609 0.906597 454.593763 -390.679198 239.431990
3.602154 4.825062 3.328577 3.602154 4.825062 3.328577 2.722256 -0.868123 1.070263 252.980489 -281.036756 306.122208
5.266887 4.262923 4.027993 5.266887 4.262923 4.027993 2.803258 -0.990138 1.264718 17.023633 -125.678038 342.061676
6.937989 3.656970 4.849306 6.937989 3.656970 4.849306 2.743890 -1.011787 1.474512 -214.915470 53.512913 357.250040
8.533732 3.069417 5.795102 8.533732 3.069417 5.795102 2.555407 -0.930243 1.672780 -413.362586 218.302496 303.643347
9.983944 2.559513 6.847549 9.983944 2.559513 6.847549 2.264259 -0.754526 1.825586 -557.131016 367.421690 205.712207
11.236414 2.180858 7.971102 11.236414 2.180858 7.971102 1.900971 -0.494451 1.904875 -653.826596 499.493752 58.584190
12.257974 1.977418 9.113184 12.257974 1.977418 9.113184 1.502003 -0.178147 1.883086 -676.068457 554.851678 -131.214157
13.041192 1.968741 10.209022 13.041192 1.968741 10.209022 1.114904 0.146455 1.752383 -614.260913 527.157429 -304.463457
13.606913 2.147552 11.195929 13.606913 2.147552 11.195929 0.783079 0.442995 1.521108 -491.822601 461.309533 -466.453198
13.996778 2.488998 12.015978 13.996778 2.488998 12.015978 0.530709 0.682850 1.197963 -349.409128 338.206471 -610.695365
14.261783 2.948747 12.620049 14.261783 2.948747 12.620049 0.368429 0.831579 0.807638 -191.525618 157.555062 -690.388759
14.458754 3.464577 12.980203 14.458754 3.464577 12.980203 0.305455 0.868730 0.392613 -18.389198 -33.717414 -693.028193
14.647099 3.968408 13.093570 14.647099 3.968408 13.093570 0.336334 0.791809 -0.010485 121.321356 -222.685463 -650.630392
14.877016 4.394160 12.977662 14.877016 4.394160 12.977662 0.440522 0.611947 -0.363382 225.970507 -376.855284 -525.694480
15.185792 4.686848 12.676762 15.185792 4.686848 12.676762 0.595041 0.352601 -0.620025 289.094605 -487.630858 -329.782156
15.595208 4.806730 12.258901 15.595208 4.806730 12.258901 0.770273 0.040497 -0.750320 295.011084 -552.714807 -104.533988
16.108008 4.732787 11.803861 16.108008 4.732787 11.803861 0.934949 -0.284895 -0.743201 253.908852 -531.925188 128.265207
16.711022 4.470449 11.393919 16.711022 4.470449 11.393919 1.069000 -0.582325 -0.601789 192.926517 -459.510095 343.106767
17.382007 4.045726 11.105890 17.382007 4.045726 11.105890 1.159045 -0.821113 -0.339501 107.224732 -336.448285 531.186454
18.091846 3.501640 11.004492 18.091846 3.501640 11.004492 1.198938 -0.977268 0.012655 25.751113 -184.067927 642.666565
18.811535 2.892890 11.131108 18.811535 2.892890 11.131108 1.192845 -1.033995 0.414972 -46.059512 -5.024512 698.389771
19.516203 2.280608 11.505175 19.516203 2.280608 11.505175 1.151469 -0.991911 0.830877 -91.861815 145.305415 687.962355
20.190340 1.719826 12.120704 20.190340 1.719826 12.120704 1.095305 -0.863681 1.209499 -95.351349 282.128640 574.108345
20.832700 1.257580 12.939514 20.832700 1.257580 12.939514 1.049795 -0.668505 1.502818 -56.348523 368.458029 403.623946
21.455098 0.924298 13.902702 21.455098 0.924298 13.902702 1.029307 -0.439941 1.689217 -11.944714 393.421594 217.704212
22.073756 0.730334 14.942301 22.073756 0.730334 14.942301 1.038256 -0.207964 1.754251 41.773890 379.834374 -0.923734
22.708708 0.669311 15.981916 22.708708 0.669311 15.981916 1.085716 -0.003135 1.689850 116.428309 302.930556 -213.746639
23.384935 0.715326 16.946520 23.384935 0.715326 16.946520 1.174776 0.145464 1.507446 180.435882 192.396633 -394.267615
24.123460 0.830911 17.773010 24.123460 0.830911 17.773010 1.288944 0.229280 1.235840 200.124473 86.991351 -511.084388
24.931396 0.976200 18.417772 24.931396 0.976200 18.417772 1.401756 0.241787 0.905456 175.915875 -45.302092 -590.194105
25.799884 1.106787 18.854847 25.799884 1.106787 18.854847 1.486153 0.182953 0.551520 105.408324 -150.810253 -589.593147
26.704983 1.186643 19.083157 26.704983 1.186643 19.083157 1.521564 0.078616 0.215385 12.627448 -196.980513 -530.857914
27.612397 1.196311 19.123225 27.612397 1.196311 19.123225 1.490155 -0.049799 -0.071173 -117.322004 -231.067789 -424.334049
28.475627 1.126123 19.011784 28.475627 1.126123 19.011784 1.371036 -0.182022 -0.287557 -279.741839 -209.676789 -296.945699
29.239422 0.983744 18.793479 29.239422 0.983744 18.793479 1.160824 -0.284948 -0.427332 -420.967175 -133.409698 -168.971700
29.853721 0.794396 18.514732 29.853721 0.794396 18.514732 0.876139 -0.336821 -0.488377 -527.983007 -39.498800 -34.513737
30.279507 0.591014 18.221763 30.279507 0.591014 18.221763 0.535048 -0.331418 -0.477738 -608.985968 57.506475 69.976935
30.488689 0.409330 17.952021 30.488689 0.409330 17.952021 0.158508 -0.262836 -0.414225 -646.146349 171.102474 141.733546
30.470796 0.286848 17.730386 30.470796 0.286848 17.730386 -0.212634 -0.138067 -0.322242 -590.993476 244.792911 164.877651
30.245743 0.249895 17.564483 30.245743 0.249895 17.564483 -0.522700 0.017928 -0.234495 -442.561462 275.190889 127.613498
29.860271 0.309739 17.444525 29.860271 0.309739 17.444525 -0.749191 0.180807 -0.169087 -312.407124 267.740249 90.411110
29.354523 0.466417 17.359346 29.354523 0.466417 17.359346 -0.936635 0.341452 -0.114841 -312.407124 267.740249 90.411110
