1.456474 -2.970896 0.285319 1.456474 -2.970896 0.285319 1.443860 -0.231101 -0.232359 7.081128 336.453271 15.920282
2.324064 -3.048994 0.148769 2.324064 -3.048994 0.148769 1.448108 -0.029229 -0.222807 7.081128 336.453271 15.920282
3.191088 -3.011181 0.021927 3.191088 -3.011181 0.021927 1.436779 0.146588 -0.193373 -44.845060 249.602227 82.191275
4.040163 -2.886441 -0.074128 4.040163 -2.886441 -0.074128 1.385269 0.255646 -0.118185 -126.857023 113.924218 168.436481
4.844269 -2.719504 -0.111174 4.844269 -2.719504 -0.111174 1.288053 0.289212 0.000612 -197.196749 -2.037186 227.554430
5.577777 -2.552875 -0.068366 5.577777 -2.552875 -0.068366 1.150590 0.255334 0.144547 -261.010716 -110.890765 252.229391
6.218662 -2.424879 0.063136 6.218662 -2.424879 0.063136 0.981549 0.162582 0.292750 -302.459244 -198.281549 241.778084
6.752548 -2.365041 0.279024 6.752548 -2.365041 0.279024 0.797070 0.033510 0.421404 -312.471351 -231.959252 187.068561
7.178055 -2.385235 0.559744 7.178055 -2.385235 0.559744 0.627135 -0.098402 0.504672 -253.979615 -207.746748 90.493083
7.514569 -2.478610 0.872035 7.514569 -2.478610 0.872035 0.504492 -0.207747 0.524966 -154.828207 -156.736066 -22.845048
7.797626 -2.626323 1.173893 7.797626 -2.626323 1.173893 0.452750 -0.276051 0.466210 -17.646831 -70.943660 -173.009733
8.074585 -2.798419 1.412472 8.074585 -2.798419 1.412472 0.484590 -0.287093 0.312380 123.780628 34.136369 -339.758634
8.397772 -2.958939 1.531863 8.397772 -2.958939 1.531863 0.609619 -0.238652 0.074120 292.980668 127.332905 -454.439430
8.825438 -3.073760 1.489815 8.825438 -3.073760 1.489815 0.831202 -0.135004 -0.222147 445.631674 218.160218 -533.118070
9.410405 -3.111457 1.257950 9.410405 -3.111457 1.257950 1.128741 0.016077 -0.555095 546.165416 285.444424 -576.709476
10.189021 -3.050877 0.823646 10.189021 -3.050877 0.823646 1.471745 0.185114 -0.888316 597.179909 278.012854 -534.024177
11.177850 -2.892397 0.200128 11.177850 -2.892397 0.200128 1.821503 0.338766 -1.180751 568.678707 234.158921 -440.759162
12.368803 -2.651403 -0.578040 12.368803 -2.651403 -0.578040 2.141158 0.457192 -1.397113 496.839063 160.594484 -280.447983
13.734319 -2.354908 -1.454041 13.734319 -2.354908 -1.454041 2.396211 0.519914 -1.501647 353.336876 48.480912 -67.998570
15.222876 -2.042378 -2.354642 15.222876 -2.042378 -2.354642 2.544365 0.508277 -1.479310 140.510707 -87.270938 142.453774
16.761887 -1.761093 -3.203220 16.761887 -1.761093 -3.203220 2.564168 0.416048 -1.327006 -74.499263 -220.159061 365.226330
18.273142 -1.557364 -3.921313 18.273142 -1.557364 -3.921313 2.450288 0.252600 -1.046020 -305.100271 -324.668000 571.392120
19.676321 -1.468557 -4.438316 19.676321 -1.468557 -4.438316 2.206851 0.036231 -0.664395 -506.356775 -396.564080 700.691206
20.899033 -1.518830 -4.706503 20.899033 -1.518830 -4.706503 1.851764 -0.204852 -0.222348 -677.267491 -407.046236 772.800489
21.882150 -1.712332 -4.701125 21.882150 -1.712332 -4.701125 1.415234 -0.435692 0.239745 -777.832238 -362.419002 767.509729
22.590567 -2.033308 -4.423608 22.590567 -2.033308 -4.423608 0.944969 -0.624773 0.677840 -789.717252 -267.849874 692.807958
23.019435 -2.448109 -3.900785 23.019435 -2.448109 -3.900785 0.491316 -0.744105 1.050591 -722.460930 -129.924904 549.694999
23.190498 -2.907671 -3.183582 23.190498 -2.907671 -3.183582 0.089421 -0.770620 1.319927 -617.189008 41.541352 348.089184
23.144201 -3.351885 -2.343261 23.144201 -3.351885 -2.343261 -0.225171 -0.692290 1.457324 -431.450371 219.559827 109.902550
22.945988 -3.718077 -1.462487 22.945988 -3.718077 -1.462487 -0.411288 -0.512249 1.456252 -188.938556 380.576153 -113.476885
22.677508 -3.949657 -0.621140 22.677508 -3.949657 -0.621140 -0.463143 -0.247576 1.328276 16.087739 501.668424 -313.110276
22.414758 -4.003245 0.109520 22.414758 -4.003245 0.109520 -0.392291 0.076712 1.090682 220.084161 579.291657 -478.867623
22.230090 -3.852578 0.672331 22.230090 -3.852578 0.672331 -0.204784 0.426121 0.776351 404.940835 585.404827 -568.903240
22.187279 -3.495398 1.033762 22.187279 -3.495398 1.033762 0.074031 0.758034 0.425121 524.440261 520.970197 -601.864619
22.327268 -2.955254 1.183397 22.327268 -2.955254 1.183397 0.394554 1.028361 0.078493 543.972899 380.119514 -553.560517
22.661627 -2.278178 1.136364 22.661627 -2.278178 1.136364 0.719494 1.214627 -0.226081 539.158622 240.769084 -461.686100
23.190372 -1.506063 0.917612 23.190372 -1.506063 0.917612 1.042989 1.359089 -0.503093 539.158622 240.769084 -461.686100
