8.394440 3.100237 -8.966452 8.394440 3.100237 -8.966452 2.210011 0.376339 -0.080747 -211.416453 -430.199576 344.466553
9.682391 3.248604 -8.952896 9.682391 3.248604 -8.952896 2.083161 0.118219 0.125933 -211.416453 -430.199576 344.466553
10.887166 3.242541 -8.821446 10.887166 3.242541 -8.821446 1.920975 -0.137692 0.302046 -329.202926 -422.837356 242.577478
11.973345 3.088243 -8.602909 11.973345 3.088243 -8.602909 1.687706 -0.369254 0.415819 -448.362107 -349.035367 136.664774
12.903118 2.809908 -8.334576 12.903118 2.809908 -8.334576 1.407964 -0.548459 0.469028 -484.110400 -248.313513 40.697349
13.662543 2.443939 -8.049969 13.662543 2.443939 -8.049969 1.126431 -0.658431 0.472769 -454.332025 -118.261734 -28.225349
14.260381 2.035734 -7.772212 14.260381 2.035734 -7.772212 0.872626 -0.688684 0.451713 -391.684526 17.419297 -41.960986
14.719034 1.632466 -7.508352 14.719034 1.632466 -7.508352 0.665517 -0.644197 0.428460 -298.677907 130.870059 -35.549042
15.070607 1.274493 -7.256657 15.070607 1.274493 -7.256657 0.516434 -0.540733 0.412224 -198.267289 214.009951 -18.572974
15.350926 0.990676 -7.008388 15.350926 0.990676 -7.008388 0.428208 -0.401821 0.422468 -95.817972 249.030521 52.720310
15.595390 0.794107 -6.741714 15.595390 0.794107 -6.741714 0.394647 -0.253913 0.472619 -16.052123 243.995948 114.448429
15.832086 0.683071 -6.434585 15.832086 0.683071 -6.434585 0.399006 -0.120553 0.556072 30.581880 200.538826 163.730153
16.078263 0.641931 -6.070142 16.078263 0.641931 -6.070142 0.423694 -0.024757 0.660952 51.711353 118.781538 185.868625
16.340027 0.641931 -5.640035 16.340027 0.641931 -5.640035 0.445921 0.013881 0.772871 22.378715 10.009098 187.194603
16.608407 0.646043 -5.145313 16.608407 0.646043 -5.145313 0.443345 -0.010205 0.871710 -30.965126 -90.293948 142.268851
16.865841 0.618395 -4.601255 16.865841 0.618395 -4.601255 0.409767 -0.090744 0.934190 -80.961292 -178.171386 65.999960
17.093708 0.529151 -4.036295 17.093708 0.529151 -4.036295 0.344090 -0.211281 0.936620 -137.962816 -223.615842 -57.902284
17.272441 0.361164 -3.491335 17.272441 0.361164 -3.491335 0.246872 -0.350285 0.868933 -186.096139 -239.731645 -167.719883
17.385960 0.110341 -3.007731 17.385960 0.110341 -3.007731 0.129678 -0.481627 0.730468 -204.551176 -198.076422 -293.830546
17.428691 -0.209703 -2.628723 17.428691 -0.209703 -2.628723 0.015667 -0.577545 0.522253 -175.485038 -121.649986 -400.219049
17.411114 -0.571761 -2.390338 17.411114 -0.571761 -2.390338 -0.066576 -0.618704 0.267484 -98.660622 -15.545059 -449.011312
17.359235 -0.937826 -2.310942 17.359235 -0.937826 -2.310942 -0.096643 -0.588255 -0.003284 -1.560271 117.040478 -453.549090
17.307545 -1.262494 -2.391788 17.307545 -1.262494 -2.391788 -0.064696 -0.481938 -0.261597 108.050679 237.349030 -407.494763
17.295934 -1.502430 -2.614554 17.295934 -1.502430 -2.614554 0.038918 -0.307011 -0.468383 237.328238 345.741040 -281.791399
17.369186 -1.620442 -2.936682 17.369186 -1.620442 -2.936682 0.217227 -0.079759 -0.589339 357.034543 411.765166 -121.394093
17.567745 -1.593761 -3.300358 17.567745 -1.593761 -3.300358 0.451231 0.169393 -0.603286 422.978516 418.743503 74.904106
17.916683 -1.419421 -3.636525 17.916683 -1.419421 -3.636525 0.715332 0.407294 -0.496731 457.358189 374.257632 280.279886
18.427241 -1.113369 -3.872581 18.427241 -1.113369 -3.872581 0.984919 0.603394 -0.270903 441.266956 279.411774 472.478565
19.091056 -0.710634 -3.940033 19.091056 -0.710634 -3.940033 1.216858 0.723064 0.062802 331.860066 119.485359 639.871238
19.873932 -0.264304 -3.781393 19.873932 -0.264304 -3.781393 1.381106 0.749674 0.475633 215.636306 -30.782872 736.233344
20.741410 0.179960 -3.363491 20.741410 0.179960 -3.363491 1.510488 0.731205 0.917373 215.636306 -30.782872 736.233344
