9.002941 -4.414411 0.915094 9.002941 -4.414411 0.915094 -0.447531 1.299175 1.812015 200.963688 -271.664748 173.241429
8.770596 -3.683805 2.033487 8.770596 -3.683805 2.033487 -0.326953 1.136176 1.915960 200.963688 -271.664748 173.241429
8.620955 -3.057673 3.204742 8.620955 -3.057673 3.204742 -0.154590 0.939809 1.972381 373.580089 -382.891643 14.826660
8.607540 -2.568981 4.379430 8.607540 -2.568981 4.379430 0.130027 0.678705 1.924231 575.140859 -487.455916 -175.327140
8.795135 -2.249109 5.495271 8.795135 -2.249109 5.495271 0.505381 0.388190 1.783345 676.039611 -480.929132 -294.291835
9.221516 -2.099616 6.507919 9.221516 -2.099616 6.507919 0.918330 0.115365 1.584837 700.457574 -428.485006 -367.402106
9.896119 -2.101792 7.390337 9.896119 -2.101792 7.390337 1.326219 -0.113069 1.352637 659.171390 -332.963642 -406.598177
10.803235 -2.221656 8.129489 10.803235 -2.221656 8.129489 1.685392 -0.273290 1.112467 538.071797 -201.104685 -393.966734
11.900239 -2.412245 8.730300 11.900239 -2.412245 8.730300 1.952816 -0.346034 0.897310 353.342492 -41.376277 -323.223554
13.122828 -2.617779 9.216117 13.122828 -2.617779 9.216117 2.101311 -0.323190 0.731429 141.639734 117.521849 -229.712027
14.395887 -2.784002 9.618169 14.395887 -2.784002 9.618169 2.120182 -0.219992 0.616316 -78.734081 226.472159 -154.000503
15.640687 -2.870131 9.965917 15.640687 -2.870131 9.965917 2.007255 -0.058603 0.552309 -297.690999 311.493026 -59.354844
16.780258 -2.846341 10.290775 16.780258 -2.846341 10.290775 1.772650 0.142707 0.537477 -484.325734 359.538006 9.913394
17.749335 -2.696964 10.616354 17.749335 -2.696964 10.616354 1.445385 0.353612 0.549971 -606.555499 343.478916 31.733087
18.503790 -2.427211 10.951481 18.503790 -2.427211 10.951481 1.063472 0.538497 0.566170 -666.489964 272.806235 22.264993
19.022323 -2.061130 11.293175 19.022323 -2.061130 11.293175 0.665669 0.671569 0.569455 -659.518194 170.767195 -11.316050
19.307298 -1.633701 11.630075 19.307298 -1.633701 11.630075 0.291392 0.742775 0.548984 -588.073621 66.586112 -56.918913
19.384383 -1.182145 11.944358 19.384383 -1.182145 11.944358 -0.020937 0.752254 0.490521 -453.023895 -34.992129 -137.958677
19.300327 -0.743753 12.210202 19.300327 -0.743753 12.210202 -0.242497 0.697951 0.389566 -285.508239 -146.018183 -198.556701
19.110841 -0.354278 12.406986 19.110841 -0.354278 12.406986 -0.376786 0.595281 0.264356 -162.120695 -196.214772 -218.810173
18.855588 -0.032428 12.526214 18.855588 -0.032428 12.526214 -0.474058 0.477552 0.133070 -162.120695 -196.214772 -218.810173
