-10.618486 -0.914369 9.875589 -10.618486 -0.914369 9.875589 -0.020086 -0.393401 1.598078 189.334224 223.311347 -392.720192
-10.596457 -1.110213 10.763747 -10.596457 -1.110213 10.763747 0.093515 -0.259414 1.362446 189.334224 223.311347 -392.720192
-10.498455 -1.222784 11.501204 -10.498455 -1.222784 11.501204 0.246182 -0.111021 1.080211 319.556961 271.333609 -548.060738
-10.285635 -1.240056 12.041045 -10.285635 -1.240056 12.041045 0.475867 0.054282 0.703199 446.060580 279.675549 -708.645822
-9.913851 -1.159994 12.330940 -9.913851 -1.159994 12.330940 0.773368 0.207844 0.255671 545.610039 232.196787 -783.115967
-9.348431 -0.998147 12.343748 -9.348431 -0.998147 12.343748 1.116683 0.323886 -0.212364 598.771598 154.611241 -777.001580
-8.571490 -0.783115 12.081520 -8.571490 -0.783115 12.081520 1.471707 0.381006 -0.653315 584.643421 35.786850 -692.833599
-7.588056 -0.556213 11.573543 -7.588056 -0.556213 11.573543 1.798362 0.361762 -1.025403 504.205988 -99.933012 -547.460135
-6.425737 -0.365370 10.871840 -6.425737 -0.365370 10.871840 2.063610 0.260673 -1.293471 379.954558 -237.028871 -346.101420
-5.130150 -0.258311 10.047245 -5.130150 -0.258311 10.047245 2.236724 0.085058 -1.432199 197.089941 -348.356815 -116.323435
-3.765825 -0.273634 9.181022 -3.765825 -0.273634 9.181022 2.289052 -0.142222 -1.431821 -22.663887 -409.243213 117.583695
-2.410013 -0.434037 8.355851 -2.410013 -0.434037 8.355851 2.207756 -0.394798 -1.297488 -248.320638 -432.674970 330.192363
-1.140825 -0.747110 7.646499 -1.140825 -0.747110 7.646499 2.004927 -0.645967 -1.050843 -427.775268 -404.555354 491.957982
-0.024016 -1.201175 7.110848 -0.024016 -1.201175 7.110848 1.702518 -0.857025 -0.724159 -580.256047 -298.970798 596.987136
0.886636 -1.760371 6.785576 0.886636 -1.760371 6.785576 1.322305 -0.992240 -0.357134 -687.119757 -151.745470 626.432111
1.555021 -2.373431 6.681501 1.555021 -2.373431 6.681501 0.903448 -1.035298 0.005961 -709.069669 8.217623 583.884489
1.973569 -2.981542 6.784512 1.973569 -2.981542 6.784512 0.498563 -0.972423 0.327966 -640.548982 201.366214 489.463231
2.165034 -3.518965 7.060509 2.165034 -3.518965 7.060509 0.152365 -0.802678 0.577218 -513.442238 364.449524 341.378478
2.175271 -3.927712 7.458354 2.175271 -3.927712 7.458354 -0.099512 -0.547714 0.732372 -326.148377 485.430734 175.799656
2.070697 -4.163557 7.919338 2.070697 -4.163557 7.919338 -0.226006 -0.229427 0.787436 -95.498617 575.527409 7.747914
1.931771 -4.196498 8.384052 1.931771 -4.196498 8.384052 -0.213966 0.121493 0.746377 135.629779 594.203748 -144.609440
1.840263 -4.020430 8.798532 1.840263 -4.020430 8.798532 -0.070294 0.459092 0.623026 343.277312 531.126863 -266.562990
1.870900 -3.656460 9.119597 1.870900 -3.656460 9.119597 0.190787 0.742330 0.439241 526.993182 412.999143 -346.053050
2.087742 -3.146157 9.319956 2.087742 -3.146157 9.319956 0.544543 0.942955 0.227129 652.193016 255.753342 -360.985291
2.534656 -2.545485 9.393141 2.534656 -2.545485 9.393141 0.949823 1.040723 0.019964 698.740254 70.137195 -329.564893
3.228794 -1.919481 9.348975 3.228794 -1.919481 9.348975 1.361424 1.027532 -0.161888 673.265371 -114.104561 -276.609852
4.162275 -1.334092 9.207000 4.162275 -1.334092 9.207000 1.742577 0.906115 -0.303118 597.243813 -290.620372 -194.157885
5.305944 -0.850836 8.995757 5.305944 -0.850836 8.995757 2.054019 0.691235 -0.391731 440.896033 -425.644156 -101.216383
6.607213 -0.517487 8.747207 6.607213 -0.517487 8.747207 2.266038 0.411967 -0.428924 265.832371 -505.250799 -22.759977
8.004426 -0.361168 8.488933 8.004426 -0.361168 8.488933 2.374238 0.109235 -0.426695 94.835331 -503.855556 30.188172
9.435870 -0.383800 8.239487 9.435870 -0.383800 8.239487 2.380296 -0.180473 -0.402896 -74.641715 -461.838125 49.140915
10.841486 -0.568963 8.005929 10.841486 -0.568963 8.005929 2.289879 -0.426320 -0.376736 -226.748399 -357.650743 38.060499
12.168765 -0.880103 7.784246 12.168765 -0.880103 7.784246 2.124663 -0.595764 -0.366365 -323.971238 -207.163706 -3.489617
13.383141 -1.265020 7.559969 13.383141 -1.265020 7.559969 1.919746 -0.670908 -0.387610 -359.085846 -43.315591 -67.326937
14.470618 -1.665599 7.311446 14.470618 -1.665599 7.311446 1.705618 -0.648083 -0.447193 -354.673400 119.397076 -131.285619
15.432850 -2.024608 7.015917 15.432850 -2.024608 7.015917 1.506327 -0.534701 -0.543874 -309.630640 258.545141 -190.983052
16.285574 -2.293078 6.653279 16.285574 -2.293078 6.653279 1.343853 -0.350509 -0.668147 -231.948221 355.427657 -223.259565
17.055691 -2.436516 6.213093 17.055691 -2.436516 6.213093 1.232464 -0.122802 -0.797659 -139.348780 403.596572 -208.447417
17.775323 -2.438236 5.700186 17.775323 -2.438236 5.700186 1.175036 0.115921 -0.906682 -52.080052 392.146792 -154.961922
18.474981 -2.301535 5.132940 18.474981 -2.301535 5.132940 1.163843 0.334022 -0.976381 14.770082 334.855707 -77.367927
19.178282 -2.046277 4.540578 19.178282 -2.046277 4.540578 1.184390 0.507786 -0.985839 53.721782 244.355511 45.841289
19.898684 -1.705347 3.966942 19.898684 -1.705347 3.966942 1.217112 0.615772 -0.910250 55.350300 115.600146 206.120169
20.637480 -1.321394 3.466817 20.637480 -1.321394 3.466817 1.243152 0.653543 -0.741962 31.450448 10.301029 354.840309
21.384917 -0.933754 3.092362 21.384917 -0.933754 3.092362 1.241448 0.628024 -0.494801 -37.131275 -95.363482 469.029444
22.119640 -0.579474 2.885076 22.119640 -0.579474 2.885076 1.201857 0.543959 -0.187537 -94.837125 -184.852486 555.184010
22.820059 -0.288125 2.875566 22.820059 -0.288125 2.875566 1.126833 0.424286 0.160968 -155.242598 -214.056452 606.500127
23.465088 -0.071321 3.079501 23.465088 -0.071321 3.079501 1.018051 0.299662 0.515788 -207.366315 -201.356765 576.232184
24.038365 0.076364 3.485191 24.038365 0.076364 3.485191 0.892495 0.199507 0.824003 -211.153595 -132.494157 451.150329
24.536762 0.176534 4.053362 24.536762 0.176534 4.053362 0.770343 0.141586 1.057506 -196.017441 -60.576849 327.194531
24.963685 0.250582 4.746760 24.963685 0.250582 4.746760 0.652733 0.105240 1.253823 -196.017441 -60.576849 327.194531
