6.269954 -1.689880 -8.873901 6.269954 -1.689880 -8.873901 0.286125 0.165545 -0.074025 179.567426 -232.973069 -39.126291
6.473951 -1.632488 -8.925358 6.473951 -1.632488 -8.925358 0.393865 0.025761 -0.097500 179.567426 -232.973069 -39.126291
6.746757 -1.658852 -8.990086 6.746757 -1.658852 -8.990086 0.522429 -0.113451 -0.116899 248.978996 -231.066480 -25.537637
7.108759 -1.765673 -9.062419 7.108759 -1.765673 -9.062419 0.690459 -0.237885 -0.120205 311.120413 -183.716345 14.519313
7.579407 -1.936253 -9.125437 7.579407 -1.936253 -9.125437 0.878987 -0.322011 -0.079036 317.305856 -96.700939 122.710663
8.160178 -2.141384 -9.145245 8.160178 -2.141384 -9.145245 1.050688 -0.352625 0.022219 255.032186 -5.345582 214.804739
8.831991 -2.346764 -9.087299 8.831991 -2.346764 -9.087299 1.181182 -0.320051 0.180853 179.947054 113.924943 313.976232
9.568071 -2.513006 -8.917185 9.568071 -2.513006 -8.917185 1.264054 -0.225285 0.394669 96.291898 201.960543 398.744522
10.339097 -2.608894 -8.605148 10.339097 -2.608894 -8.605148 1.298133 -0.089456 0.651222 17.306361 250.801892 456.432047
11.116788 -2.616818 -8.131467 11.116788 -2.616818 -8.131467 1.286999 0.064051 0.929031 -54.418781 260.887739 469.595903
11.876830 -2.534021 -7.492491 11.876830 -2.534021 -7.492491 1.242537 0.207618 1.195941 -93.787213 217.671584 420.105920
12.605234 -2.374338 -6.705869 12.605234 -2.374338 -6.705869 1.185082 0.317877 1.415196 -97.731629 149.856239 310.743015
13.300927 -2.162765 -5.810135 13.300927 -2.162765 -5.810135 1.137619 0.377155 1.555058 -60.479287 47.738215 155.463068
13.975925 -1.936650 -4.859113 13.975925 -1.936650 -4.859113 1.117895 0.361942 1.598355 -5.266716 -98.447092 -11.137916
14.649962 -1.743832 -3.913669 14.649962 -1.743832 -3.913669 1.135977 0.269739 1.533849 65.540928 -208.898419 -203.881932
15.347141 -1.625431 -3.041229 15.347141 -1.625431 -3.041229 1.194280 0.115199 1.355669 128.803577 -306.233191 -390.051106
16.088652 -1.615872 -2.307013 16.088652 -1.615872 -2.307013 1.280350 -0.090735 1.076755 158.096020 -380.214989 -539.662542
16.886651 -1.738928 -1.763906 16.886651 -1.738928 -1.763906 1.381869 -0.319742 0.723925 180.300459 -383.139395 -636.436827
17.746849 -1.996758 -1.445739 17.746849 -1.996758 -1.445739 1.483161 -0.534726 0.333912 157.338607 -333.476999 -663.608917
18.660311 -2.371917 -1.360968 18.660311 -2.371917 -1.360968 1.553785 -0.706297 -0.044884 78.075087 -238.424457 -599.044680
19.600211 -2.830154 -1.489131 19.600211 -2.830154 -1.489131 1.568509 -0.807064 -0.371331 -28.995885 -97.465729 -489.111741
20.527531 -3.322285 -1.789247 20.527531 -3.322285 -1.789247 1.508283 -0.817287 -0.611184 -171.757669 63.387611 -310.397979
21.393113 -3.790526 -2.199030 21.393113 -3.790526 -2.199030 1.362872 -0.725650 -0.733429 -312.945047 242.071550 -97.084996
22.146339 -4.173588 -2.642180 22.146339 -4.173588 -2.642180 1.134267 -0.536631 -0.719766 -449.069992 387.991495 142.629174
22.739160 -4.418464 -3.034516 22.739160 -4.418464 -3.034516 0.830291 -0.267516 -0.564933 -564.184313 509.057101 373.479734
23.132903 -4.483261 -3.294437 23.132903 -4.483261 -3.294437 0.477390 0.058332 -0.281784 -612.152048 577.103718 570.350716
23.309232 -4.345143 -3.353760 23.309232 -4.345143 -3.353760 0.110510 0.400792 0.095850 -610.781168 564.430792 688.429228
23.269377 -4.007570 -3.168600 23.269377 -4.007570 -3.168600 -0.237061 0.716953 0.527569 -547.790786 489.436592 750.635246
23.036406 -3.496475 -2.716801 23.036406 -3.496475 -2.716801 -0.526396 0.974738 0.978668 -416.659088 369.847426 753.026095
22.656187 -2.854687 -1.999442 22.656187 -2.854687 -1.999442 -0.723306 1.148510 1.403550 -239.705849 209.394346 663.247924
22.192165 -2.139476 -1.047811 22.192165 -2.139476 -1.047811 -0.801588 1.216215 1.752081 -21.233408 16.288906 498.521070
21.720328 -1.418215 0.082377 21.720328 -1.418215 0.082377 -0.749637 1.168989 1.997222 194.403374 -173.708723 318.617818
21.318017 -0.758863 1.325602 21.318017 -0.758863 1.325602 -0.570602 1.010892 2.126099 402.378341 -353.281199 110.970382
21.058090 -0.223078 2.608883 21.058090 -0.223078 2.608883 -0.279148 0.763124 2.130917 569.133756 -472.614074 -94.908179
20.999394 0.146716 3.858958 20.999394 0.146716 3.858958 0.094081 0.464506 2.017010 674.963226 -522.778437 -284.783554
21.179091 0.331298 5.011021 21.179091 0.331298 5.011021 0.507831 0.150731 1.811729 704.206285 -523.137164 -399.485813
21.607329 0.331186 6.021702 21.607329 0.331186 6.021702 0.914267 -0.145083 1.549796 650.580220 -462.912204 -473.622604
22.266644 0.168598 6.864737 22.266644 0.168598 6.864737 1.272867 -0.383900 1.257667 544.752939 -333.143148 -500.142680
23.117568 -0.112479 7.532236 23.117568 -0.112479 7.532236 1.545458 -0.537639 0.972207 363.883839 -179.319464 -451.390762
24.096246 -0.457327 8.040311 24.096246 -0.457327 8.040311 1.693306 -0.595166 0.731378 128.941387 -12.438609 -351.370669
25.120971 -0.805725 8.423379 25.120971 -0.805725 8.423379 1.698330 -0.547929 0.557994 -112.195081 169.897522 -226.578611
26.109140 -1.096124 8.722848 26.109140 -1.096124 8.722848 1.577846 -0.407105 0.449331 -289.417537 299.515609 -135.629826
27.003753 -1.286474 8.968033 27.003753 -1.286474 8.968033 1.404196 -0.227395 0.367953 -289.417537 299.515609 -135.629826
