-6.578759 4.592269 -8.864089 -6.578759 4.592269 -8.864089 -0.138904 -0.961003 1.970151 -407.004501 113.506531 222.127534
-6.735362 4.036099 -7.642016 -6.735362 4.036099 -7.642016 -0.383106 -0.892899 2.103427 -407.004501 113.506531 222.127534
-7.028904 3.529147 -6.350945 -7.028904 3.529147 -6.350945 -0.579393 -0.783012 2.181861 -247.284818 252.783513 39.319651
-7.407084 3.114590 -5.050117 -7.407084 3.114590 -5.050117 -0.657930 -0.582596 2.128619 -14.503745 415.268185 -216.795478
-7.792162 2.846000 -3.823999 -7.792162 2.846000 -3.823999 -0.605180 -0.302338 1.938392 190.335167 518.926178 -417.293005
-8.110958 2.759927 -2.743532 -8.110958 2.759927 -2.743532 -0.440720 0.018630 1.650737 357.866566 550.965871 -541.557573
-8.302944 2.867965 -1.854898 -8.302944 2.867965 -1.854898 -0.185853 0.337642 1.304162 491.690073 512.409695 -613.691064
-8.321449 3.157335 -1.183559 -8.321449 3.157335 -1.183559 0.131676 0.617844 0.932482 566.738829 421.596596 -625.242804
-8.140618 3.594656 -0.732485 -8.140618 3.594656 -0.732485 0.470779 0.824435 0.577978 563.605953 267.038209 -556.436980
-7.759922 4.127142 -0.477856 -7.759922 4.127142 -0.477856 0.792843 0.933452 0.284118 509.940385 96.352634 -423.095812
-7.197679 4.692859 -0.374208 -7.197679 4.692859 -0.374208 1.072544 0.932773 0.076930 422.396346 -98.614580 -267.532410
-6.485119 5.223379 -0.366612 -6.485119 5.223379 -0.366612 1.290994 0.816637 -0.035622 305.768464 -288.508292 -107.641264
-5.663773 5.653084 -0.397103 -5.663773 5.653084 -0.397103 1.433010 0.601804 -0.048917 167.617640 -427.600804 63.326518
-4.781264 5.931888 -0.406516 -4.781264 5.931888 -0.406516 1.496240 0.318694 0.031772 43.150427 -516.099448 205.636035
-3.881198 6.028084 -0.344826 -3.881198 6.028084 -0.344826 1.494906 -0.001578 0.183213 -47.598592 -551.473856 299.165473
-2.996333 5.929636 -0.178017 -2.996333 5.929636 -0.178017 1.448793 -0.323640 0.377870 -106.108975 -522.064690 349.691215
-2.147344 5.647766 0.111227 -2.147344 5.647766 0.111227 1.379191 -0.605449 0.585575 -125.898101 -417.299655 342.661122
-1.341436 5.216852 0.521827 -1.341436 5.216852 0.521827 1.308931 -0.818482 0.779050 -108.302116 -292.808688 302.253385
-0.572528 4.682509 1.039665 -0.572528 4.682509 1.039665 1.259165 -0.946908 0.940412 -57.584488 -135.279852 235.619469
0.176276 4.099896 1.640919 0.176276 4.099896 1.640919 1.242966 -0.978665 1.054761 3.586518 29.425523 145.544296
0.925979 3.527618 2.294534 0.925979 3.527618 2.294534 1.261507 -0.912891 1.114893 58.218318 189.819692 54.895177
1.696055 3.020950 2.969755 1.696055 3.020950 2.969755 1.309902 -0.764502 1.129849 103.097449 304.810956 -5.040279
2.501725 2.620177 3.643953 2.501725 2.620177 3.643953 1.377618 -0.566305 1.112804 122.622376 355.844901 -51.777637
3.349153 2.345236 4.302075 3.349153 2.345236 4.302075 1.445116 -0.348848 1.080540 102.371706 369.012158 -55.769401
4.231162 2.200405 4.942705 4.231162 2.200405 4.942705 1.489099 -0.137164 1.058800 44.239584 336.600680 -16.696848
5.127955 2.173130 5.577732 5.127955 2.173130 5.577732 1.492496 0.036973 1.062547 -32.916326 243.854500 29.188689
6.010928 2.232310 6.224784 6.010928 2.232310 6.224784 1.439748 0.148796 1.101407 -142.912103 128.891256 100.345394
6.843336 2.337306 6.907342 6.843336 2.337306 6.907342 1.325418 0.188724 1.179872 -238.188720 4.201463 161.202731
7.591053 2.445472 7.646967 7.591053 2.445472 7.646967 1.159203 0.162118 1.290018 -315.858654 -92.888312 205.951399
8.226704 2.521019 8.458724 8.226704 2.521019 8.458724 0.954606 0.081368 1.416963 -366.133417 -176.277739 217.198167
8.732534 2.535021 9.346469 8.732534 2.535021 9.346469 0.729780 -0.039843 1.539641 -383.286879 -227.759757 191.727633
9.104197 2.469886 10.301235 9.104197 2.469886 10.301235 0.513745 -0.177662 1.637033 -336.829371 -231.636419 132.911812
9.358668 2.325091 11.300320 9.358668 2.325091 11.300320 0.345913 -0.299163 1.681483 -222.609523 -173.367081 15.255597
9.534710 2.118851 12.303406 9.534710 2.118851 12.303406 0.255166 -0.380862 1.647890 -79.882290 -98.961425 -127.231764
9.683840 1.878232 13.260664 9.683840 1.878232 13.260664 0.259281 -0.411686 1.528677 93.600357 -3.785975 -270.144235
9.868264 1.637860 14.119998 9.868264 1.637860 14.119998 0.375477 -0.377349 1.320360 293.720587 118.240744 -424.246103
10.155278 1.437462 14.830330 10.155278 1.437462 14.830330 0.596002 -0.282767 1.038212 441.362024 197.034355 -516.247914
10.592325 1.303268 15.360332 10.592325 1.303268 15.360332 0.860819 -0.164546 0.728463 441.362024 197.034355 -516.247914
