7.429287 -5.626853 -1.059887 7.429287 -5.626853 -1.059887 0.218768 0.883594 -0.038854 -38.722926 -57.335858 -705.548021
7.553577 -5.107017 -1.210198 7.553577 -5.107017 -1.210198 0.195534 0.849193 -0.462183 -38.722926 -57.335858 -705.548021
7.661586 -4.614750 -1.610508 7.661586 -4.614750 -1.610508 0.160591 0.780154 -0.865515 -77.754414 -172.794244 -638.891815
7.738053 -4.183142 -2.236186 7.738053 -4.183142 -2.236186 0.084477 0.649567 -1.205695 -175.960816 -262.494295 -495.041356
7.752626 -3.842746 -3.035385 7.752626 -3.842746 -3.035385 -0.043297 0.481593 -1.436094 -249.950262 -297.419692 -272.953897
7.678750 -3.606724 -3.932486 7.678750 -3.606724 -3.932486 -0.207801 0.306154 -1.531429 -298.399204 -287.377907 -44.829268
7.498140 -3.471032 -4.846970 7.498140 -3.471032 -4.846970 -0.397928 0.152364 -1.496117 -335.355480 -225.255780 162.534289
7.201138 -3.414341 -5.702118 7.201138 -3.414341 -5.702118 -0.588551 0.046304 -1.332262 -300.054598 -128.277604 383.649336
6.798181 -3.402666 -6.423033 6.798181 -3.402666 -6.423033 -0.747666 0.004251 -1.055148 -230.327905 -11.897937 540.063177
6.314311 -3.396622 -6.952728 6.314311 -3.396622 -6.952728 -0.854921 0.025287 -0.700199 -127.189394 82.018722 643.101865
5.787299 -3.361397 -7.255114 5.787299 -3.361397 -7.255114 -0.887059 0.100949 -0.304460 20.062880 170.188467 676.028066
5.269866 -3.265776 -7.319316 5.269866 -3.265776 -7.319316 -0.819070 0.225149 0.085099 206.567195 243.809938 622.500389
4.824479 -3.087083 -7.161078 4.824479 -3.087083 -7.161078 -0.650764 0.370023 0.434245 354.452308 239.103817 541.321650
4.506125 -2.824313 -6.811573 4.506125 -2.824313 -6.811573 -0.396581 0.502071 0.716634 492.825312 201.055412 399.973794
4.362971 -2.490602 -6.319852 4.362971 -2.490602 -6.319852 -0.070452 0.604097 0.905345 594.270118 139.033559 229.062072
4.430543 -2.109047 -5.745025 4.430543 -2.109047 -5.745025 0.300483 0.657873 0.994729 642.178266 40.219502 68.884033
4.722539 -1.714444 -5.145832 4.722539 -1.714444 -5.145832 0.666360 0.645200 0.985841 577.412719 -82.463744 -98.508999
5.222149 -1.348321 -4.576865 5.222149 -1.348321 -4.576865 0.992109 0.564957 0.902705 508.416967 -185.012088 -178.611294
5.908930 -1.042648 -4.067392 5.908930 -1.042648 -4.067392 1.297159 0.453950 0.795538 508.416967 -185.012088 -178.611294
