-7.901369 -5.693828 4.559931 -7.901369 -5.693828 4.559931 0.610507 -0.875367 1.088258 109.860731 419.529863 -22.728754
-7.515290 -6.143533 5.208794 -7.515290 -6.143533 5.208794 0.676423 -0.623649 1.074620 109.860731 419.529863 -22.728754
-7.089419 -6.436567 5.847184 -7.089419 -6.436567 5.847184 0.743549 -0.343732 1.049526 113.892009 513.527159 -60.919997
-6.622853 -6.545340 6.459546 -6.622853 -6.545340 6.459546 0.811569 -0.010456 0.981033 112.840854 597.393601 -167.388368
-6.118535 -6.445864 7.012768 -6.118535 -6.445864 7.012768 0.864596 0.339071 0.854263 63.916624 567.697641 -255.179003
-5.592496 -6.145577 7.475823 -5.592496 -6.145577 7.475823 0.881831 0.652985 0.683300 -6.466216 478.679507 -314.698320
-5.068641 -5.674794 7.826490 -5.068641 -5.674794 7.826490 0.857552 0.904338 0.481144 -74.463467 359.166343 -359.153402
-4.569316 -5.077299 8.050652 -4.569316 -5.077299 8.050652 0.803859 1.071051 0.266268 -104.514733 196.543725 -357.100143
-4.107154 -4.410439 8.148570 -4.107154 -4.410439 8.148570 0.734445 1.133234 0.064188 -126.863890 10.731999 -316.501090
-3.688004 -3.738709 8.135923 -3.688004 -3.738709 8.135923 0.664923 1.088963 -0.096662 -104.876381 -158.303613 -219.664987
-3.304295 -3.121325 8.047282 -3.304295 -3.121325 8.047282 0.620159 0.956484 -0.183982 -44.337240 -283.290690 -71.402215
-2.934230 -2.603836 7.934361 -2.934230 -2.603836 7.934361 0.623309 0.759463 -0.175219 54.836874 -373.446042 100.611756
-2.543396 -2.217694 7.857080 -2.543396 -2.217694 7.857080 0.691099 0.523817 -0.066151 171.130801 -412.041189 262.949488
-2.089767 -1.976071 7.874492 -2.089767 -1.976071 7.874492 0.834611 0.284091 0.140475 307.241124 -387.045688 425.804967
-1.526862 -1.870387 8.042587 -1.526862 -1.870387 8.042587 1.053128 0.076352 0.431787 421.148463 -305.417474 545.232507
-0.814478 -1.873017 8.403197 -0.814478 -1.873017 8.403197 1.329323 -0.074226 0.775905 499.501390 -196.508837 601.829408
0.075578 -1.944786 8.977315 0.075578 -1.944786 8.977315 1.641781 -0.151442 1.138230 542.027739 -60.877149 605.919789
1.156844 -2.039407 9.765321 1.156844 -2.039407 9.765321 1.960160 -0.151959 1.481793 519.233921 59.153312 539.289113
2.421405 -2.113328 10.742955 2.421405 -2.113328 10.742955 2.246715 -0.083433 1.762800 435.948416 169.266695 397.403514
3.840208 -2.128156 11.860621 3.840208 -2.128156 11.860621 2.469805 0.041944 1.943507 307.685340 248.657033 204.951603
5.366381 -2.056497 13.049925 5.366381 -2.056497 13.049925 2.598949 0.199809 1.998020 122.797065 277.556827 -23.242849
6.934398 -1.887372 14.230409 6.934398 -1.887372 14.230409 2.605347 0.362739 1.913353 -101.473137 265.543133 -258.979797
8.467493 -1.625753 15.318853 8.467493 -1.625753 15.318853 2.485222 0.502958 1.693208 -298.941231 201.853686 -474.836990
9.893905 -1.293269 16.239331 9.893905 -1.293269 16.239331 2.251302 0.595947 1.358430 -480.794027 108.110469 -641.089925
11.148754 -0.921963 16.932355 11.148754 -0.921963 16.932355 1.915878 0.632206 0.940585 -637.285896 12.752984 -751.727108
12.178356 -0.546552 17.358417 12.178356 -0.546552 17.358417 1.507442 0.608814 0.474660 -724.165830 -90.727411 -801.354540
12.953044 -0.202716 17.502243 12.953044 -0.202716 17.502243 1.075804 0.528772 0.010217 -714.628668 -176.077901 -746.790579
13.473624 0.079931 17.381185 13.473624 0.079931 17.381185 0.665679 0.408515 -0.401686 -652.452550 -224.777133 -626.218113
13.764054 0.284238 17.036590 13.764054 0.284238 17.036590 0.316530 0.271937 -0.731738 -511.380186 -230.485931 -473.955845
13.873793 0.408437 16.524835 13.873793 0.408437 16.524835 0.069046 0.146267 -0.953113 -313.566711 -188.413765 -263.960964
13.872353 0.467768 15.919458 13.872353 0.467768 15.919458 -0.051218 0.060650 -1.041466 -87.312048 -96.975204 -30.549082
13.839780 0.493513 15.301922 13.839780 0.493513 15.301922 -0.034234 0.036515 -0.995584 143.926963 16.524567 183.488362
13.857735 0.525613 14.747322 13.857735 0.525613 14.747322 0.115062 0.082515 -0.836876 353.726277 136.809250 345.540960
14.001520 0.606688 14.315120 14.001520 0.606688 14.315120 0.382681 0.199303 -0.590922 538.336051 252.486067 474.303993
14.334654 0.777187 14.049187 14.334654 0.777187 14.049187 0.738810 0.378142 -0.290114 648.759449 343.641738 528.388605
14.896728 1.069422 13.970183 14.896728 1.069422 13.970183 1.138119 0.601796 0.026694 682.270509 401.872123 527.637916
15.700312 1.503053 14.077280 15.700312 1.503053 14.077280 1.537004 0.844003 0.323809 647.347730 405.484925 462.746996
16.731463 2.077843 14.346842 16.731463 2.077843 14.346842 1.887541 1.064297 0.561364 521.109812 328.827193 329.102781
17.950552 2.769871 14.735467 17.950552 2.769871 14.735467 2.164029 1.232901 0.721666 400.516771 233.188143 205.237531
19.321063 3.551586 15.205409 19.321063 3.551586 15.205409 2.404340 1.372814 0.844809 400.516771 233.188143 205.237531
