8.843639 -0.853325 -4.205504 8.843639 -0.853325 -4.205504 -0.629225 1.324651 1.439512 142.865079 -348.363489 -687.443853
8.491820 -0.121240 -3.465537 8.491820 -0.121240 -3.465537 -0.543506 1.115633 1.027045 142.865079 -348.363489 -687.443853
8.196434 0.479347 -2.974007 8.196434 0.479347 -2.974007 -0.432776 0.876178 0.609795 226.232465 -449.819247 -703.391880
7.979004 0.918673 -2.732038 7.979004 0.918673 -2.732038 -0.289466 0.579219 0.201274 251.467115 -540.044080 -658.343376
7.850578 1.168417 -2.722137 7.850578 1.168417 -2.722137 -0.138637 0.252297 -0.155542 251.298356 -549.695209 -531.041549
7.808667 1.224769 -2.899922 7.808667 1.224769 -2.899922 -0.007670 -0.057928 -0.418532 185.256623 -484.388087 -345.594837
7.833204 1.109568 -3.200931 7.833204 1.109568 -3.200931 0.082447 -0.314835 -0.564297 115.134029 -371.968020 -140.286562
7.899707 0.864057 -3.549809 7.899707 0.864057 -3.549809 0.133082 -0.486294 -0.573715 53.649771 -199.563085 108.893791
7.985102 0.548589 -3.861099 7.985102 0.548589 -3.861099 0.144713 -0.544883 -0.441687 -14.880291 4.264400 331.198701
8.066284 0.232478 -4.056215 8.066284 0.232478 -4.056215 0.120949 -0.492065 -0.191565 -64.332646 171.796154 502.540179
8.127273 -0.031838 -4.080697 8.127273 -0.031838 -4.080697 0.082349 -0.388988 0.109959 -64.332646 171.796154 502.540179
