-0.947855 -1.880805 10.011553 -0.947855 -1.880805 10.011553 -0.039610 0.411513 -0.325804 -44.798909 -277.004178 85.866808
-0.979685 -1.683758 9.831526 -0.979685 -1.683758 9.831526 -0.066489 0.245311 -0.274284 -44.798909 -277.004178 85.866808
-1.016208 -1.579237 9.686354 -1.016208 -1.579237 9.686354 -0.036193 0.115086 -0.203052 145.787017 -157.077150 151.573756
-0.997681 -1.530661 9.593909 -0.997681 -1.530661 9.593909 0.121282 0.059827 -0.101594 379.128811 -27.119902 186.620115
-0.845522 -1.493293 9.565814 -0.845522 -1.493293 9.565814 0.404497 0.075323 0.006722 564.922601 78.772195 174.432862
-0.493733 -1.428882 9.598205 -0.493733 -1.428882 9.598205 0.780473 0.147776 0.096184 688.331018 162.739763 123.771640
0.100457 -1.306450 9.673690 0.100457 -1.306450 9.673690 1.203505 0.267788 0.147925 721.775511 237.300059 48.699431
0.950469 -1.102509 9.767778 0.950469 -1.102509 9.767778 1.626515 0.412934 0.159980 688.258358 246.519014 -8.515220
2.044655 -0.813025 9.858477 2.044655 -0.813025 9.858477 2.011420 0.547599 0.136092 594.758515 202.363438 -71.112037
3.349061 -0.451494 9.926417 3.349061 -0.451494 9.926417 2.320761 0.651748 0.088849 436.376715 144.801548 -86.365047
4.808325 -0.040610 9.963297 4.808325 -0.040610 9.963297 2.523885 0.707479 0.032609 240.703782 40.968189 -101.100205
6.353076 0.384692 9.967782 6.353076 0.384692 9.967782 2.603776 0.699261 -0.012460 25.598707 -68.360988 -49.130318
7.908255 0.786034 9.956346 7.908255 0.786034 9.956346 2.560661 0.628697 -0.017525 -169.315091 -166.854376 32.246288
9.404363 1.129043 9.955207 9.404363 1.129043 9.955207 2.410015 0.507709 0.019685 -332.837362 -236.437369 91.786079
10.783913 1.388917 9.988902 10.783913 1.388917 9.988902 2.177569 0.354878 0.101566 -441.982550 -272.999051 181.152919
12.007254 1.553674 10.087729 12.007254 1.553674 10.087729 1.894164 0.195929 0.236658 -502.701585 -256.833141 269.152462
13.053500 1.629408 10.279581 13.053500 1.629408 10.279581 1.593711 0.063865 0.405198 -498.809182 -183.380577 292.648951
13.923287 1.639176 10.575588 13.923287 1.639176 10.575588 1.311156 -0.023876 0.581843 -443.040257 -109.088029 296.167651
14.630233 1.605215 10.978004 14.630233 1.605215 10.978004 1.045332 -0.089329 0.759544 -443.040257 -109.088029 296.167651
