-10.575290 6.285888 -6.565454 -10.575290 6.285888 -6.565454 0.558512 0.688613 1.026284 180.501164 -582.635752 -37.240454
-10.207693 6.594181 -5.956387 -10.207693 6.594181 -5.956387 0.666812 0.339032 1.003939 180.501164 -582.635752 -37.240454
-9.779836 6.693049 -5.366234 -9.779836 6.693049 -5.366234 0.751509 -0.008935 0.954061 101.821023 -577.251521 -129.021110
-9.315071 6.589223 -4.823845 -9.315071 6.589223 -4.823845 0.790258 -0.328086 0.842529 27.340749 -486.587968 -242.753175
-8.837659 6.313651 -4.366373 -8.837659 6.313651 -4.366373 0.798347 -0.575709 0.675129 -0.375906 -338.820907 -315.247124
-8.358877 5.917361 -4.021118 -8.358877 5.917361 -4.021118 0.797329 -0.728388 0.470594 -3.018446 -170.109217 -366.536109
-7.879400 5.461531 -3.806236 -7.879400 5.461531 -3.806236 0.803629 -0.771340 0.243182 24.018173 26.937707 -391.502008
-7.389017 5.014063 -3.727505 -7.389017 5.014063 -3.727505 0.837457 -0.702742 0.024740 88.743391 201.719272 -336.639034
-6.867011 4.637807 -3.767333 -6.867011 4.637807 -3.767333 0.908491 -0.536312 -0.147626 148.035541 353.048630 -237.915333
-6.290734 4.385386 -3.890155 -6.290734 4.385386 -3.890155 1.019993 -0.295393 -0.247480 223.638836 450.014535 -94.930112
-5.636414 4.291399 -4.044723 -5.636414 4.291399 -4.044723 1.164521 -0.014152 -0.249402 258.121828 487.454472 88.522721
-4.891019 4.369497 -4.166959 -4.891019 4.369497 -4.166959 1.320496 0.272557 -0.138931 261.793420 468.242238 279.713581
-4.052541 4.612422 -4.189646 -4.052541 4.612422 -4.189646 1.472858 0.529039 0.080514 246.081758 386.697669 451.769881
-3.129169 4.991911 -4.051315 -3.129169 4.991911 -4.051315 1.597323 0.723361 0.395095 168.799134 261.042765 596.834239
-2.147257 5.463743 -3.700682 -2.147257 5.463743 -3.700682 1.664272 0.834124 0.783927 54.365750 108.168338 699.271396
-1.146898 5.974618 -3.103569 -1.146898 5.974618 -3.103569 1.656940 0.853677 1.207933 -78.807634 -42.993484 714.082651
-0.175671 6.469871 -2.253785 -0.175671 6.469871 -2.253785 1.565902 0.781811 1.618826 -224.652034 -196.558811 655.561339
0.714494 6.897330 -1.171383 0.714494 6.897330 -1.171383 1.386414 0.632639 1.977692 -373.639943 -300.678931 540.657345
1.473705 7.219663 0.102027 1.473705 7.219663 0.102027 1.135319 0.436589 2.249468 -463.343941 -352.822703 365.264100
2.068471 7.417049 1.503514 2.068471 7.417049 1.503514 0.842197 0.219599 2.398922 -513.727904 -370.476406 132.915245
2.480915 7.484735 2.952440 2.480915 7.484735 2.952440 0.531945 0.010377 2.406912 -520.446937 -326.930409 -106.280170
2.709998 7.437224 4.363746 2.709998 7.437224 4.363746 0.237659 -0.160233 2.274586 -460.504809 -241.768878 -334.806400
2.778505 7.303995 5.657188 2.778505 7.303995 5.657188 0.005365 -0.273151 2.018482 -313.811277 -134.626793 -518.873387
2.735359 7.122878 6.766485 2.735359 7.122878 6.766485 -0.132314 -0.318891 1.665183 -145.118784 -17.837903 -658.792135
2.642597 6.934482 7.642507 2.642597 6.934482 7.642507 -0.155646 -0.298847 1.247382 67.345637 84.649536 -733.876364
2.574700 6.775178 8.260003 2.574700 6.775178 8.260003 -0.048393 -0.224223 0.812877 290.167271 164.096363 -714.475794
2.610397 6.672201 8.623896 2.610397 6.672201 8.623896 0.188219 -0.115664 0.408054 498.539465 197.768337 -634.932646
2.821990 6.637947 8.763520 2.821990 6.637947 8.763520 0.531961 0.000726 0.072495 647.264980 190.198279 -483.598558
3.263835 6.670270 8.731670 3.263835 6.670270 8.731670 0.951126 0.103105 -0.159159 749.950958 151.064909 -288.581113
3.970966 6.754136 8.595572 3.970966 6.754136 8.595572 1.408418 0.167798 -0.275601 774.355560 64.580052 -99.557491
4.952197 6.859741 8.425272 4.952197 6.859741 8.425272 1.857016 0.173052 -0.270428 720.972491 -47.066713 116.799146
6.188422 6.948574 8.294475 6.188422 6.948574 8.294475 2.250798 0.112181 -0.148170 591.633456 -155.837123 290.729883
7.634817 6.982592 8.265451 7.634817 6.982592 8.265451 2.552892 -0.007521 0.064002 415.345933 -243.170654 416.509836
9.227771 6.930844 8.382730 9.227771 6.930844 8.382730 2.734380 -0.170745 0.333437 189.616868 -300.907784 481.606391
10.887962 6.773287 8.670255 10.887962 6.773287 8.670255 2.775313 -0.356026 0.626268 -53.174377 -316.696479 494.495588
12.530458 6.504086 9.132341 12.530458 6.504086 9.132341 2.677806 -0.538946 0.909544 -271.848105 -293.038001 449.757999
14.077126 6.133215 9.752974 14.077126 6.133215 9.752974 2.459279 -0.688549 1.149152 -456.576048 -205.639235 348.935897
15.463317 5.690118 10.498287 15.463317 5.690118 10.498287 2.149369 -0.776692 1.323579 -576.457892 -88.170423 232.486996
16.644760 5.217222 11.327296 16.644760 5.217222 11.327296 1.781414 -0.784646 1.428140 -650.057960 61.658342 116.050484
17.597128 4.765973 12.196854 17.597128 4.765973 12.196854 1.394032 -0.705449 1.456695 -641.216342 202.332257 -20.867965
18.323218 4.386551 13.061028 18.323218 4.386551 13.061028 1.034748 -0.546912 1.413743 -556.395908 326.124521 -122.304095
18.852068 4.123449 13.884949 18.852068 4.123449 13.884949 0.741673 -0.319529 1.328811 -420.521331 431.818476 -160.805022
19.230761 4.012167 14.651961 19.230761 4.012167 14.651961 0.536273 -0.046897 1.225680 -264.145638 476.953372 -182.964663
19.514908 4.068396 15.354886 19.514908 4.068396 15.354886 0.427436 0.231857 1.118157 -98.644824 452.228225 -175.443828
19.763701 4.284724 15.997296 19.763701 4.284724 15.997296 0.418686 0.482253 1.028366 69.478061 382.423765 -123.858406
20.035705 4.634101 16.595883 20.035705 4.634101 16.595883 0.501804 0.667653 0.973360 207.582253 235.577763 -59.496743
20.379773 5.068596 17.171846 20.379773 5.068596 17.171846 0.654456 0.766496 0.950942 301.259146 93.896822 -15.227769
20.826673 5.545395 17.739670 20.826673 5.545395 17.739670 0.835212 0.822834 0.941806 301.259146 93.896822 -15.227769
