10.229598 4.413239 -8.971884 10.229598 4.413239 -8.971884 0.078524 0.808513 0.834460 -412.380507 134.979786 318.420653
10.202484 4.922643 -8.413892 10.202484 4.922643 -8.413892 -0.168904 0.889501 1.025513 -412.380507 134.979786 318.420653
10.034451 5.474346 -7.742350 10.034451 5.474346 -7.742350 -0.378641 0.939019 1.211158 -286.742064 30.080914 300.397349
9.764969 6.033676 -6.964541 9.764969 6.033676 -6.964541 -0.504104 0.909589 1.376609 -131.469165 -128.180878 251.104644
9.447557 6.546157 -6.099543 9.447557 6.546157 -6.099543 -0.539412 0.781679 1.496444 13.778181 -298.186079 148.346307
9.132010 6.954490 -5.182495 9.132010 6.954490 -5.182495 -0.503048 0.567766 1.547846 107.434462 -414.858395 22.993069
8.852356 7.215870 -4.259883 8.852356 7.215870 -4.259883 -0.424404 0.295824 1.510471 154.712822 -491.613040 -147.576620
8.627495 7.302899 -3.388905 8.627495 7.302899 -3.388905 -0.321908 -0.009021 1.378221 186.939626 -524.536981 -293.256510
8.467257 7.205169 -2.623984 8.467257 7.205169 -2.623984 -0.213460 -0.313249 1.156145 174.553354 -489.555476 -446.996863
8.366983 6.934395 -2.016782 8.366983 6.934395 -2.016782 -0.126813 -0.580502 0.857816 114.269687 -401.288491 -547.432730
8.308402 6.522728 -1.601868 8.308402 6.522728 -1.601868 -0.073558 -0.776948 0.523170 63.249191 -253.531087 -568.053787
8.271089 6.021462 -1.389658 8.271089 6.021462 -1.389658 -0.058428 -0.876375 0.185129 -12.818865 -77.892936 -558.749659
8.230840 5.492716 -1.374639 8.230840 5.492716 -1.374639 -0.080540 -0.867614 -0.127538 -60.887890 107.094694 -483.473960
8.171506 5.002873 -1.527924 8.171506 5.002873 -1.527924 -0.117322 -0.746112 -0.366310 -61.716336 297.913280 -312.431511
8.089951 4.616529 -1.791519 8.089951 4.616529 -1.791519 -0.154619 -0.528872 -0.491624 -62.606359 426.220434 -105.282293
7.988525 4.381766 -2.093318 7.988525 4.381766 -2.093318 -0.179112 -0.243937 -0.494161 -19.038644 523.562646 96.827216
7.882453 4.331598 -2.359479 7.882453 4.331598 -2.359479 -0.166421 0.079964 -0.371535 61.341623 556.105245 311.923700
7.798872 4.477132 -2.512832 7.798872 4.477132 -2.512832 -0.103468 0.400911 -0.117270 148.501112 513.720465 535.628837
7.769196 4.803938 -2.477815 7.769196 4.803938 -2.477815 0.014008 0.678090 0.248936 243.085839 410.209736 685.054759
7.825540 5.275463 -2.201507 7.825540 5.275463 -2.201507 0.180777 0.878385 0.678151 312.811411 257.438954 745.664708
7.992670 5.838597 -1.659947 7.992670 5.838597 -1.659947 0.380254 0.981667 1.127799 352.113788 86.833225 753.160766
8.284363 6.431650 -0.851632 8.284363 6.431650 -0.851632 0.592321 0.975881 1.560027 354.774383 -106.117029 687.598070
8.700794 6.987953 0.200235 8.700794 6.987953 0.200235 0.791081 0.861588 1.933002 307.760744 -274.861689 555.651355
9.223931 7.446803 1.448043 9.223931 7.446803 1.448043 0.941194 0.653532 2.206343 192.615772 -418.659233 355.485981
9.814298 7.758902 2.822237 9.814298 7.758902 2.822237 1.011662 0.379032 2.351641 42.276778 -496.340875 128.840164
10.419889 7.896106 4.241887 10.419889 7.896106 4.241887 0.991950 0.076860 2.356318 -107.985102 -510.899021 -113.249176
10.984546 7.852023 5.623515 10.984546 7.852023 5.623515 0.871778 -0.220866 2.229479 -292.587144 -481.519845 -309.546170
11.444630 7.638353 6.895913 11.444630 7.638353 6.895913 0.644641 -0.482163 1.995893 -464.535989 -389.468896 -469.076271
11.740914 7.287019 8.002116 11.740914 7.287019 8.002116 0.331499 -0.675503 1.679954 -579.269409 -254.997216 -584.051566
11.832413 6.846250 8.902454 11.832413 6.846250 8.902454 -0.031723 -0.776343 1.316996 -631.470748 -81.136432 -625.808918
11.699777 6.373101 9.581530 11.699777 6.373101 9.581530 -0.410293 -0.788716 0.949132 -630.430209 39.891806 -600.403343
11.340124 5.907052 10.042937 11.340124 5.907052 10.042937 -0.788551 -0.764781 0.588890 -630.430209 39.891806 -600.403343
