6.566178 5.239362 9.322406 6.566178 5.239362 9.322406 0.203029 -0.153563 -0.566456 -297.155678 48.030060 -231.322518
6.634508 5.155869 8.940894 6.634508 5.155869 8.940894 0.024735 -0.124745 -0.705250 -297.155678 48.030060 -231.322518
6.606880 5.094015 8.487053 6.606880 5.094015 8.487053 -0.098464 -0.074190 -0.789307 -113.510320 120.486350 -48.869928
6.542725 5.075367 8.020156 6.542725 5.075367 8.020156 -0.089791 0.018991 -0.741211 142.422806 190.115144 209.191791
6.526511 5.121894 7.625519 6.526511 5.121894 7.625519 0.055782 0.137624 -0.553518 342.820380 205.328113 416.450128
6.630666 5.240660 7.377728 6.630666 5.240660 7.377728 0.306366 0.256984 -0.256857 492.457725 192.539659 572.421368
6.909249 5.425292 7.333068 6.909249 5.425292 7.333068 0.632446 0.351429 0.118688 594.476467 122.275989 679.394694
7.396020 5.651977 7.527285 7.396020 5.651977 7.527285 0.990619 0.393886 0.529889 599.433129 19.250114 691.275507
8.096119 5.884447 7.968073 8.096119 5.884447 7.968073 1.339427 0.368804 0.936781 563.259509 -102.858215 665.031354
9.001161 6.087215 8.649847 9.001161 6.087215 8.649847 1.677382 0.307089 1.335800 563.259509 -102.858215 665.031354
