5.583216 3.235771 10.871841 5.583216 3.235771 10.871841 -0.684076 0.656303 0.303252 -528.735456 -364.291502 -286.971242
5.077598 3.563980 11.002137 5.077598 3.563980 11.002137 -1.001317 0.437728 0.131069 -528.735456 -364.291502 -286.971242
4.390615 3.765995 11.036505 4.390615 3.765995 11.036505 -1.273657 0.243906 -0.004206 -379.063380 -281.783190 -163.945998
3.572808 3.867854 11.010619 3.572808 3.867854 11.010619 -1.428003 0.106018 -0.071832 -135.424027 -177.844432 -61.473388
2.706504 3.906018 10.960019 2.706504 3.906018 10.960019 -1.434886 0.032136 -0.090895 112.479286 -68.425918 -2.069005
1.878956 3.920575 10.908751 1.878956 3.920575 10.908751 -1.301711 0.029043 -0.073930 331.439410 58.113447 58.618621
1.168033 3.954323 10.875652 1.168033 3.954323 10.875652 -1.050626 0.093219 -0.035223 505.511463 155.807759 70.403139
0.636366 4.041832 10.864706 0.636366 4.041832 10.864706 -0.708739 0.204362 -0.005402 634.111678 214.670193 29.000873
0.328819 4.203529 10.863933 0.328819 4.203529 10.863933 -0.310489 0.335362 -0.001762 693.387647 221.993412 -16.868308
0.265570 4.441696 10.856600 0.265570 4.441696 10.856600 0.096714 0.453513 -0.028082 663.955048 171.846114 -70.863655
0.437839 4.741795 10.823276 0.437839 4.741795 10.823276 0.468729 0.541912 -0.089194 576.094183 122.816443 -132.841654
0.813406 5.082183 10.743734 0.813406 5.082183 10.743734 0.767552 0.581274 -0.179471 419.982726 8.389725 -168.084126
1.340792 5.426027 10.605653 1.340792 5.426027 10.605653 0.975833 0.554155 -0.281039 274.287897 -98.786160 -170.475570
1.975664 5.740739 10.406344 1.975664 5.740739 10.406344 1.140406 0.494883 -0.383324 274.287897 -98.786160 -170.475570
