2.312963 -3.723632 -5.237556 2.312963 -3.723632 -5.237556 1.748804 0.976499 0.778600 -491.992543 385.202183 -21.825619
3.273687 -3.068397 -4.774325 3.273687 -3.068397 -4.774325 1.453609 1.207620 0.765505 -491.992543 385.202183 -21.825619
4.054186 -2.282334 -4.319335 4.054186 -2.282334 -4.319335 1.142875 1.399517 0.750488 -543.786992 254.454588 -28.230508
4.640653 -1.408643 -3.873459 4.640653 -1.408643 -3.873459 0.809724 1.493085 0.736873 -566.715458 57.438276 -17.151529
5.029792 -0.514257 -3.430223 5.029792 -0.514257 -3.430223 0.496259 1.468526 0.747579 -478.169805 -139.300298 52.837139
5.249109 0.331784 -2.966959 5.249109 0.331784 -2.966959 0.247518 1.334946 0.805306 -350.966605 -305.967418 139.586287
5.345262 1.068908 -2.453652 5.345262 1.068908 -2.453652 0.091023 1.107517 0.914047 -170.682882 -452.127368 222.884964
5.382022 1.646008 -1.860290 5.382022 1.646008 -1.860290 0.052960 0.806104 1.071853 43.807553 -552.584679 303.133453
5.434632 2.029489 -1.159461 5.434632 2.029489 -1.159461 0.143985 0.470972 1.269495 259.609444 -564.519757 355.674627
5.579606 2.213170 -0.333244 5.579606 2.213170 -0.333244 0.359017 0.145817 1.485391 457.163056 -519.331709 363.978818
5.885916 2.211937 0.621158 5.885916 2.211937 0.621158 0.676367 -0.142001 1.692034 600.671260 -440.061830 324.828663
6.406295 2.056668 1.689548 6.406295 2.056668 1.689548 1.068959 -0.360323 1.860436 707.967892 -287.676836 236.513015
7.175480 1.801611 2.839534 7.175480 1.801611 2.839534 1.495615 -0.468340 1.958104 714.220067 -72.382216 89.045062
8.197915 1.516558 4.021026 8.197915 1.516558 4.021026 1.906681 -0.466867 1.964539 655.998438 77.293070 -67.592924
9.460004 1.250351 5.187583 9.460004 1.250351 5.187583 2.300280 -0.420491 1.923983 655.998438 77.293070 -67.592924
