1.266154 -0.500858 10.892779 1.266154 -0.500858 10.892779 1.524875 0.407417 -0.937282 -287.178464 -314.845202 -171.951339
2.129387 -0.313080 10.299458 2.129387 -0.313080 10.299458 1.352568 0.218510 -1.040453 -287.178464 -314.845202 -171.951339
2.879218 -0.244025 9.655567 2.879218 -0.244025 9.655567 1.130172 0.002705 -1.086961 -454.141767 -404.504313 16.926752
3.465277 -0.319276 9.019963 3.465277 -0.319276 9.019963 0.806192 -0.260312 -1.009181 -625.791185 -472.220222 242.340024
3.831794 -0.559635 8.467861 3.831794 -0.559635 8.467861 0.407940 -0.539506 -0.814849 -701.717065 -458.425393 405.431038
3.950750 -0.961025 8.056895 3.950750 -0.961025 8.056895 -0.010585 -0.790407 -0.546761 -693.366537 -377.911822 488.197859
3.823621 -1.496361 7.819173 3.823621 -1.496361 7.819173 -0.406465 -0.982495 -0.241547 -626.233893 -262.381234 529.181205
3.475806 -2.123380 7.768413 3.475806 -2.123380 7.768413 -0.738274 -1.091393 0.070537 -479.795619 -100.610868 511.098074
2.956845 -2.784880 7.896933 2.956845 -2.784880 7.896933 -0.974321 -1.094531 0.348198 -307.026137 90.150595 414.437391
2.328188 -3.414922 8.172694 2.328188 -3.414922 8.172694 -1.102536 -0.988192 0.558077 -120.357302 264.312390 285.161714
1.657366 -3.950172 8.551490 1.657366 -3.950172 8.551490 -1.112929 -0.779160 0.692282 85.711827 432.460869 162.186022
1.015634 -4.333161 8.987722 1.015634 -4.333161 8.987722 -1.008516 -0.486364 0.747941 262.331515 543.524246 23.345302
0.464937 -4.523896 9.432137 0.464937 -4.523896 9.432137 -0.815150 -0.144005 0.719185 382.222823 597.674314 -119.198870
0.048841 -4.505504 9.836437 0.048841 -4.505504 9.836437 -0.564846 0.200665 0.618894 452.124734 551.225305 -215.105282
-0.207498 -4.289774 10.167456 -0.207498 -4.289774 10.167456 -0.287641 0.511954 0.481837 471.891054 486.404587 -241.751036
-0.295142 -3.895048 10.413043 -0.295142 -3.895048 10.413043 -0.004506 0.803797 0.336786 471.891054 486.404587 -241.751036
