3.599698 -6.207452 7.777295 3.599698 -6.207452 7.777295 0.506950 0.339692 -1.089412 176.797637 286.259447 -414.535661
3.935692 -5.952110 7.049031 3.935692 -5.952110 7.049031 0.613029 0.511448 -1.338133 176.797637 286.259447 -414.535661
4.332628 -5.600117 6.183153 4.332628 -5.600117 6.183153 0.705582 0.651189 -1.528762 131.713062 179.545224 -220.892948
4.773180 -5.185473 5.241657 4.773180 -5.185473 5.241657 0.752083 0.716978 -1.583686 23.291902 39.749701 37.813296
5.221249 -4.756306 4.310930 5.221249 -4.756306 4.310930 0.729194 0.699955 -1.497608 -99.589834 -96.492879 249.111984
5.631113 -4.358948 3.466727 5.631113 -4.358948 3.466727 0.620807 0.615828 -1.300533 -261.698394 -183.929314 407.804456
5.949019 -4.025586 2.767567 5.949019 -4.025586 2.767567 0.426422 0.490331 -1.017075 -386.253604 -234.394494 537.057250
6.129285 -3.773792 2.257096 6.129285 -3.773792 2.257096 0.164367 0.348627 -0.679323 -487.263714 -237.952677 588.782780
6.135710 -3.605229 1.954291 6.135710 -3.605229 1.954291 -0.150432 0.216948 -0.332014 -562.066241 -200.976051 568.913198
5.943658 -3.506724 1.853643 5.943658 -3.506724 1.853643 -0.490773 0.118922 -0.009883 -572.401052 -125.779296 504.856150
5.549833 -3.451511 1.931002 5.549833 -3.451511 1.931002 -0.815862 0.075956 0.255105 -511.229341 -17.440514 378.437047
4.975495 -3.402630 2.143225 4.975495 -3.402630 2.143225 -1.086597 0.097722 0.437373 -391.223045 89.995883 229.123566
4.264761 -3.323054 2.438069 4.264761 -3.323054 2.438069 -1.263110 0.175438 0.530737 -197.151643 169.054499 82.090568
3.483313 -3.183558 2.762922 3.483313 -3.183558 2.762922 -1.321874 0.295889 0.538167 1.271515 232.451678 -57.324041
2.703078 -2.962230 3.068790 2.703078 -2.962230 3.068790 -1.257810 0.445124 0.470201 212.273130 264.995349 -169.229384
2.000566 -2.648668 3.316012 2.000566 -2.648668 3.316012 -1.060622 0.598064 0.346476 445.022699 244.807294 -243.188622
1.454523 -2.250853 3.478716 1.454523 -2.250853 3.478716 -0.742477 0.719505 0.193526 615.459461 159.996152 -266.644045
1.125447 -1.796488 3.548464 1.125447 -1.796488 3.548464 -0.345065 0.784815 0.041685 709.246897 57.703770 -239.492212
1.049807 -1.321728 3.533189 1.049807 -1.321728 3.533189 0.099159 0.786857 -0.087898 771.499978 -50.898405 -192.451068
1.246265 -0.866025 3.450339 1.246265 -0.866025 3.450339 0.552520 0.720075 -0.180722 739.701901 -171.708341 -116.961826
1.703504 -0.471614 3.325163 1.703504 -0.471614 3.325163 0.959248 0.583416 -0.229346 616.058565 -283.822024 -45.118692
2.380273 -0.177461 3.182891 2.380273 -0.177461 3.182891 1.280529 0.389080 -0.239133 454.880493 -363.964306 12.495868
3.217573 -0.010578 3.043940 3.217573 -0.010578 3.043940 1.488981 0.165443 -0.220238 239.957160 -381.490812 50.487191
4.140311 0.022292 2.921697 4.140311 0.022292 2.921697 1.563741 -0.052089 -0.185884 9.245196 -343.616164 64.027702
5.066926 -0.065579 2.820350 5.066926 -0.065579 2.820350 1.502817 -0.232094 -0.154176 -212.325787 -256.402911 41.664335
5.918208 -0.243216 2.730998 5.918208 -0.243216 2.730998 1.314471 -0.347071 -0.150906 -415.493309 -126.853350 -30.765190
6.624588 -0.464415 2.629966 6.624588 -0.464415 2.629966 1.027607 -0.373799 -0.194123 -540.721968 37.760458 -113.289328
7.139790 -0.672891 2.489457 7.139790 -0.672891 2.489457 0.683014 -0.306107 -0.280310 -607.920691 187.881690 -174.002189
7.440173 -0.822736 2.289951 7.440173 -0.822736 2.289951 0.318262 -0.193378 -0.384711 -607.920691 187.881690 -174.002189
