-5.270174 6.521966 -3.269958 -5.270174 6.521966 -3.269958 0.104234 0.230570 1.305570 118.129367 -482.590607 457.006947
-5.186370 6.573442 -2.404354 -5.186370 6.573442 -2.404354 0.175112 -0.058984 1.579774 118.129367 -482.590607 457.006947
-5.053323 6.452241 -1.378289 -5.053323 6.452241 -1.378289 0.279573 -0.343260 1.833676 230.077107 -464.994872 389.331083
-4.836024 6.166896 -0.215357 -4.836024 6.166896 -0.215357 0.458326 -0.600707 2.030510 365.763546 -393.162529 266.784365
-4.491901 5.744016 1.041579 -4.491901 5.744016 1.041579 0.694235 -0.795038 2.143622 420.599891 -254.607766 110.253530
-3.999943 5.231244 2.334980 -3.999943 5.231244 2.334980 0.945140 -0.897397 2.146690 415.752582 -86.589280 -100.027025
-3.361185 4.688082 3.593313 -3.361185 4.688082 3.593313 1.178786 -0.895043 2.028292 363.066203 94.436527 -294.630591
-2.592667 4.178066 4.745687 -2.592667 4.178066 4.745687 1.376097 -0.788324 1.793671 294.636426 261.293036 -487.439401
-1.719490 3.761672 5.725827 -1.719490 3.761672 5.725827 1.525299 -0.583706 1.459592 202.703050 420.768574 -626.157174
-0.774414 3.493166 6.484452 -0.774414 3.493166 6.484452 1.613972 -0.301352 1.061789 92.873459 520.409918 -699.854951
0.205584 3.407063 6.993845 0.205584 3.407063 6.993845 1.644185 0.016070 0.633342 7.837783 537.664289 -728.299365
1.190415 3.512520 7.247141 1.190415 3.512520 7.247141 1.633432 0.333842 0.218283 -43.681079 521.576178 -655.231380
2.162029 3.801072 7.268616 2.162029 3.801072 7.268616 1.604314 0.618602 -0.132620 -53.377778 427.622427 -514.446781
3.115344 4.240403 7.107118 3.115344 4.240403 7.107118 1.573957 0.831167 -0.387916 -47.814042 280.928306 -336.539261
4.052993 4.779241 6.827011 4.052993 4.779241 6.827011 1.554678 0.947577 -0.523744 -16.448279 107.106568 -116.219137
4.986946 5.354871 6.506934 4.986946 5.354871 6.506934 1.565342 0.950866 -0.518028 51.994520 -96.146087 135.272001
5.939640 5.897633 6.233702 5.939640 5.897633 6.233702 1.617187 0.840919 -0.370687 120.823815 -270.341435 355.864142
6.933892 6.344915 6.085532 6.933892 6.344915 6.085532 1.700639 0.635672 -0.106235 157.348705 -413.814832 525.643238
7.983951 6.645510 6.123312 7.983951 6.645510 6.123312 1.801809 0.355775 0.243675 179.884190 -519.176377 640.721665
9.096740 6.764008 6.388311 9.096740 6.764008 6.388311 1.906364 0.036695 0.645429 168.633485 -544.423502 698.459702
10.267064 6.690112 6.899458 10.267064 6.690112 6.899458 1.988299 -0.279545 1.055339 104.482002 -509.709473 667.907847
11.472802 6.435710 7.646622 11.472802 6.435710 7.646622 2.020749 -0.560005 1.424768 3.685442 -425.158285 563.519057
12.679331 6.030502 8.593654 12.679331 6.030502 8.593654 1.990038 -0.778483 1.716570 -106.057924 -303.102626 409.156783
13.845753 5.519470 9.686135 13.845753 5.519470 9.686135 1.883853 -0.907264 1.906517 -247.889446 -126.165015 223.999025
14.923008 4.961913 10.857985 14.923008 4.961913 10.857985 1.692937 -0.935409 1.979014 -388.497948 32.348242 17.657592
15.863616 4.414348 12.036553 15.863616 4.414348 12.036553 1.433713 -0.876713 1.929512 -475.581624 163.305252 -182.662992
16.634834 3.925040 13.152424 16.634834 3.925040 13.152424 1.131339 -0.742104 1.775132 -532.332786 285.390894 -331.939242
17.216465 3.535313 14.150817 17.216465 3.535313 14.150817 0.805177 -0.550046 1.541283 -554.872095 354.800171 -447.555354
17.604094 3.268846 14.991559 17.604094 3.268846 14.991559 0.494250 -0.338679 1.255408 -481.553097 349.758480 -505.362518
17.821286 3.125950 15.654097 17.821286 3.125950 15.654097 0.241925 -0.142053 0.953486 -359.529119 305.660804 -501.044968
17.911149 3.091799 16.139803 17.911149 3.091799 16.139803 0.073325 0.021652 0.671869 -202.471210 240.021975 -437.675981
17.930814 3.141362 16.468619 17.930814 3.141362 16.468619 0.012415 0.132509 0.431645 -0.563734 129.501713 -363.073801
17.951590 3.235825 16.669818 17.951590 3.235825 16.669818 0.079223 0.168445 0.251627 223.259154 -9.714410 -236.983485
18.051145 3.329870 16.785200 18.051145 3.329870 16.785200 0.272348 0.136250 0.144751 420.490296 -97.602600 -119.270744
18.299236 3.388850 16.855822 18.299236 3.388850 16.855822 0.569614 0.051681 0.099392 570.394464 -184.292841 -31.927830
18.749884 3.384061 16.914299 18.749884 3.384061 16.914299 0.942893 -0.072021 0.103177 673.869242 -228.049178 44.546684
19.436916 3.299799 16.984224 19.436916 3.299799 16.984224 1.347214 -0.208851 0.129905 673.869242 -228.049178 44.546684
