2.176859 0.016324 7.153683 2.176859 0.016324 7.153683 1.345670 -0.372405 1.097930 -460.439134 -40.263745 -498.806515
2.901382 -0.214367 7.722656 2.901382 -0.214367 7.722656 1.069407 -0.396563 0.798646 -460.439134 -40.263745 -498.806515
3.454036 -0.454728 8.116753 3.454036 -0.454728 8.116753 0.762588 -0.396601 0.522836 -562.290813 40.138314 -420.560019
3.806178 -0.678992 8.362929 3.806178 -0.678992 8.362929 0.404222 -0.340161 0.311376 -632.261946 147.993708 -284.308970
3.936177 -0.851191 8.507485 3.936177 -0.851191 8.507485 0.031230 -0.225069 0.185320 -611.045826 235.648549 -135.875060
3.849720 -0.941916 8.601216 3.849720 -0.941916 8.601216 -0.311430 -0.074184 0.138780 -531.152759 267.300664 -19.259149
3.575282 -0.939596 8.686486 3.575282 -0.939596 8.686486 -0.589983 0.079775 0.154566 -397.357672 245.894481 71.879264
3.159865 -0.850450 8.796193 3.159865 -0.850450 8.796193 -0.777914 0.212415 0.217838 -229.078151 196.240904 139.026849
2.661798 -0.693017 8.953002 2.661798 -0.693017 8.953002 -0.865783 0.303459 0.306661 -63.820615 107.237099 157.050102
2.139800 -0.498989 9.164821 2.139800 -0.498989 9.164821 -0.859276 0.331052 0.398660 85.510875 -15.258583 149.612373
1.647047 -0.311180 9.427553 1.647047 -0.311180 9.427553 -0.770866 0.281520 0.471457 209.189845 -149.848212 93.044531
1.226883 -0.176600 9.722669 1.226883 -0.176600 9.722669 -0.621846 0.154813 0.504752 287.544193 -272.507998 17.938129
0.907564 -0.137763 10.025306 0.907564 -0.137763 10.025306 -0.439168 -0.033691 0.498300 321.381613 -355.840911 -39.445085
0.701200 -0.225925 10.314982 0.701200 -0.225925 10.314982 -0.249895 -0.266674 0.463615 309.528397 -420.768225 -76.170549
0.603657 -0.461045 10.577397 0.603657 -0.461045 10.577397 -0.080784 -0.516024 0.407697 254.174468 -410.398017 -110.223366
0.597415 -0.839816 10.802868 0.597415 -0.839816 10.802868 0.054109 -0.738685 0.345031 195.470033 -331.805073 -98.663274
0.660734 -1.336149 10.994903 0.660734 -1.336149 10.994903 0.149732 -0.904757 0.299710 123.273341 -221.769417 -52.407063
0.767465 -1.909783 11.170321 0.767465 -1.909783 11.170321 0.197209 -0.992126 0.293393 34.984033 -69.459089 31.351976
0.889766 -2.506999 11.357304 0.889766 -2.506999 11.357304 0.206595 -0.980991 0.338724 -3.698256 106.573936 119.749972
1.012395 -3.066076 11.586970 1.012395 -3.066076 11.586970 0.201063 -0.865372 0.434957 -14.741483 278.822428 201.026195
1.131087 -3.526319 11.888947 1.131087 -3.526319 11.888947 0.195754 -0.654117 0.579667 -2.955074 425.362411 281.341768
1.251517 -3.835334 12.290585 1.251517 -3.835334 12.290585 0.211531 -0.364452 0.764454 55.546046 540.188307 334.616659
1.392784 -3.954377 12.809983 1.392784 -3.954377 12.809983 0.266606 -0.028367 0.967692 128.034891 580.095155 342.840727
1.580047 -3.867846 13.448521 1.580047 -3.867846 13.448521 0.364694 0.315358 1.154457 198.924552 565.652791 279.710099
1.838424 -3.582530 14.185008 1.838424 -3.582530 14.185008 0.502822 0.626167 1.289607 261.503506 470.378611 170.791843
2.189656 -3.130371 14.981672 2.189656 -3.130371 14.981672 0.672063 0.867351 1.352865 302.634495 333.567621 40.067499
2.647209 -2.560493 15.790382 2.647209 -2.560493 15.790382 0.852848 1.014614 1.325800 299.979817 157.307964 -130.286589
3.210601 -1.934519 16.550398 3.210601 -1.934519 16.550398 1.021274 1.053451 1.187570 261.440535 -27.850974 -330.480245
3.865331 -1.318816 17.193346 3.865331 -1.318816 17.193346 1.152668 0.979969 0.938746 176.539177 -217.088207 -498.930778
4.581393 -0.779551 17.659457 4.581393 -0.779551 17.659457 1.222014 0.801513 0.602741 54.615751 -377.766087 -621.086720
5.314599 -0.372412 17.904582 5.314599 -0.372412 17.904582 1.205617 0.546000 0.206466 -109.271237 -473.941899 -699.829985
6.009046 -0.133291 17.901370 6.009046 -0.133291 17.901370 1.093782 0.245786 -0.219038 -263.514323 -526.773455 -718.517897
6.609861 -0.078742 17.645245 6.609861 -0.078742 17.645245 0.895563 -0.060792 -0.626996 -397.214854 -495.153551 -641.341346
7.070079 -0.200146 17.160635 7.070079 -0.200146 17.160635 0.629129 -0.336891 -0.976654 -490.897086 -425.174645 -524.184732
7.359195 -0.478812 16.480289 7.359195 -0.478812 16.480289 0.334591 -0.591996 -1.291165 -490.897086 -425.174645 -524.184732
