-8.984115 -0.314520 3.254588 -8.984115 -0.314520 3.254588 0.833811 1.199036 0.238661 187.034343 -420.993729 718.802825
-8.450163 0.329122 3.527170 -8.450163 0.329122 3.527170 0.946031 0.946439 0.669943 187.034343 -420.993729 718.802825
-7.850285 0.820877 4.057063 -7.850285 0.820877 4.057063 1.051215 0.692195 1.093941 163.579191 -426.486845 694.523583
-7.193991 1.160130 4.834014 -7.193991 1.160130 4.834014 1.129968 0.439817 1.488512 98.930897 -414.772301 620.711610
-6.505458 1.353736 5.830109 -6.505458 1.353736 5.830109 1.153049 0.212827 1.817240 -21.995796 -341.861915 475.048526
-5.825047 1.428597 6.993344 -5.825047 1.428597 6.993344 1.102554 0.051211 2.039183 -146.318510 -196.859705 264.761974
-5.196663 1.431069 8.250884 -5.196663 1.431069 8.250884 0.980711 -0.031004 2.129905 -259.826610 -77.189344 37.646060
-4.661605 1.405951 9.521136 -4.661605 1.405951 9.521136 0.791817 -0.040422 2.080157 -369.820624 45.794767 -203.473550
-4.257996 1.397021 10.721455 -4.257996 1.397021 10.721455 0.545356 0.022456 1.902322 -451.716188 163.798731 -389.309391
-4.012602 1.445255 11.782668 -4.012602 1.445255 11.782668 0.271774 0.147119 1.618213 -460.221234 251.745260 -557.719639
-3.930055 1.579376 12.647332 -3.930055 1.579376 12.647332 0.007250 0.300845 1.254209 -421.526142 260.675265 -655.627909
-3.995758 1.805738 13.279850 -3.995758 1.805738 13.279850 -0.216557 0.451915 0.850858 -324.498439 242.891096 -688.874789
-4.173948 2.118090 13.669467 -4.173948 2.118090 13.669467 -0.360485 0.585062 0.453031 -155.260580 200.932382 -637.217616
-4.407512 2.499208 13.831870 -4.407512 2.499208 13.831870 -0.400275 0.675191 0.097121 22.625037 99.498720 -549.146793
-4.630716 2.915275 13.799798 -4.630716 2.915275 13.799798 -0.322253 0.700102 -0.189858 237.448509 -16.461789 -407.450299
-4.769340 3.325987 13.623354 -4.769340 3.325987 13.623354 -0.119847 0.658290 -0.380269 437.238713 -122.913445 -227.253530
-4.752204 3.694726 13.364704 -4.752204 3.694726 13.364704 0.194200 0.563991 -0.464536 609.584830 -191.416594 -53.635753
-4.518788 3.996182 13.083911 -4.518788 3.996182 13.083911 0.595808 0.436727 -0.458804 729.109029 -232.796743 72.743502
-4.027443 4.215493 12.829006 -4.027443 4.215493 12.829006 1.046377 0.292938 -0.378741 772.786196 -246.500123 194.132251
-3.261984 4.349883 12.641482 -3.261984 4.349883 12.641482 1.502703 0.160026 -0.238376 748.303616 -196.537511 273.751259
-2.231470 4.414876 12.547956 -2.231470 4.414876 12.547956 1.922675 0.063874 -0.073006 651.602950 -123.971314 277.480135
-0.970326 4.438430 12.552817 -0.970326 4.438430 12.552817 2.264884 0.027210 0.087075 489.091753 1.760194 256.124750
0.462970 4.461861 12.647290 0.462970 4.461861 12.647290 2.489985 0.062210 0.221378 261.246836 114.906094 191.550488
1.989691 4.526925 12.810038 1.989691 4.526925 12.810038 2.575259 0.166427 0.313519 22.999791 232.482743 115.586303
3.526005 4.673934 13.014077 3.526005 4.673934 13.014077 2.524153 0.332446 0.358479 -193.354059 320.913139 34.282148
4.992111 4.933618 13.231576 4.992111 4.933618 13.231576 2.340232 0.537252 0.360253 -419.717413 361.775595 -28.368417
6.312757 5.320214 13.438609 6.312757 5.320214 13.438609 2.048682 0.749945 0.323170 -552.116362 347.200410 -95.242933
7.442585 5.832677 13.615368 7.442585 5.832677 13.615368 1.717412 0.958265 0.266024 -552.116362 347.200410 -95.242933
