1.718993 1.181195 0.463665 1.718993 1.181195 0.463665 0.568663 -0.896904 -0.727067 -294.297561 128.288503 602.880726
2.007217 0.666144 0.135943 2.007217 0.666144 0.135943 0.392085 -0.819931 -0.365339 -294.297561 128.288503 602.880726
2.183234 0.205360 0.023412 2.183234 0.205360 0.023412 0.184206 -0.702548 -0.012842 -398.632382 262.988716 572.110316
2.216664 -0.161014 0.110577 2.216664 -0.161014 0.110577 -0.081674 -0.505668 0.289872 -487.633054 393.275401 436.934923
2.078587 -0.388813 0.353238 2.078587 -0.388813 0.353238 -0.380745 -0.245643 0.502485 -509.269148 473.477465 271.774913
1.759514 -0.449282 0.693960 1.759514 -0.449282 0.693960 -0.681097 0.046897 0.617107 -491.906311 501.656090 110.299025
1.268167 -0.334467 1.075810 1.268167 -0.334467 1.075810 -0.946968 0.329785 0.641945 -394.328001 441.301402 -27.505905
0.639015 -0.062852 1.446992 0.639015 -0.062852 1.446992 -1.133528 0.566113 0.580270 -227.539562 346.458146 -178.076521
-0.071680 0.330741 1.757525 -0.071680 0.330741 1.757525 -1.218153 0.731802 0.445545 -54.543320 205.841566 -271.007292
-0.799181 0.795608 1.974231 -0.799181 0.795608 1.974231 -1.184840 0.798979 0.273744 165.587250 18.081791 -301.663007
-1.468102 1.267482 2.083707 -1.468102 1.267482 2.083707 -1.024598 0.755987 0.090390 368.550242 -161.391498 -309.517014
-2.004914 1.681415 2.085672 -2.004914 1.681415 2.085672 -0.745431 0.606110 -0.078100 562.008869 -338.196599 -252.116787
-2.343103 1.975829 1.997387 -2.343103 1.975829 1.997387 -0.368685 0.361307 -0.209588 693.809807 -477.813401 -186.176992
-2.436509 2.103234 1.842932 -2.436509 2.103234 1.842932 0.062198 0.057756 -0.297249 742.465624 -534.022180 -106.024325
-2.265546 2.041764 1.645498 -2.265546 2.041764 1.645498 0.507677 -0.262657 -0.360863 742.465624 -534.022180 -106.024325
