7.971267 6.365510 0.670499 7.971267 6.365510 0.670499 0.094530 0.876384 2.362775 416.645794 -470.380447 64.123604
8.102982 6.806672 2.099707 8.102982 6.806672 2.099707 0.344517 0.594156 2.401250 416.645794 -470.380447 64.123604
8.379827 7.074117 3.540826 8.379827 7.074117 3.540826 0.570197 0.290026 2.383860 335.619678 -543.384156 -122.090164
8.776331 7.148597 4.934347 8.776331 7.148597 4.934347 0.741442 -0.044638 2.236515 235.198225 -572.163803 -369.058323
9.256287 7.022646 6.197851 9.256287 7.022646 6.197851 0.846335 -0.368830 1.955205 114.445263 -508.476018 -568.642775
9.776678 6.716232 7.260940 9.776678 6.716232 7.260940 0.874951 -0.641869 1.575631 -19.060524 -401.655110 -696.604372
10.292679 6.268545 8.077586 10.292679 6.268545 8.077586 0.835822 -0.834197 1.140949 -111.368551 -239.437327 -752.332872
10.770978 5.736186 8.628064 10.770978 5.736186 8.628064 0.753261 -0.921570 0.696191 -163.836516 -51.806283 -730.194810
11.191899 5.185169 8.919271 11.191899 5.185169 8.919271 0.647232 -0.896405 0.282711 -189.592062 135.690008 -648.070772
11.547265 4.682613 8.981264 11.547265 4.682613 8.981264 0.539247 -0.760676 -0.061036 -170.357624 316.740759 -497.752575
11.842867 4.290948 8.867335 11.842867 4.290948 8.867335 0.450620 -0.531997 -0.298249 -125.067452 445.520721 -292.957270
12.093892 4.057327 8.647874 12.093892 4.057327 8.647874 0.391408 -0.237769 -0.412919 -72.303163 535.240330 -89.278510
12.320049 4.010887 8.396114 12.320049 4.010887 8.396114 0.369656 0.082769 -0.406181 -0.203656 533.218136 111.739321
12.544435 4.153079 8.183696 12.544435 4.153079 8.183696 0.382680 0.385455 -0.283247 43.615464 475.735318 298.041946
12.782878 4.464362 8.074208 12.782878 4.464362 8.074208 0.413769 0.642785 -0.070358 60.014977 382.031668 411.585677
13.041752 4.909542 8.109877 13.041752 4.909542 8.109877 0.448828 0.825724 0.195585 56.849413 227.765096 474.892541
13.318035 5.434473 8.313825 13.318035 5.434473 8.313825 0.466707 0.904877 0.486098 2.744931 36.079556 493.485009
13.593673 5.974296 8.691599 13.593673 5.974296 8.691599 0.443953 0.878537 0.768633 -78.591815 -123.881641 448.295677
13.839973 6.469845 9.227087 13.839973 6.469845 9.227087 0.367171 0.757834 1.005684 -177.345208 -278.459584 341.874464
14.022029 6.867396 9.884160 14.022029 6.867396 9.884160 0.229140 0.555625 1.171434 -282.760221 -395.571230 210.626171
14.103605 7.126304 10.617058 14.103605 7.126304 10.617058 0.034429 0.301965 1.258439 -366.274712 -449.961399 79.391321
14.054619 7.226497 11.379519 14.054619 7.226497 11.379519 -0.203908 0.032020 1.271605 -428.184577 -449.855134 -35.504975
13.854491 7.167467 12.130506 13.854491 7.167467 12.130506 -0.464368 -0.224232 1.222381 -440.015691 -404.318870 -128.576125
13.499182 6.966059 12.836522 13.499182 6.966059 12.836522 -0.715800 -0.437283 1.123891 -398.087948 -305.850565 -199.724002
13.003257 6.656830 13.473636 13.003257 6.656830 13.473636 -0.928600 -0.579824 0.997705 -311.246148 -169.285490 -220.894615
12.398474 6.286673 14.034285 12.398474 6.286673 14.034285 -1.073343 -0.640350 0.874106 -171.230285 -32.467480 -191.100537
11.734531 5.904129 14.527046 11.734531 5.904129 14.527046 -1.121660 -0.622285 0.772919 10.172146 92.681895 -146.192286
11.075720 5.552710 14.967872 11.075720 5.552710 14.967872 -1.053788 -0.540328 0.702154 216.068721 180.508930 -89.691121
10.493452 5.264897 15.376773 10.493452 5.264897 15.376773 -0.868585 -0.412563 0.667103 401.274011 245.375546 -27.145282
10.053874 5.062029 15.774667 10.053874 5.062029 15.774667 -0.581102 -0.262827 0.663410 557.001823 253.742941 14.835879
9.811657 4.947793 16.176211 9.811657 4.947793 16.176211 -0.215978 -0.121646 0.676448 660.080345 216.861262 28.625489
9.804036 4.909630 16.586838 9.804036 4.909630 16.586838 0.195825 -0.012583 0.691649 712.596211 146.680826 22.044926
10.047308 4.922312 17.002831 10.047308 4.922312 17.002831 0.610933 0.044572 0.690057 671.095437 43.834903 -27.353285
10.527170 4.950019 17.406248 10.527170 4.950019 17.406248 0.976114 0.036241 0.645174 546.175561 -71.604254 -122.257301
11.203011 4.954055 17.766572 11.203011 4.954055 17.766572 1.263124 -0.030819 0.547953 410.524417 -151.929461 -201.812495
12.034780 4.908216 18.059018 12.034780 4.908216 18.059018 1.509439 -0.121977 0.426865 410.524417 -151.929461 -201.812495
