6.560628 2.994400 4.842320 6.560628 2.994400 4.842320 -0.409199 0.484438 0.983568 -598.849728 -224.066523 -326.488916
6.207315 3.244731 5.373693 6.207315 3.244731 5.373693 -0.768509 0.349998 0.787675 -598.849728 -224.066523 -326.488916
5.646393 3.416322 5.784115 5.646393 3.416322 5.784115 -1.087940 0.225180 0.574707 -465.919201 -191.993740 -383.406273
4.923275 3.520425 6.059199 4.923275 3.520425 6.059199 -1.299932 0.127754 0.341025 -240.723016 -132.760224 -395.532260
4.114086 3.580506 6.195768 4.114086 3.580506 6.195768 -1.373865 0.084726 0.119459 -5.718234 -10.663810 -343.021797
3.302118 3.636594 6.212189 3.302118 3.636594 6.212189 -1.310397 0.114185 -0.053909 217.278302 108.859978 -234.870112
2.565812 3.730203 6.145057 2.565812 3.730203 6.145057 -1.125921 0.207017 -0.157383 397.642411 200.577836 -110.043732
1.969816 3.894958 6.042046 1.969816 3.894958 6.042046 -0.847428 0.349567 -0.167274 530.667467 274.588526 77.071876
1.561113 4.157350 5.965781 1.561113 4.157350 5.965781 -0.507862 0.530450 -0.069899 601.219239 328.356393 247.511661
1.364560 4.532991 5.977990 1.364560 4.532991 5.977990 -0.147409 0.718800 0.126594 600.290551 299.475835 407.467423
1.380598 5.014330 6.136084 1.380598 5.014330 6.136084 0.194921 0.879254 0.415038 540.809584 235.370693 554.010830
1.588426 5.577572 6.489686 1.588426 5.577572 6.489686 0.487055 0.987090 0.771734 432.968218 124.083836 634.976131
1.949741 6.184037 7.066567 1.949741 6.184037 7.066567 0.702572 1.020917 1.150445 285.421525 -11.326495 627.394367
2.413107 6.784991 7.865970 2.413107 6.784991 7.865970 0.826060 0.966333 1.507906 126.205672 -170.621765 564.140672
2.922687 7.324554 8.865036 2.922687 7.324554 8.865036 0.857919 0.816341 1.810277 -20.007981 -329.351098 443.763266
3.426694 7.748476 10.020182 3.426694 7.748476 10.020182 0.810200 0.585733 2.022049 -139.054656 -439.342538 262.143702
3.883351 8.016491 11.266890 3.883351 8.016491 11.266890 0.704601 0.300408 2.110799 -212.944619 -511.739467 33.691817
4.265512 8.103592 12.524640 4.265512 8.103592 12.524640 0.565488 -0.011788 2.057043 -250.764029 -528.915377 -212.879061
4.559980 8.004260 13.707628 4.559980 8.004260 13.707628 0.416595 -0.314407 1.864714 -245.546500 -479.814820 -428.218156
4.768774 7.734917 14.738580 4.768774 7.734917 14.738580 0.284442 -0.573955 1.553798 -194.964528 -385.345318 -608.168473
4.908490 7.330305 15.553847 4.908490 7.330305 15.553847 0.188189 -0.759545 1.151188 -125.876529 -233.286062 -733.864709
5.003204 6.843906 16.109294 5.003204 6.843906 16.109294 0.134953 -0.842922 0.695022 -51.578271 -44.638943 -786.688702
5.078765 6.341812 16.386793 5.078765 6.341812 16.386793 0.123373 -0.811232 0.233454 12.980669 150.272676 -751.871831
5.158134 5.892494 16.396923 5.158134 5.892494 16.396923 0.146203 -0.669209 -0.190698 63.116484 323.139006 -661.967875
5.258234 5.557170 16.173279 5.258234 5.557170 16.173279 0.189158 -0.435145 -0.538232 80.068235 457.071944 -496.478376
5.384699 5.382242 15.772960 5.384699 5.382242 15.772960 0.229993 -0.141472 -0.776185 56.046867 521.838704 -296.700219
5.529730 5.393282 15.266292 5.529730 5.393282 15.266292 0.248353 0.181596 -0.891963 5.152901 555.053546 -89.223936
5.675892 5.598771 14.728418 5.675892 5.598771 14.728418 0.232559 0.497737 -0.878677 -57.798564 498.753010 133.510883
5.800354 5.980201 14.236259 5.800354 5.980201 14.236259 0.174535 0.762051 -0.743496 -135.614573 382.291075 317.092438
5.875869 6.496566 13.854486 5.875869 6.496566 13.854486 0.069186 0.943032 -0.517002 -215.547142 220.980755 437.884440
5.876441 7.091660 13.626408 5.876441 7.091660 13.626408 -0.070847 1.023116 -0.237749 -251.231636 45.965428 492.961422
5.788626 7.703506 13.572656 5.788626 7.703506 13.572656 -0.222013 0.999207 0.058849 -252.654109 -125.660998 495.698201
5.611707 8.269587 13.693909 5.611707 8.269587 13.693909 -0.364773 0.869687 0.339859 -223.212352 -306.074165 441.000578
5.358073 8.728793 13.971999 5.358073 8.728793 13.971999 -0.471658 0.648476 0.578430 -133.070663 -431.294241 354.237559
5.059223 9.036113 14.374974 5.059223 9.036113 14.374974 -0.511015 0.369037 0.751746 1.879605 -500.171178 223.480808
4.762213 9.167161 14.856700 4.762213 9.167161 14.856700 -0.463583 0.067217 0.838094 156.227435 -505.895631 64.347488
4.521976 9.119621 15.363867 4.521976 9.119621 15.363867 -0.320887 -0.220365 0.840339 319.424416 -452.710036 -56.866155
4.395680 8.911727 15.852183 4.395680 8.911727 15.852183 -0.085529 -0.462923 0.777966 465.105231 -355.816800 -151.043258
4.435571 8.577903 16.287792 4.435571 8.577903 16.287792 0.230976 -0.636531 0.667424 589.911328 -222.875742 -217.429896
4.685281 8.165320 16.647610 4.685281 8.165320 16.647610 0.609624 -0.722992 0.529470 672.247570 -65.329456 -242.415219
5.172289 7.727755 16.922839 5.172289 7.727755 16.922839 1.014121 -0.722242 0.389929 676.075294 67.831607 -222.721643
5.898073 7.314295 17.119034 5.898073 7.314295 17.119034 1.397856 -0.643166 0.267933 603.041591 195.755467 -183.931544
6.837216 6.967872 17.250921 6.837216 6.967872 17.250921 1.719088 -0.504507 0.178746 467.732762 266.441077 -113.359077
7.941200 6.714590 17.341890 7.941200 6.714590 17.341890 1.941423 -0.337331 0.131365 273.382412 290.810418 -44.578821
9.144965 6.563254 17.415373 9.144965 6.563254 17.415373 2.053968 -0.169259 0.118055 101.768925 269.431756 0.212914
10.395665 6.510197 17.486244 10.395665 6.510197 17.486244 2.115030 -0.007599 0.118183 101.768925 269.431756 0.212914
