-10.574492 6.292934 2.700798 -10.574492 6.292934 2.700798 1.098669 0.806917 1.544257 487.852050 -579.661904 -192.043705
-9.827477 6.672745 3.592784 -9.827477 6.672745 3.592784 1.391380 0.459120 1.429030 487.852050 -579.661904 -192.043705
-8.904656 6.845445 4.408240 -8.904656 6.845445 4.408240 1.684989 0.119159 1.276834 490.845684 -553.542330 -315.277920
-7.810057 6.820591 5.110426 -7.810057 6.820591 5.110426 1.955764 -0.196526 1.051846 411.736486 -498.740314 -434.680592
-6.571330 6.621409 5.659146 -6.571330 6.621409 5.659146 2.158584 -0.453233 0.770312 264.329911 -356.948231 -503.768535
-5.238162 6.294209 6.029361 -5.238162 6.294209 6.029361 2.269377 -0.622453 0.461581 104.979314 -207.119729 -525.333322
-3.869879 5.894744 6.215107 -3.869879 5.894744 6.215107 2.271165 -0.690284 0.163166 -99.017083 -18.981557 -469.383203
-2.537655 5.487964 6.235362 -2.537655 5.487964 6.235362 2.148495 -0.647637 -0.084242 -309.883702 161.136316 -355.311091
-1.313506 5.135923 6.127688 -1.313506 5.135923 6.127688 1.916723 -0.513273 -0.263292 -462.689495 286.744381 -241.521148
-0.246756 4.879573 5.926239 -0.246756 4.879573 5.926239 1.639109 -0.341226 -0.408205 -462.689495 286.744381 -241.521148
