3.483417 4.471185 -8.773440 3.483417 4.471185 -8.773440 0.167871 -0.580253 -0.754321 530.104375 85.628298 413.595021
3.679559 4.138446 -9.151585 3.679559 4.138446 -9.151585 0.485933 -0.528876 -0.506164 530.104375 85.628298 413.595021
4.064556 3.843896 -9.371197 4.064556 3.843896 -9.371197 0.794087 -0.440687 -0.209807 497.075168 208.337711 574.263746
4.624707 3.624991 -9.384504 4.624707 3.624991 -9.384504 1.063462 -0.275654 0.180799 400.842080 341.770834 727.756657
5.326502 3.525634 -9.141929 5.326502 3.525634 -9.141929 1.261793 -0.048005 0.632949 260.261564 417.059663 779.409242
6.118563 3.573455 -8.623034 6.118563 3.573455 -8.623034 1.358644 0.209995 1.094755 62.572317 442.940547 759.943646
6.931253 3.777624 -7.834621 6.931253 3.777624 -7.834621 1.327391 0.467974 1.524570 -166.748108 416.988845 672.773970
7.685549 4.128004 -6.808112 7.685549 4.128004 -6.808112 1.166720 0.690855 1.881571 -368.822458 325.946816 517.228799
8.308626 4.593047 -5.598555 8.308626 4.593047 -5.598555 0.892591 0.845723 2.129475 -544.938992 190.280065 309.118921
8.737269 5.123639 -4.279116 8.737269 5.123639 -4.279116 0.521518 0.904432 2.245507 -691.970925 5.417561 77.653198
8.922405 5.656404 -2.931777 8.922405 5.656404 -2.931777 0.090234 0.853336 2.222387 -745.643649 -175.737603 -154.720825
8.843018 6.127271 -1.638319 8.843018 6.127271 -1.638319 -0.353713 0.700380 2.068931 -734.179046 -334.116541 -356.798211
8.504137 6.478979 -0.470785 8.504137 6.478979 -0.470785 -0.766724 0.458016 1.806847 -642.524341 -473.762247 -516.816431
7.938061 6.662771 0.514905 7.938061 6.662771 0.514905 -1.104174 0.145057 1.469805 -482.310842 -569.436102 -606.655229
7.200794 6.645888 1.286921 7.200794 6.645888 1.286921 -1.333291 -0.203698 1.102464 -281.411380 -593.078352 -617.813680
6.363480 6.419628 1.839858 6.363480 6.419628 1.839858 -1.435567 -0.545978 0.745101 -59.508154 -547.855754 -573.399057
5.506428 6.000503 2.189301 5.506428 6.000503 2.189301 -1.396271 -0.839312 0.429033 190.493694 -429.923151 -480.160748
4.715438 5.428667 2.369374 4.715438 5.428667 2.369374 -1.219559 -1.051579 0.186348 398.547571 -277.635736 -328.788253
4.064959 4.758235 2.432630 4.064959 4.758235 2.432630 -0.932839 -1.165715 0.042220 557.186875 -102.814973 -151.639055
3.611294 4.052364 2.440362 3.611294 4.052364 2.440362 -0.569804 -1.167078 -0.000286 652.927492 98.268430 9.953049
3.388481 3.380599 2.450488 3.388481 3.380599 2.450488 -0.170335 -1.054150 0.048216 678.636038 278.160234 151.719894
3.406305 2.805510 2.513728 3.406305 2.805510 2.513728 0.226202 -0.850595 0.174248 643.154517 400.355709 268.387286
3.651315 2.372664 2.669774 3.651315 2.372664 2.669774 0.579698 -0.583145 0.351221 535.165686 491.143854 321.523809
4.085644 2.113308 2.938927 4.085644 2.113308 2.938927 0.851697 -0.277834 0.546861 371.498466 526.561280 330.609615
4.653143 2.037687 3.324748 4.653143 2.037687 3.324748 1.022651 0.019598 0.736199 198.346796 464.877355 300.517262
5.293201 2.127877 3.817041 5.293201 2.127877 3.817041 1.095487 0.272287 0.898913 44.440068 377.420228 241.861788
5.958492 2.359185 4.399924 5.958492 2.359185 4.399924 1.122151 0.498739 1.044030 44.440068 377.420228 241.861788
