10.014562 2.398347 8.260800 10.014562 2.398347 8.260800 1.381046 0.355513 1.457198 -694.863363 -220.745067 -596.111961
10.718114 2.571920 9.027818 10.718114 2.571920 9.027818 0.964128 0.223066 1.099531 -694.863363 -220.745067 -596.111961
11.177671 2.672005 9.581357 11.177671 2.672005 9.581357 0.577986 0.120515 0.747469 -592.278625 -121.090035 -577.426529
11.426762 2.730396 9.931332 11.426762 2.730396 9.931332 0.267167 0.087249 0.428164 -443.784969 10.204120 -486.922614
11.518766 2.791090 10.108891 11.518766 2.791090 10.108891 0.058821 0.125912 0.177540 -250.699784 118.670395 -348.490558
11.520395 2.892153 10.161573 11.520395 2.892153 10.161573 -0.034288 0.217892 0.012875 -59.663010 187.929626 -200.393846
11.499513 3.058433 10.141856 11.499513 3.058433 10.141856 -0.017937 0.339236 -0.064215 114.166080 216.551913 -56.573249
11.517665 3.300482 10.099774 11.517665 3.300482 10.099774 0.092386 0.466804 -0.065005 253.577468 208.673736 53.939399
11.624977 3.614669 10.075591 11.624977 3.614669 10.075591 0.275714 0.574728 -0.007091 357.513502 151.072733 139.108560
11.857009 3.981122 10.099433 11.857009 3.981122 10.099433 0.501475 0.637488 0.091662 395.025274 58.126410 190.066809
12.227628 4.368137 10.188934 12.227628 4.368137 10.188934 0.731640 0.642661 0.207162 372.191224 -40.882429 194.932994
12.730246 4.739919 10.346089 12.730246 4.739919 10.346089 0.938152 0.585855 0.312973 316.179402 -148.471385 157.770258
13.344379 5.059113 10.558312 13.344379 5.059113 10.558312 1.099509 0.468802 0.387839 221.677506 -241.705147 91.782713
14.037094 5.294263 10.803775 14.037094 5.294263 10.803775 1.198052 0.310654 0.424103 106.798939 -285.453425 29.097774
14.769379 5.428698 11.059084 14.769379 5.428698 11.059084 1.233283 0.136506 0.419608 10.637841 -295.039434 -44.078762
15.506605 5.460151 11.300253 15.506605 5.460151 11.300253 1.216373 -0.027237 0.379854 -67.004465 -250.771950 -88.434623
16.220772 5.403320 11.512121 16.220772 5.403320 11.512121 1.158192 -0.154450 0.326159 -126.931770 -173.269991 -90.548508
16.891167 5.286890 11.692833 16.891167 5.286890 11.692833 1.073673 -0.221269 0.278403 -154.796836 -49.460455 -68.639684
17.508663 5.153683 11.850117 17.508663 5.153683 11.850117 0.986572 -0.208658 0.250209 -135.541256 91.496589 -25.339230
18.079635 5.052864 11.999882 18.079635 5.052864 11.999882 0.922382 -0.114230 0.256008 -78.424926 223.263654 44.667147
18.622821 5.031108 12.167386 18.622821 5.031108 12.167386 0.894694 0.052698 0.312103 -13.868806 333.162096 142.318673
19.159516 5.127528 12.385034 19.159516 5.127528 12.385034 0.898245 0.276758 0.421339 25.706476 413.704217 221.799943
19.706055 5.369054 12.680807 19.706055 5.369054 12.680807 0.928496 0.530002 0.569647 75.128967 430.444089 272.559181
20.278350 5.762200 13.073030 20.278350 5.762200 13.073030 0.981945 0.776594 0.740053 103.034474 391.527495 295.460875
20.884699 6.293043 13.568638 20.884699 6.293043 13.568638 1.036942 0.983570 0.909293 80.288659 298.394617 268.674433
21.517098 6.928679 14.158110 21.517098 6.928679 14.158110 1.064028 1.121520 1.048174 9.998946 161.438668 194.262481
22.152540 7.620307 14.814233 22.152540 7.620307 14.814233 1.046155 1.166668 1.125985 -69.575322 -10.944911 65.106865
22.760688 8.306986 15.492150 22.760688 8.306986 15.492150 0.969301 1.103342 1.118082 -186.603116 -200.142170 -91.451863
23.300811 8.923319 16.136943 23.300811 8.923319 16.136943 0.817993 0.935020 1.015238 -317.757085 -360.931615 -251.360291
23.728356 9.411002 16.690038 23.728356 9.411002 16.690038 0.597065 0.676656 0.810408 -418.669699 -500.281396 -431.408338
24.005553 9.722627 17.090245 24.005553 9.722627 17.090245 0.317454 0.354897 0.509644 -513.367336 -572.249644 -571.138414
24.102081 9.831447 17.288210 24.102081 9.831447 17.288210 0.001741 0.005981 0.141877 -539.009669 -590.805133 -654.748503
24.007766 9.731481 17.252936 24.007766 9.731481 17.252936 -0.313355 -0.334549 -0.263701 -511.310003 -544.294333 -697.178829
23.733489 9.440770 16.972653 23.733489 9.440770 16.972653 -0.591279 -0.621171 -0.664859 -415.103568 -411.112544 -640.014842
23.310120 9.002263 16.465076 23.310120 9.002263 16.465076 -0.809759 -0.826854 -1.016164 -313.164344 -274.496203 -531.001946
22.767895 8.456742 15.759797 22.767895 8.456742 15.759797 -0.997658 -0.991552 -1.334765 -313.164344 -274.496203 -531.001946
