-2.547701 5.136694 -7.249383 -2.547701 5.136694 -7.249383 -0.345021 0.997685 1.120806 -171.254586 -352.489464 24.357283
-2.785540 5.671857 -6.572516 -2.785540 5.671857 -6.572516 -0.447774 0.786191 1.135420 -171.254586 -352.489464 24.357283
-3.082767 6.077999 -5.893084 -3.082767 6.077999 -5.893084 -0.539213 0.564073 1.119011 -133.543181 -387.902222 -79.053073
-3.424136 6.345941 -5.243293 -3.424136 6.345941 -5.243293 -0.588354 0.327935 1.034646 -30.258990 -399.225542 -202.162771
-3.775807 6.472768 -4.665462 -3.775807 6.472768 -4.665462 -0.572574 0.098035 0.880515 82.858796 -367.109639 -311.609550
-4.095959 6.471704 -4.198453 -4.095959 6.471704 -4.198453 -0.480467 -0.091257 0.667494 224.162611 -263.863031 -398.458547
-4.336213 6.376404 -3.873252 -4.336213 6.376404 -3.873252 -0.307586 -0.214828 0.410556 352.107455 -148.040989 -458.003616
-4.450212 6.228951 -3.708684 -4.450212 6.228951 -3.708684 -0.060456 -0.263196 0.139131 471.658373 -13.185133 -446.745198
-4.396659 6.075185 -3.701327 -4.396659 6.075185 -3.701327 0.247182 -0.238479 -0.107457 553.802838 95.575283 -375.215005
-4.147252 5.953100 -3.825710 -4.147252 5.953100 -3.825710 0.586529 -0.162140 -0.294433 577.354379 158.890035 -248.038241
-3.693177 5.887116 -4.036399 -3.693177 5.887116 -4.036399 0.924112 -0.053308 -0.390167 547.923338 203.882425 -71.076773
-3.047109 5.892479 -4.272019 -3.047109 5.892479 -4.272019 1.217738 0.072267 -0.376443 430.827393 214.700502 116.826301
-2.247845 5.971274 -4.465160 -2.247845 5.971274 -4.465160 1.431595 0.185029 -0.247869 282.031464 161.172829 311.751991
-1.349417 6.105643 -4.545673 -1.349417 6.105643 -4.545673 1.544341 0.253435 -0.000354 93.788513 66.847497 513.299174
-0.419090 6.263590 -4.444803 -0.419090 6.263590 -4.444803 1.534818 0.262814 0.351069 -125.534019 -35.585187 658.110679
0.466293 6.409121 -4.111810 0.466293 6.409121 -4.111810 1.394941 0.212702 0.765393 -340.719633 -131.453701 722.968329
1.231453 6.507847 -3.521358 1.231453 6.507847 -3.521358 1.138133 0.107659 1.204583 -515.309577 -218.691054 740.997648
1.814421 6.529358 -2.668746 1.814421 6.529358 -2.668746 0.793165 -0.042152 1.631596 -634.582053 -280.677767 682.379802
2.172303 6.453449 -1.575977 2.172303 6.453449 -1.575977 0.393454 -0.211040 1.995940 -697.788619 -282.282722 532.099159
2.284055 6.277028 -0.293874 2.284055 6.277028 -0.293874 -0.018814 -0.375338 2.259006 -676.437483 -265.376362 344.787868
2.156906 6.009021 1.110110 2.156906 6.009021 1.110110 -0.395183 -0.509748 2.398472 -578.125978 -182.659009 120.099635
1.824673 5.678051 2.555662 1.824673 5.678051 2.555662 -0.697361 -0.580555 2.394790 -429.133832 -53.364355 -132.372717
1.341550 5.327517 3.955936 1.341550 5.327517 3.955936 -0.892157 -0.575549 2.251501 -220.186289 70.053864 -345.258059
0.781154 5.003203 5.233338 0.781154 5.003203 5.233338 -0.951607 -0.491489 1.987584 22.018299 210.144080 -534.463740
0.228546 4.752902 6.322821 0.228546 4.752902 6.322821 -0.866433 -0.331572 1.632588 261.894379 322.914261 -648.856557
-0.232855 4.616869 7.182441 -0.232855 4.616869 7.182441 -0.652708 -0.113892 1.227580 450.524883 402.684106 -701.169361
-0.533788 4.622320 7.793771 -0.533788 4.622320 7.793771 -0.334407 0.134234 0.811836 610.476916 424.402723 -684.645609
-0.618672 4.777364 8.163813 -0.618672 4.777364 8.163813 0.061252 0.379431 0.431936 708.386447 392.922188 -581.686688
-0.452991 5.070197 8.327169 -0.452991 5.070197 8.327169 0.493386 0.587425 0.127414 732.060691 300.391644 -433.388841
-0.029246 5.468985 8.336412 -0.029246 5.468985 8.336412 0.912333 0.728970 -0.078600 664.430174 171.424860 -253.321999
0.630923 5.927596 8.255349 0.630923 5.927596 8.255349 1.276853 0.783689 -0.172118 550.634903 10.971894 -58.407300
1.487686 6.388773 8.152880 1.487686 6.388773 8.152880 1.564917 0.735213 -0.150584 409.578853 -172.560273 130.187381
2.488866 6.788453 8.095060 2.488866 6.788453 8.095060 1.753195 0.579742 -0.026988 218.013888 -345.675734 281.800103
3.569298 7.066564 8.135248 3.569298 7.066564 8.135248 1.830365 0.334772 0.170379 39.221279 -470.891074 376.090148
4.665502 7.177621 8.307991 4.665502 7.177621 8.307991 1.808521 0.027011 0.410129 -112.035959 -554.977617 423.076533
5.722470 7.092790 8.630577 5.722470 7.092790 8.630577 1.701408 -0.311685 0.665749 -245.008785 -574.011223 428.991972
6.694752 6.805793 9.103636 6.694752 6.805793 9.103636 1.532099 -0.639412 0.905099 -319.352879 -518.411134 368.838603
7.555913 6.334398 9.707153 7.555913 6.334398 9.707153 1.337414 -0.922629 1.096737 -329.598369 -425.647432 269.955497
8.299913 5.713787 10.407857 8.299913 5.713787 10.407857 1.144052 -1.130100 1.229060 -314.939121 -265.921884 171.120133
8.934523 5.000129 11.168800 8.934523 5.000129 11.168800 0.979429 -1.228314 1.295258 -233.807006 -61.456279 49.541247
9.485603 4.262935 11.949823 9.485603 4.262935 11.949823 0.866685 -1.210906 1.299738 -142.004243 119.481852 -34.607941
9.984792 3.568606 12.720003 9.984792 3.568606 12.720003 0.805175 -1.085676 1.261807 -63.031227 297.952380 -91.828375
10.461178 2.979197 13.458254 10.461178 2.979197 13.458254 0.790490 -0.865081 1.195188 14.083131 437.364218 -130.235561
10.942494 2.544219 14.152806 10.942494 2.544219 14.152806 0.821372 -0.575940 1.121458 88.858055 526.438077 -115.531359
11.451312 2.293413 14.804885 11.451312 2.293413 14.804885 0.874687 -0.260077 1.052139 88.858055 526.438077 -115.531359
