4.030937 -1.991110 0.786750 4.030937 -1.991110 0.786750 -0.285404 -0.437063 -0.400097 155.372901 -324.617219 633.086940
3.887662 -2.311778 0.660647 3.887662 -2.311778 0.660647 -0.192180 -0.631833 -0.020245 155.372901 -324.617219 633.086940
3.797570 -2.744336 0.757473 3.797570 -2.744336 0.757473 -0.112712 -0.801736 0.334694 109.521690 -241.725394 550.040889
3.744401 -3.260523 1.046797 3.744401 -3.260523 1.046797 -0.073277 -0.904948 0.612221 21.927382 -102.315989 375.049885
3.701165 -3.812294 1.471140 3.701165 -3.812294 1.471140 -0.076209 -0.918260 0.784758 -31.700913 57.943233 200.074730
3.648563 -4.342482 1.966900 3.648563 -4.342482 1.966900 -0.101077 -0.831804 0.849261 -51.191943 230.244087 14.932945
3.578598 -4.790755 2.468405 3.578598 -4.790755 2.468405 -0.132316 -0.646829 0.804523 -52.939210 386.338600 -164.059195
3.490641 -5.102919 2.912741 3.490641 -5.102919 2.912741 -0.159268 -0.383067 0.661851 -36.900198 492.867872 -311.514439
3.392652 -5.240108 3.248707 3.392652 -5.240108 3.248707 -0.160339 -0.067669 0.449585 33.330787 558.458106 -396.037013
3.307570 -5.180437 3.446056 3.307570 -5.180437 3.446056 -0.114736 0.266156 0.206384 118.679154 554.293647 -414.633560
3.265594 -4.924969 3.496378 3.265594 -4.924969 3.496378 -0.016009 0.578738 -0.036770 210.410911 487.644415 -395.878750
3.298586 -4.496705 3.405693 3.298586 -4.496705 3.405693 0.133852 0.837554 -0.261120 289.126981 375.075828 -351.957039
3.433823 -3.937384 3.191478 3.433823 -3.937384 3.191478 0.321744 1.008977 -0.443249 337.178190 196.336116 -255.139881
3.689293 -3.308331 2.887133 3.689293 -3.308331 2.887133 0.532708 1.068408 -0.558681 366.034366 1.768029 -129.631579
4.071579 -2.677783 2.534110 4.071579 -2.677783 2.534110 0.736203 1.015392 -0.608865 312.283286 -178.489122 -37.650312
4.564006 -2.110544 2.166201 4.564006 -2.110544 2.166201 0.896044 0.858956 -0.610521 220.519012 -342.963455 32.130459
5.133996 -1.664321 1.809556 5.133996 -1.664321 1.809556 0.991708 0.616090 -0.571820 98.362595 -466.590923 96.875681
5.737703 -1.383275 1.484554 5.737703 -1.383275 1.484554 1.005611 0.313029 -0.510434 -52.019930 -543.612590 107.743189
6.320914 -1.292394 1.195904 6.320914 -1.292394 1.195904 0.920437 -0.008570 -0.454707 -231.894605 -528.384927 78.012354
6.820908 -1.388438 0.934799 6.820908 -1.388438 0.934799 0.728665 -0.304564 -0.419515 -407.343772 -458.262317 39.296512
7.177018 -1.646534 0.686432 7.177018 -1.646534 0.686432 0.445421 -0.543869 -0.414592 -536.802222 -339.419961 -22.889323
7.343522 -2.024949 0.429851 7.343522 -2.024949 0.429851 0.102719 -0.702514 -0.446852 -605.538988 -189.397281 -84.641842
7.294174 -2.469498 0.144631 7.294174 -2.469498 0.144631 -0.270516 -0.760894 -0.507008 -638.577006 -5.203235 -115.877587
7.020125 -2.916385 -0.181085 7.020125 -2.916385 -0.181085 -0.637643 -0.711086 -0.579800 -585.178844 171.231410 -126.765163
6.540357 -3.303822 -0.550477 6.540357 -3.303822 -0.550477 -0.947997 -0.566381 -0.649331 -449.336551 311.119672 -105.003255
5.900820 -3.581072 -0.955360 5.900820 -3.581072 -0.955360 -1.166890 -0.346826 -0.694250 -280.307419 420.729599 -44.726830
5.163467 -3.711853 -1.373197 5.163467 -3.711853 -1.373197 -1.268892 -0.086473 -0.687266 -59.699434 447.111927 68.008058
4.405457 -3.683151 -1.766243 4.405457 -3.683151 -1.766243 -1.234355 0.182325 -0.611103 174.823770 448.883358 185.865637
3.710382 -3.496037 -2.092228 3.710382 -3.496037 -2.092228 -1.059115 0.436252 -0.463476 409.308805 397.539439 306.224305
3.159393 -3.170360 -2.307565 3.159393 -3.170360 -2.307565 -0.759504 0.636619 -0.241602 589.397141 270.349773 433.356164
2.817389 -2.747382 -2.370343 2.817389 -2.747382 -2.370343 -0.367833 0.760552 0.039311 716.171999 142.759842 503.020222
2.730094 -2.273211 -2.254055 2.730094 -2.273211 -2.254055 0.084337 0.806920 0.351913 791.061656 11.801882 538.989364
2.921670 -1.793945 -1.946896 2.921670 -1.793945 -1.946896 0.551890 0.778952 0.670268 767.446811 -105.029283 522.193310
3.384852 -1.350916 -1.456211 3.384852 -1.350916 -1.456211 0.981892 0.688751 0.956234 665.892757 -195.641129 431.025432
4.085131 -0.975551 -0.812971 4.085131 -0.975551 -0.812971 1.337844 0.558014 1.174424 520.614365 -240.148127 296.273568
4.969826 -0.683739 -0.065703 4.969826 -0.683739 -0.065703 1.591604 0.415073 1.298612 325.251168 -236.320520 117.688898
5.969609 -0.474835 0.721995 5.969609 -0.474835 0.721995 1.718132 0.285272 1.305959 96.510491 -196.351096 -93.201184
7.005060 -0.334030 1.476448 7.005060 -0.334030 1.476448 1.712041 0.192386 1.188306 -116.814323 -113.269277 -298.973996
7.999600 -0.231865 2.124605 7.999600 -0.231865 2.124605 1.583663 0.160036 0.953867 -311.113137 5.437564 -482.489005
8.886741 -0.129433 2.602626 8.886741 -0.129433 2.602626 1.361713 0.190454 0.627116 -428.719398 95.954585 -606.681010
9.626599 0.002111 2.869693 9.626599 0.002111 2.869693 1.104481 0.248027 0.263108 -428.719398 95.954585 -606.681010
