-5.514953 -5.692692 -5.343564 -5.514953 -5.692692 -5.343564 0.881527 -0.703726 0.769351 -640.940461 311.363104 311.100309
-5.101406 -6.058883 -4.825956 -5.101406 -6.058883 -4.825956 0.496963 -0.516908 0.956011 -640.940461 311.363104 311.100309
-4.920175 -6.306157 -4.200522 -4.920175 -6.306157 -4.200522 0.104510 -0.295966 1.121815 -667.234931 425.110156 241.579593
-4.974659 -6.401201 -3.490562 -4.974659 -6.401201 -3.490562 -0.281270 -0.010819 1.233696 -618.698571 525.379872 131.356464
-5.246262 -6.311030 -2.732687 -5.246262 -6.311030 -2.732687 -0.609867 0.314878 1.282574 -476.623689 560.276827 31.568747
-5.687166 -6.023926 -1.961226 -5.687166 -6.023926 -1.961226 -0.841799 0.637682 1.282692 -296.483497 515.736174 -31.173778
-6.231399 -5.553870 -1.199685 -6.231399 -5.553870 -1.199685 -0.948620 0.920193 1.251670 -59.585539 425.968480 -72.231615
-6.797531 -4.933540 -0.462110 -6.797531 -4.933540 -0.462110 -0.915544 1.133472 1.206204 169.836025 284.962053 -79.324236
-7.302982 -4.214009 0.249584 -7.302982 -4.214009 0.249584 -0.747120 1.245224 1.169861 391.577699 87.542874 -41.819156
-7.669170 -3.462800 0.947316 -7.669170 -3.462800 0.947316 -0.454173 1.239334 1.161485 584.913906 -107.177307 13.899936
-7.828516 -2.748430 1.650379 -7.828516 -2.748430 1.650379 -0.063858 1.125333 1.188174 716.135732 -272.824446 75.065169
-7.735162 -2.131048 2.379431 -7.735162 -2.131048 2.379431 0.379646 0.918091 1.246389 762.209961 -417.982588 118.983354
-7.371395 -1.661526 3.151080 -7.371395 -1.661526 3.151080 0.830880 0.636824 1.329774 741.905305 -519.574081 158.965897
-6.744502 -1.374722 3.977625 -6.744502 -1.374722 3.977625 1.250136 0.316245 1.425486 655.612727 -549.021125 160.073814
-5.885712 -1.281758 4.858996 -5.885712 -1.281758 4.858996 1.596992 -0.002967 1.507861 500.573814 -515.019075 114.509982
-4.847854 -1.370417 5.779206 -4.847854 -1.370417 5.779206 1.845137 -0.282852 1.550979 326.576713 -417.933763 29.216517
-3.695193 -1.606245 6.708398 -3.695193 -1.606245 6.708398 1.975056 -0.488058 1.535237 106.486376 -266.082993 -81.690258
-2.501916 -1.936225 7.607303 -2.501916 -1.936225 7.607303 1.984328 -0.593959 1.448559 -75.580173 -86.921890 -207.235625
-1.334635 -2.297551 8.431710 -1.334635 -2.297551 8.431710 1.890425 -0.592638 1.287089 -237.427734 91.324539 -330.998271
-0.250546 -2.627270 9.138056 -0.250546 -2.627270 9.138056 1.710825 -0.490712 1.056852 -361.239298 248.430708 -436.456196
0.707914 -2.868966 9.688563 0.707914 -2.868966 9.688563 1.479020 -0.301591 0.769767 -411.444291 381.972741 -520.496442
1.520979 -2.976556 10.055637 1.520979 -2.976556 10.055637 1.230716 -0.049360 0.451985 -416.236311 458.794803 -538.775294
2.187425 -2.922592 10.233316 2.187425 -2.922592 10.233316 0.995668 0.230906 0.146055 -367.256191 475.427738 -480.992743
2.723879 -2.700441 10.240026 2.723879 -2.700441 10.240026 0.801112 0.506312 -0.114258 -281.264342 442.591145 -386.715345
3.160700 -2.322782 10.110437 3.160700 -2.322782 10.110437 0.666263 0.742892 -0.303418 -168.232131 346.009168 -243.818289
3.536912 -1.822294 9.896791 3.536912 -1.822294 9.896791 0.598999 0.912856 -0.388248 -55.980595 220.535803 -38.948781
3.892072 -1.243056 9.669693 3.892072 -1.243056 9.669693 0.594597 1.004313 -0.347310 41.306065 84.321909 175.407530
4.261578 -0.633531 9.504104 4.261578 -0.633531 9.504104 0.645947 1.013707 -0.185948 129.861809 -53.009819 362.466871
4.674209 -0.041984 9.468101 4.674209 -0.041984 9.468101 0.732300 0.946224 0.083144 157.981781 -171.931671 534.507121
5.141307 0.490423 9.621542 5.141307 0.490423 9.621542 0.823492 0.821166 0.440565 145.991680 -244.927467 656.893987
5.660364 0.937690 10.006977 5.660364 0.937690 10.006977 0.904504 0.667481 0.848975 124.045795 -267.358409 704.474174
6.222458 1.290484 10.641401 6.222458 1.290484 10.641401 0.964251 0.509212 1.262830 75.113304 -260.204817 675.043415
6.810452 1.553038 11.514186 6.810452 1.553038 11.514186 0.988932 0.372412 1.635749 7.154880 -195.792661 568.018762
7.401730 1.746874 12.587868 7.401730 1.746874 12.587868 0.976381 0.283092 1.926510 -48.991305 -101.943547 401.185740
7.976442 1.904673 13.803334 7.976442 1.904673 13.803334 0.935498 0.253396 2.103952 -87.284576 2.957154 190.286658
8.521958 2.063685 15.085975 8.521958 2.063685 15.085975 0.882766 0.287381 2.148216 -88.488649 110.325525 -42.739501
9.038384 2.259987 16.352850 9.038384 2.259987 16.352850 0.843146 0.373648 2.050762 -43.577188 177.232433 -282.106245
9.540991 2.519047 17.519994 9.540991 2.519047 17.519994 0.839812 0.494834 1.818827 32.462557 226.722570 -491.012624
10.056039 2.857088 18.514220 10.056039 2.857088 18.514220 0.885881 0.632523 1.480784 121.102442 232.239687 -635.796898
10.615982 3.275002 19.283631 10.615982 3.275002 19.283631 0.991620 0.754850 1.076222 231.359370 175.515573 -712.742965
11.259019 3.755376 19.799960 11.259019 3.755376 19.799960 1.162534 0.839517 0.643024 338.355486 106.708377 -731.249750
12.023010 4.271626 20.057342 12.023010 4.271626 20.057342 1.393383 0.870202 0.220239 431.138361 -4.424133 -678.034309
12.939133 4.784359 20.076024 12.939133 4.784359 20.076024 1.664508 0.824589 -0.143658 472.612910 -147.620164 -534.956008
14.022529 5.247031 19.902632 14.022529 5.247031 19.902632 1.946181 0.708469 -0.419156 466.297540 -239.446447 -383.371518
15.274172 5.629012 19.582131 15.274172 5.629012 19.582131 2.225960 0.564801 -0.649179 466.297540 -239.446447 -383.371518
