-4.175171 -0.266665 9.383330 -4.175171 -0.266665 9.383330 -1.342076 1.079804 0.020711 276.448836 358.404850 -63.806200
-4.930656 0.445730 9.384271 -4.930656 0.445730 9.384271 -1.176206 1.294847 -0.017573 276.448836 358.404850 -63.806200
-5.576410 1.277389 9.364193 -5.576410 1.277389 9.364193 -0.959293 1.461083 -0.046104 446.595683 195.717014 -31.297580
-6.059766 2.176996 9.333758 -6.059766 2.176996 9.333758 -0.632172 1.517149 -0.050574 643.807381 -8.831143 16.396955
-6.316734 3.074415 9.305935 -6.316734 3.074415 9.305935 -0.213641 1.455445 -0.042885 751.296633 -196.848418 9.232958
-6.308090 3.902824 9.278222 -6.308090 3.902824 9.278222 0.245114 1.290212 -0.055567 777.886033 -353.928139 -51.504553
-6.023676 4.604811 9.232726 -6.023676 4.604811 9.232726 0.698477 1.035690 -0.100894 733.324561 -494.479156 -99.585928
-5.480440 5.132327 9.149583 -5.480440 5.132327 9.149583 1.099226 0.714542 -0.184054 602.506611 -576.013419 -177.612954
-4.722947 5.456977 9.003459 -4.722947 5.456977 9.003459 1.408263 0.366969 -0.309228 427.616029 -582.565125 -239.636724
-3.813728 5.576004 8.771630 -3.813728 5.576004 8.771630 1.601280 0.035965 -0.468798 215.772373 -520.781119 -292.262029
-2.828655 5.511258 8.437604 -2.828655 5.511258 8.437604 1.658078 -0.239424 -0.644853 -26.446085 -397.181423 -294.588258
-1.851299 5.305286 8.000401 -1.851299 5.305286 8.000401 1.578558 -0.431858 -0.807933 -238.618835 -244.266364 -249.011980
-0.958066 5.012414 7.475613 -0.958066 5.012414 7.475613 1.380630 -0.527365 -0.933372 -421.140727 -74.088146 -169.115845
-0.213674 4.693872 6.891971 -0.213674 4.693872 6.891971 1.087044 -0.515756 -1.000729 -557.480742 112.784474 -55.408050
0.335219 4.413959 6.291643 0.335219 4.413959 6.291643 0.737619 -0.401887 -0.983559 -607.267691 266.778292 112.639501
0.669786 4.226745 5.730147 0.669786 4.226745 5.730147 0.379777 -0.212329 -0.874153 -585.540566 365.079761 252.047301
0.792254 4.165062 5.251024 0.792254 4.165062 5.251024 0.028453 0.006718 -0.722925 -585.540566 365.079761 252.047301
