-8.768199 3.088789 -5.223607 -8.768199 3.088789 -5.223607 0.999516 -0.678510 0.599097 -197.287161 503.652723 -466.305261
-8.204001 2.772340 -4.948083 -8.204001 2.772340 -4.948083 0.881144 -0.376319 0.319314 -197.287161 503.652723 -466.305261
-7.708739 2.639211 -4.838508 -7.708739 2.639211 -4.838508 0.773208 -0.064107 0.049139 -162.498796 537.052127 -434.278648
-7.270421 2.697584 -4.881738 -7.270421 2.697584 -4.881738 0.693926 0.258963 -0.184142 -101.772511 539.850046 -343.324708
-6.868167 2.944685 -5.046056 -6.868167 2.944685 -5.046056 0.653949 0.555625 -0.350311 -31.485373 449.023385 -210.572351
-6.477572 3.349704 -5.283167 -6.477572 3.349704 -5.283167 0.654521 0.779136 -0.421758 33.390857 296.012635 -27.581771
-6.076007 3.860559 -5.529201 -6.076007 3.860559 -5.529201 0.688768 0.907197 -0.378380 80.768328 130.857330 172.172153
-5.646988 4.417251 -5.712189 -5.646988 4.417251 -5.712189 0.743326 0.929809 -0.209831 101.088843 -55.484324 389.659183
-5.184137 4.953727 -5.757087 -5.184137 4.953727 -5.757087 0.797276 0.839411 0.078272 78.745957 -245.843693 570.683834
-4.694156 5.405092 -5.601228 -4.694156 5.405092 -5.601228 0.831729 0.651753 0.451548 36.096577 -379.681335 673.569229
-4.193076 5.721676 -5.205136 -4.193076 5.721676 -5.205136 0.831116 0.393321 0.875296 -38.140448 -481.760495 738.924264
-3.706598 5.868105 -4.546588 -3.706598 5.868105 -4.546588 0.781599 0.090029 1.320469 -126.914716 -529.210760 744.985356
-3.264967 5.828764 -3.625842 -3.264967 5.828764 -3.625842 0.683033 -0.218000 1.739297 -201.638233 -497.553116 651.110493
-2.894641 5.614009 -2.475573 -2.894641 5.614009 -2.475573 0.546056 -0.488508 2.077417 -254.953489 -404.140920 475.954436
-2.614248 5.254263 -1.154473 -2.614248 5.254263 -1.154473 0.386339 -0.700470 2.307877 -277.435725 -302.399667 292.245784
-2.431163 4.788870 0.268134 -2.431163 4.788870 0.268134 0.225974 -0.835307 2.409609 -257.113665 -147.056478 46.859607
-2.337182 4.271497 1.707217 -2.337182 4.271497 1.707217 0.095095 -0.872132 2.362140 -179.149033 24.307700 -205.089493
-2.304581 3.759795 3.076059 -2.304581 3.759795 3.076059 0.026557 -0.821539 2.181458 -49.311333 144.335492 -397.181952
-2.288642 3.299368 4.303984 -2.288642 3.299368 4.303984 0.041374 -0.702362 1.895862 98.700724 252.920634 -554.804721
-2.236575 2.927727 5.334029 -2.236575 2.927727 5.334029 0.147976 -0.529354 1.524944 256.640383 323.772304 -681.589884
-2.091537 2.668716 6.125026 -2.091537 2.668716 6.125026 0.352244 -0.333481 1.109575 424.251749 329.136642 -702.971946
-1.794973 2.524807 6.667619 -1.794973 2.524807 6.667619 0.651057 -0.151322 0.704707 571.791053 278.061766 -646.590540
-1.296519 2.479242 6.980610 -1.296519 2.479242 6.980610 1.018622 -0.008601 0.349517 653.426436 197.673871 -537.375607
-0.566252 2.504106 7.102972 -0.566252 2.504106 7.102972 1.418061 0.082220 0.073987 678.036773 105.063263 -381.056256
0.404664 2.565269 7.090158 0.404664 2.565269 7.090158 1.815045 0.109855 -0.097728 645.241720 -12.945941 -191.327421
1.603332 2.622242 7.008765 1.603332 2.622242 7.008765 2.169683 0.069042 -0.154110 536.885771 -123.096914 3.386948
2.991530 2.637490 6.926453 2.991530 2.637490 6.926453 2.440559 -0.024918 -0.104353 366.033637 -190.103919 162.469533
4.508521 2.586146 6.901310 4.508521 2.586146 6.901310 2.594025 -0.149854 0.034248 145.519406 -226.349256 299.535827
6.077737 2.457110 6.981818 6.077737 2.457110 6.981818 2.614377 -0.277565 0.244185 -77.678835 -199.355260 400.251240
7.618777 2.257147 7.202116 7.618777 2.257147 7.202116 2.499749 -0.384877 0.493045 -304.412795 -158.350138 429.283771
9.051599 2.002704 7.572908 9.051599 2.002704 7.572908 2.255937 -0.454961 0.739081 -508.293501 -75.262746 390.837289
10.305464 1.723241 8.083246 10.305464 1.723241 8.083246 1.909936 -0.464812 0.956280 -645.044040 42.424305 333.158082
11.331345 1.458939 8.710879 11.331345 1.458939 8.710879 1.503045 -0.404613 1.125656 -711.261155 158.238709 231.427836
12.105175 1.250025 9.421904 12.105175 1.250025 9.421904 1.076443 -0.282816 1.234387 -710.744196 247.752804 131.007852
12.627449 1.128678 10.180053 12.627449 1.128678 10.180053 0.671705 -0.115429 1.282669 -638.380992 310.202900 29.933253
12.925943 1.115470 10.949312 12.925943 1.115470 10.949312 0.340575 0.071756 1.271976 -465.388006 313.749194 -65.577223
13.056898 1.213170 11.698158 13.056898 1.213170 11.698158 0.113242 0.250865 1.219954 -292.386252 283.278424 -107.826746
13.072214 1.414679 12.410722 13.072214 1.414679 12.410722 -0.062189 0.420832 1.155258 -292.386252 283.278424 -107.826746
