5.825353 4.638454 7.017524 5.825353 4.638454 7.017524 -0.091598 0.818998 1.196653 328.348224 136.867825 179.115047
5.829497 5.154490 7.767756 5.829497 5.154490 7.767756 0.105411 0.901119 1.304122 328.348224 136.867825 179.115047
5.948034 5.711439 8.572762 5.948034 5.711439 8.572762 0.283356 0.941449 1.363049 264.800096 -2.435920 17.309540
6.159718 6.265130 9.383764 6.159718 6.265130 9.383764 0.412272 0.886288 1.323719 164.918617 -181.432008 -148.412462
6.428802 6.754894 10.143200 6.428802 6.754894 10.143200 0.471401 0.730673 1.194267 32.180544 -337.285683 -283.092687
6.713496 7.125750 10.803670 6.713496 7.125750 10.803670 0.471012 0.494119 0.998744 -33.479428 -451.226328 -368.651667
6.986507 7.335496 11.335183 6.986507 7.335496 11.335183 0.433073 0.195863 0.770674 -92.980966 -542.963159 -391.579525
7.228550 7.354047 11.728569 7.228550 7.354047 11.728569 0.371965 -0.136082 0.543053 -110.712738 -563.518237 -367.157656
7.431918 7.174245 11.991751 7.431918 7.174245 11.991751 0.306121 -0.457793 0.339951 -108.770037 -508.852775 -309.849423
7.599982 6.815184 12.145316 7.599982 6.815184 12.145316 0.260713 -0.727063 0.180876 -42.589983 -388.712076 -220.402318
7.750660 6.316649 12.217991 7.750660 6.316649 12.217991 0.244739 -0.921936 0.067746 -10.654012 -260.865218 -156.695069
7.895586 5.716532 12.230434 7.895586 5.716532 12.230434 0.238347 -1.078455 -0.026271 -10.654012 -260.865218 -156.695069
