11.838542 -0.916248 -6.905641 11.838542 -0.916248 -6.905641 -0.085784 0.549915 -1.339926 -403.679097 193.624033 348.816363
11.714410 -0.551447 -7.646809 11.714410 -0.551447 -7.646809 -0.327992 0.666089 -1.130636 -403.679097 193.624033 348.816363
11.454335 -0.121195 -8.254898 11.454335 -0.121195 -8.254898 -0.523287 0.760995 -0.883818 -247.304166 122.730112 473.910617
11.106800 0.350982 -8.694420 11.106800 0.350982 -8.694420 -0.616909 0.802074 -0.572147 -64.770029 14.198654 564.992988
10.734346 0.828098 -8.935100 10.734346 0.828098 -8.935100 -0.609025 0.777172 -0.228604 91.050874 -97.204177 580.150867
10.391497 1.270034 -8.971019 10.391497 1.270034 -8.971019 -0.523508 0.684500 0.103566 194.005830 -211.704981 527.081728
10.116874 1.638010 -8.819764 10.116874 1.638010 -8.819764 -0.384303 0.534392 0.391018 270.010701 -288.654972 431.092366
9.936250 1.904265 -8.514536 9.936250 1.904265 -8.514536 -0.215517 0.349087 0.614777 292.608825 -329.027808 314.770328
9.857415 2.054426 -8.097383 9.857415 2.054426 -8.097383 -0.050928 0.151340 0.761777 256.019649 -330.127801 175.230465
9.870090 2.088585 -7.617015 9.870090 2.088585 -7.617015 0.088425 -0.032850 0.825719 208.492002 -283.838710 37.909948
9.956322 2.025100 -7.119747 9.956322 2.025100 -7.119747 0.191766 -0.166574 0.823525 135.975342 -161.907657 -45.223768
10.090466 1.903583 -6.638221 10.090466 1.903583 -6.638221 0.246396 -0.225862 0.774150 46.125083 -35.720124 -119.362240
10.242510 1.771189 -6.197063 10.242510 1.771189 -6.197063 0.253589 -0.199529 0.693295 -22.147097 123.496431 -150.151704
10.388079 1.682828 -5.807242 10.388079 1.682828 -5.807242 0.227310 -0.079795 0.607563 -65.450554 275.616741 -135.621569
10.511882 1.691186 -5.463918 10.511882 1.691186 -5.463918 0.184032 0.118695 0.542178 -78.806966 386.017202 -82.330199
10.609470 1.836841 -5.149360 10.609470 1.836841 -5.149360 0.143520 0.375076 0.513136 -56.235169 468.585487 -14.474926
10.689119 2.148576 -4.841350 10.689119 2.148576 -4.841350 0.128073 0.667949 0.518115 4.746340 507.658873 31.070730
10.770910 2.636835 -4.521537 10.770910 2.636835 -4.521537 0.151385 0.953101 0.553514 72.960351 442.846426 86.924940
10.879093 3.283048 -4.172080 10.879093 3.283048 -4.172080 0.216258 1.192010 0.614182 143.283749 353.519080 115.301486
11.034640 4.061888 -3.782817 11.034640 4.061888 -3.782817 0.302229 1.404122 0.683363 143.283749 353.519080 115.301486
