10.540011 -3.847385 9.679959 10.540011 -3.847385 9.679959 1.120385 -0.773218 -1.139423 -354.296571 78.257562 -146.322419
11.148468 -4.297230 8.969967 11.148468 -4.297230 8.969967 0.907807 -0.726263 -1.227216 -354.296571 78.257562 -146.322419
11.634651 -4.711323 8.218500 11.634651 -4.711323 8.218500 0.721590 -0.641416 -1.259005 -266.424692 204.567388 40.361126
12.027981 -5.049663 7.484882 12.027981 -5.049663 7.484882 0.603394 -0.470239 -1.162191 -127.561763 366.020102 282.353485
12.372144 -5.260177 6.850296 12.372144 -5.260177 6.850296 0.552299 -0.221899 -0.933252 -42.755420 461.782065 480.776178
12.700084 -5.307414 6.385646 12.700084 -5.307414 6.385646 0.547928 0.069079 -0.600982 28.184925 508.143358 626.789677
13.036129 -5.175681 6.142549 13.036129 -5.175681 6.142549 0.575911 0.368065 -0.201559 65.092649 488.477555 704.620777
13.393092 -4.870581 6.148584 13.393092 -4.870581 6.148584 0.613466 0.642824 0.221907 60.088896 427.383799 706.932134
13.768623 -4.415065 6.404509 13.768623 -4.415065 6.404509 0.632698 0.863718 0.623732 4.017001 308.931574 632.483037
14.147225 -3.851994 6.884168 14.147225 -3.851994 6.884168 0.626408 0.995241 0.961084 -24.983649 129.478544 492.025780
14.515150 -3.242638 7.537055 14.515150 -3.242638 7.537055 0.594306 1.017454 1.194658 -82.019883 -55.435176 286.551804
14.852236 -2.653589 8.290797 14.852236 -2.653589 8.290797 0.521425 0.926966 1.293432 -160.919725 -246.192881 42.696721
15.134705 -2.149359 9.063939 15.134705 -2.149359 9.063939 0.417772 0.741075 1.266036 -184.588460 -373.443857 -134.017154
15.352143 -1.771934 9.799438 15.352143 -1.771934 9.799438 0.307019 0.517008 1.185626 -184.588460 -373.443857 -134.017154
