9.483512 0.116684 -5.247279 9.483512 0.116684 -5.247279 2.076369 -0.670445 0.693139 -119.618648 497.537911 501.836609
10.707802 -0.196026 -4.741065 10.707802 -0.196026 -4.741065 2.004598 -0.371922 0.994241 -119.618648 497.537911 501.836609
11.878435 -0.327601 -4.051555 11.878435 -0.327601 -4.051555 1.879854 -0.063292 1.308515 -296.196725 531.228756 545.743103
12.939303 -0.271378 -3.169209 12.939303 -0.271378 -3.169209 1.633490 0.248329 1.630978 -525.015715 507.507054 529.135453
13.816756 -0.036934 -2.101713 13.816756 -0.036934 -2.101713 1.277788 0.523310 1.916784 -660.657423 409.097120 423.549640
14.460549 0.342550 -0.884265 14.460549 0.342550 -0.884265 0.861589 0.728070 2.126608 -726.671307 273.435017 275.862890
14.846457 0.816919 0.431055 14.846457 0.816919 0.431055 0.424362 0.833678 2.240627 -730.754864 78.592645 104.200906
14.973898 1.320144 1.781446 14.973898 1.320144 1.781446 0.007707 0.825193 2.239436 -658.094552 -106.877017 -108.169245
14.867900 1.785410 3.092303 14.867900 1.785410 3.092303 -0.347972 0.708005 2.107867 -527.500672 -283.747709 -330.396043
14.574664 2.149784 4.286114 14.574664 2.149784 4.286114 -0.611990 0.490983 1.852440 -352.558828 -439.659814 -521.026194
14.155698 2.359838 5.295411 14.155698 2.359838 5.295411 -0.765081 0.200205 1.497914 -157.744995 -529.599268 -660.728766
13.679267 2.383032 6.071265 13.679267 2.383032 6.071265 -0.804667 -0.125560 1.081660 25.789812 -556.285189 -726.784539
13.210482 2.208685 6.588881 13.210482 2.208685 6.588881 -0.742330 -0.453731 0.642795 182.002811 -537.616952 -736.097712
12.804845 1.845824 6.846713 12.804845 1.845824 6.846713 -0.598128 -0.745556 0.224399 298.670408 -435.133435 -658.555976
12.503994 1.328924 6.871499 12.503994 1.328924 6.871499 -0.397598 -0.962850 -0.127297 369.762276 -289.178728 -513.761971
12.332906 0.708982 6.715024 12.332906 0.708982 6.715024 -0.171175 -1.087260 -0.373658 384.979014 -125.523307 -307.441960
12.297189 0.045500 6.448536 12.297189 0.045500 6.448536 0.048271 -1.105230 -0.492889 346.509265 65.622475 -89.994227
12.383224 -0.595838 6.150955 12.383224 -0.595838 6.150955 0.229680 -1.015918 -0.475133 258.185626 232.086091 149.180662
12.561596 -1.156345 5.905547 12.561596 -1.156345 5.905547 0.355048 -0.840324 -0.321528 159.710535 353.227357 362.835997
12.798281 -1.592587 5.787425 12.798281 -1.592587 5.787425 0.425416 -0.606531 -0.056403 74.849490 426.082561 520.913895
13.061665 -1.877614 5.854396 13.061665 -1.877614 5.854396 0.443631 -0.339897 0.291385 -14.133433 462.696920 638.378393
13.321267 -1.999838 6.146040 13.321267 -1.999838 6.146040 0.414988 -0.070137 0.683936 -81.345488 436.501903 670.123833
13.553963 -1.969473 6.674056 13.553963 -1.969473 6.674056 0.357909 0.161153 1.071171 -108.915566 334.465339 620.659304
13.750079 -1.820544 7.422243 13.750079 -1.820544 7.422243 0.297433 0.321999 1.412396 -92.670174 201.688403 516.757459
13.913568 -1.597320 8.353925 13.913568 -1.597320 8.353925 0.250382 0.411614 1.678596 -64.166746 97.028651 370.576363
14.056096 -1.341020 9.417119 14.056096 -1.341020 9.417119 0.231126 0.429166 1.847601 -0.022725 -38.520541 192.775935
14.199341 -1.098528 10.548271 14.199341 -1.098528 10.548271 0.253979 0.365680 1.902729 76.200254 -173.099419 -9.017962
14.367781 -0.913533 11.678660 14.367781 -0.913533 11.678660 0.311385 0.245546 1.849192 115.152802 -227.347978 -169.439487
14.575340 -0.807128 12.757676 14.575340 -0.807128 12.757676 0.380476 0.109137 1.747528 115.152802 -227.347978 -169.439487
