-1.629889 -2.973023 -7.329884 -1.629889 -2.973023 -7.329884 1.852384 -0.672888 0.277627 -528.135611 -120.954826 735.023030
-0.613523 -3.398528 -7.031004 -0.613523 -3.398528 -7.031004 1.535503 -0.745461 0.718640 -528.135611 -120.954826 735.023030
0.210116 -3.860794 -6.466545 0.210116 -3.860794 -6.466545 1.205631 -0.784125 1.164505 -571.436391 -7.928327 751.192895
0.829862 -4.323103 -5.636305 0.829862 -4.323103 -5.636305 0.858900 -0.740912 1.596830 -584.334230 151.972876 689.889878
1.243117 -4.730927 -4.562332 1.243117 -4.730927 -4.562332 0.523777 -0.602891 1.969240 -532.742224 308.097952 551.477813
1.470533 -5.030320 -3.293305 1.470533 -5.030320 -3.293305 0.249350 -0.383611 2.241210 -382.012433 422.833584 355.088412
1.561454 -5.180028 -1.897740 1.561454 -5.180028 -1.897740 0.070505 -0.108165 2.388876 -214.139033 495.321115 137.131204
1.577950 -5.153646 -0.455129 1.577950 -5.153646 -0.455129 0.005715 0.199642 2.394167 -1.828966 530.700634 -119.494460
1.594920 -4.940750 0.946729 1.594920 -4.940750 0.946729 0.073970 0.505988 2.256802 229.345424 490.454505 -338.387731
1.693218 -4.556120 2.229875 1.693218 -4.556120 2.229875 0.274745 0.764034 2.003639 439.905487 369.698855 -505.491242
1.947661 -4.039542 3.333473 1.947661 -4.039542 3.333473 0.590755 0.943914 1.662362 613.462865 229.900141 -632.098433
2.418427 -3.442904 4.213973 2.418427 -3.442904 4.213973 0.988280 1.026394 1.267408 711.618710 45.034910 -684.413101
3.141371 -2.829955 4.852698 3.141371 -2.829955 4.852698 1.424673 0.998443 0.864130 743.025914 -138.206958 -659.849255
4.127641 -2.265583 5.257964 4.127641 -2.265583 5.257964 1.859097 0.866441 0.496027 705.051854 -301.800272 -567.159886
5.363175 -1.809096 5.462389 5.363175 -1.809096 5.462389 2.247960 0.640094 0.200215 591.158317 -452.687362 -418.878476
6.807353 -1.511347 5.517358 6.807353 -1.511347 5.517358 2.547626 0.344361 0.000082 407.730997 -533.091076 -248.233783
8.396559 -1.402021 5.484124 8.396559 -1.402021 5.484124 2.728457 0.017836 -0.091866 195.036773 -555.323639 -58.257845
10.054304 -1.487843 5.427968 10.054304 -1.487843 5.427968 2.773299 -0.298186 -0.079570 -45.561497 -498.083285 99.242522
11.697360 -1.749560 5.406681 11.697360 -1.749560 5.406681 2.682351 -0.562790 0.022930 -257.599079 -383.929950 242.423547
13.249395 -2.147816 5.471226 13.249395 -2.147816 5.471226 2.472752 -0.750519 0.204140 -441.065510 -241.834550 361.610109
14.645288 -2.630524 5.659992 14.645288 -2.630524 5.659992 2.166282 -0.839954 0.427069 -580.499463 -56.282564 381.486650
15.836950 -3.133495 5.984175 15.836950 -3.133495 5.984175 1.799894 -0.818059 0.652330 -640.792954 129.265616 369.385895
16.801831 -3.590133 6.439085 16.801831 -3.590133 6.439085 1.416855 -0.685850 0.859075 -636.004643 311.430820 319.763015
17.541100 -3.938671 7.007003 17.541100 -3.938671 7.007003 1.053438 -0.464418 1.025510 -575.386427 426.677604 235.021578
18.077510 -4.135546 7.658593 18.077510 -4.135546 7.658593 0.747791 -0.183543 1.136426 -443.437035 509.570844 134.695448
18.454996 -4.153537 8.358943 18.454996 -4.153537 8.358943 0.524876 0.124261 1.188490 -299.613778 516.442924 38.851405
18.725317 -3.989214 9.074336 18.725317 -3.989214 9.074336 0.391738 0.418160 1.188327 -144.176613 463.219672 -39.392535
18.943779 -3.660416 9.776944 18.943779 -3.660416 9.776944 0.352087 0.668705 1.148206 12.005435 371.931512 -94.343792
19.164653 -3.200191 10.448936 19.164653 -3.200191 10.448936 0.396595 0.852136 1.091848 136.352986 239.503807 -93.516373
19.432448 -2.654928 11.088513 19.432448 -2.654928 11.088513 0.504878 0.950191 1.042241 224.590634 87.349184 -71.840208
19.778425 -2.077831 11.702613 19.778425 -2.077831 11.702613 0.652752 0.958901 1.007569 268.323862 -58.318774 -43.733746
20.216672 -1.520719 12.303562 20.216672 -1.520719 12.303562 0.805233 0.885255 1.002727 239.944597 -187.167370 27.594626
20.740856 -1.028098 12.913846 20.740856 -1.028098 12.913846 0.938475 0.748741 1.037687 204.195988 -267.877395 88.938655
21.336952 -0.628640 13.555210 21.336952 -0.628640 13.555210 1.042270 0.580175 1.104765 141.789572 -294.011759 134.653491
21.987836 -0.333457 14.242307 21.987836 -0.333457 14.242307 1.127344 0.403767 1.185557 141.789572 -294.011759 134.653491
