-10.258324 -1.324623 -6.281316 -10.258324 -1.324623 -6.281316 2.312951 -0.174495 2.326420 -9.608612 460.901533 -57.206107
-8.872283 -1.346358 -4.895762 -8.872283 -1.346358 -4.895762 2.307186 0.102045 2.292096 -9.608612 460.901533 -57.206107
-7.500695 -1.207755 -3.541385 -7.500695 -1.207755 -3.541385 2.246448 0.350651 2.204850 -192.850736 367.784175 -233.612576
-6.200475 -0.940845 -2.274785 -6.200475 -0.940845 -2.274785 2.066060 0.522914 1.993385 -408.443026 206.426633 -471.270397
-5.043758 -0.598778 -1.172745 -5.043758 -0.598778 -1.172745 1.773997 0.602578 1.664811 -565.101040 59.117381 -623.977268
-4.086356 -0.236910 -0.290433 -4.086356 -0.236910 -0.290433 1.408548 0.586451 1.269128 -653.063385 -112.873300 -694.967828
-3.358838 0.087601 0.345975 -3.358838 0.087601 0.345975 1.016413 0.483514 0.852275 -654.052068 -230.248531 -694.540891
-2.861425 0.329634 0.737996 -2.861425 0.329634 0.737996 0.650453 0.312209 0.463920 -565.813343 -340.769888 -599.975203
-2.567011 0.453460 0.914739 -2.567011 0.453460 0.914739 0.340910 0.096942 0.135867 -465.996225 -376.784327 -493.535059
-2.446344 0.443804 0.907423 -2.446344 0.443804 0.907423 0.061313 -0.129128 -0.160254 -465.996225 -376.784327 -493.535059
