3.235824 -4.315766 -5.254419 3.235824 -4.315766 -5.254419 1.528671 1.201219 0.977211 -101.434225 -279.656636 33.031885
4.134768 -3.645373 -4.662147 4.134768 -3.645373 -4.662147 1.467810 1.033425 0.997030 -101.434225 -279.656636 33.031885
4.986117 -3.083247 -4.068190 4.986117 -3.083247 -4.068190 1.351557 0.827675 0.965815 -286.077255 -406.178755 -137.084348
5.732240 -2.667291 -3.525259 5.732240 -2.667291 -3.525259 1.113324 0.546284 0.824148 -508.031993 -531.790020 -335.136690
6.299590 -2.436746 -3.100682 6.299590 -2.436746 -3.100682 0.762512 0.219696 0.575131 -661.340675 -556.836210 -494.921740
6.633427 -2.402193 -2.852108 6.633427 -2.402193 -2.852108 0.342560 -0.099577 0.241084 -738.501574 -507.406516 -618.566277
6.706133 -2.547479 -2.822468 6.706133 -2.547479 -2.822468 -0.100038 -0.375057 -0.148400 -736.824044 -410.861024 -679.715861
6.517622 -2.837758 -3.031741 6.517622 -2.837758 -3.031741 -0.521428 -0.578022 -0.545652 -667.809727 -265.689440 -644.455893
6.093357 -3.221954 -3.468831 6.093357 -3.221954 -3.468831 -0.878129 -0.685231 -0.900810 -521.193068 -91.673341 -539.403410
5.484047 -3.638020 -4.097441 5.484047 -3.638020 -4.097441 -1.133931 -0.682367 -1.179608 -331.480738 101.220594 -389.925983
4.755962 -4.019203 -4.863100 4.755962 -4.019203 -4.863100 -1.273122 -0.571546 -1.352100 -132.486848 268.181801 -185.046924
3.981683 -4.305967 -5.692924 3.981683 -4.305967 -5.692924 -1.285406 -0.371181 -1.389407 91.539857 399.700995 60.689670
3.239114 -4.451929 -6.501792 3.239114 -4.451929 -6.501792 -1.169496 -0.107361 -1.283731 294.826183 479.697751 291.563873
2.598924 -4.428090 -7.207293 2.598924 -4.428090 -7.207293 -0.950404 0.190011 -1.047512 435.479716 511.543646 495.834035
2.112435 -4.224648 -7.736572 2.112435 -4.224648 -7.736572 -0.662283 0.483724 -0.700119 524.923793 467.498680 662.143792
1.811406 -3.856303 -8.031895 1.811406 -3.856303 -8.031895 -0.338056 0.734029 -0.275024 555.832787 366.853227 754.839739
1.707229 -3.356726 -8.060410 1.707229 -3.356726 -8.060410 -0.011521 0.919770 0.181020 532.616824 252.281074 765.304838
1.790834 -2.768622 -7.817428 1.790834 -2.768622 -7.817428 0.281283 1.025298 0.623282 443.396959 99.480457 708.901013
2.032150 -2.144450 -7.323449 2.032150 -2.144450 -7.323449 0.510996 1.040417 1.010659 322.311716 -49.085035 582.357493
2.389183 -1.536185 -6.622393 2.389183 -1.536185 -6.622393 0.666479 0.975217 1.309255 195.966563 -168.247189 412.960990
2.816630 -0.986446 -5.774565 2.816630 -0.986446 -5.774565 0.745485 0.848736 1.496745 67.386178 -253.356509 212.005593
3.268944 -0.525233 -4.850955 3.268944 -0.525233 -4.850955 0.750386 0.684604 1.560958 -51.049205 -293.749622 2.039172
3.705183 -0.166441 -3.925674 3.705183 -0.166441 -3.925674 0.695738 0.512878 1.503874 -131.110236 -278.671810 -192.318829
4.097249 0.094252 -3.065838 4.097249 0.094252 -3.065838 0.608185 0.361310 1.349131 -160.733291 -226.553731 -323.492286
4.434025 0.275449 -2.320101 4.434025 0.275449 -2.320101 0.515731 0.251328 1.127472 -147.447727 -140.051101 -415.371925
4.718909 0.408304 -1.721051 4.718909 0.408304 -1.721051 0.437195 0.203637 0.864916 -114.339505 -18.919096 -459.812268
4.963507 0.532812 -1.283393 4.963507 0.532812 -1.283393 0.382902 0.220941 0.596401 -66.635201 76.597188 -435.237617
5.185191 0.684172 -0.998742 5.185191 0.684172 -0.998742 0.362604 0.291937 0.361021 -1.023959 160.058331 -349.363482
5.406854 0.892115 -0.838683 5.406854 0.892115 -0.838683 0.383413 0.407822 0.183065 70.385172 226.222480 -243.824719
5.651701 1.177831 -0.766196 5.651701 1.177831 -0.766196 0.436291 0.545069 0.069451 105.876070 231.270083 -134.886547
5.932262 1.544099 -0.741178 5.932262 1.544099 -0.741178 0.498461 0.671820 0.026653 101.356461 191.232792 -7.774990
6.247967 1.977340 -0.720347 6.247967 1.977340 -0.720347 0.551197 0.765194 0.053183 74.428795 120.012400 96.207786
6.588111 2.451984 -0.667624 6.588111 2.451984 -0.667624 0.576000 0.806829 0.128387 8.248348 18.771958 154.473783
6.929810 2.932755 -0.561076 6.929810 2.932755 -0.561076 0.554022 0.784568 0.229627 -81.507220 -92.976541 182.991211
7.242187 3.380171 -0.390471 7.242187 3.380171 -0.390471 0.478293 0.695835 0.338873 -170.924334 -202.800782 181.162049
7.493299 3.755802 -0.157537 7.493299 3.755802 -0.157537 0.350252 0.547329 0.432577 -255.876927 -292.219467 131.185320
7.653849 4.029063 0.121949 7.653849 4.029063 0.121949 0.179008 0.359311 0.492923 -314.938144 -334.506173 69.967569
7.703895 4.184776 0.426988 7.703895 4.184776 0.426988 -0.013302 0.160298 0.518356 -326.094035 -328.870434 14.809643
7.637894 4.224382 0.738104 7.637894 4.224382 0.738104 -0.205575 -0.023905 0.514426 -314.816347 -285.139186 -27.907730
7.457882 4.158714 1.041736 7.457882 4.158714 1.041736 -0.394465 -0.194989 0.497682 -314.816347 -285.139186 -27.907730
