8.814773 -0.457364 -7.424353 8.814773 -0.457364 -7.424353 1.254197 1.422294 0.702756 12.600968 -301.781529 48.045499
9.569560 0.341691 -6.994052 9.569560 0.341691 -6.994052 1.261758 1.241225 0.731583 12.600968 -301.781529 48.045499
10.329187 1.024928 -6.549295 10.329187 1.024928 -6.549295 1.270843 1.024268 0.746206 17.682823 -421.409284 0.699441
11.094170 1.557587 -6.102931 11.094170 1.557587 -6.102931 1.277923 0.741184 0.739193 5.918281 -522.201526 -24.076601
11.859040 1.905872 -5.662951 11.859040 1.905872 -5.662951 1.266726 0.415713 0.728738 -43.242081 -562.701920 -10.773443
12.606635 2.056235 -5.224326 12.606635 2.056235 -5.224326 1.217495 0.089204 0.738881 -120.860470 -525.663446 44.582785
13.310732 2.020276 -4.768893 13.310732 2.020276 -4.768893 1.121754 -0.200507 0.786027 -198.275874 -440.037579 112.569355
13.942258 1.830345 -4.272918 13.942258 1.830345 -4.272918 0.973602 -0.416630 0.874055 -295.564435 -280.372931 180.857321
14.468876 1.540574 -3.710161 14.468876 1.540574 -3.710161 0.774556 -0.531486 1.011418 -367.922057 -102.480646 277.019485
14.865123 1.214873 -3.049977 14.865123 1.214873 -3.049977 0.542499 -0.534785 1.194976 -405.602319 91.482456 334.841574
15.116815 0.921399 -2.272834 15.116815 0.921399 -2.272834 0.295144 -0.425247 1.395313 -418.912712 273.645974 332.948071
15.222718 0.723547 -1.377123 15.222718 0.723547 -1.377123 0.064901 -0.220862 1.588041 -348.563871 407.635765 309.479361
15.205544 0.670749 -0.372112 15.205544 0.670749 -0.372112 -0.111105 0.055446 1.756131 -238.124832 513.390459 250.820894
15.104493 0.798079 0.718429 15.104493 0.798079 0.718429 -0.211608 0.371742 1.865198 -96.884691 540.931253 112.736034
14.970440 1.116071 1.849035 14.970440 1.116071 1.849035 -0.217986 0.684197 1.888808 75.624370 500.585247 -34.036437
14.864211 1.611713 2.966184 14.864211 1.611713 2.966184 -0.117859 0.959640 1.818339 258.134008 417.559274 -200.859368
14.849778 2.253752 4.010837 14.849778 2.253752 4.010837 0.086113 1.165645 1.646848 421.769679 269.122312 -370.780150
14.984608 2.991636 4.923859 14.984608 2.991636 4.923859 0.375396 1.277394 1.382645 542.509239 103.373818 -509.895596
15.311381 3.767013 5.655721 15.311381 3.767013 5.655721 0.720316 1.291086 1.046991 607.224087 -57.731576 -608.952126
15.853488 4.522286 6.171918 15.853488 4.522286 6.171918 1.087734 1.211509 0.669690 617.503405 -207.528000 -648.716227
16.612942 5.204351 6.459772 16.612942 5.204351 6.459772 1.436554 1.049566 0.294506 545.228562 -332.281118 -601.897717
17.564063 5.770500 6.534428 17.564063 5.770500 6.534428 1.718925 0.831297 -0.035162 396.006947 -395.283265 -496.993652
18.655049 6.196933 6.433394 18.655049 6.196933 6.433394 1.898280 0.588160 -0.285749 201.845486 -415.170300 -338.297385
19.817618 6.478236 6.213308 19.817618 6.478236 6.213308 1.955731 0.354746 -0.427444 -10.343129 -362.879506 -134.019974
20.974707 6.631012 5.947178 20.974707 6.631012 5.947178 1.877087 0.163252 -0.435558 -251.804643 -275.430755 106.973298
22.042124 6.685642 5.718238 22.042124 6.685642 5.718238 1.658451 0.029272 -0.305674 -476.981976 -171.171831 325.975096
22.941675 6.679730 5.605058 22.941675 6.679730 5.605058 1.323949 -0.036750 -0.052345 -638.024214 -48.902110 518.454708
23.614605 6.656230 5.674961 23.614605 6.656230 5.674961 0.908157 -0.029328 0.298665 -747.950443 73.642996 651.576966
24.021912 6.657718 5.976245 24.021912 6.657718 5.976245 0.444608 0.044004 0.713620 -797.212847 170.796080 731.605885
24.149603 6.717116 6.534977 24.149603 6.717116 6.534977 -0.011594 0.157744 1.146936 -723.460277 208.340008 712.781669
24.017749 6.849312 7.347275 24.017749 6.849312 7.347275 -0.419043 0.282989 1.553784 -634.703381 209.142813 643.377873
23.652076 7.056751 8.395353 23.652076 7.056751 8.395353 -0.799865 0.408475 1.939811 -634.703381 209.142813 643.377873
