-5.719351 0.429280 -0.006651 -5.719351 0.429280 -0.006651 1.718232 -0.898726 -0.265621 348.478763 481.776345 -331.025744
-4.625686 -0.023236 -0.225609 -4.625686 -0.023236 -0.225609 1.927320 -0.609661 -0.464237 348.478763 481.776345 -331.025744
-3.409186 -0.298825 -0.564734 -3.409186 -0.298825 -0.564734 2.123315 -0.303157 -0.667845 304.840611 539.902046 -347.668534
-2.086977 -0.382128 -1.027822 -2.086977 -0.382128 -1.027822 2.272964 0.027830 -0.875452 193.988112 563.388316 -344.353312
-0.698030 -0.268671 -1.610495 -0.698030 -0.268671 -1.610495 2.340607 0.342610 -1.059155 31.489071 485.877170 -267.992155
0.702218 0.017808 -2.288144 0.702218 0.017808 -2.288144 2.310581 0.601413 -1.189540 -131.577270 376.799849 -166.623351
2.054777 0.436133 -3.022654 2.054777 0.436133 -3.022654 2.181107 0.775757 -1.243484 -300.000381 204.348330 -13.189017
3.299320 0.926727 -3.759538 3.299320 0.926727 -3.759538 1.950499 0.840151 -1.193495 -468.693591 10.297136 179.816531
4.377417 1.421922 -4.433427 4.377417 1.421922 -4.433427 1.630099 0.792582 -1.036399 -599.308241 -168.860807 343.835976
5.244692 1.856746 -4.983045 5.244692 1.856746 -4.983045 1.255968 0.639616 -0.778438 -647.794457 -341.024847 516.035898
5.882814 2.172160 -5.349852 5.882814 2.172160 -5.349852 0.873013 0.400146 -0.431971 -628.722967 -457.210250 638.854103
6.296926 2.325603 -5.491304 6.296926 2.325603 -5.491304 0.513154 0.104089 -0.034976 -570.806020 -529.645980 684.463286
6.511095 2.293308 -5.388840 6.511095 2.293308 -5.388840 0.215777 -0.210762 0.376934 -420.449379 -519.856049 688.568504
6.577321 2.076810 -5.044151 6.577321 2.076810 -5.044151 0.025712 -0.505008 0.763006 -213.103105 -460.964474 598.337786
6.567310 1.697036 -4.487177 6.567310 1.697036 -4.487177 -0.037547 -0.750562 1.079355 2.241342 -357.550099 456.161161
6.559384 1.191752 -3.769284 6.559384 1.191752 -3.769284 0.034788 -0.918033 1.293910 238.876093 -200.685193 259.019421
6.635199 0.615577 -2.960575 6.635199 0.615577 -2.960575 0.237838 -0.984599 1.378019 437.956090 -21.202207 21.344391
6.866947 0.029782 -2.143143 6.866947 0.029782 -2.143143 0.551678 -0.953417 1.324717 608.176287 125.144110 -199.016895
7.313684 -0.512291 -1.396626 7.313684 -0.512291 -1.396626 0.947879 -0.841077 1.142858 712.494076 249.322840 -407.179321
8.011889 -0.966063 -0.794916 8.011889 -0.966063 -0.794916 1.381519 -0.661505 0.844990 732.972500 349.250483 -585.715599
8.969556 -1.297142 -0.399274 8.969556 -1.297142 -0.399274 1.805407 -0.437159 0.463941 679.989394 398.568550 -684.447024
10.168292 -1.488673 -0.245530 10.168292 -1.488673 -0.245530 2.178868 -0.202908 0.046174 564.880691 382.266807 -708.109703
11.565562 -1.546716 -0.342152 11.565562 -1.546716 -0.342152 2.459149 0.000923 -0.363025 369.387591 297.172421 -655.885364
13.095659 -1.498589 -0.670196 13.095659 -1.498589 -0.670196 2.621372 0.149632 -0.717406 171.357322 198.522598 -525.385115
14.685812 -1.379130 -1.184853 14.685812 -1.379130 -1.184853 2.656613 0.238477 -0.980854 -53.888586 97.626032 -352.775218
16.257243 -1.225492 -1.824577 16.257243 -1.225492 -1.824577 2.560096 0.261951 -1.131082 -267.833080 -19.378392 -147.985808
17.735477 -1.078493 -2.516736 17.735477 -1.078493 -2.516736 2.351325 0.216905 -1.154235 -428.072370 -130.773504 70.810943
19.062099 -0.975672 -3.183944 19.062099 -0.975672 -3.183944 2.058885 0.119526 -1.048811 -546.728074 -193.824370 280.601672
20.195834 -0.940508 -3.752921 20.195834 -0.940508 -3.752921 1.714921 -0.005082 -0.831447 -599.815701 -221.536294 443.943651
21.117950 -0.981344 -4.165927 21.117950 -0.981344 -4.165927 1.360683 -0.127557 -0.535317 -580.980473 -186.714137 543.156997
21.834130 -1.087824 -4.386278 21.834130 -1.087824 -4.386278 1.033830 -0.221268 -0.194066 -508.528766 -125.654154 594.348245
22.369113 -1.238292 -4.396430 22.369113 -1.238292 -4.396430 0.759814 -0.272112 0.159066 -404.858751 -43.827311 582.756360
22.760714 -1.402571 -4.200327 22.760714 -1.402571 -4.200327 0.559835 -0.264020 0.487555 -261.737245 70.800525 512.207396
23.058951 -1.541716 -3.821933 23.058951 -1.541716 -3.821933 0.450035 -0.188926 0.763196 -104.261437 179.515658 406.597689
23.316634 -1.618409 -3.299802 23.316634 -1.618409 -3.299802 0.419627 -0.059469 0.962282 2.900203 252.004750 257.021608
23.574971 -1.606312 -2.685666 23.574971 -1.606312 -2.685666 0.451560 0.103824 1.069011 103.543384 292.306847 98.742276
23.868354 -1.491585 -2.031685 23.868354 -1.491585 -2.031685 0.532735 0.278295 1.102257 167.040465 289.264066 12.077575
24.218063 -1.272540 -1.368157 24.218063 -1.272540 -1.368157 0.632959 0.451854 1.109504 167.040465 289.264066 12.077575
