-6.927129 -0.396690 -6.391027 -6.927129 -0.396690 -6.391027 -0.052860 -0.273383 0.986176 -381.594947 212.063815 -22.095275
-7.027532 -0.522549 -5.803298 -7.027532 -0.522549 -5.803298 -0.281817 -0.146145 0.972919 -381.594947 212.063815 -22.095275
-7.254886 -0.574200 -5.219458 -7.254886 -0.574200 -5.219458 -0.458655 -0.029589 0.979992 -207.863058 176.455069 45.673081
-7.552825 -0.566609 -4.619152 -7.552825 -0.566609 -4.619152 -0.510025 0.044198 1.027844 36.627740 69.501247 113.833128
-7.837730 -0.533024 -3.979374 -7.837730 -0.533024 -3.979374 -0.415464 0.058681 1.109051 278.578055 -21.225271 156.854613
-8.024443 -0.508540 -3.282494 -8.024443 -0.508540 -3.282494 -0.186211 0.011428 1.219241 485.598173 -136.281669 210.447015
-8.039934 -0.531516 -2.511498 -8.039934 -0.531516 -2.511498 0.149284 -0.096853 1.353363 632.717388 -224.656476 236.627101
-7.831001 -0.633327 -1.658040 -7.831001 -0.633327 -1.658040 0.556286 -0.247956 1.489577 723.955057 -279.019544 217.420205
-7.365753 -0.832360 -0.729301 -7.365753 -0.832360 -0.729301 0.996480 -0.415547 1.599314 743.360225 -279.616874 148.368862
-6.637756 -1.130747 0.250337 -6.637756 -1.130747 0.250337 1.424018 -0.576957 1.655052 681.766622 -258.417088 37.424844
-5.667560 -1.518299 1.243408 -5.667560 -1.518299 1.243408 1.798412 -0.706318 1.644022 566.211501 -172.787778 -74.193275
-4.497727 -1.964041 2.206304 -4.497727 -1.964041 2.206304 2.082481 -0.764241 1.548694 380.687262 -20.287352 -243.565809
-3.189608 -2.419406 3.083923 -3.189608 -2.419406 3.083923 2.261427 -0.742253 1.363779 215.798951 93.580557 -372.818144
-1.793907 -2.847913 3.835083 -1.793907 -2.847913 3.835083 2.390907 -0.686105 1.140088 215.798951 93.580557 -372.818144
