0.825434 -3.246462 -6.538188 0.825434 -3.246462 -6.538188 1.462564 -0.031120 -0.195803 377.031508 -88.439538 43.338142
1.770838 -3.281053 -6.647869 1.770838 -3.281053 -6.647869 1.688783 -0.084184 -0.169800 377.031508 -88.439538 43.338142
2.845103 -3.340509 -6.745696 2.845103 -3.340509 -6.745696 1.880646 -0.102381 -0.162537 262.511267 27.783741 -19.128050
4.011361 -3.389036 -6.851108 4.011361 -3.389036 -6.851108 1.991249 -0.046209 -0.196248 106.166325 159.456005 -93.241760
5.217171 -3.384335 -6.987353 5.217171 -3.384335 -6.987353 2.014700 0.068086 -0.260757 -27.994701 221.525957 -121.787069
6.415304 -3.301737 -7.166263 6.415304 -3.301737 -7.166263 1.969662 0.210361 -0.336496 -122.133553 252.725288 -130.677615
7.570636 -3.129328 -7.389924 7.570636 -3.129328 -7.389924 1.873975 0.365506 -0.406110 -196.823970 264.423274 -101.368021
8.657324 -2.866179 -7.647313 8.657324 -2.866179 -7.647313 1.744541 0.505405 -0.444315 -234.622239 201.908897 -25.981132
9.663104 -2.532691 -7.912913 9.663104 -2.532691 -7.912913 1.610206 0.596059 -0.431574 -213.160237 100.270285 68.449232
10.593624 -2.162247 -8.151605 10.593624 -2.162247 -8.151605 1.496131 0.630023 -0.350846 -167.089583 12.942500 200.644554
11.464062 -1.787878 -8.317876 11.464062 -1.787878 -8.317876 1.410058 0.607915 -0.189857 -119.821826 -86.634652 335.986320
12.292758 -1.444539 -8.364556 12.292758 -1.444539 -8.364556 1.359310 0.526855 0.045516 -49.339051 -183.565264 448.591575
13.102787 -1.164728 -8.251196 13.102787 -1.164728 -8.251196 1.346326 0.400413 0.341190 6.060596 -237.908564 536.988097
13.912843 -0.967545 -7.947632 13.912843 -0.967545 -7.947632 1.355811 0.256461 0.674341 25.555310 -241.930703 573.512459
14.730779 -0.854966 -7.441740 14.730779 -0.854966 -7.441740 1.370394 0.122549 1.008728 23.054557 -204.444382 541.111428
15.554600 -0.813676 -6.744162 15.554600 -0.813676 -6.744162 1.371400 0.022689 1.308100 -19.699067 -128.422571 456.797813
16.369013 -0.816490 -5.885569 16.369013 -0.816490 -5.885569 1.335176 -0.020922 1.539723 -101.049777 -16.946081 315.278156
17.147041 -0.823761 -4.916117 17.147041 -0.823761 -4.916117 1.250103 0.010574 1.673231 -182.527359 121.930697 129.746115
17.858829 -0.787861 -3.901670 17.858829 -0.787861 -3.901670 1.113492 0.121772 1.686851 -272.842088 248.731991 -84.344075
18.472581 -0.663940 -2.916661 18.472581 -0.663940 -2.916661 0.923633 0.301442 1.576646 -360.020454 350.166055 -283.004737
18.958843 -0.416587 -2.033396 18.958843 -0.416587 -2.033396 0.692046 0.528829 1.347934 -411.937316 407.792372 -479.370907
19.300186 -0.025006 -1.319156 19.300186 -0.025006 -1.319156 0.446205 0.777909 1.019144 -407.531534 422.472182 -616.594279
19.496884 0.515875 -0.822594 19.496884 0.515875 -0.822594 0.213340 1.021846 0.629497 -368.683898 390.653547 -682.230148
19.563711 1.193508 -0.568054 19.563711 1.193508 -0.568054 0.018063 1.227277 0.218377 -282.241738 294.116074 -688.170296
19.532468 1.973691 -0.555938 19.532468 1.973691 -0.555938 -0.107668 1.358126 -0.169721 -136.861486 142.045404 -605.488018
19.453884 2.803851 -0.758331 19.453884 2.803851 -0.758331 -0.136527 1.391937 -0.490881 40.666824 -29.340769 -465.046778
19.389841 3.623360 -1.124080 19.389841 3.623360 -1.124080 -0.059359 1.322472 -0.707467 216.558539 -202.208372 -256.905053
19.403278 4.371358 -1.581182 19.403278 4.371358 -1.581182 0.120936 1.155708 -0.793507 384.423972 -353.673685 -29.894818
19.553291 4.993082 -2.048412 19.553291 4.993082 -2.048412 0.392867 0.903305 -0.740168 522.013765 -487.667129 207.691366
19.888041 5.443211 -2.442459 19.888041 5.443211 -2.442459 0.731410 0.590337 -0.552207 606.461983 -555.562179 418.843821
20.437164 5.697132 -2.688730 20.437164 5.697132 -2.688730 1.100856 0.255600 -0.252593 625.026678 -560.225732 579.871548
21.206548 5.753443 -2.729040 21.206548 5.753443 -2.729040 1.457700 -0.061580 0.129675 564.453774 -497.041370 694.353328
22.175125 5.634548 -2.524549 22.175125 5.634548 -2.524549 1.758148 -0.322200 0.554796 437.038873 -371.693486 722.716836
23.297957 5.383897 -2.064077 23.297957 5.383897 -2.064077 1.966751 -0.497348 0.975956 258.303855 -212.132022 681.149382
24.511483 5.058345 -1.362023 24.511483 5.058345 -1.362023 2.056636 -0.569426 1.354014 41.311258 -28.128884 579.043723
25.738568 4.723093 -0.455005 25.738568 4.723093 -0.455005 2.009761 -0.528969 1.653346 -197.561451 162.985089 418.730850
26.895513 4.445358 0.601788 26.895513 4.445358 0.601788 1.824475 -0.379629 1.851653 -420.058411 334.814584 242.293646
27.903554 4.285315 1.744748 27.903554 4.285315 1.744748 1.517273 -0.141401 1.938807 -603.946658 459.278961 48.219007
28.697481 4.287289 2.906372 28.697481 4.287289 2.906372 1.116275 0.154888 1.916040 -732.714314 528.353426 -124.109098
29.231814 4.475838 4.025480 29.231814 4.475838 4.025480 0.658927 0.474461 1.800690 -791.777169 536.887410 -260.390604
29.486417 4.852943 5.053400 29.486417 4.852943 5.053400 0.192695 0.775542 1.616339 -762.331499 466.715671 -354.113299
29.470609 5.395750 5.958287 29.470609 5.395750 5.958287 -0.235730 1.022934 1.397990 -665.751130 357.926397 -373.716578
29.218081 6.064857 6.730227 29.218081 6.064857 6.730227 -0.591453 1.192288 1.175832 -519.991797 206.587382 -366.809500
28.782002 6.806940 7.372428 28.782002 6.806940 7.372428 -0.841491 1.263865 0.969382 -313.469637 32.001093 -321.358948
28.235089 7.560356 7.902716 28.235089 7.560356 7.902716 -0.957543 1.229751 0.809088 -73.370096 -145.713394 -212.953252
27.657845 8.264547 8.355353 27.657845 8.264547 8.355353 -0.949125 1.105164 0.708892 101.432616 -269.578625 -121.034109
27.106628 8.879121 8.758902 27.106628 8.879121 8.758902 -0.888265 0.943416 0.636272 101.432616 -269.578625 -121.034109
