-9.642519 -5.865954 -8.560314 -9.642519 -5.865954 -8.560314 0.142179 -0.593570 1.555995 407.106598 452.228797 258.544223
-9.483933 -6.140695 -7.580180 -9.483933 -6.140695 -7.580180 0.386443 -0.322233 1.711121 407.106598 452.228797 258.544223
-9.185827 -6.249120 -6.514608 -9.185827 -6.249120 -6.514608 0.595513 -0.033331 1.828050 289.792637 510.776555 131.220272
-8.782555 -6.174434 -5.407043 -8.782555 -6.174434 -5.407043 0.738394 0.286861 1.842359 186.478256 556.529666 -83.523633
-8.311866 -5.905517 -4.328493 -8.311866 -5.905517 -4.328493 0.820714 0.603903 1.733087 87.922043 500.276759 -280.718105
-7.808501 -5.459104 -3.349350 -7.808501 -5.459104 -3.349350 0.849022 0.874177 1.513761 6.436830 400.636599 -450.366568
-7.300700 -4.872877 -2.530819 -7.300700 -4.872877 -2.530819 0.839029 1.062588 1.200238 -39.744053 227.401359 -594.710025
-6.805946 -4.205360 -1.922260 -6.805946 -4.205360 -1.922260 0.807634 1.144188 0.820730 -64.906207 44.598874 -670.317622
-6.331159 -3.521763 -1.550525 -6.331159 -3.521763 -1.550525 0.778141 1.116230 0.418310 -33.405141 -137.793450 -671.083997
-5.866712 -2.886836 -1.416250 -5.866712 -2.886836 -1.416250 0.775976 0.983515 0.036086 26.187150 -304.590498 -602.996677
-5.393760 -2.360784 -1.494841 -5.393760 -2.360784 -1.494841 0.804949 0.754603 -0.284228 70.389643 -458.447096 -464.716396
-4.894600 -1.994833 -1.736517 -4.894600 -1.994833 -1.736517 0.864789 0.458084 -0.500507 129.078257 -529.950540 -256.213472
-4.349707 -1.815954 -2.067978 -4.349707 -1.815954 -2.067978 0.956162 0.137209 -0.579430 175.498475 -539.633436 -6.862099
-3.743824 -1.827957 -2.405816 -3.743824 -1.827957 -2.405816 1.064444 -0.172539 -0.528267 185.441367 -492.859318 177.405036
-3.071778 -2.020195 -2.690843 -3.071778 -2.020195 -2.690843 1.175709 -0.468254 -0.421824 185.441367 -492.859318 177.405036
