8.838570 2.455477 8.275473 8.838570 2.455477 8.275473 1.097861 -0.178887 2.160791 -666.894957 -319.869288 -283.137437
9.377245 2.290568 9.520983 9.377245 2.290568 9.520983 0.697725 -0.370809 1.990909 -666.894957 -319.869288 -283.137437
9.674896 2.019697 10.653965 9.674896 2.019697 10.653965 0.292870 -0.516776 1.768032 -682.618683 -166.687409 -459.783777
9.730782 1.691470 11.620678 9.730782 1.691470 11.620678 -0.101526 -0.557577 1.435433 -632.034492 30.684207 -648.880137
9.562672 1.373389 12.359376 9.562672 1.373389 12.359376 -0.447887 -0.484458 1.017290 -522.505399 213.046508 -744.929626
9.209158 1.130926 12.834672 9.209158 1.130926 12.834672 -0.715043 -0.307311 0.565378 -368.014296 377.442008 -761.444771
8.724738 1.022090 13.040604 8.724738 1.022090 13.040604 -0.881608 -0.042793 0.127336 -187.201980 504.284416 -698.696363
8.173551 1.089925 12.998724 8.173551 1.089925 12.998724 -0.936558 0.273478 -0.254460 4.035314 549.951480 -573.954990
7.620731 1.351805 12.752197 7.620731 1.351805 12.752197 -0.892193 0.597458 -0.551533 143.850216 529.983386 -416.288158
7.117353 1.801980 12.358240 7.117353 1.801980 12.358240 -0.775661 0.896968 -0.741830 244.587447 468.382935 -218.036480
6.701647 2.416420 11.886321 6.701647 2.416420 11.886321 -0.600582 1.137746 -0.810526 339.011120 334.209124 -10.951075
6.402297 3.149096 11.408623 6.402297 3.149096 11.408623 -0.397289 1.287629 -0.764152 338.629852 165.402298 165.532429
6.222847 3.940172 10.988395 6.222847 3.940172 10.988395 -0.204263 1.330500 -0.622496 304.791623 -22.497401 306.653980
6.151485 4.725669 10.674777 6.151485 4.725669 10.674777 -0.039718 1.273230 -0.415092 243.691892 -168.404092 384.692616
6.171519 5.459294 10.494967 6.171519 5.459294 10.494967 0.106497 1.172188 -0.184276 243.691892 -168.404092 384.692616
