8.626006 -5.037951 -7.096652 8.626006 -5.037951 -7.096652 0.913423 0.445675 0.935849 18.014427 -5.137756 295.632708
9.177303 -4.771470 -6.481928 9.177303 -4.771470 -6.481928 0.924232 0.442593 1.113229 18.014427 -5.137756 295.632708
9.739098 -4.511799 -5.767584 9.739098 -4.511799 -5.767584 0.955112 0.414711 1.256574 84.918164 -87.800132 182.184694
10.332442 -4.283342 -4.988042 10.332442 -4.283342 -4.988042 1.031019 0.339205 1.329909 168.106811 -163.889179 62.267165
10.985143 -4.112698 -4.183515 10.985143 -4.112698 -4.183515 1.151035 0.223975 1.344133 231.945525 -220.208898 -14.853274
11.718538 -4.017135 -3.383567 11.718538 -4.017135 -3.383567 1.295320 0.095930 1.315932 249.006799 -206.608059 -79.150915
12.538459 -3.993467 -2.609420 12.538459 -3.993467 -2.609420 1.434263 -0.011540 1.262613 214.136576 -151.625797 -98.578418
13.433889 -4.022927 -1.868619 13.433889 -4.022927 -1.868619 1.544382 -0.078730 1.208355 152.923882 -72.341177 -82.282092
14.381039 -4.075815 -1.156087 14.381039 -4.075815 -1.156087 1.601109 -0.085281 1.170632 36.167057 50.505262 -43.460967
15.339694 -4.110975 -0.457989 15.339694 -4.110975 -0.457989 1.580210 -0.020388 1.162263 -105.831098 165.805438 15.562735
16.259022 -4.086531 0.246094 16.259022 -4.086531 0.246094 1.467968 0.113251 1.191221 -268.308181 279.658443 80.964218
17.081755 -3.962589 0.977108 17.081755 -3.962589 0.977108 1.258221 0.309313 1.248338 -430.848083 373.880354 109.425675
17.751656 -3.708097 1.746764 17.751656 -3.708097 1.746764 0.962318 0.541668 1.318779 -555.494662 400.637175 125.376391
18.223945 -3.310854 2.559791 18.223945 -3.310854 2.559791 0.603456 0.782685 1.389964 -640.713518 402.752333 111.909338
18.469182 -2.773404 3.410509 18.469182 -2.773404 3.410509 0.211490 1.001055 1.440088 -665.839279 325.147158 55.170494
18.478375 -2.121412 4.278455 18.478375 -2.121412 4.278455 -0.177263 1.160307 1.443005 -630.002776 205.693084 -45.449360
18.264731 -1.397223 5.129471 18.264731 -1.397223 5.129471 -0.524694 1.238622 1.382705 -528.102699 55.355912 -155.547866
17.865577 -0.653559 5.924694 17.865577 -0.653559 5.924694 -0.787953 1.224470 1.257364 -349.426593 -102.528558 -262.255426
17.342876 0.052710 6.624614 17.342876 0.052710 6.624614 -0.932770 1.113164 1.063548 -133.296886 -268.489933 -383.797841
16.772304 0.663900 7.189244 16.772304 0.663900 7.189244 -0.947332 0.910169 0.811192 84.758745 -408.159985 -457.390286
16.232723 1.130754 7.592403 16.232723 1.130754 7.592403 -0.828666 0.636377 0.530632 310.793270 -504.481791 -477.810355
15.803047 1.420467 7.826787 15.803047 1.420467 7.826787 -0.584288 0.327155 0.253996 503.801157 -526.259366 -444.308979
15.550792 1.523522 7.904206 15.550792 1.523522 7.904206 -0.243839 0.018843 0.012398 631.028437 -501.444771 -361.016150
15.522738 1.449820 7.854239 15.522738 1.449820 7.854239 0.158100 -0.255760 -0.166328 708.768999 -413.900608 -234.739965
15.744714 1.231551 7.723565 15.744714 1.231551 7.723565 0.581044 -0.455656 -0.250288 701.043878 -252.420241 -45.124363
16.213967 0.923646 7.576888 16.213967 0.923646 7.576888 0.973865 -0.552486 -0.219276 608.359145 -70.345092 148.497085
16.898762 0.590721 7.483671 16.898762 0.590721 7.483671 1.293736 -0.538549 -0.072082 457.877880 116.800986 342.149769
17.745112 0.299081 7.512808 17.745112 0.299081 7.512808 1.506913 -0.416143 0.187206 252.711801 291.220877 522.143741
18.681784 0.110819 7.725962 18.681784 0.110819 7.725962 1.593720 -0.196391 0.534715 36.645555 441.284777 636.218517
19.630720 0.078394 8.164701 19.630720 0.078394 8.164701 1.546248 0.098276 0.933397 -194.887290 540.939134 692.721644
20.511942 0.236411 8.848718 20.511942 0.236411 8.848718 1.372079 0.431250 1.345476 -385.675775 568.972941 680.875023
21.257338 0.595242 9.772278 21.257338 0.595242 9.772278 1.098523 0.760962 1.722584 -526.177778 530.066650 576.152762
21.815394 1.141580 10.900247 21.815394 1.141580 10.900247 0.751089 1.050749 2.021831 -631.934661 435.890735 421.334794
22.151747 1.842204 12.176868 22.151747 1.842204 12.176868 0.369167 1.270855 2.213043 -641.139040 297.795361 216.040516
22.261319 2.647584 13.529021 22.261319 2.647584 13.529021 0.001870 1.395853 2.269867 -583.186019 118.864756 -26.628364
22.163068 3.495409 14.872371 22.163068 3.495409 14.872371 -0.320042 1.411760 2.185004 -489.851273 -65.838942 -256.248210
21.890859 4.321537 16.124749 21.890859 4.321537 16.124749 -0.574007 1.326870 1.968760 -356.700569 -217.129835 -464.562952
21.492895 5.071154 17.211943 21.492895 5.071154 17.211943 -0.734792 1.159482 1.637816 -179.250387 -340.828020 -638.586912
21.028426 5.699947 18.074165 21.028426 5.699947 18.074165 -0.798986 0.927251 1.227054 -34.728174 -433.277974 -730.617641
20.542783 6.178307 18.678886 20.542783 6.178307 18.678886 -0.819823 0.667284 0.788684 -34.728174 -433.277974 -730.617641
