-0.106856 5.268437 7.156731 -0.106856 5.268437 7.156731 2.298125 0.904745 -0.199784 414.660280 -455.032257 21.633801
1.346658 5.729379 7.040754 1.346658 5.729379 7.040754 2.546921 0.631726 -0.186804 414.660280 -455.032257 21.633801
2.938132 6.026563 6.929994 2.938132 6.026563 6.929994 2.739131 0.358982 -0.186682 226.040805 -454.112197 -21.228357
4.606646 6.163597 6.810434 4.606646 6.163597 6.810434 2.796499 0.103438 -0.218066 -34.814673 -397.700487 -83.384928
6.265200 6.161439 6.660463 6.265200 6.161439 6.660463 2.710213 -0.098359 -0.288707 -252.805062 -274.958419 -152.083114
7.834471 6.059947 6.455544 7.834471 6.059947 6.455544 2.501772 -0.228255 -0.401556 -441.997768 -158.025856 -224.081114
9.246618 5.902380 6.172515 9.246618 5.902380 6.172515 2.189789 -0.283914 -0.544806 -597.947183 -27.506532 -253.420161
10.448382 5.735512 5.798583 10.448382 5.735512 5.798583 1.808629 -0.258263 -0.704024 -672.585640 113.011355 -277.304653
11.412643 5.605545 5.327764 11.412643 5.605545 5.327764 1.405823 -0.167213 -0.862855 -670.100669 190.486861 -252.133716
12.138721 5.543082 4.769613 12.138721 5.543082 4.769613 1.019773 -0.035034 -0.989404 -616.731990 250.110917 -169.695865
12.647125 5.566490 4.153407 12.647125 5.566490 4.153407 0.687492 0.112076 -1.051312 -490.871728 240.257015 -36.662834
12.980538 5.674130 3.523270 12.980538 5.674130 3.523270 0.439344 0.241969 -1.037064 -336.289477 192.719841 84.157513
13.193780 5.849842 2.925638 13.193780 5.849842 2.925638 0.288406 0.336807 -0.939279 -166.836155 123.404374 241.789570
13.346946 6.067776 2.415579 13.346946 6.067776 2.415579 0.239072 0.379031 -0.744274 2.388380 17.344383 408.229450
13.499199 6.291777 2.048665 13.499199 6.291777 2.048665 0.282405 0.356743 -0.468488 142.054828 -91.638698 511.056077
13.700212 6.484287 1.863549 13.700212 6.484287 1.863549 0.397638 0.276556 -0.141921 242.056443 -175.651576 577.501778
13.986254 6.614408 1.883358 13.986254 6.614408 1.883358 0.562317 0.150185 0.209634 306.872601 -245.584871 594.346508
14.379259 6.659924 2.112646 14.379259 6.659924 2.112646 0.748330 0.000886 0.548867 313.172879 -252.078302 536.431452
14.881251 6.616020 2.530600 14.881251 6.616020 2.530600 0.919348 -0.145667 0.831106 256.886502 -236.433101 404.363682
15.474885 6.489955 3.091407 15.474885 6.489955 3.091407 1.052408 -0.268060 1.020515 186.646364 -171.543493 227.000870
16.135805 6.304877 3.732773 16.135805 6.304877 3.732773 1.143788 -0.337807 1.097701 117.954954 -60.945112 30.286121
16.837635 6.099079 4.382298 16.837635 6.099079 4.382298 1.186188 -0.335092 1.043137 23.378340 69.995237 -212.166564
17.548708 5.916932 4.957303 17.548708 5.916932 4.957303 1.175972 -0.261550 0.852400 -57.431940 175.143522 -423.624059
18.241765 5.797382 5.383016 18.241765 5.797382 5.383016 1.130571 -0.127193 0.550851 -93.905819 272.714311 -581.538172
18.903005 5.775115 5.602519 18.903005 5.775115 5.602519 1.073226 0.061235 0.170275 -97.243251 355.377000 -687.048334
19.529437 5.875823 5.581015 19.529437 5.875823 5.581015 1.014880 0.274461 -0.241954 -97.243251 355.377000 -687.048334
