8.712736 3.193618 -8.978895 8.712736 3.193618 -8.978895 1.335738 -0.013943 0.193709 30.084698 -231.910588 258.326012
9.519594 3.143509 -8.816171 9.519594 3.143509 -8.816171 1.353789 -0.153089 0.348705 30.084698 -231.910588 258.326012
10.331057 3.010647 -8.566054 10.331057 3.010647 -8.566054 1.340713 -0.288558 0.475676 -73.670609 -219.652056 164.910136
11.114183 2.802094 -8.258823 11.114183 2.802094 -8.258823 1.256305 -0.399755 0.535333 -207.688711 -151.005675 33.948601
11.827251 2.540229 -7.936278 11.827251 2.540229 -7.936278 1.115037 -0.464510 0.531871 -263.204531 -64.842861 -45.490100
12.448711 2.256903 -7.626702 12.448711 2.256903 -7.626702 0.956185 -0.468159 0.497786 -266.302777 52.680112 -68.125051
12.975069 1.992483 -7.340830 12.975069 1.992483 -7.340830 0.799310 -0.401587 0.454226 -256.612249 169.224501 -77.076045
13.411760 1.787307 -7.080697 13.411760 1.787307 -7.080697 0.661818 -0.273472 0.415335 -201.695768 257.826127 -52.559897
13.776652 1.673242 -6.837193 13.776652 1.673242 -6.837193 0.561334 -0.100731 0.402617 -133.252636 317.978662 10.164842
14.093774 1.671495 -6.591103 14.093774 1.671495 -6.591103 0.502920 0.097335 0.422166 -61.459658 342.239472 54.998922
14.387422 1.788545 -6.324212 14.387422 1.788545 -6.324212 0.480839 0.287906 0.473624 -12.142190 292.998181 116.526975
14.674634 2.008625 -6.016551 14.674634 2.008625 -6.016551 0.478022 0.436686 0.556102 2.750900 202.936178 158.401158
14.962215 2.299621 -5.654423 14.962215 2.299621 -5.654423 0.481037 0.520727 0.650915 7.298382 77.199911 157.641055
15.249656 2.617421 -5.237535 15.249656 2.617421 -5.237535 0.472940 0.524388 0.735320 -34.288522 -64.996155 123.708962
15.522615 2.910229 -4.777963 15.522615 2.910229 -4.777963 0.429204 0.434759 0.790106 -111.497121 -233.768399 58.912148
15.755102 3.121234 -4.299427 15.755102 3.121234 -4.299427 0.337475 0.255640 0.794796 -194.266278 -363.293791 -43.280415
15.918362 3.203475 -3.837695 15.918362 3.203475 -3.837695 0.199634 0.008911 0.732052 -265.203087 -459.137124 -165.866276
15.985540 3.123090 -3.434179 15.985540 3.123090 -3.434179 0.016179 -0.282007 0.603237 -346.313594 -510.590201 -263.514985
15.930669 2.862819 -3.125617 15.930669 2.862819 -3.125617 -0.202821 -0.584165 0.415391 -383.685321 -496.602388 -362.639246
15.741057 2.428024 -2.944614 15.741057 2.428024 -2.944614 -0.427310 -0.856661 0.183022 -364.611643 -411.719728 -411.924025
15.422712 1.847051 -2.909038 15.422712 1.847051 -2.909038 -0.627724 -1.068030 -0.064587 -303.435145 -292.842509 -413.439215
14.997469 1.164289 -3.019148 14.997469 1.164289 -3.019148 -0.779739 -1.189897 -0.297341 -203.282985 -113.381824 -362.407206
14.502117 0.441707 -3.255843 14.502117 0.441707 -3.255843 -0.856296 -1.199101 -0.480074 -51.906984 82.704888 -246.702746
13.989497 -0.252272 -3.578501 13.989497 -0.252272 -3.578501 -0.834935 -1.096501 -0.579132 123.111044 259.292904 -83.490834
13.520925 -0.853738 -3.930291 13.520925 -0.853738 -3.930291 -0.709923 -0.892116 -0.575637 293.596368 421.991148 95.141876
13.157330 -1.306310 -4.246779 13.157330 -1.306310 -4.246779 -0.486209 -0.605225 -0.459709 452.115377 534.311620 291.284548
12.954301 -1.570724 -4.458744 12.954301 -1.570724 -4.458744 -0.178362 -0.271914 -0.227793 574.041072 576.726352 481.766756
12.954134 -1.630787 -4.499198 12.954134 -1.630787 -4.499198 0.183679 0.070492 0.108783 632.761531 564.626391 640.154490
13.177771 -1.491427 -4.313361 13.177771 -1.491427 -4.313361 0.561001 0.386430 0.519574 624.978790 488.499461 729.149788
13.622317 -1.179639 -3.869294 13.622317 -1.179639 -3.869294 0.913236 0.639532 0.962441 549.138260 355.173228 747.071038
14.260520 -0.742443 -3.160184 14.260520 -0.742443 -3.160184 1.199798 0.800362 1.396551 406.070169 180.928439 699.963299
15.041943 -0.240768 -2.203292 15.041943 -0.240768 -2.203292 1.385698 0.853370 1.781369 213.596042 -4.235901 582.762262
15.898174 0.259515 -1.041248 15.898174 0.259515 -1.041248 1.445682 0.795949 2.072651 -13.648841 -187.167740 388.180634
16.749108 0.694928 0.258471 16.749108 0.694928 0.258471 1.367398 0.641316 2.236839 -247.298586 -328.276452 159.112091
17.513216 1.014799 1.614960 17.513216 1.014799 1.614960 1.159931 0.415210 2.261033 -444.258131 -425.407733 -78.467602
18.118474 1.185005 2.944022 18.118474 1.185005 2.944022 0.839706 0.148228 2.146788 -623.157383 -464.532610 -302.349233
18.504179 1.191096 4.166699 18.504179 1.191096 4.166699 0.436062 -0.126642 1.910513 -722.325090 -451.702984 -485.231753
18.634928 1.039300 5.216569 18.634928 1.039300 5.216569 -0.001681 -0.370183 1.573894 -736.817652 -360.097504 -636.831648
18.503924 0.758931 6.043795 18.503924 0.758931 6.043795 -0.430612 -0.553451 1.179391 -692.951429 -250.798171 -678.180537
18.120826 0.381716 6.629357 18.120826 0.381716 6.629357 -0.846383 -0.703930 0.772482 -692.951429 -250.798171 -678.180537
