10.128355 1.199450 -4.590381 10.128355 1.199450 -4.590381 1.594265 0.436814 0.439755 -278.319183 293.182647 -66.198608
11.034816 1.514311 -4.338444 11.034816 1.514311 -4.338444 1.427273 0.612723 0.400036 -278.319183 293.182647 -66.198608
11.834537 1.929104 -4.116916 11.834537 1.929104 -4.116916 1.227551 0.760563 0.327430 -387.421437 199.615505 -175.822765
12.496011 2.414273 -3.959534 12.496011 2.414273 -3.959534 0.968497 0.844834 0.184794 -476.091974 81.288463 -299.630889
12.988716 2.928370 -3.908421 12.988716 2.928370 -3.908421 0.669357 0.856433 -0.024132 -521.039448 -42.623602 -396.788910
13.297045 3.427507 -3.997854 13.297045 3.427507 -3.997854 0.359240 0.795607 -0.279863 -512.684861 -160.132716 -455.646133
13.423558 3.871669 -4.247675 13.423558 3.871669 -4.247675 0.067894 0.677633 -0.552685 -458.469070 -233.113100 -453.762295
13.388831 4.235636 -4.658122 13.388831 4.235636 -4.658122 -0.171882 0.534503 -0.810733 -340.784221 -243.988002 -406.397072
13.235304 4.512103 -5.210215 13.235304 4.512103 -5.210215 -0.321639 0.386531 -1.017084 -158.406240 -249.251538 -281.438000
13.025796 4.702843 -5.861448 13.025796 4.702843 -5.861448 -0.356741 0.255413 -1.137565 41.401264 -187.808118 -120.165766
12.830816 4.828590 -6.554536 12.830816 4.828590 -6.554536 -0.273839 0.174251 -1.154262 234.936580 -82.732451 64.509145
12.720407 4.924218 -7.222283 12.720407 4.924218 -7.222283 -0.074843 0.154460 -1.049560 428.383977 16.762540 284.496625
12.761089 5.024990 -7.788811 12.761089 5.024990 -7.788811 0.224581 0.189910 -0.818870 569.694724 101.404543 484.471006
13.003183 5.162594 -8.183996 13.003183 5.162594 -8.183996 0.590396 0.277779 -0.483528 649.690993 191.492552 633.334243
13.475804 5.366649 -8.353889 13.475804 5.366649 -8.353889 0.987409 0.407270 -0.072407 673.683392 240.143706 737.069116
14.186076 5.654096 -8.263076 14.186076 5.654096 -8.263076 1.374439 0.550656 0.377756 616.417416 237.809787 763.474949
15.113250 6.024563 -7.900768 15.113250 6.024563 -7.900768 1.702063 0.679681 0.826986 475.663904 192.273680 733.958414
16.208975 6.461976 -7.279643 16.208975 6.461976 -7.279643 1.931799 0.770022 1.231467 290.122175 108.862364 614.311421
17.406717 6.935663 -6.441478 17.406717 6.935663 -6.441478 2.038078 0.795729 1.543596 64.140134 -23.172458 426.119393
18.626299 7.401349 -5.451343 18.626299 7.401349 -5.451343 2.002514 0.743925 1.735646 -182.686945 -149.504599 214.047961
19.781666 7.812976 -4.386252 19.781666 7.812976 -4.386252 1.826614 0.615137 1.789952 -403.646379 -279.791172 -33.028446
20.795108 8.125572 -3.331587 20.795108 8.125572 -3.331587 1.535075 0.416645 1.703328 -568.149861 -381.847910 -255.719195
21.605456 8.302449 -2.366996 21.605456 8.302449 -2.366996 1.152035 0.165646 1.493014 -708.649587 -454.817066 -445.328920
22.165779 8.319516 -1.560210 22.165779 8.319516 -1.560210 0.710142 -0.109510 1.181501 -764.328102 -462.367823 -593.045309
22.457015 8.173970 -0.961400 22.457015 8.173970 -0.961400 0.265197 -0.369997 0.808963 -718.822327 -405.922965 -648.748312
22.491825 7.885178 -0.592670 22.491825 7.885178 -0.592670 -0.140698 -0.582192 0.420348 -634.159262 -301.392324 -646.637047
22.302005 7.489770 -0.452608 22.302005 7.489770 -0.452608 -0.477456 -0.722240 0.053606 -488.368744 -165.433866 -575.835408
21.938507 7.037267 -0.515678 21.938507 7.037267 -0.515678 -0.716066 -0.768401 -0.249810 -306.997951 11.560998 -435.551848
21.465568 6.589304 -0.733400 21.465568 6.589304 -0.733400 -0.840461 -0.706483 -0.458324 -107.651568 194.835092 -259.492523
20.953978 6.209462 -1.043257 20.953978 6.209462 -1.043257 -0.844733 -0.544693 -0.554793 93.411469 344.465172 -62.072763
20.473089 5.952145 -1.376183 20.473089 5.952145 -1.376183 -0.743002 -0.300544 -0.536420 245.691300 469.363026 123.318148
20.078155 5.860058 -1.666234 20.078155 5.860058 -1.666234 -0.562374 -0.000154 -0.414411 356.402748 531.936243 283.377478
19.808131 5.954743 -1.857035 19.808131 5.954743 -1.857035 -0.332291 0.314155 -0.210199 410.541713 515.761783 397.329233
19.682654 6.236073 -1.911636 19.682654 6.236073 -1.911636 -0.085966 0.623612 0.028199 410.541713 515.761783 397.329233
