9.099359 2.562258 -4.008315 9.099359 2.562258 -4.008315 1.411132 1.074638 -0.056572 -204.854490 -401.649649 -58.613604
9.909164 3.134744 -4.052808 9.909164 3.134744 -4.052808 1.288220 0.833648 -0.091740 -204.854490 -401.649649 -58.613604
10.641647 3.562961 -4.110545 10.641647 3.562961 -4.110545 1.147433 0.594284 -0.087617 -264.435561 -396.231630 72.356275
11.278728 3.850154 -4.141085 11.278728 3.850154 -4.141085 0.969869 0.366267 0.000825 -327.442985 -363.825431 222.451559
11.800797 4.009825 -4.095285 11.800797 4.009825 -4.095285 0.768839 0.174970 0.160616 -342.655582 -273.828976 310.184037
12.203162 4.073280 -3.941104 12.203162 4.073280 -3.941104 0.576943 0.049486 0.356619 -296.999685 -144.451354 343.159856
12.499839 4.083722 -3.665470 12.499839 4.083722 -3.665470 0.418597 -0.003428 0.561987 -230.820592 -31.929381 341.400170
12.714953 4.082722 -3.269488 12.714953 4.082722 -3.269488 0.307622 0.011432 0.753517 -139.096576 81.464584 297.033621
12.878695 4.110071 -2.768285 12.878695 4.110071 -2.768285 0.245199 0.089444 0.909867 -68.980171 178.572738 224.134915
13.016254 4.198117 -2.187432 13.016254 4.198117 -2.187432 0.218091 0.207770 1.017290 -21.379826 215.848439 133.940632
13.144545 4.362533 -1.558341 13.144545 4.362533 -1.558341 0.211687 0.341786 1.070694 0.033608 230.870013 44.071928
13.272143 4.606339 -0.911010 13.272143 4.606339 -0.911010 0.214609 0.466196 1.082046 9.708006 183.832770 -6.232419
13.400333 4.913161 -0.264359 13.400333 4.913161 -0.264359 0.208817 0.546572 1.071032 -29.015369 84.084726 -30.480542
13.515699 5.251330 0.372039 13.515699 5.251330 0.372039 0.167900 0.572476 1.049071 -107.373909 2.263863 -42.722132
13.593027 5.588884 0.995940 13.593027 5.588884 0.995940 0.083051 0.542138 1.034179 -175.455865 -103.392539 -6.918762
13.607484 5.889674 1.619500 13.607484 5.889674 1.619500 -0.041178 0.450690 1.051520 -238.640854 -201.432049 64.723246
13.536230 6.120130 2.265660 13.536230 6.120130 2.265660 -0.202327 0.311331 1.108340 -298.523188 -263.097273 124.677858
13.361236 6.257888 2.956640 13.361236 6.257888 2.956640 -0.380759 0.145056 1.200818 -296.249779 -291.153248 183.580270
13.081043 6.295226 3.713186 13.081043 6.295226 3.713186 -0.550570 -0.016076 1.326018 -269.788498 -245.952626 233.752940
12.706579 6.245246 4.551322 12.706579 6.245246 4.551322 -0.690245 -0.143963 1.468520 -195.792722 -180.340181 241.253768
12.263802 6.132468 5.473412 12.263802 6.132468 5.473412 -0.774656 -0.221860 1.601033 -85.578953 -79.314119 200.456956
11.793177 5.992966 6.465340 11.793177 5.992966 6.465340 -0.778139 -0.229998 1.697439 73.968484 52.187177 120.897731
11.349436 5.872049 7.498748 11.349436 5.872049 7.498748 -0.684619 -0.160247 1.735889 237.765341 180.316839 7.268657
10.990073 5.815690 8.533311 10.990073 5.815690 8.533311 -0.498903 -0.015399 1.698858 381.289659 302.509102 -130.706039
10.766939 5.865393 9.519708 10.766939 5.865393 9.519708 -0.232251 0.188562 1.573481 507.548192 377.360381 -287.217129
10.723349 6.048395 10.403991 10.723349 6.048395 10.403991 0.094286 0.424676 1.360613 580.910514 409.685019 -422.342419
10.885736 6.375257 11.137667 10.885736 6.375257 11.137667 0.449088 0.662052 1.073859 601.760150 381.569912 -533.506849
11.260661 6.835445 11.682021 11.260661 6.835445 11.682021 0.795924 0.862365 0.734103 554.359740 286.140232 -599.010895
11.830871 7.397162 12.014606 11.830871 7.397162 12.014606 1.092893 0.998013 0.374422 435.539386 166.018693 -599.927234
12.553515 8.016248 12.135411 12.553515 8.016248 12.135411 1.296772 1.049598 0.035159 244.054838 5.932220 -530.948169
13.363749 8.635753 12.069129 13.363749 8.635753 12.069129 1.384414 0.996552 -0.242440 48.086820 -182.753274 -394.384149
14.190097 9.190742 11.863580 14.190097 9.190742 11.863580 1.348482 0.836668 -0.424552 -167.859793 -350.192664 -212.654461
14.954716 9.621893 11.582872 14.954716 9.621893 11.582872 1.176493 0.587474 -0.490637 -405.438639 -480.455917 -7.628268
15.577165 9.883286 11.300676 15.577165 9.883286 11.300676 0.880891 0.276154 -0.427421 -579.899283 -557.275518 218.348410
15.995377 9.947222 11.095987 15.995377 9.947222 11.095987 0.503243 -0.065444 -0.234105 -678.926918 -581.383550 426.037843
16.171208 9.805657 11.041620 16.171208 9.805657 11.041620 0.076346 -0.402525 0.068561 -744.062966 -542.220284 582.847327
16.084756 9.472865 11.194145 16.084756 9.472865 11.194145 -0.361732 -0.696241 0.450649 -716.198924 -436.832607 690.781037
15.745061 8.986281 11.590379 15.745061 8.986281 11.590379 -0.760153 -0.909391 0.872638 -611.868819 -273.667527 715.849985
15.189287 8.402342 12.239839 15.189287 8.402342 12.239839 -1.075004 -1.018815 1.287268 -437.634951 -91.080557 666.249166
14.478395 7.785882 13.124767 14.478395 7.785882 13.124767 -1.273161 -1.017346 1.650232 -222.888606 95.978137 543.629946
13.687678 7.203733 14.202312 13.687678 7.203733 14.202312 -1.340395 -0.904845 1.924170 -1.226344 279.023900 369.497479
12.896422 6.720203 15.410000 12.896422 6.720203 15.410000 -1.275125 -0.691665 2.079250 218.793896 431.575571 147.436323
12.182972 6.386650 16.669751 12.182972 6.386650 16.669751 -1.082640 -0.413908 2.096026 422.823124 494.281985 -91.516100
11.618241 6.228744 17.896997 11.618241 6.228744 17.896997 -0.785221 -0.109996 1.971631 568.574437 518.756936 -323.134214
11.252893 6.254955 19.012295 11.252893 6.254955 19.012295 -0.426869 0.195417 1.730165 625.929610 499.289042 -481.753443
11.109439 6.462077 19.963678 11.109439 6.462077 19.963678 -0.051312 0.494991 1.441113 625.929610 499.289042 -481.753443
