2.843081 2.051378 -8.204705 2.843081 2.051378 -8.204705 1.061507 0.043537 2.009431 362.110305 -158.625408 -104.316384
3.545165 2.048947 -7.017823 3.545165 2.048947 -7.017823 1.278773 -0.051638 1.946842 362.110305 -158.625408 -104.316384
4.366022 1.985212 -5.878073 4.366022 1.985212 -5.878073 1.438104 -0.167811 1.836364 168.993635 -228.616881 -263.942204
5.244435 1.842348 -4.832273 5.244435 1.842348 -4.832273 1.465159 -0.310114 1.635452 -78.810881 -245.727165 -405.764519
6.096588 1.612551 -3.927859 6.096588 1.612551 -3.927859 1.354092 -0.455035 1.372899 -291.411429 -237.341221 -469.413727
6.846114 1.301694 -3.189425 6.846114 1.301694 -3.189425 1.126869 -0.573015 1.087195 -466.000016 -155.926709 -482.931977
7.430394 0.935767 -2.621540 7.430394 0.935767 -2.621540 0.807461 -0.636826 0.809915 -598.692611 -56.775153 -441.335614
7.803548 0.550788 -2.209712 7.803548 0.550788 -2.209712 0.430456 -0.634213 0.571714 -657.991721 65.483953 -352.667292
7.944773 0.189892 -1.922243 7.944773 0.189892 -1.922243 0.042611 -0.555696 0.399715 -634.823075 196.240157 -220.661488
7.862161 -0.100830 -1.713842 7.862161 -0.100830 -1.713842 -0.307836 -0.401093 0.308774 -533.333766 319.101434 -82.473901
7.587352 -0.280717 -1.538150 7.587352 -0.280717 -1.538150 -0.598376 -0.192980 0.285653 -435.134044 374.611478 5.401878
7.150002 -0.329075 -1.365786 7.150002 -0.329075 -1.365786 -0.859456 0.031787 0.288894 -435.134044 374.611478 5.401878
