3.547525 1.404506 -9.454859 3.547525 1.404506 -9.454859 2.518513 0.090559 0.547424 -201.127625 0.067150 62.143906
5.022430 1.458853 -9.115219 5.022430 1.458853 -9.115219 2.397836 0.090599 0.584710 -201.127625 0.067150 62.143906
6.418243 1.506719 -8.749224 6.418243 1.506719 -8.749224 2.243732 0.058109 0.641913 -312.552996 -108.368374 128.533964
7.701906 1.517634 -8.336305 7.701906 1.517634 -8.336305 2.024617 -0.029133 0.742207 -417.829971 -182.438578 205.778672
8.839793 1.465137 -7.850561 8.839793 1.465137 -7.850561 1.765551 -0.149486 0.882572 -445.724171 -218.737916 262.106062
9.819510 1.335822 -7.272575 9.819510 1.335822 -7.272575 1.501199 -0.281983 1.046152 -435.449928 -222.918347 283.159609
10.644862 1.129858 -6.594853 10.644862 1.129858 -6.594853 1.254998 -0.398980 1.211360 -385.219350 -167.072741 267.532655
11.335231 0.864961 -5.822655 11.335231 0.864961 -5.822655 1.057413 -0.476404 1.358007 -273.396421 -91.005852 221.289861
11.926905 0.569305 -4.974787 11.926905 0.569305 -4.974787 0.925567 -0.498170 1.456943 -166.089823 18.451874 108.498151
12.456692 0.280759 -4.089329 12.456692 0.280759 -4.089329 0.847623 -0.451924 1.480852 -93.723376 135.700591 -28.801827
12.953682 0.040030 -3.214125 12.953682 0.040030 -3.214125 0.817823 -0.340509 1.422956 -5.610486 235.684201 -164.184384
13.446809 -0.117602 -2.398782 13.446809 -0.117602 -2.398782 0.831674 -0.177846 1.280059 51.779403 306.525553 -312.139867
13.955206 -0.167235 -1.695029 13.955206 -0.167235 -1.695029 0.863099 0.015567 1.052292 52.972369 338.183058 -447.081952
14.481121 -0.098491 -1.149239 14.481121 -0.098491 -1.149239 0.887485 0.211134 0.758490 28.314228 313.708096 -532.259790
15.015425 0.080659 -0.791313 15.015425 0.080659 -0.791313 0.888055 0.379368 0.432327 -26.415523 247.070104 -554.948310
15.540181 0.346015 -0.629831 15.540181 0.346015 -0.629831 0.855595 0.493926 0.109239 -81.785152 134.791853 -522.012916
16.035084 0.657081 -0.652591 16.035084 0.657081 -0.652591 0.787865 0.527039 -0.175674 -143.981679 -24.415784 -427.695641
16.478942 0.960041 -0.824843 16.478942 0.960041 -0.824843 0.686756 0.468045 -0.381603 -193.046049 -172.231869 -258.734995
16.856704 1.201394 -1.087256 16.856704 1.201394 -1.087256 0.573207 0.322345 -0.471239 -185.452591 -313.435228 -40.052146
17.168343 1.332032 -1.365908 17.168343 1.332032 -1.365908 0.467417 0.102532 -0.438768 -167.178382 -419.274877 148.289976
17.418701 1.318081 -1.602477 17.418701 1.318081 -1.602477 0.367110 -0.149033 -0.349794 -167.178382 -419.274877 148.289976
