10.072152 -2.694049 -8.280050 10.072152 -2.694049 -8.280050 2.496366 0.715525 -0.369653 -413.138597 193.532654 231.968422
11.495607 -2.229898 -8.460088 11.495607 -2.229898 -8.460088 2.248483 0.831645 -0.230472 -413.138597 193.532654 231.968422
12.760906 -1.702202 -8.555885 12.760906 -1.702202 -8.555885 1.953474 0.917132 -0.087633 -570.222280 91.424022 244.163093
13.820496 -1.142920 -8.565998 13.820496 -1.142920 -8.565998 1.562068 0.934717 0.051450 -734.465037 -32.805030 219.446642
14.622570 -0.596187 -8.499313 14.622570 -0.596187 -8.499313 1.106572 0.874073 0.164691 -783.857083 -169.343268 158.022947
15.146873 -0.108583 -8.375860 15.146873 -0.108583 -8.375860 0.643527 0.740678 0.240476 -759.625782 -275.306652 94.593992
15.401705 0.281110 -8.218171 15.401705 0.281110 -8.218171 0.214995 0.549699 0.279115 -668.812271 -361.289892 34.202062
15.419033 0.542748 -8.047183 15.419033 0.542748 -8.047183 -0.142708 0.317183 0.286450 -523.531869 -413.763999 -9.751906
15.251248 0.659324 -7.877612 15.251248 0.659324 -7.877612 -0.396445 0.072642 0.277881 -322.259715 -401.371432 -18.812051
14.968667 0.635726 -7.712354 14.968667 0.635726 -7.712354 -0.523337 -0.142865 0.276172 -100.713325 -316.985454 13.117479
14.648397 0.499903 -7.542009 14.648397 0.499903 -7.542009 -0.524462 -0.298287 0.295448 96.962889 -201.089610 51.133861
14.361443 0.293417 -7.349928 14.361443 0.293417 -7.349928 -0.414935 -0.375530 0.354169 268.129565 -56.384883 144.604046
14.168245 0.068655 -7.105496 14.168245 0.068655 -7.105496 -0.216560 -0.355834 0.470439 393.118210 122.037502 242.962696
14.113743 -0.112830 -6.774859 14.113743 -0.112830 -6.774859 0.042674 -0.232369 0.639418 470.996448 289.512053 320.299668
14.224651 -0.191394 -6.330443 14.224651 -0.191394 -6.330443 0.327894 -0.014935 0.847155 479.735622 435.269372 372.158305
14.504508 -0.116790 -5.753190 14.504508 -0.116790 -5.753190 0.599581 0.272306 1.080308 425.888753 522.200404 405.016831
14.935019 0.141937 -5.033067 14.935019 0.141937 -5.033067 0.825624 0.592363 1.318493 327.588807 544.654898 388.934559
15.481821 0.594075 -4.176976 15.481821 0.594075 -4.176976 0.984483 0.912566 1.526787 201.940348 522.689634 305.379703
16.101396 1.230231 -3.212776 16.101396 1.230231 -3.212776 1.068327 1.198842 1.675812 77.540422 431.563989 191.369420
16.749078 2.017439 -2.182555 16.749078 2.017439 -2.182555 1.078494 1.408885 1.742067 -43.651376 268.576757 29.479816
17.381893 2.900138 -1.143261 17.381893 2.900138 -1.143261 1.020186 1.515157 1.703493 -150.709335 85.663520 -158.058508
17.963953 3.814120 -0.160003 17.963953 3.814120 -0.160003 0.915139 1.513896 1.556724 -199.446106 -89.866468 -331.171677
18.476447 4.694663 0.705536 18.476447 4.694663 0.705536 0.792024 1.401882 1.313593 -210.937015 -283.512060 -479.266111
18.914199 5.475515 1.400785 18.914199 5.475515 1.400785 0.667994 1.185552 0.992840 -202.496612 -437.587772 -589.910937
19.281614 6.102057 1.887626 19.281614 6.102057 1.887626 0.561837 0.892882 0.625501 -151.358827 -537.978844 -634.551311
19.595189 6.539282 2.149662 19.595189 6.539282 2.149662 0.489608 0.561754 0.249542 -89.406087 -565.780856 -618.644617
19.876649 6.776555 2.193493 19.876649 6.776555 2.193493 0.454907 0.232589 -0.094335 -26.264793 -531.438054 -527.614940
20.147502 6.826145 2.051766 20.147502 6.826145 2.051766 0.452328 -0.057798 -0.361683 17.670140 -436.515890 -363.544777
20.423854 6.720249 1.781410 20.423854 6.720249 1.781410 0.471806 -0.282930 -0.519346 47.254160 -313.926336 -161.996427
20.714701 6.503812 1.454767 20.714701 6.503812 1.454767 0.496443 -0.422145 -0.545929 34.870287 -150.123018 73.385824
21.015069 6.234363 1.154518 21.015069 6.234363 1.154518 0.498495 -0.457918 -0.431400 -28.029765 30.880532 308.376145
21.304171 5.975039 0.962536 21.304171 5.975039 0.962536 0.456931 -0.390051 -0.189621 -110.516330 195.340771 497.554422
21.553125 5.782641 0.947586 21.553125 5.782641 0.947586 0.364061 -0.240488 0.155222 -199.050225 303.203402 651.923127
21.730737 5.697786 1.164062 21.730737 5.697786 1.164062 0.219651 -0.034260 0.576360 -282.318198 384.223940 751.871064
21.806675 5.747776 1.645945 21.806675 5.747776 1.645945 0.025083 0.203201 1.031135 -366.240518 407.313683 764.044184
21.752519 5.939396 2.396236 21.752519 5.939396 2.396236 -0.211074 0.429504 1.459969 -420.948738 347.028986 665.401578
21.549901 6.254722 3.385023 21.549901 6.254722 3.385023 -0.464656 0.613515 1.824380 -424.324426 266.339505 549.302297
21.194730 6.670772 4.578525 21.194730 6.670772 4.578525 -0.719250 0.773318 2.153961 -424.324426 266.339505 549.302297
