-7.068850 3.542885 1.797242 -7.068850 3.542885 1.797242 1.297016 -0.419681 0.598000 -49.301408 397.224658 292.617449
-6.299515 3.362576 2.208713 -6.299515 3.362576 2.208713 1.267435 -0.181347 0.773570 -49.301408 397.224658 292.617449
-5.551931 3.329017 2.715757 -5.551931 3.329017 2.715757 1.217840 0.075731 0.900295 -116.014913 459.700656 129.800413
-4.847254 3.459935 3.266853 -4.847254 3.459935 3.266853 1.122507 0.365217 0.915945 -201.761872 505.253675 -77.634435
-4.214981 3.768645 3.792042 -4.214981 3.768645 3.792042 0.976877 0.661536 0.817348 -283.671494 482.476242 -251.023237
-3.682885 4.247204 4.229722 -3.682885 4.247204 4.229722 0.791826 0.924982 0.629012 -333.167603 395.675852 -376.762643
-3.266766 4.863275 4.535127 -3.266766 4.863275 4.535127 0.596896 1.111685 0.382028 -316.598583 226.668517 -446.518006
-2.962234 5.560200 4.683216 -2.962234 5.560200 4.683216 0.423850 1.193254 0.110343 -260.219207 45.227351 -459.098988
-2.749189 6.274149 4.669095 -2.749189 6.274149 4.669095 0.295586 1.169672 -0.153560 -167.328907 -123.834510 -420.578391
-2.592759 6.942191 4.506052 -2.592759 6.942191 4.506052 0.241177 1.038017 -0.381920 -14.035298 -315.015905 -340.618569
-2.439953 7.498729 4.221710 -2.439953 7.498729 4.221710 0.285891 0.801162 -0.555685 163.082696 -474.500558 -238.600406
-2.229080 7.888622 3.852578 -2.229080 7.888622 3.852578 0.433654 0.489492 -0.662708 329.460633 -564.400229 -118.140634
-1.899409 8.079180 3.439883 -1.899409 8.079180 3.439883 0.682210 0.143123 -0.702622 499.060613 -590.162010 -14.908225
-1.392773 8.060801 3.020207 -1.392773 8.060801 3.020207 1.019043 -0.201092 -0.688662 623.714280 -557.220383 61.442504
-0.666039 7.845395 2.620826 -0.666039 7.845395 2.620826 1.408469 -0.507677 -0.638011 674.373934 -464.730690 107.394217
0.300335 7.466216 2.257913 0.300335 7.466216 2.257913 1.812621 -0.741125 -0.570764 672.797941 -313.427937 116.761411
1.505195 6.975220 1.934699 1.505195 6.975220 1.934699 2.197216 -0.878699 -0.509572 609.186627 -145.154049 87.213590
2.923914 6.432673 1.641581 2.923914 6.432673 1.641581 2.516408 -0.911789 -0.472611 454.786680 34.855196 35.988625
4.503656 5.901397 1.361575 4.503656 5.901397 1.361575 2.729457 -0.843259 -0.465600 255.375555 193.578708 -12.617836
6.174312 5.438855 1.076753 6.174312 5.438855 1.076753 2.817755 -0.684269 -0.489126 38.952357 336.386879 -65.803217
7.857412 5.093849 0.769169 7.857412 5.093849 0.769169 2.768301 -0.457409 -0.539930 -203.798280 419.814395 -103.541599
9.469092 4.896171 0.425898 9.469092 4.896171 0.425898 2.582935 -0.199517 -0.605432 -414.090949 439.824831 -114.800744
10.933072 4.853131 0.044022 10.933072 4.853131 0.044022 2.278258 0.051886 -0.664073 -601.498410 398.186548 -80.669590
12.185459 4.950324 -0.364019 12.185459 4.950324 -0.364019 1.885872 0.262737 -0.687857 -706.453879 304.649628 1.389116
13.187798 5.155942 -0.770774 13.187798 5.155942 -0.770774 1.451884 0.411221 -0.658477 -740.174250 190.295648 96.546042
13.927514 5.428610 -1.141874 13.927514 5.428610 -1.141874 1.016864 0.483813 -0.567513 -709.893142 51.677368 206.667472
14.417173 5.720088 -1.437965 14.417173 5.720088 -1.437965 0.627538 0.474259 -0.407430 -587.859934 -83.523024 326.940722
14.697418 5.983211 -1.616882 14.697418 5.983211 -1.616882 0.322508 0.392153 -0.177807 -428.905039 -190.164958 438.471751
14.826790 6.179614 -1.641216 14.826790 6.179614 -1.641216 0.130514 0.254760 0.102405 -211.075442 -267.811256 495.566714
14.879533 6.282632 -1.490085 14.879533 6.282632 -1.490085 0.066010 0.085912 0.402173 -3.936517 -295.015188 503.661636
14.930789 6.282333 -1.160239 14.930789 6.282333 -1.160239 0.125443 -0.084812 0.693788 202.044375 -274.064328 468.387429
15.052126 6.185293 -0.666150 15.052126 6.185293 -0.666150 0.295186 -0.233359 0.942352 363.766025 -221.093412 360.160380
15.302264 6.010926 -0.045479 15.302264 6.010926 -0.045479 0.551185 -0.338786 1.110598 489.564286 -130.329179 200.659508
15.724489 5.791938 0.646384 15.724489 5.791938 0.646384 0.861887 -0.378271 1.177920 546.108882 -1.285589 23.746888
16.338908 5.570308 1.345507 16.338908 5.570308 1.345507 1.184489 -0.351222 1.132655 529.229655 91.445862 -174.631958
17.140359 5.380287 1.981687 17.140359 5.380287 1.981687 1.479510 -0.275094 0.967977 454.174955 162.315210 -374.294102
18.103713 5.247511 2.485014 18.103713 5.247511 2.485014 1.721498 -0.162388 0.692971 352.452793 213.372991 -542.392983
19.191401 5.188879 2.796614 19.191401 5.188879 2.796614 1.889707 -0.032396 0.334774 208.243394 219.933577 -651.596507
20.354398 5.206533 2.878231 20.354398 5.206533 2.878231 1.973095 0.087084 -0.065985 69.716897 178.332208 -684.267427
21.542556 5.285712 2.718244 21.542556 5.285712 2.718244 1.973689 0.168227 -0.462682 -67.738943 92.144222 -638.056286
22.709053 5.396018 2.333360 22.709053 5.396018 2.333360 1.905426 0.187432 -0.807637 -159.804426 -28.126973 -511.791185
23.820127 5.497162 1.764462 23.820127 5.497162 1.764462 1.792463 0.139291 -1.075682 -216.737149 -132.344504 -381.693680
24.856592 5.556914 1.050348 24.856592 5.556914 1.050348 1.662421 0.059884 -1.304698 -216.737149 -132.344504 -381.693680
