-10.480277 -0.594062 7.965850 -10.480277 -0.594062 7.965850 0.853558 -0.214292 1.113978 -6.734864 497.565149 -118.850152
-9.969354 -0.633075 8.612844 -9.969354 -0.633075 8.612844 0.849517 0.084247 1.042668 -6.734864 497.565149 -118.850152
-9.461222 -0.491494 9.213872 -9.461222 -0.491494 9.213872 0.843650 0.390143 0.955458 -12.821071 522.087944 -171.849650
-8.955948 -0.165270 9.752011 -8.955948 -0.165270 9.752011 0.842916 0.694207 0.831333 10.372590 491.458382 -241.902055
-8.444939 0.333400 10.205710 -8.444939 0.333400 10.205710 0.866103 0.957498 0.678402 66.919213 386.179249 -267.866622
-7.909187 0.968966 10.567318 -7.909187 0.968966 10.567318 0.926475 1.146979 0.531597 134.320361 245.424325 -221.483243
-7.325366 1.692215 10.849064 -7.325366 1.692215 10.849064 1.025862 1.248661 0.411982 196.969391 93.513331 -177.232811
-6.672282 2.448148 11.068034 -6.672282 2.448148 11.068034 1.154603 1.254288 0.324054 232.167526 -74.755644 -115.862158
-5.938251 3.178663 11.245992 -5.938251 3.178663 11.245992 1.291299 1.166427 0.276441 223.485629 -218.114521 -42.848308
-5.124805 3.833748 11.406743 -5.124805 3.833748 11.406743 1.417585 1.008003 0.263730 197.469126 -309.963859 0.478519
-4.243231 4.378000 11.566463 -4.243231 4.378000 11.566463 1.513461 0.798242 0.270999 122.115223 -389.239269 23.753051
-3.320435 4.787068 11.731761 -3.320435 4.787068 11.731761 1.550425 0.565628 0.277363 1.099354 -386.140819 -2.541221
-2.397758 5.060820 11.895126 -2.397758 5.060820 11.895126 1.512205 0.353345 0.262864 -128.497955 -321.470241 -45.788096
-1.521671 5.219285 12.039806 -1.521671 5.219285 12.039806 1.394570 0.182079 0.211408 -263.618861 -249.415971 -125.730741
-0.739148 5.291379 12.138221 -0.739148 5.291379 12.138221 1.202560 0.071133 0.106976 -376.415810 -120.406256 -222.376207
-0.090739 5.319608 12.158255 -0.090739 5.319608 12.158255 0.949850 0.035005 -0.047065 -465.949471 -0.019094 -291.094631
0.393038 5.345604 12.073709 0.393038 5.345604 12.073709 0.658969 0.059974 -0.241273 -503.654614 83.250105 -356.264316
0.700064 5.401882 11.862854 0.700064 5.401882 11.862854 0.368292 0.136468 -0.464852 -465.269929 171.727693 -388.999860
0.842541 5.517774 11.514062 0.842541 5.517774 11.514062 0.115380 0.255004 -0.697553 -377.770494 223.392365 -386.669151
0.852445 5.709909 11.030509 0.852445 5.709909 11.030509 -0.067910 0.383651 -0.906660 -233.193496 205.433852 -310.354867
0.782816 5.972339 10.439351 0.782816 5.972339 10.439351 -0.142367 0.483219 -1.049363 -14.996817 126.458642 -165.320173
0.705548 6.281172 9.786878 0.705548 6.281172 9.786878 -0.097107 0.539789 -1.114047 165.861298 62.106355 -50.294696
0.677139 6.616225 9.109396 0.677139 6.616225 9.109396 0.002410 0.577053 -1.144224 165.861298 62.106355 -50.294696
