1.413900 5.898441 -8.701582 1.413900 5.898441 -8.701582 -0.017752 0.477840 -0.468851 -42.189981 -383.555482 65.088995
1.395654 6.116106 -8.971176 1.395654 6.116106 -8.971176 -0.043066 0.247707 -0.429798 -42.189981 -383.555482 65.088995
1.361606 6.198041 -9.210730 1.361606 6.198041 -9.210730 -0.071453 0.029327 -0.357702 -52.433074 -344.377526 175.230837
1.310523 6.160997 -9.385097 1.310523 6.160997 -9.385097 -0.096778 -0.140560 -0.209000 -31.984563 -221.913859 320.442658
1.252284 6.041837 -9.447145 1.252284 6.041837 -9.447145 -0.088042 -0.248104 0.011627 61.105674 -136.564870 414.980386
1.214501 5.875606 -9.360629 1.214501 5.875606 -9.360629 -0.031166 -0.293981 0.284833 128.481825 -16.359920 495.707411
1.223508 5.703731 -9.097505 1.223508 5.703731 -9.097505 0.068821 -0.266503 0.597242 204.807006 107.953252 545.653423
1.305628 5.567450 -8.642597 1.305628 5.567450 -8.642597 0.211517 -0.180785 0.916361 270.846817 177.773934 518.077983
1.485018 5.492684 -8.004578 1.485018 5.492684 -8.004578 0.392664 -0.065593 1.201951 332.976233 206.199158 433.887622
1.778892 5.488857 -7.214873 1.778892 5.488857 -7.214873 0.584147 0.050194 1.414457 305.301116 179.758521 274.466998
2.182011 5.549150 -6.325200 2.182011 5.549150 -6.325200 0.755709 0.147147 1.537110 266.571107 143.418102 134.377336
2.683419 5.663253 -5.378746 2.683419 5.663253 -5.378746 0.915652 0.233198 1.617737 266.571107 143.418102 134.377336
