-6.676765 -2.512970 -1.944656 -6.676765 -2.512970 -1.944656 1.412526 -0.286189 -0.238279 204.313324 234.577533 -256.433446
-5.792473 -2.642459 -2.133782 -5.792473 -2.642459 -2.133782 1.535114 -0.145443 -0.392139 204.313324 234.577533 -256.433446
-4.846571 -2.688700 -2.404731 -4.846571 -2.688700 -2.404731 1.597988 -0.010693 -0.493536 5.264123 214.586383 -81.555136
-3.901252 -2.659628 -2.700259 -3.901252 -2.659628 -2.700259 1.529040 0.102374 -0.466104 -235.089498 162.306229 172.996814
-3.038968 -2.574010 -2.935962 -3.038968 -2.574010 -2.935962 1.323870 0.174647 -0.298206 -448.809644 78.602992 386.659878
-2.334698 -2.462755 -3.036093 -2.334698 -2.462755 -3.036093 1.008248 0.183400 -0.020239 -603.265077 -49.425621 539.898384
-1.843631 -2.367274 -2.945222 -1.843631 -2.367274 -2.945222 0.619822 0.125430 0.332863 -691.486971 -143.808643 637.109066
-1.596805 -2.323773 -2.628918 -1.596805 -2.323773 -2.628918 0.201933 0.009790 0.724662 -701.475484 -241.657609 668.888303
-1.598375 -2.364781 -2.076234 -1.598375 -2.364781 -2.076234 -0.201279 -0.152121 1.113429 -642.565057 -298.047661 627.000088
-1.827201 -2.510372 -1.301476 -1.827201 -2.510372 -1.301476 -0.548802 -0.334301 1.458831 -515.847237 -309.218008 524.339724
-2.238168 -2.763817 -0.341232 -2.238168 -2.763817 -0.341232 -0.802475 -0.505855 1.726257 -329.727294 -262.627670 367.080081
-2.765617 -3.109868 0.750326 -2.765617 -3.109868 0.750326 -0.933376 -0.639759 1.895152 -106.611069 -183.720679 195.903353
-3.331397 -3.518457 1.912314 -3.331397 -3.518457 1.912314 -0.930167 -0.708311 1.960868 117.308073 -44.785667 23.149612
-3.856575 -3.942571 3.083666 -3.856575 -3.942571 3.083666 -0.800748 -0.690511 1.928076 314.089945 104.120430 -132.454068
-4.271107 -4.329819 4.209601 -4.271107 -4.329819 4.209601 -0.565390 -0.586452 1.813259 470.434403 242.741026 -250.271188
-4.519397 -4.629769 5.247383 -4.519397 -4.629769 5.247383 -0.251796 -0.399667 1.637477 574.879045 379.877639 -335.669505
-4.564834 -4.794727 6.167503 -4.564834 -4.794727 6.167503 0.103942 -0.139423 1.426344 610.915353 487.603152 -368.104923
-4.393585 -4.787973 6.959438 -4.393585 -4.787973 6.959438 0.465085 0.166334 1.217420 592.896240 531.586901 -328.310546
-4.012151 -4.594326 7.634334 -4.012151 -4.594326 7.634334 0.799132 0.476091 1.038133 520.593393 500.936359 -269.312982
-3.446465 -4.223056 8.212749 -3.446465 -4.223056 8.212749 1.073985 0.753888 0.896603 395.583681 425.050791 -202.452269
-2.739806 -3.702274 8.719682 -2.739806 -3.702274 8.719682 1.266653 0.968618 0.802193 246.642917 290.718808 -112.246853
-1.943720 -3.079073 9.185705 -1.943720 -3.079073 9.185705 1.373129 1.091551 0.759405 108.277552 119.057005 -30.380299
-1.108174 -2.413083 9.638407 -1.108174 -2.413083 9.638407 1.398988 1.111129 0.753811 -22.082069 -53.797252 11.734546
-0.277872 -1.767890 10.094411 -0.277872 -1.767890 10.094411 1.360157 1.019848 0.768880 -107.355317 -250.474027 38.494249
0.515944 -1.210158 10.561889 0.515944 -1.210158 10.561889 1.280974 0.824108 0.788082 -156.588840 -401.990249 25.510768
1.255333 -0.794423 11.035993 1.255333 -0.794423 11.035993 1.181972 0.551053 0.786705 -173.416439 -508.193975 -30.100108
1.934760 -0.557501 11.499102 1.934760 -0.557501 11.499102 1.085215 0.234962 0.751165 -149.105929 -545.442343 -88.367292
2.562470 -0.513458 11.929968 2.562470 -0.513458 11.929968 1.012853 -0.086077 0.678511 -92.100390 -524.689537 -153.810776
3.157675 -0.655261 12.305491 3.157675 -0.655261 12.305491 0.977949 -0.379453 0.566736 -24.249186 -453.230316 -218.771922
3.744157 -0.954935 12.603790 3.744157 -0.954935 12.603790 0.983785 -0.603493 0.423652 43.704807 -293.570433 -258.176673
4.345028 -1.359347 12.812395 4.345028 -1.359347 12.812395 1.023674 -0.727006 0.273175 89.257155 -118.137044 -243.411657
4.976076 -1.806644 12.935411 4.976076 -1.806644 12.935411 1.081113 -0.747031 0.141755 102.207638 51.386204 -194.655889
5.642185 -2.234672 12.989957 5.642185 -2.234672 12.989957 1.137657 -0.661495 0.047615 86.269919 233.731946 -119.144292
6.336918 -2.579678 13.004470 6.336918 -2.579678 13.004470 1.172471 -0.472155 0.013077 29.776845 397.403174 4.018163
7.040503 -2.786892 13.022841 7.040503 -2.786892 13.022841 1.164053 -0.210983 0.064496 -57.835204 473.169568 167.379535
7.725176 -2.826057 13.098946 7.725176 -2.826057 13.098946 1.112607 0.084189 0.201320 -113.653070 510.736889 288.698663
8.372282 -2.683611 13.271704 8.372282 -2.683611 13.271704 1.044415 0.390631 0.374539 -113.653070 510.736889 288.698663
