-2.518441 3.242130 -4.045517 -2.518441 3.242130 -4.045517 1.583198 0.647902 2.410622 -59.385211 106.218760 -106.676075
-1.579212 3.649990 -2.618346 -1.579212 3.649990 -2.618346 1.547567 0.711633 2.346616 -59.385211 106.218760 -106.676075
-0.658410 4.092336 -1.239090 -0.658410 4.092336 -1.239090 1.526692 0.756594 2.235047 -10.199610 43.650053 -265.221509
0.259287 4.546930 0.041780 0.259287 4.546930 0.041780 1.538159 0.746687 2.013823 48.424675 -76.673028 -472.190662
1.193900 4.973383 1.156959 1.193900 4.973383 1.156959 1.582221 0.661894 1.689906 98.447429 -205.970782 -607.535429
2.164299 5.326897 2.058788 2.164299 5.326897 2.058788 1.658018 0.505576 1.311594 154.211133 -315.089571 -653.504975
3.189540 5.569813 2.730198 3.189540 5.569813 2.730198 1.763906 0.297953 0.929914 198.747613 -376.985425 -618.758702
4.283422 5.680611 3.181639 4.283422 5.680611 3.181639 1.881974 0.071183 0.583002 194.811327 -378.915094 -537.616200
5.445003 5.657109 3.442119 5.445003 5.657109 3.442119 1.985516 -0.146205 0.297681 150.330294 -345.713302 -413.452560
6.658372 5.512397 3.556849 6.658372 5.512397 3.556849 2.050714 -0.327432 0.102324 66.995458 -258.375256 -237.738656
7.894473 5.277000 3.585803 7.894473 5.277000 3.585803 2.058978 -0.444611 0.011445 -39.446374 -132.220380 -65.190421
9.114453 4.995418 3.589778 9.114453 4.995418 3.589778 1.993778 -0.479019 0.016539 -177.888604 17.527503 82.171242
10.269790 4.721103 3.622797 10.269790 4.721103 3.622797 1.842498 -0.418797 0.107364 -326.378589 183.211821 220.577943
11.309732 4.511746 3.732167 11.309732 4.511746 3.732167 1.612624 -0.264157 0.265952 -439.869189 332.252659 308.047371
12.192081 4.419726 3.948598 12.192081 4.419726 3.948598 1.318461 -0.031458 0.457834 -540.670938 443.412777 331.558761
12.884055 4.483863 4.282139 12.884055 4.483863 4.282139 0.985149 0.250573 0.652571 -570.371508 496.688682 317.565623
13.373791 4.723400 4.728046 13.373791 4.723400 4.728046 0.649494 0.547537 0.829124 -548.477588 493.192184 270.945143
13.669534 5.137410 5.269308 13.669534 5.137410 5.269308 0.344271 0.827019 0.966780 -468.931175 438.415208 187.907123
13.801449 5.704093 5.877529 13.801449 5.704093 5.877529 0.111711 1.047850 1.051172 -306.268702 297.686480 93.399696
13.824255 6.376560 6.520476 13.824255 6.376560 6.520476 -0.017516 1.177333 1.084372 -124.490951 133.924315 17.265559
13.803606 7.096033 7.170711 13.803606 7.096033 7.170711 -0.030861 1.202519 1.077251 80.007803 -49.971855 -40.999247
13.812761 7.797274 7.807429 13.812761 7.797274 7.807429 0.083496 1.116162 1.041388 301.182798 -237.883420 -78.545283
13.928382 8.413894 8.418898 13.928382 8.413894 8.418898 0.320759 0.922139 0.998134 489.693156 -408.858446 -65.636198
14.217086 8.885896 9.008016 14.217086 8.885896 9.008016 0.655094 0.638392 0.969011 624.756768 -536.966264 -31.440644
14.727119 9.169431 9.587308 14.727119 9.169431 9.587308 1.052552 0.301980 0.967870 700.106429 -584.405397 27.639823
15.484468 9.245811 10.176837 15.484468 9.245811 10.176837 1.471606 -0.046744 1.003614 696.738188 -578.008771 91.505539
16.488265 9.117530 10.799410 16.488265 9.117530 10.799410 1.866752 -0.374512 1.078185 620.417270 -514.552635 157.063954
17.710830 8.807446 11.477151 17.710830 8.807446 11.477151 2.193195 -0.647029 1.185218 467.725275 -393.838308 199.713835
19.099109 8.358005 12.223603 19.099109 8.358005 12.223603 2.414688 -0.834994 1.301910 270.583123 -232.711117 189.259013
20.582994 7.826773 13.036511 20.582994 7.826773 13.036511 2.508876 -0.916361 1.403940 43.377727 -38.510084 150.842473
22.081744 7.280907 13.901706 22.081744 7.280907 13.901706 2.462980 -0.885056 1.472841 -196.364413 142.860153 78.826765
23.511297 6.784465 14.792595 23.511297 6.784465 14.792595 2.280719 -0.754955 1.485114 -411.173247 290.810069 -37.917490
24.795507 6.389202 15.668312 24.795507 6.389202 15.668312 1.982962 -0.553648 1.419733 -581.349380 380.212496 -180.017472
25.874882 6.128702 16.478234 25.874882 6.128702 16.478234 1.605355 -0.309271 1.264150 -677.341447 434.376301 -338.595386
26.713858 6.021200 17.168176 26.713858 6.021200 17.168176 1.187374 -0.049280 1.022989 -715.928488 432.259245 -465.273408
27.298778 6.065264 17.692550 27.298778 6.065264 17.692550 0.764634 0.189202 0.715472 -693.203809 362.683640 -559.781894
27.639800 6.237431 18.017984 27.639800 6.237431 18.017984 0.383802 0.373629 0.364162 -576.234664 252.072870 -611.251076
27.775502 6.499020 18.126798 27.775502 6.499020 18.126798 0.083774 0.485064 -0.000881 -423.861576 119.376844 -605.559345
27.759042 6.803350 18.022372 27.759042 6.803350 18.022372 -0.122690 0.515707 -0.338700 -264.349691 -17.235801 -520.503793
27.648383 7.102200 17.734109 27.648383 7.102200 17.734109 -0.228611 0.468009 -0.607767 -88.719416 -141.756753 -376.386871
27.505434 7.350611 17.312947 27.505434 7.350611 17.312947 -0.230909 0.348563 -0.777359 81.057955 -256.394684 -188.920361
27.390141 7.511495 16.825101 27.390141 7.511495 16.825101 -0.138961 0.184210 -0.827838 225.435000 -291.449300 20.656070
27.351720 7.569559 16.345207 27.351720 7.569559 16.345207 0.018185 0.009334 -0.749991 298.384788 -291.471675 238.835002
27.417301 7.524251 15.950820 27.417301 7.524251 15.950820 0.202021 -0.157763 -0.543601 314.403162 -265.517618 449.131789
27.594314 7.387326 15.714266 27.594314 7.387326 15.714266 0.386698 -0.289447 -0.230307 301.185943 -173.428738 595.180032
27.877501 7.188189 15.688393 27.877501 7.188189 15.688393 0.552184 -0.364762 0.152692 250.435417 -77.620243 681.483028
28.248471 6.962761 15.903202 28.248471 6.962761 15.903202 0.675353 -0.374329 0.564220 160.125975 45.728988 690.278228
28.676768 6.751114 16.363411 28.676768 6.751114 16.363411 0.742741 -0.323300 0.965521 64.499696 124.368177 647.393455
29.134022 6.579520 17.059255 29.134022 6.579520 17.059255 0.781440 -0.248679 1.353958 64.499696 124.368177 647.393455
