-7.668886 4.669074 6.638715 -7.668886 4.669074 6.638715 0.014426 0.533277 -0.866206 -66.176481 -224.970621 -559.804963
-7.672143 4.948545 6.018227 -7.672143 4.948545 6.018227 -0.025280 0.398294 -1.202089 -66.176481 -224.970621 -559.804963
-7.689219 5.145298 5.205223 -7.689219 5.145298 5.205223 -0.014972 0.254669 -1.492901 100.536456 -253.778366 -409.570393
-7.667406 5.254669 4.249503 -7.667406 5.254669 4.249503 0.108848 0.113648 -1.669925 312.195720 -216.291768 -180.509470
-7.535023 5.288767 3.228927 -7.535023 5.288767 3.228927 0.350563 0.008079 -1.708874 493.522654 -135.605085 50.679175
-7.227620 5.274624 2.226546 -7.227620 5.274624 2.226546 0.687831 -0.046189 -1.609361 630.703217 -45.288272 281.032551
-6.696356 5.246098 1.324363 -6.696356 5.246098 1.324363 1.091446 -0.036669 -1.376505 714.680553 77.021593 495.154816
-5.911148 5.243623 0.596565 -5.911148 5.243623 0.596565 1.528743 0.037857 -1.034531 742.975534 171.396734 644.758201
-4.863597 5.300790 0.095724 -4.863597 5.300790 0.095724 1.957375 0.158701 -0.628569 685.798086 231.417727 708.445638
-3.574014 5.440162 -0.153651 -3.574014 5.440162 -0.153651 2.327425 0.310031 -0.202269 547.700418 273.016123 712.556426
-2.090296 5.673839 -0.150169 -2.090296 5.673839 -0.150169 2.599433 0.466418 0.208181 358.994114 248.271895 655.609243
-0.479514 5.994629 0.084275 -0.479514 5.994629 0.084275 2.747344 0.596633 0.559173 134.041068 185.780494 514.364653
1.178645 6.379982 0.500700 1.178645 6.379982 0.500700 2.755897 0.677765 0.809471 -105.528498 84.657961 319.962155
2.799640 6.793188 1.032027 2.799640 6.793188 1.032027 2.624837 0.685101 0.941707 -331.341030 -60.205525 120.824637
4.303668 7.185199 1.607472 4.303668 7.185199 1.607472 2.369871 0.607919 0.957559 -518.543025 -197.068282 -67.984121
5.624486 7.506594 2.158811 5.624486 7.506594 2.158811 2.019909 0.450254 0.861973 -647.996515 -328.481024 -250.635270
6.716140 7.711446 2.622171 6.716140 7.711446 2.622171 1.612849 0.222301 0.668042 -708.871469 -431.360283 -395.801229
7.557517 7.763401 2.946860 7.557517 7.763401 2.946860 1.193849 -0.055421 0.406100 -687.794734 -494.379632 -477.340652
8.155142 7.642169 3.103977 8.155142 7.642169 3.103977 0.806766 -0.347007 0.116590 -602.482097 -477.574766 -487.690847
8.539395 7.351473 3.088563 8.539395 7.351473 3.088563 0.488477 -0.616195 -0.163945 -458.480152 -419.718590 -447.426686
8.761739 6.913238 2.914368 8.761739 6.913238 2.914368 0.272309 -0.832866 -0.408860 -262.081685 -302.519846 -368.957369
8.890122 6.368454 2.609767 8.890122 6.368454 2.609767 0.175924 -0.967431 -0.594593 -59.202014 -146.028389 -250.153409
8.996767 5.772264 2.215866 8.996767 5.772264 2.215866 0.199133 -1.002284 -0.705275 136.567018 29.852037 -118.786240
9.150951 5.187812 1.777813 9.150951 5.187812 1.777813 0.331687 -0.926647 -0.744079 305.279525 222.270164 -10.559749
9.411167 4.681359 1.335042 9.411167 4.681359 1.335042 0.546120 -0.745650 -0.722529 409.496959 381.054375 82.394437
9.816577 4.309181 0.920841 9.816577 4.309181 0.920841 0.811959 -0.483905 -0.650666 476.632952 491.427812 157.145964
10.390125 4.111073 0.560221 10.390125 4.111073 0.560221 1.100835 -0.170162 -0.548909 486.284845 554.382201 182.045830
11.134633 4.107817 0.262654 11.134633 4.107817 0.262654 1.374986 0.157731 -0.444632 427.552327 538.596023 165.543125
12.031091 4.294779 0.023237 12.031091 4.294779 0.023237 1.604051 0.457769 -0.357484 335.998906 461.530221 124.952100
13.046896 4.645373 -0.172815 13.046896 4.645373 -0.172815 1.770124 0.698970 -0.302781 217.578741 342.472317 57.389397
14.140950 5.115706 -0.347773 14.140950 5.115706 -0.347773 1.864746 0.850984 -0.286441 97.825389 164.239796 -2.922256
15.270348 5.644818 -0.522095 15.270348 5.644818 -0.522095 1.888150 0.894321 -0.297854 -19.811707 -19.780943 -35.121214
16.394501 6.166040 -0.708374 16.394501 6.166040 -0.708374 1.850413 0.823405 -0.325149 -105.977985 -216.607882 -55.860351
17.483457 6.612228 -0.912656 17.483457 6.612228 -0.912656 1.775745 0.649113 -0.354358 -142.915645 -364.364152 -41.504924
18.522162 6.929612 -1.129809 18.522162 6.929612 -1.129809 1.684913 0.398000 -0.364596 -159.857838 -472.680843 7.379079
19.505794 7.079659 -1.342173 19.505794 7.079659 -1.342173 1.596293 0.096041 -0.334840 -135.542172 -533.846887 91.806050
20.442484 7.041763 -1.520606 20.442484 7.041763 -1.520606 1.531527 -0.221410 -0.250025 -80.343001 -524.323332 190.910307
21.350398 6.819286 -1.629738 21.350398 6.819286 -1.629738 1.500619 -0.512265 -0.102886 -22.682919 -445.192385 299.553973
22.249955 6.438649 -1.631483 22.249955 6.438649 -1.631483 1.503352 -0.745100 0.107183 31.790359 -330.924608 400.676340
23.159744 5.941317 -1.491760 23.159744 5.941317 -1.491760 1.532703 -0.897181 0.364044 66.048656 -176.011849 455.527011
24.091621 5.380902 -1.190703 24.091621 5.380902 -1.190703 1.574162 -0.954910 0.640542 72.145606 -16.420090 466.133299
25.047130 4.813907 -0.724368 25.047130 4.813907 -0.724368 1.607583 -0.920233 0.910748 39.258648 132.010545 434.552641
26.014437 4.293564 -0.105484 26.014437 4.293564 -0.105484 1.609587 -0.800852 1.142562 -32.576398 265.927428 338.161998
26.967925 3.864419 0.630927 26.967925 3.864419 0.630927 1.558039 -0.623799 1.295482 -139.251198 324.249169 171.569197
27.872815 3.549838 1.430735 27.872815 3.549838 1.430735 1.450146 -0.422583 1.356606 -220.391862 346.470542 32.179992
28.703232 3.358653 2.250492 28.703232 3.358653 2.250492 1.317911 -0.214700 1.375914 -220.391862 346.470542 32.179992
