-0.511613 3.821587 0.269907 -0.511613 3.821587 0.269907 -0.203505 -0.249572 2.210096 -588.044605 347.772739 -391.699490
-0.739565 3.734443 1.525458 -0.739565 3.734443 1.525458 -0.556332 -0.040908 1.975076 -588.044605 347.772739 -391.699490
-1.173413 3.768569 2.634765 -1.173413 3.768569 2.634765 -0.880166 0.148115 1.713891 -491.402805 282.305885 -478.916412
-1.781237 3.901956 3.573391 -1.781237 3.901956 3.573391 -1.131362 0.286015 1.409023 -345.916952 177.359668 -537.311576
-2.510610 4.098331 4.323299 -2.510610 4.098331 4.323299 -1.280368 0.356635 1.092688 -150.767170 58.040075 -517.138726
-3.291257 4.315392 4.890912 -3.291257 4.315392 4.890912 -1.297271 0.354623 0.807834 94.423325 -64.744678 -432.372714
-4.039177 4.510761 5.304276 -4.039177 4.510761 5.304276 -1.173387 0.287024 0.580860 318.523624 -160.584908 -324.207995
-4.674039 4.649541 5.601482 -4.674039 4.649541 5.601482 -0.923091 0.168023 0.421577 515.796053 -236.085201 -206.734436
-5.125115 4.706904 5.825305 -5.125115 4.706904 5.825305 -0.563940 0.021597 0.337977 681.373242 -252.002161 -71.933891
-5.336191 4.676250 6.021671 -5.336191 4.676250 6.021671 -0.131913 -0.120863 0.327460 758.714813 -222.864826 36.876900
-5.277564 4.566999 6.229326 -5.277564 4.566999 6.229326 0.329349 -0.237674 0.372292 778.826967 -166.505271 112.565019
-4.942723 4.399214 6.475859 -4.942723 4.399214 6.475859 0.781859 -0.313623 0.454310 729.539491 -86.657596 160.827328
-4.351094 4.202233 6.776730 -4.351094 4.202233 6.776730 1.175565 -0.331663 0.547485 582.814319 26.525055 149.757305
-3.552407 4.014510 7.130340 -3.552407 4.014510 7.130340 1.467461 -0.283247 0.628153 390.170190 134.859322 119.133577
-2.614466 3.873388 7.525008 -2.614466 3.873388 7.525008 1.637731 -0.179575 0.681296 177.398362 210.713103 58.012683
-1.613383 3.806156 7.940704 -1.613383 3.806156 7.940704 1.676737 -0.040224 0.698484 -47.379228 253.790269 -0.720155
-0.627817 3.828007 8.355697 -0.627817 3.828007 8.355697 1.588567 0.113571 0.678210 -246.519634 258.861012 -66.860510
0.270815 3.939602 8.748631 0.270815 3.939602 8.748631 1.389982 0.253173 0.628312 -415.430108 206.478705 -99.465945
1.023204 4.122711 9.107842 1.023204 4.122711 9.107842 1.106609 0.347257 0.569271 -529.146499 107.136092 -97.336690
1.590002 4.343693 9.433582 1.590002 4.343693 9.433582 0.779516 0.378254 0.519357 -561.164764 -3.815105 -69.043185
1.958194 4.562108 9.736087 1.958194 4.562108 9.736087 0.450280 0.336710 0.494522 -536.286467 -134.662190 -13.741303
2.137478 4.730841 10.035792 2.137478 4.730841 10.035792 0.156745 0.210646 0.513602 -442.165064 -285.552096 77.342073
2.158934 4.799999 10.364102 2.158934 4.799999 10.364102 -0.073565 0.010161 0.591143 -325.536154 -382.730970 181.128015
2.065251 4.734172 10.756945 2.065251 4.734172 10.756945 -0.223623 -0.234636 0.727594 -174.657757 -433.258803 273.709343
1.909628 4.514255 11.246859 1.909628 4.514255 11.246859 -0.278469 -0.500338 0.912267 -8.159720 -452.414285 341.864297
1.749622 4.136105 11.856393 1.749622 4.136105 11.856393 -0.240645 -0.754348 1.120578 134.237461 -394.286270 352.508106
1.635113 3.618321 12.591347 1.635113 3.618321 12.591347 -0.131523 -0.961940 1.327859 229.504214 -297.688447 338.428326
1.601343 2.996456 13.444589 1.601343 2.996456 13.444589 0.025345 -1.096141 1.508963 293.389028 -149.646098 265.250022
1.671533 2.323007 14.390051 1.671533 2.323007 14.390051 0.212242 -1.130069 1.629812 329.600399 36.551444 137.580826
1.856414 1.662257 15.383379 1.856414 1.662257 15.383379 0.401040 -1.054577 1.665741 299.726850 215.087167 -17.816584
2.146963 1.077485 16.367562 2.146963 1.077485 16.367562 0.560747 -0.879230 1.594775 232.628201 369.402828 -218.736158
2.521261 0.623669 17.273947 2.521261 0.623669 17.273947 0.680207 -0.621438 1.407996 165.573657 489.904635 -403.860209
2.955478 0.343707 18.036566 2.955478 0.343707 18.036566 0.761001 -0.303906 1.118260 103.739336 568.537022 -561.927247
3.426688 0.263771 18.599599 3.426688 0.263771 18.599599 0.802924 0.037571 0.747223 36.003117 569.718346 -674.863538
3.912392 0.384302 18.923697 3.912392 0.384302 18.923697 0.811873 0.356595 0.328504 -6.171267 493.694187 -720.866642
4.399527 0.679974 18.992189 4.399527 0.679974 18.992189 0.813779 0.617066 -0.098286 12.522447 374.543522 -701.765883
4.892236 1.107880 18.811298 4.892236 1.107880 18.811298 0.832235 0.793035 -0.497355 48.997637 212.019098 -628.463137
5.402900 1.610237 18.409379 5.402900 1.610237 18.409379 0.874150 0.862109 -0.826349 90.721251 18.229575 -468.184768
5.948259 2.119843 17.842494 5.948259 2.119843 17.842494 0.951276 0.818339 -1.041273 166.365484 -164.129262 -248.228904
6.554313 2.570982 17.186122 6.554313 2.570982 17.186122 1.077810 0.668255 -1.124844 255.412234 -336.152638 -30.341598
7.250808 2.904211 16.520355 7.250808 2.904211 16.520355 1.250231 0.430482 -1.070045 319.325885 -456.424613 213.005083
8.060006 3.076564 15.929153 8.060006 3.076564 15.929153 1.449727 0.137729 -0.879821 345.661979 -519.417823 421.076393
8.990805 3.065653 15.486526 8.990805 3.065653 15.486526 1.650843 -0.174189 -0.579815 324.723505 -520.307482 578.941489
10.035942 2.871942 15.248133 10.035942 2.871942 15.248133 1.826582 -0.464085 -0.206017 261.073049 -446.014539 667.052037
11.174139 2.519694 15.246562 11.174139 2.519694 15.246562 1.959496 -0.699263 0.204066 181.972640 -337.912995 699.893068
12.382591 2.039312 15.494983 12.382591 2.039312 15.494983 2.068679 -0.902011 0.624002 181.972640 -337.912995 699.893068
