3.306107 1.433550 9.810579 3.306107 1.433550 9.810579 2.740371 0.733358 0.295295 -276.635972 127.672341 -736.558665
4.900535 1.896546 9.855175 4.900535 1.896546 9.855175 2.574389 0.809962 -0.146641 -276.635972 127.672341 -736.558665
6.385172 2.401274 9.638934 6.385172 2.401274 9.638934 2.357398 0.865417 -0.566954 -446.667471 57.178161 -664.486672
7.707640 2.922982 9.188198 7.707640 2.922982 9.188198 2.031543 0.860550 -0.920428 -639.514943 -73.402050 -513.757622
8.805419 3.418863 8.554281 8.805419 3.418863 8.554281 1.617661 0.780327 -1.174602 -740.092020 -194.007116 -333.491962
9.642017 3.845754 7.800996 9.642017 3.845754 7.800996 1.169696 0.632007 -1.317172 -753.124708 -300.391849 -141.739876
10.210511 4.166171 6.997597 10.210511 4.166171 6.997597 0.729015 0.428185 -1.340129 -715.813467 -379.015657 65.214969
10.526098 4.354012 6.215315 10.526098 4.354012 6.215315 0.334647 0.196539 -1.250716 -598.745829 -393.137071 232.830912
10.630964 4.402881 5.513869 10.630964 4.402881 5.513869 0.034662 -0.030788 -1.075648 -401.205809 -364.618427 350.727822
10.592777 4.323284 4.936775 10.592777 4.323284 4.936775 -0.139899 -0.227024 -0.839388 -180.661795 -289.503682 436.806247
10.489924 4.142847 4.512819 10.489924 4.142847 4.512819 -0.180268 -0.361286 -0.572048 46.097556 -158.036682 454.326824
10.403088 3.907154 4.248292 10.403088 3.907154 4.248292 -0.087473 -0.408483 -0.314837 263.219138 0.714216 403.041488
10.408966 3.672169 4.126907 10.408966 3.672169 4.126907 0.125372 -0.358171 -0.098161 446.262876 166.992430 319.211717
10.572956 3.496931 4.119632 10.572956 3.496931 4.119632 0.435327 -0.209949 0.064184 586.921974 327.081080 221.940967
10.943402 3.436581 4.191434 10.943402 3.436581 4.191434 0.805498 0.020023 0.164058 646.979908 439.492809 110.970688
11.541611 3.531262 4.303589 11.541611 3.531262 4.303589 1.185956 0.301515 0.199369 621.215943 498.814114 6.734368
12.360259 3.803308 4.419321 12.360259 3.803308 4.419321 1.534962 0.607551 0.177899 542.136815 521.305264 -78.303477
13.370908 4.257825 4.509616 13.370908 4.257825 4.509616 1.820680 0.901095 0.119170 410.257321 457.175450 -117.458441
14.526514 4.873707 4.559574 14.526514 4.873707 4.559574 2.013589 1.140064 0.046689 232.770650 339.385586 -124.143296
15.765903 5.609118 4.567080 15.765903 5.609118 4.567080 2.099939 1.295112 -0.018608 55.064233 177.443809 -93.514259
17.025382 6.407093 4.542148 17.025382 6.407093 4.542148 2.080996 1.346417 -0.059390 -118.208859 -6.429380 -42.427798
18.243300 7.202046 4.502410 18.243300 7.202046 4.502410 1.963062 1.283861 -0.067178 -274.905160 -202.089775 16.470507
19.365346 7.925495 4.468937 19.365346 7.925495 4.468937 1.766579 1.110151 -0.037951 -380.038378 -376.943040 80.951785
20.354466 8.516406 4.462744 20.354466 8.516406 4.462744 1.526454 0.847334 0.020647 -420.376815 -499.113503 114.373111
21.194672 8.930346 4.496079 21.194672 8.930346 4.496079 1.274233 0.524768 0.091071 -420.361097 -576.105889 120.375245
21.886315 9.140321 4.571409 21.886315 9.140321 4.571409 1.035860 0.173170 0.158395 -374.213851 -595.889941 104.036737
22.444734 9.141207 4.680662 22.444734 9.141207 4.680662 0.832639 -0.163143 0.198267 -303.189774 -525.150833 28.870754
22.895238 8.955796 4.798937 22.895238 8.955796 4.798937 0.678194 -0.443227 0.186181 -211.627154 -408.462338 -69.157855
23.270352 8.625479 4.891439 23.270352 8.625479 4.891439 0.582673 -0.642590 0.110892 -106.777708 -256.081639 -181.803725
23.604823 8.204017 4.919181 23.604823 8.204017 4.919181 0.539041 -0.745306 -0.028532 -38.661298 -86.305493 -282.942948
23.923656 7.752435 4.845503 23.923656 7.752435 4.845503 0.527682 -0.741409 -0.226443 0.798994 99.295419 -376.761568
24.241791 7.334247 4.638191 24.241791 7.334247 4.638191 0.535071 -0.637908 -0.470647 23.830429 245.709323 -437.250707
24.565901 7.002807 4.276459 24.565901 7.002807 4.276459 0.543261 -0.455099 -0.736192 3.469661 363.651025 -447.901412
24.888965 6.798930 3.757466 24.888965 6.798930 3.757466 0.527753 -0.218280 -0.988209 -55.162266 425.748358 -392.154969
25.192161 6.743745 3.100403 25.192161 6.743745 3.100403 0.477024 0.032909 -1.191247 -113.935675 411.547142 -284.637284
25.454343 6.834113 2.343697 25.454343 6.834113 2.343697 0.391044 0.262555 -1.315649 -172.664547 353.939387 -130.034878
25.654791 7.049184 1.543371 25.654791 7.049184 1.543371 0.271949 0.444065 -1.331321 -224.318345 251.093409 77.794241
25.776807 7.353685 0.768822 25.776807 7.353685 0.768822 0.133477 0.559048 -1.233440 -237.254858 132.183198 248.474438
25.814187 7.712907 0.073484 25.814187 7.712907 0.073484 -0.008876 0.638358 -1.084356 -237.254858 132.183198 248.474438
