8.009992 -1.364821 -8.813875 8.009992 -1.364821 -8.813875 -0.027579 -0.309381 -0.383106 633.055347 318.225019 -35.451021
8.107395 -1.493169 -9.050119 8.107395 -1.493169 -9.050119 0.352255 -0.118446 -0.404376 633.055347 318.225019 -35.451021
8.433018 -1.511820 -9.291725 8.433018 -1.511820 -9.291725 0.733688 0.048166 -0.388639 638.390785 237.148212 87.909325
8.984641 -1.448274 -9.498442 8.984641 -1.448274 -9.498442 1.099219 0.150255 -0.282678 580.045564 103.145977 265.292137
9.741378 -1.346285 -9.611242 9.741378 -1.346285 -9.611242 1.411232 0.178491 -0.078235 459.998033 -9.025600 416.184513
10.660100 -1.246865 -9.575736 10.660100 -1.246865 -9.575736 1.633147 0.142827 0.209148 279.716974 -109.852602 541.760210
11.678602 -1.185232 -9.347241 11.678602 -1.185232 -9.347241 1.742302 0.055465 0.561649 84.132602 -181.353508 633.244414
12.728639 -1.186820 -8.894162 12.728639 -1.186820 -8.894162 1.740338 -0.064463 0.952123 -90.679124 -218.407558 668.333295
13.746399 -1.263922 -8.205223 13.746399 -1.263922 -8.205223 1.635330 -0.191067 1.339950 -259.348011 -203.605967 624.425083
14.673010 -1.411955 -7.295647 14.673010 -1.411955 -7.295647 1.440203 -0.296946 1.680651 -391.075314 -149.325627 511.245738
15.462699 -1.612799 -6.204835 15.462699 -1.612799 -6.204835 1.185360 -0.365531 1.939383 -458.399126 -79.288794 351.192078
16.090208 -1.839179 -4.990738 16.090208 -1.839179 -4.990738 0.904345 -0.377051 2.086365 -478.318881 40.887152 138.748591
16.549005 -2.051266 -3.727788 16.549005 -2.051266 -3.727788 0.628790 -0.318601 2.100395 -440.198405 153.945695 -91.980885
16.852163 -2.210176 -2.497604 16.852163 -2.210176 -2.497604 0.390270 -0.203531 1.977722 -354.866675 229.621942 -316.931165
17.028185 -2.287584 -1.379432 17.028185 -2.287584 -1.379432 0.206030 -0.048864 1.730495 -259.268883 285.935608 -507.158327
17.110551 -2.264271 -0.440867 17.110551 -2.264271 -0.440867 0.077551 0.128515 1.383984 -168.994075 305.326124 -647.877685
17.133488 -2.134699 0.268589 17.133488 -2.134699 0.268589 0.010280 0.299234 0.973676 -55.241171 263.736635 -719.816562
17.133827 -1.912721 0.724255 17.133827 -1.912721 0.724255 -0.002292 0.432302 0.546922 13.334921 179.824653 -702.694469
17.136643 -1.628062 0.930902 17.136643 -1.628062 0.930902 0.014664 0.504743 0.150198 43.182770 61.645452 -619.719959
17.152884 -1.321928 0.918204 17.152884 -1.321928 0.918204 0.038923 0.502688 -0.177971 37.682682 -68.494944 -474.176856
17.182321 -1.041625 0.738001 17.182321 -1.041625 0.738001 0.058032 0.416688 -0.402816 26.014460 -218.172012 -275.308102
17.218777 -0.838314 0.459902 17.218777 -0.838314 0.459902 0.058413 0.248631 -0.502269 -24.745511 -342.016654 -56.201152
17.244524 -0.755238 0.162614 17.244524 -0.755238 0.162614 0.019332 0.020721 -0.465042 -105.526055 -417.685253 180.292401
17.234115 -0.818775 -0.072393 17.234115 -0.818775 -0.072393 -0.059050 -0.233823 -0.299043 -155.747515 -430.793743 373.037539
17.169758 -1.035082 -0.176627 17.169758 -1.035082 -0.176627 -0.156962 -0.484650 -0.034993 -170.623460 -405.295197 507.128578
17.043942 -1.394206 -0.100086 17.043942 -1.394206 -0.100086 -0.263969 -0.704733 0.300551 -186.068941 -328.316615 611.352449
16.854640 -1.867268 0.191760 16.854640 -1.867268 0.191760 -0.362750 -0.857347 0.674720 -143.197943 -180.397579 635.875294
16.616604 -2.404116 0.707738 16.616604 -2.404116 0.707738 -0.421723 -0.915424 1.039688 -53.381814 -13.192302 580.686525
16.360549 -2.943925 1.429389 16.360549 -2.943925 1.429389 -0.420813 -0.864243 1.354674 56.416279 183.795692 469.265156
16.124648 -3.420740 2.318929 16.124648 -3.420740 2.318929 -0.354803 -0.710724 1.597574 163.617374 327.934956 340.403168
15.941217 -3.788146 3.338746 15.941217 -3.788146 3.338746 -0.256633 -0.513963 1.801816 163.617374 327.934956 340.403168
