2.382263 -4.157301 -2.930068 2.382263 -4.157301 -2.930068 1.221245 -0.003792 2.453034 -451.313266 250.364274 -134.964180
3.033773 -4.114510 -1.482541 3.033773 -4.114510 -1.482541 0.950457 0.146426 2.372055 -451.313266 250.364274 -134.964180
3.518280 -3.988718 -0.094484 3.518280 -3.988718 -0.094484 0.657014 0.261003 2.236668 -526.831178 131.556747 -316.327404
3.814748 -3.816608 1.178385 3.814748 -3.816608 1.178385 0.326362 0.299075 1.985907 -575.342166 -4.649258 -519.542616
3.910541 -3.643069 2.269314 3.910541 -3.643069 2.269314 -0.001158 0.270943 1.638695 -516.388401 -89.124660 -637.828466
3.822008 -3.501470 3.135846 3.822008 -3.501470 3.135846 -0.285432 0.192846 1.246615 -431.191477 -171.198766 -669.106759
3.581155 -3.419036 3.764972 3.581155 -3.419036 3.764972 -0.504045 0.077838 0.853134 -297.518627 -212.159579 -642.496536
3.233635 -3.410092 4.166738 3.233635 -3.410092 4.166738 -0.640253 -0.047308 0.495314 -156.510330 -204.994442 -550.236401
2.830458 -3.471591 4.373596 2.830458 -3.471591 4.373596 -0.688426 -0.151380 0.208734 -4.063666 -141.911275 -405.028174
2.422695 -3.583620 4.436276 2.422695 -3.583620 4.436276 -0.660745 -0.214812 0.017436 96.331671 -69.529781 -232.633699
2.048512 -3.718358 4.415738 2.048512 -3.718358 4.415738 -0.578327 -0.223209 -0.067770 178.396300 41.539343 -51.385334
1.736525 -3.837898 4.376477 1.736525 -3.837898 4.376477 -0.456796 -0.163743 -0.045353 226.704669 156.680947 126.108672
1.502945 -3.904080 4.379191 1.502945 -3.904080 4.379191 -0.322319 -0.050430 0.066447 221.554547 221.030490 246.557187
1.349434 -3.894553 4.463440 1.349434 -3.894553 4.463440 -0.189386 0.082189 0.214381 221.554547 221.030490 246.557187
