-9.939280 -3.826213 6.588677 -9.939280 -3.826213 6.588677 -0.884199 0.532386 0.673664 501.295996 389.912107 -685.581190
-10.379566 -3.436597 6.869471 -10.379566 -3.436597 6.869471 -0.583422 0.766333 0.262316 501.295996 389.912107 -685.581190
-10.633077 -2.908028 6.899863 -10.633077 -2.908028 6.899863 -0.251104 0.993207 -0.166999 606.430265 366.334033 -745.465888
-10.669750 -2.252326 6.665853 -10.669750 -2.252326 6.665853 0.136918 1.182192 -0.612408 686.975372 263.616409 -739.233676
-10.463051 -1.504997 6.170473 -10.463051 -1.504997 6.170473 0.553565 1.293175 -1.030313 701.846761 106.326215 -653.781834
-10.008416 -0.718922 5.443894 -10.008416 -0.718922 5.443894 0.955490 1.312125 -1.376137 637.902802 -43.158748 -498.964013
-9.328233 0.050186 4.540581 -9.328233 0.050186 4.540581 1.298564 1.234237 -1.614603 505.679586 -216.468943 -295.924044
-8.467212 0.742093 3.533512 -8.467212 0.742093 3.533512 1.556277 1.056002 -1.717358 353.362272 -377.649101 -46.591917
-7.480768 1.301134 2.508682 -7.480768 1.301134 2.508682 1.713655 0.796495 -1.675457 171.233271 -487.371840 186.262328
-6.431394 1.688390 1.549181 -6.431394 1.688390 1.549181 1.768188 0.489501 -1.502470 10.542203 -535.943187 390.361995
-5.377508 1.886484 0.727512 -5.377508 1.886484 0.727512 1.729895 0.172255 -1.220517 -138.187312 -521.543630 549.479980
-4.371015 1.899624 0.100055 -4.371015 1.899624 0.100055 1.614131 -0.122351 -0.861092 -247.691557 -460.474518 648.605228
-3.449563 1.750798 -0.298724 -3.449563 1.750798 -0.298724 1.453304 -0.361282 -0.466296 -288.397488 -335.963820 667.378178
-2.629471 1.484424 -0.460233 -2.629471 1.484424 -0.460233 1.280370 -0.508520 -0.075162 -288.048402 -154.830977 636.403312
-1.911425 1.162661 -0.396858 -1.911425 1.162661 -0.396858 1.115904 -0.545322 0.276275 -260.173469 32.158696 535.053877
-1.284296 0.852758 -0.145095 -1.284296 0.852758 -0.145095 0.981893 -0.468518 0.545751 -186.530736 223.856108 363.200003
-0.723281 0.621232 0.237265 -0.723281 0.621232 0.237265 0.897248 -0.287754 0.711334 -95.617735 378.688275 188.740753
-0.197859 0.524098 0.688013 -0.197859 0.524098 0.688013 0.861296 -0.023766 0.774452 -24.221640 501.271711 21.652912
0.318908 0.602963 1.146783 0.318908 0.602963 1.146783 0.868510 0.291478 0.738450 48.268152 549.542383 -141.658886
0.851595 0.876647 1.556949 0.851595 0.876647 1.556949 0.911932 0.620602 0.616429 96.472460 547.537923 -265.078562
1.416333 1.343103 1.875036 1.416333 1.343103 1.875036 0.970887 0.926813 0.437102 100.042891 473.165981 -332.678105
2.014333 1.976460 2.075873 2.014333 1.976460 2.075873 1.018213 1.171208 0.229788 57.711682 341.485311 -358.365857
2.632488 2.730945 2.150536 2.632488 2.730945 2.150536 1.037033 1.327564 0.021245 5.019603 179.699570 -336.779915
3.252309 3.549503 2.106902 3.252309 3.549503 2.106902 1.023535 1.383752 -0.159622 -50.012431 7.595456 -266.110429
3.853008 4.370623 1.968497 3.853008 4.370623 1.968497 0.971428 1.335816 -0.292948 -123.678096 -167.384000 -178.309269
4.410545 5.132865 1.766774 4.410545 5.132865 1.766774 0.881933 1.189794 -0.369227 -174.638766 -319.354893 -75.953694
4.907022 5.784162 1.536349 4.907022 5.784162 1.536349 0.770913 0.972704 -0.390882 -195.426538 -404.277654 3.769500
5.335395 6.293216 1.306114 5.335395 6.293216 1.306114 0.658665 0.721141 -0.370542 -178.734883 -434.268649 64.033559
5.702275 6.648043 1.097019 5.702275 6.648043 1.097019 0.570690 0.462135 -0.323602 -114.513083 -429.083936 92.430718
6.030806 6.851833 0.918770 6.030806 6.851833 0.918770 0.535630 0.223410 -0.271770 -2.354652 -366.665806 80.344869
6.359709 6.927114 0.768452 6.359709 6.927114 0.768452 0.573963 0.039582 -0.232152 130.130833 -246.094342 51.713656
6.735698 6.913801 0.635385 6.735698 6.913801 0.635385 0.692981 -0.071899 -0.216546 266.597262 -125.509517 0.308104
7.207915 6.856318 0.501109 7.207915 6.856318 0.501109 0.895143 -0.105964 -0.238384 407.275628 11.960483 -73.103117
7.824790 6.801561 0.341223 7.824790 6.801561 0.341223 1.171903 -0.065444 -0.300727 515.257463 123.106696 -134.707410
8.624664 6.789065 0.135142 8.624664 6.789065 0.135142 1.500986 0.031474 -0.388538 581.684170 199.954106 -157.993971
9.630249 6.846848 -0.126263 9.630249 6.846848 -0.126263 1.851450 0.165982 -0.482556 586.531632 248.406075 -155.401820
10.842742 6.989943 -0.441460 10.842742 6.989943 -0.441460 2.183604 0.308987 -0.564252 520.648059 228.276230 -116.915441
12.239450 7.213414 -0.795138 12.239450 7.213414 -0.795138 2.460139 0.430899 -0.604811 401.133151 178.097546 -18.283446
13.777650 7.499399 -1.154936 13.777650 7.499399 -1.154936 2.650385 0.514698 -0.583882 233.020589 101.230305 88.046354
15.397260 7.819929 -1.481010 15.397260 7.819929 -1.481010 2.727374 0.542887 -0.489017 23.612086 -7.267075 228.171265
17.023925 8.137349 -1.725435 17.023925 8.137349 -1.725435 2.671490 0.503507 -0.312545 -209.893013 -123.997656 360.068514
18.576555 8.412385 -1.840617 18.576555 8.412385 -1.840617 2.483140 0.405361 -0.058841 -417.941593 -203.154466 485.612464
19.981005 8.616211 -1.783291 19.981005 8.616211 -1.783291 2.181351 0.269355 0.258630 -588.022065 -250.199353 572.622829
21.176548 8.731711 -1.523755 21.176548 8.731711 -1.523755 1.791419 0.113848 0.608636 -711.749351 -268.158937 594.064243
22.121285 8.754654 -1.055287 22.121285 8.754654 -1.055287 1.354375 -0.032530 0.946848 -745.065296 -219.766272 533.307783
22.802438 8.700335 -0.395047 22.802438 8.700335 -0.395047 0.920535 -0.140609 1.247510 -701.066310 -140.498362 468.900122
23.228568 8.590680 0.437861 23.228568 8.590680 0.437861 0.499896 -0.224908 1.528850 -701.066310 -140.498362 468.900122
