-8.535457 4.995819 1.690099 -8.535457 4.995819 1.690099 2.405819 -0.292997 1.367038 -337.281202 -158.698504 124.338290
-7.152676 4.791455 2.532702 -7.152676 4.791455 2.532702 2.203451 -0.388216 1.441640 -337.281202 -158.698504 124.338290
-5.899904 4.538411 3.418255 -5.899904 4.538411 3.418255 1.958145 -0.441178 1.507184 -480.404566 -17.840925 94.138443
-4.819549 4.281378 4.333646 -4.819549 4.281378 4.333646 1.629608 -0.397460 1.534345 -614.720132 163.568497 -3.599768
-3.954811 4.078988 5.246855 -3.954811 4.078988 5.246855 1.248890 -0.266100 1.498434 -654.337875 274.297011 -116.103899
-3.320018 3.972940 6.116659 -3.320018 3.972940 6.116659 0.872485 -0.080329 1.386986 -600.344458 344.940379 -255.389933
-2.898607 3.987952 6.895774 -2.898607 3.987952 6.895774 0.542185 0.132237 1.198221 -500.658348 363.613232 -373.826384
-2.654616 4.130464 7.541999 -2.654616 4.130464 7.541999 0.285784 0.339001 0.946831 -354.010183 325.599946 -464.140643
-2.536044 4.387568 8.022512 -2.536044 4.387568 8.022512 0.127496 0.509839 0.648144 -173.616419 243.858898 -531.482889
-2.479743 4.730503 8.315307 -2.479743 4.730503 8.315307 0.078599 0.621840 0.327133 10.627368 129.477372 -538.552364
-2.420095 5.120134 8.419180 -2.420095 5.120134 8.419180 0.137852 0.665632 0.026661 186.882310 16.497821 -463.022983
-2.296191 5.514832 8.359116 -2.296191 5.514832 8.359116 0.287751 0.637272 -0.214732 312.781771 -111.030538 -341.617557
-2.061801 5.872134 8.178298 -2.061801 5.872134 8.178298 0.502614 0.545276 -0.372142 403.427381 -195.625951 -183.083324
-1.685682 6.160917 7.933764 -1.685682 6.160917 7.933764 0.754338 0.412050 -0.423459 435.653340 -248.457600 12.024768
-1.156465 6.362942 7.695148 -1.156465 6.362942 7.695148 1.006712 0.260565 -0.349771 405.590799 -256.494518 233.603758
-0.482742 6.475097 7.538820 -0.482742 6.475097 7.538820 1.233515 0.116590 -0.152181 350.420612 -223.421582 425.028799
0.315272 6.509582 7.532931 0.315272 6.509582 7.532931 1.417914 0.006273 0.147408 264.242074 -144.301399 573.601313
1.207020 6.493616 7.730957 1.207020 6.493616 7.730957 1.543637 -0.049083 0.523238 154.833739 -40.220145 679.165669
2.155409 6.462746 8.168136 2.155409 6.462746 8.168136 1.608221 -0.044117 0.935667 60.448558 56.773724 695.596301
3.127005 6.452278 8.851826 3.127005 6.452278 8.851826 1.623404 0.018862 1.338440 -9.840522 153.158275 646.982567
4.097023 6.495601 9.763640 4.097023 6.495601 9.763640 1.606236 0.132942 1.688092 -47.384047 227.108812 518.522695
5.051989 6.617757 10.859012 5.051989 6.617757 10.859012 1.576572 0.276760 1.945118 -51.496346 252.284190 338.231021
5.989403 6.828061 12.073460 5.989403 6.828061 12.073460 1.549376 0.422317 2.080535 -39.157924 232.903158 113.158829
6.915191 7.118709 13.328351 6.915191 7.118709 13.328351 1.541935 0.538733 2.079440 14.353187 155.151279 -116.809797
7.847405 7.463961 14.540694 7.847405 7.463961 14.540694 1.572892 0.602250 1.937878 88.838951 56.571329 -355.061604
8.810019 7.828064 15.628308 8.810019 7.828064 15.628308 1.640638 0.599044 1.668833 136.979273 -67.255872 -541.756291
9.821238 8.166570 16.524357 9.821238 8.166570 16.524357 1.733723 0.514618 1.305107 173.304069 -214.165957 -670.663194
10.893007 8.429678 17.182310 10.893007 8.429678 17.182310 1.839410 0.350554 0.880747 178.986693 -332.711714 -743.870427
12.026169 8.574881 17.578972 12.026169 8.574881 17.578972 1.933292 0.124722 0.444976 133.954069 -420.062621 -708.699625
13.206799 8.571004 17.723133 13.206799 8.571004 17.723133 1.996381 -0.142813 0.043465 76.342210 -471.720063 -629.670259
14.418369 8.400407 17.635871 14.418369 8.400407 17.635871 2.042186 -0.425845 -0.334337 76.342210 -471.720063 -629.670259
