2.251981 2.637113 -0.044422 2.251981 2.637113 -0.044422 0.278079 0.763122 -0.327166 268.331906 -539.706293 -152.936685
2.467128 2.997839 -0.268250 2.467128 2.997839 -0.268250 0.439078 0.439298 -0.418928 268.331906 -539.706293 -152.936685
2.772852 3.168281 -0.536262 2.772852 3.168281 -0.536262 0.569964 0.135524 -0.456326 167.955058 -472.876755 28.276127
3.136888 3.170467 -0.789753 3.136888 3.170467 -0.789753 0.629866 -0.118257 -0.363287 31.717710 -373.057075 281.853099
3.513638 3.041877 -0.944195 3.513638 3.041877 -0.944195 0.614504 -0.294518 -0.130191 -82.923940 -214.482156 495.132916
3.863694 2.837132 -0.924599 3.863694 2.837132 -0.924599 0.546148 -0.370343 0.209825 -144.928628 -38.267172 638.253979
4.163458 2.617499 -0.678513 4.163458 2.617499 -0.678513 0.450002 -0.345998 0.619305 -175.557977 119.416446 726.681096
4.402490 2.440084 -0.175131 4.402490 2.440084 -0.175131 0.347821 -0.230902 1.060292 -165.046731 264.237535 743.273740
4.583681 2.353710 0.590040 4.583681 2.353710 0.590040 0.259826 -0.049340 1.482293 -128.268338 340.971098 663.395999
4.719910 2.387594 1.590749 4.719910 2.387594 1.590749 0.199975 0.165810 1.839941 -71.234974 376.195006 528.765320
4.831161 2.554747 2.778643 4.831161 2.554747 2.778643 0.177671 0.391287 2.100956 -3.114165 375.394793 341.283366
4.940940 2.853574 4.087709 4.940940 2.853574 4.087709 0.194492 0.598939 2.241034 59.184318 316.778731 125.643175
5.069359 3.262559 5.442448 5.069359 3.262559 5.442448 0.235355 0.752016 2.253937 77.027648 193.477789 -82.633112
5.224495 3.741159 6.767445 5.224495 3.741159 6.767445 0.281860 0.830923 2.141901 77.986589 69.545363 -290.819045
5.405673 4.245521 7.991308 5.405673 4.245521 7.991308 0.318774 0.839098 1.922760 45.059882 -42.296712 -439.652510
5.600496 4.734685 9.059357 5.600496 4.734685 9.059357 0.323052 0.780312 1.626620 -30.798623 -153.654995 -547.478324
5.784061 5.171030 9.934983 5.784061 5.171030 9.934983 0.280962 0.667198 1.289131 -109.502740 -223.392508 -577.487692
5.926486 5.528790 10.606347 5.926486 5.528790 10.606347 0.183050 0.521424 0.951805 -216.870786 -262.520706 -546.931135
5.991523 5.795133 11.083352 5.991523 5.795133 11.083352 0.024146 0.367625 0.645497 -312.808704 -250.144128 -474.094178
5.947000 5.974276 11.392492 5.947000 5.974276 11.392492 -0.177059 0.235505 0.396933 -357.874027 -190.253677 -354.454028
5.774554 6.086412 11.575075 5.774554 6.086412 11.575075 -0.400749 0.146746 0.225386 -387.759445 -105.609588 -217.368199
5.466114 6.162163 11.679582 5.466114 6.162163 11.679582 -0.624378 0.116947 0.136975 -357.668972 6.277923 -77.336050
5.032388 6.239833 11.755256 5.032388 6.239833 11.755256 -0.812570 0.152572 0.127618 -269.639474 112.471623 46.145477
4.504768 6.355708 11.844415 4.504768 6.355708 11.844415 -0.932070 0.240491 0.176720 -128.691961 180.592809 117.527551
3.933757 6.536061 11.974503 3.933757 6.536061 11.974503 -0.952309 0.366606 0.261742 61.227560 239.791274 165.881238
3.382118 6.798028 12.161888 3.382118 6.798028 12.161888 -0.871944 0.504683 0.363675 206.655232 220.465942 173.894325
2.896149 7.140522 12.411394 2.896149 7.140522 12.411394 -0.747951 0.636963 0.468012 206.655232 220.465942 173.894325
