8.745788 5.166972 8.535077 8.745788 5.166972 8.535077 0.047959 -0.302410 -0.465447 -17.320741 26.231138 -6.282694
8.771445 4.990248 8.254678 8.771445 4.990248 8.254678 0.037566 -0.286671 -0.469217 -17.320741 26.231138 -6.282694
8.797127 4.829294 7.980944 8.797127 4.829294 7.980944 0.058474 -0.239294 -0.428351 87.013789 131.694513 142.502548
8.854830 4.716291 7.760249 8.854830 4.716291 7.760249 0.145464 -0.125938 -0.289525 202.951066 246.157668 320.250632
8.984371 4.686560 7.653146 8.984371 4.686560 7.653146 0.295893 0.029373 -0.052535 298.481218 271.545233 469.716594
9.220337 4.752084 7.711831 9.220337 4.752084 7.711831 0.498495 0.187411 0.257577 376.856547 255.248818 563.990028
9.587930 4.907545 7.969926 9.587930 4.907545 7.969926 0.727924 0.325909 0.606124 387.907649 206.410396 597.833914
10.093723 5.135175 8.439825 10.093723 5.135175 8.439825 0.956741 0.424410 0.957899 374.816865 121.926579 574.747556
10.730244 5.405103 9.112102 10.730244 5.405103 9.112102 1.156679 0.464239 1.273161 291.642160 10.837500 476.125929
11.469091 5.678674 9.951512 11.469091 5.678674 9.951512 1.293387 0.436129 1.507894 164.052049 -104.538481 306.317098
12.263924 5.916803 10.899128 12.263924 5.916803 10.899128 1.338176 0.349747 1.630398 -14.756758 -183.401733 102.032487
13.053060 6.090482 11.882247 13.053060 6.090482 11.882247 1.273755 0.223923 1.624187 -199.980109 -236.011138 -122.736813
13.770045 6.181565 12.820710 13.770045 6.181565 12.820710 1.097408 0.078372 1.480761 -387.841303 -249.160059 -355.349314
14.348163 6.185359 13.633464 14.348163 6.185359 13.633464 0.812127 -0.063027 1.208855 -563.094467 -222.168796 -551.004422
14.727081 6.112871 14.250894 14.727081 6.112871 14.250894 0.439260 -0.169737 0.834737 -679.798056 -133.530231 -696.056108
14.865724 5.992797 14.620939 14.865724 5.992797 14.620939 0.018636 -0.220834 0.389570 -722.282454 -36.793485 -787.834839
14.748893 5.860525 14.713993 14.748893 5.860525 14.713993 -0.404741 -0.208656 -0.077520 -688.971774 77.386083 -769.129794
14.385847 5.755997 14.532439 14.385847 5.755997 14.532439 -0.799057 -0.128542 -0.521993 -625.417310 189.660683 -712.448592
13.793837 5.713011 14.091002 13.793837 5.713011 14.091002 -1.174308 -0.014746 -0.949462 -625.417310 189.660683 -712.448592
