6.619138 -4.966090 8.412844 6.619138 -4.966090 8.412844 -0.038326 0.277506 -0.139835 -84.622398 17.179514 -735.261513
6.580911 -4.796494 8.196596 6.580911 -4.796494 8.196596 -0.089099 0.287814 -0.580992 -84.622398 17.179514 -735.261513
6.509732 -4.625734 7.720262 6.509732 -4.625734 7.720262 -0.152308 0.273020 -0.999104 -126.072133 -66.494439 -658.445724
6.393562 -4.479960 7.011682 6.393562 -4.479960 7.011682 -0.238412 0.202776 -1.347157 -160.943441 -167.650417 -501.729047
6.220183 -4.391248 6.125891 6.220183 -4.391248 6.125891 -0.341789 0.088305 -1.584126 -183.643466 -213.920285 -288.168100
5.984798 -4.376518 5.137755 5.984798 -4.376518 5.137755 -0.438257 -0.038785 -1.685979 -137.916727 -209.712727 -51.340775
5.701117 -4.435075 4.131057 5.701117 -4.435075 4.131057 -0.500514 -0.152302 -1.646130 -69.608003 -168.678753 184.170072
5.393445 -4.551900 3.189108 5.393445 -4.551900 3.189108 -0.516450 -0.228915 -1.472734 16.486888 -86.698599 393.816693
5.095065 -4.697969 2.386244 5.095065 -4.697969 2.386244 -0.463947 -0.246507 -1.187001 158.525564 28.059023 558.626509
4.852472 -4.833314 1.780945 4.852472 -4.833314 1.780945 -0.332629 -0.192124 -0.820081 279.199839 153.217805 664.439596
4.709601 -4.913917 1.410177 4.709601 -4.913917 1.410177 -0.132859 -0.064735 -0.413010 386.700340 271.412936 692.463505
4.704259 -4.898448 1.284003 4.704259 -4.898448 1.284003 0.123002 0.125395 -0.012590 466.169643 362.353021 642.269967
4.864207 -4.755279 1.385596 4.864207 -4.755279 1.385596 0.413881 0.356349 0.340466 503.427602 407.494709 534.583981
5.201841 -4.467234 1.677302 5.201841 -4.467234 1.677302 0.709383 0.605279 0.617225 481.576698 422.271025 387.945354
5.708132 -4.031856 2.105669 5.708132 -4.031856 2.105669 0.968214 0.839651 0.791000 381.193811 358.971121 191.305076
6.349495 -3.470667 2.603323 6.349495 -3.470667 2.603323 1.156032 1.018947 0.848875 244.866196 238.681898 1.612121
7.075703 -2.824565 3.102365 7.075703 -2.824565 3.102365 1.245518 1.121015 0.796978 53.421295 101.545425 -174.604737
7.820743 -2.143147 3.541274 7.820743 -2.143147 3.541274 1.218136 1.134592 0.652969 -144.694279 -56.290447 -305.422778
8.513807 -1.482760 3.872973 8.513807 -1.482760 3.872973 1.072454 1.049641 0.444185 -340.911879 -226.878981 -390.524799
9.084583 -0.903362 4.067019 9.084583 -0.903362 4.067019 0.811247 0.865770 0.199019 -529.777993 -386.024391 -426.695137
9.468478 -0.458613 4.111381 9.468478 -0.458613 4.111381 0.455915 0.608014 -0.048218 -654.663358 -473.164051 -397.429777
9.620641 -0.181801 4.015222 9.620641 -0.181801 4.015222 0.045381 0.309977 -0.265132 -713.783071 -520.289777 -325.614377
9.519665 -0.089365 3.802968 9.519665 -0.089365 3.802968 -0.381504 -0.001684 -0.433319 -709.166915 -518.583309 -235.010485
9.169305 -0.178032 3.506840 9.169305 -0.178032 3.506840 -0.776044 -0.284392 -0.543501 -605.965169 -423.774333 -132.262406
8.603713 -0.416522 3.162990 8.603713 -0.416522 3.162990 -1.094083 -0.496535 -0.592567 -454.164221 -283.369311 -31.292396
7.877716 -0.755234 2.806841 7.877716 -0.755234 2.806841 -1.305571 -0.615478 -0.586222 -250.797639 -113.106316 52.444069
7.063664 -1.133524 2.467809 7.063664 -1.133524 2.467809 -1.383878 -0.626562 -0.538451 -10.225974 76.157691 106.792571
6.245747 -1.484951 2.164159 6.245747 -1.484951 2.164159 -1.318758 -0.526860 -0.473387 227.292862 256.183769 110.086724
5.507692 -1.744644 1.898541 5.507692 -1.744644 1.898541 -1.120948 -0.321603 -0.414342 432.074935 428.004701 86.731004
4.922695 -1.854253 1.663342 4.922695 -1.854253 1.663342 -0.812714 -0.033238 -0.373329 595.372561 533.211246 49.978140
4.549070 -1.775904 1.444925 4.549070 -1.775904 1.444925 -0.421309 0.298257 -0.360421 709.308955 571.771919 -6.952253
4.425359 -1.495247 1.223125 4.425359 -1.495247 1.223125 0.011271 0.635243 -0.386069 732.624372 551.517115 -78.540942
4.560511 -1.019735 0.975163 4.560511 -1.019735 0.975163 0.433428 0.941615 -0.444109 674.567073 469.721087 -114.925276
4.935799 -0.377814 0.687916 4.935799 -0.377814 0.687916 0.807214 1.185463 -0.513538 571.386494 343.105769 -116.502640
5.513915 0.384643 0.360328 5.513915 0.384643 0.360328 1.104736 1.338424 -0.575916 420.352772 166.764830 -91.426617
6.240493 1.207168 0.002247 6.240493 1.207168 0.002247 1.297311 1.385748 -0.611144 221.561840 -9.016624 -25.997856
7.047712 2.027597 -0.363226 7.047712 2.027597 -0.363226 1.375005 1.333353 -0.597280 37.419049 -165.634214 72.211539
7.869569 2.789465 -0.701208 7.869569 2.789465 -0.701208 1.348052 1.192325 -0.517013 -127.262857 -304.459576 195.345118
8.646790 3.443930 -0.968753 8.646790 3.443930 -0.968753 1.228178 0.979011 -0.362306 -272.314654 -406.585750 320.342607
9.329703 3.956486 -1.121898 9.329703 3.956486 -1.121898 1.039903 0.726733 -0.137211 -355.270251 -434.342107 429.975262
9.888318 4.315989 -1.121549 9.888318 4.315989 -1.121549 0.819848 0.474352 0.147175 -378.246626 -406.929635 517.977209
10.312683 4.531730 -0.938375 10.312683 4.531730 -0.938375 0.595607 0.252081 0.466123 -369.221760 -333.971410 545.183011
10.608292 4.629823 -0.562525 10.608292 4.629823 -0.562525 0.397596 0.086492 0.783450 -290.817059 -217.991345 512.572818
10.800592 4.650770 -0.005439 10.800592 4.650770 -0.005439 0.253551 -0.002852 1.064761 -189.331648 -79.824231 425.132656
10.924868 4.642119 0.700520 10.924868 4.642119 0.700520 0.171077 -0.013603 1.272733 -85.583364 43.990021 268.105082
11.016529 4.648303 1.503064 11.016529 4.648303 1.503064 0.141827 0.044928 1.386821 -11.915063 151.110299 112.188014
11.099480 4.702459 2.355350 11.099480 4.702459 2.355350 0.134678 0.135594 1.454133 -11.915063 151.110299 112.188014
