-9.319296 -3.071882 3.031255 -9.319296 -3.071882 3.031255 1.608153 -0.474386 -0.359233 433.217311 221.006636 -7.251437
-8.276425 -3.316733 2.814410 -8.276425 -3.316733 2.814410 1.868083 -0.341782 -0.363584 433.217311 221.006636 -7.251437
-7.082734 -3.475714 2.592234 -7.082734 -3.475714 2.592234 2.102324 -0.177643 -0.381538 347.585265 326.124169 -52.593391
-5.768197 -3.518747 2.352416 -5.768197 -3.518747 2.352416 2.263759 0.042280 -0.420238 190.531659 406.951015 -76.407121
-4.387039 -3.419821 2.087794 -4.387039 -3.419821 2.087794 2.321115 0.287988 -0.459710 0.653820 412.077938 -55.166687
-3.004969 -3.176145 1.804868 -3.004969 -3.176145 1.804868 2.267926 0.518778 -0.478662 -177.951129 357.220006 -8.007568
-1.688459 -2.805573 1.521479 -1.688459 -2.805573 1.521479 2.100084 0.708141 -0.457219 -381.520983 273.990268 79.483527
-0.506588 -2.338068 1.266667 -0.506588 -2.338068 1.266667 1.823642 0.839044 -0.383464 -539.952501 162.354903 166.366978
0.484218 -1.813643 1.071515 0.484218 -1.813643 1.071515 1.468733 0.895330 -0.258741 -643.078905 25.262083 249.376126
1.247286 -1.278009 0.965645 1.247286 -1.278009 0.965645 1.070798 0.879930 -0.086681 -683.370424 -76.594392 324.157030
1.769815 -0.769783 0.974903 1.769815 -0.769783 0.974903 0.676062 0.804250 0.122405 -632.416474 -175.673353 372.797211
2.067668 -0.322565 1.114104 2.067668 -0.322565 1.114104 0.326864 0.680296 0.339356 -531.576955 -237.506219 350.372505
2.177738 0.043604 1.377159 2.177738 0.043604 1.377159 0.056095 0.541502 0.531448 -370.985132 -225.138969 289.934979
2.158256 0.330496 1.742591 2.158256 0.330496 1.742591 -0.098302 0.418997 0.677287 -143.673231 -183.210285 196.195982
2.087037 0.552681 2.175112 2.087037 0.552681 2.175112 -0.116389 0.327895 0.749168 83.383681 -120.462879 43.406275
2.046342 0.733269 2.621373 2.046342 0.733269 2.621373 0.004291 0.283286 0.719951 318.884546 -28.234368 -140.797330
2.117786 0.905123 3.017525 2.117786 0.905123 3.017525 0.252968 0.301169 0.583093 510.038562 87.842372 -315.395519
2.370396 1.107703 3.301064 2.370396 1.107703 3.301064 0.604104 0.384212 0.346131 660.414391 188.970116 -474.478283
2.855682 1.375615 3.417126 2.855682 1.375615 3.417126 1.020099 0.514443 0.030391 726.236613 245.132401 -577.988303
3.598285 1.729154 3.327685 3.598285 1.729154 3.327685 1.454945 0.665268 -0.334591 723.248554 257.618244 -638.618052
4.597332 2.173412 3.011660 4.597332 2.173412 3.011660 1.868371 0.813467 -0.719355 654.838371 236.377516 -643.929599
5.828007 2.699752 2.469294 5.828007 2.699752 2.469294 2.220179 0.933854 -1.079942 517.856924 164.911369 -558.026727
7.241351 3.283379 1.730123 7.241351 3.283379 1.730123 2.471006 1.000956 -1.368561 318.232853 58.761592 -404.037127
8.768587 3.886934 0.847945 8.768587 3.886934 0.847945 2.598698 0.998236 -1.552556 107.405091 -67.828535 -209.276848
10.336185 4.465546 -0.107160 10.336185 4.465546 -0.107160 2.608370 0.916937 -1.607630 -75.165200 -203.167111 25.695181
11.876956 4.971474 -1.053425 11.876956 4.971474 -1.053425 2.509665 0.756718 -1.523773 -253.851082 -330.894372 253.829186
13.327776 5.361416 -1.908666 13.327776 5.361416 -1.908666 2.310927 0.535539 -1.304811 -408.607307 -406.370600 476.042220
14.636242 5.607764 -2.595597 14.636242 5.607764 -2.595597 2.043057 0.282573 -0.967843 -484.295355 -436.848935 647.186814
15.774492 5.699364 -3.053978 15.774492 5.699364 -3.053978 1.750425 0.023909 -0.550378 -491.142234 -425.365891 744.361369
16.737812 5.642053 -3.248649 16.737812 5.642053 -3.248649 1.463092 -0.206760 -0.095904 -466.636517 -343.529423 770.551317
17.537129 5.463501 -3.170116 17.537129 5.463501 -3.170116 1.210396 -0.376184 0.353307 -375.681795 -221.216503 726.820331
18.201706 5.207939 -2.833549 18.201706 5.207939 -2.833549 1.014795 -0.459078 0.758174 -276.323327 -55.097287 622.736846
18.767894 4.933562 -2.277698 18.767894 4.933562 -2.277698 0.884250 -0.437199 1.076088 -158.823826 128.025751 436.977252
19.277153 4.704260 -1.567469 19.277153 4.704260 -1.567469 0.825439 -0.310515 1.267873 -37.216007 294.254213 202.303769
19.770453 4.578258 -0.780352 19.770453 4.578258 -0.780352 0.826787 -0.097258 1.339149 41.710546 416.604681 35.282361
20.274033 4.594892 0.029488 20.274033 4.594892 0.029488 0.851813 0.152705 1.360318 41.710546 416.604681 35.282361
