-0.394500 2.401355 7.236047 -0.394500 2.401355 7.236047 -1.504302 0.447766 0.609911 118.448857 -482.667500 -455.999326
-1.275760 2.583135 7.519914 -1.275760 2.583135 7.519914 -1.433233 0.158165 0.336311 118.448857 -482.667500 -455.999326
-2.102594 2.593840 7.648057 -2.102594 2.593840 7.648057 -1.303236 -0.118003 0.104894 314.872537 -437.893628 -315.390111
-2.814550 2.452288 7.664238 -2.814550 2.452288 7.664238 -1.047770 -0.340387 -0.034269 536.680671 -303.387877 -148.488922
-3.338627 2.202521 7.626116 -3.338627 2.202521 7.626116 -0.685846 -0.477045 -0.077521 669.734015 -152.136845 4.317453
-3.626776 1.900143 7.588828 -3.626776 1.900143 7.588828 -0.269973 -0.512158 -0.032694 716.510097 35.092800 145.104600
-3.660218 1.609805 7.600718 -3.660218 1.609805 7.600718 0.157780 -0.437904 0.081305 709.333340 212.418711 234.892555
-3.442237 1.395503 7.694001 -3.442237 1.395503 7.694001 0.561547 -0.259424 0.233339 636.555695 382.517438 271.888662
-2.999465 1.315817 7.882661 -2.999465 1.315817 7.882661 0.899795 0.005658 0.395052 490.937606 501.086946 267.152185
-2.382604 1.412327 8.165462 -2.382604 1.412327 8.165462 1.137437 0.320909 0.543756 301.202004 549.752182 228.530614
-1.657471 1.703579 8.528184 -1.657471 1.703579 8.528184 1.260428 0.649516 0.657537 108.769709 545.603894 150.737898
-0.892643 2.188081 8.945128 -0.892643 2.188081 8.945128 1.270656 0.959799 0.724425 -74.675864 488.670698 72.223421
-0.153259 2.843410 9.387885 -0.153259 2.843410 9.387885 1.178007 1.210445 0.743268 -234.154824 346.816985 -9.413810
0.504023 3.622264 9.828834 0.504023 3.622264 9.828834 1.000644 1.369334 0.721032 -357.056133 182.814956 -64.706762
1.036496 4.465865 10.249053 1.036496 4.465865 10.249053 0.768192 1.424492 0.678443 -417.784233 1.043735 -77.257175
1.422356 5.308617 10.642247 1.422356 5.308617 10.642247 0.518251 1.364463 0.632260 -415.353576 -201.140798 -76.685672
1.661436 6.081526 11.009720 1.661436 6.081526 11.009720 0.283506 1.195959 0.595853 -367.127715 -360.538279 -44.670401
1.770924 6.728438 11.363389 1.770924 6.728438 11.363389 0.090565 0.950803 0.590037 -276.010263 -456.648273 25.283090
1.781850 7.213326 11.726309 1.781850 7.213326 11.726309 -0.043698 0.659828 0.626940 -171.530741 -513.269841 97.728085
1.731523 7.516083 12.124204 1.731523 7.516083 12.124204 -0.112777 0.348113 0.706277 -58.734020 -525.781279 166.727155
1.658984 7.634941 12.580233 1.658984 7.634941 12.580233 -0.119522 0.055800 0.817576 36.250115 -448.592846 204.269083
1.598514 7.594315 13.108149 1.598514 7.594315 13.108149 -0.074180 -0.180154 0.943147 114.891168 -337.922360 214.302178
1.576862 7.433973 13.711690 1.576862 7.433973 13.711690 0.005629 -0.340024 1.067118 151.137372 -194.975818 198.932242
1.606988 7.204952 14.382416 1.606988 7.204952 14.382416 0.094031 -0.406568 1.159718 143.536380 -26.838712 109.736099
1.687169 6.964304 15.089630 1.687169 6.964304 15.089630 0.169786 -0.382050 1.183710 108.978992 108.565575 -29.764612
1.806275 6.760295 15.787337 1.806275 6.760295 15.787337 0.223264 -0.288514 1.130047 69.283122 203.220342 -149.109918
1.952704 6.623766 16.438526 1.952704 6.623766 16.438526 0.264834 -0.166582 1.040581 69.283122 203.220342 -149.109918
