2.551327 5.910133 -8.865342 2.551327 5.910133 -8.865342 1.149127 0.303546 1.503058 -381.446105 -476.817545 36.190388
3.172143 6.006433 -7.956992 3.172143 6.006433 -7.956992 0.920260 0.017455 1.524773 -381.446105 -476.817545 36.190388
3.658018 5.934448 -7.046799 3.658018 5.934448 -7.046799 0.703286 -0.251793 1.490565 -341.799551 -420.677424 -150.214122
4.022676 5.713856 -6.193415 4.022676 5.713856 -6.193415 0.519256 -0.473171 1.330850 -271.633852 -317.248065 -382.169907
4.292080 5.381801 -5.472526 4.292080 5.381801 -5.472526 0.390000 -0.618758 1.057397 -159.220441 -168.042302 -529.342289
4.507143 4.988420 -4.938131 4.507143 4.988420 -4.938131 0.343080 -0.678975 0.715987 2.819678 -32.682149 -608.688481
4.724840 4.582739 -4.619512 4.724840 4.582739 -4.619512 0.401481 -0.660652 0.343727 191.851079 93.759562 -632.179987
5.010625 4.210140 -4.524120 5.010625 4.210140 -4.524120 0.568410 -0.569817 -0.020842 364.578722 209.023127 -583.049764
5.425480 3.909525 -4.634341 5.425480 3.909525 -4.634341 0.828081 -0.426147 -0.334506 500.993635 269.876772 -462.495224
6.019132 3.702033 -4.908694 6.019132 3.702033 -4.908694 1.161799 -0.266131 -0.564007 611.399778 263.510685 -302.509684
6.828095 3.588770 -5.290278 6.828095 3.588770 -5.290278 1.537794 -0.113104 -0.689148 641.913653 246.579286 -114.627801
7.864648 3.560945 -5.713934 7.864648 3.560945 -5.713934 1.914604 0.013111 -0.705598 614.121873 174.138714 59.795118
9.118318 3.593606 -6.117435 9.118318 3.593606 -6.117435 2.254908 0.084836 -0.624245 520.223222 64.942396 211.382548
10.554220 3.649734 -6.446109 10.554220 3.649734 -6.446109 2.513626 0.091490 -0.458296 342.169674 -42.762579 341.779041
12.111365 3.690698 -6.655028 12.111365 3.690698 -6.655028 2.655825 0.034669 -0.230534 131.827347 -146.639811 417.427523
13.715068 3.681951 -6.718087 13.715068 3.681951 -6.718087 2.667318 -0.069084 0.020542 -93.517591 -199.202661 419.493146
15.284023 3.602569 -6.632102 15.284023 3.602569 -6.632102 2.538195 -0.198979 0.262994 -336.891758 -233.781392 388.681155
16.734088 3.441941 -6.407694 16.734088 3.441941 -6.407694 2.275005 -0.335049 0.479447 -540.408961 -219.785858 332.828553
17.993621 3.204736 -6.066101 17.993621 3.204736 -6.066101 1.909777 -0.449989 0.649226 -677.015317 -163.347260 233.100548
19.011362 2.910374 -5.640402 19.011362 2.910374 -5.640402 1.472252 -0.522828 0.760112 -781.403367 -79.448588 136.519348
19.754699 2.590656 -5.164458 19.754699 2.590656 -5.164458 1.006607 -0.529101 0.818541 -770.745421 58.539074 58.246355
20.224723 2.289861 -4.665976 20.224723 2.289861 -4.665976 0.568128 -0.463334 0.837852 -690.850891 160.683341 6.122638
20.441247 2.040784 -4.162163 20.441247 2.040784 -4.162163 0.153618 -0.366924 0.841526 -690.850891 160.683341 6.122638
