-10.778279 0.401726 10.786147 -10.778279 0.401726 10.786147 0.592887 1.101437 -0.156681 314.156639 -448.489595 -711.304634
-10.365998 0.981860 10.564104 -10.365998 0.981860 10.564104 0.781381 0.832343 -0.583464 314.156639 -448.489595 -711.304634
-9.835536 1.397069 10.092336 -9.835536 1.397069 10.092336 0.995299 0.545906 -0.978520 398.900598 -506.301263 -605.549812
-9.162920 1.632080 9.407663 -9.162920 1.632080 9.407663 1.252813 0.235138 -1.284662 459.480626 -529.591642 -414.923775
-8.328774 1.681014 8.575933 -8.328774 1.681014 8.575933 1.527264 -0.066732 -1.464847 455.355766 -476.642467 -185.691419
-7.333644 1.562185 7.677700 -7.333644 1.562185 7.677700 1.784513 -0.317687 -1.505762 402.139853 -359.873348 49.306241
-6.196517 1.317158 6.795605 -6.196517 1.317158 6.795605 1.995970 -0.481801 -1.413744 302.717925 -187.172843 257.423344
-4.953833 1.005548 6.004978 -4.953833 1.005548 6.004978 2.130665 -0.538296 -1.202873 146.264483 -1.144910 445.479285
-3.660133 0.692999 5.370879 -3.660133 0.692999 5.370879 2.163291 -0.485806 -0.898396 -37.509453 176.112934 569.444565
-2.380441 0.443608 4.937563 -2.380441 0.443608 4.937563 2.083129 -0.328178 -0.540620 -229.697752 349.311935 623.139675
-1.182204 0.317497 4.723444 -1.182204 0.317497 4.723444 1.893838 -0.078990 -0.176297 -401.270324 481.314943 591.269738
-0.126824 0.361152 4.720346 -0.126824 0.361152 4.720346 1.609605 0.231859 0.159724 -546.175684 554.850834 528.800596
0.735314 0.600449 4.903562 0.735314 0.600449 4.903562 1.255331 0.566308 0.437993 -634.737980 559.976388 398.764742
1.372530 1.037060 5.227939 1.372530 1.037060 5.227939 0.865844 0.882449 0.626269 -663.549362 493.829542 228.820641
1.776222 1.648870 5.635001 1.776222 1.648870 5.635001 0.485835 1.146002 0.714126 -603.147583 384.678167 64.037225
1.966921 2.395517 6.066017 1.966921 2.395517 6.066017 0.162770 1.325830 0.707613 -473.737190 214.749230 -85.746300
1.989561 3.218913 6.466294 1.989561 3.218913 6.466294 -0.070222 1.400896 0.611886 -302.900839 35.470223 -233.345373
1.906235 4.055351 6.786644 1.906235 4.055351 6.786644 -0.185318 1.369756 0.447982 -80.753810 -139.270095 -313.002692
1.795230 4.842599 6.998264 1.795230 4.842599 6.998264 -0.160161 1.238511 0.256036 164.610232 -298.213437 -326.814337
1.742036 5.525927 7.092935 1.742036 5.525927 7.092935 0.004972 1.029082 0.059327 385.831493 -399.883089 -328.882665
1.824894 6.067684 7.072182 1.824894 6.067684 7.072182 0.288597 0.770585 -0.123757 559.587792 -461.771903 -281.399470
2.107035 6.447315 6.952938 2.107035 6.447315 6.952938 0.665632 0.495516 -0.264286 697.193303 -455.125319 -187.029430
2.635800 6.665946 6.764965 2.635800 6.665946 6.764965 1.103404 0.238661 -0.355185 762.047714 -401.057140 -115.965802
3.432747 6.742622 6.535706 3.432747 6.742622 6.535706 1.549314 0.026370 -0.401136 724.319798 -306.580127 -37.204150
4.487702 6.710918 6.291954 4.487702 6.710918 6.291954 1.958847 -0.119285 -0.405329 640.791146 -178.936867 23.225775
5.768949 6.616011 6.054885 5.768949 6.616011 6.054885 2.296307 -0.182283 -0.381654 484.075153 -31.058262 55.691091
7.221905 6.509070 5.835360 7.221905 6.509070 5.835360 2.526940 -0.160822 -0.351021 284.699659 102.597891 46.418258
8.777286 6.436605 5.630947 8.777286 6.436605 5.630947 2.637614 -0.071461 -0.333951 84.214920 195.269633 10.480616
10.362111 6.431382 5.428531 10.362111 6.431382 5.428531 2.623633 0.058228 -0.347322 -130.818026 237.028617 -55.049690
11.901952 6.510381 5.205810 11.901952 6.510381 5.205810 2.491187 0.207427 -0.402445 -310.668541 260.301054 -128.694313
13.333153 6.679588 4.937870 13.333153 6.679588 4.937870 2.266831 0.353093 -0.496200 -437.186181 225.250701 -183.820374
14.611279 6.926714 4.605035 14.611279 6.926714 4.605035 1.988122 0.461871 -0.616627 -491.844519 137.343320 -217.604454
15.714286 7.222408 4.195552 15.714286 7.222408 4.195552 1.686343 0.513525 -0.748881 -514.083782 34.836630 -223.241767
16.636190 7.530954 3.708117 16.636190 7.530954 3.708117 1.391060 0.505230 -0.872441 -470.194503 -62.486200 -188.624723
17.392472 7.816968 3.156043 17.392472 7.816968 3.156043 1.140350 0.438356 -0.958897 -365.504497 -160.428209 -99.560518
18.017485 8.047346 2.569785 18.017485 8.047346 2.569785 0.954014 0.323306 -0.983632 -255.614156 -223.070167 17.109454
18.551610 8.199482 1.990913 18.551610 8.199482 1.990913 0.839284 0.180989 -0.932229 -126.820048 -251.321213 154.233408
19.039313 8.262829 1.468521 19.039313 8.262829 1.468521 0.797989 0.030152 -0.793770 -10.829338 -251.469309 307.298446
19.521180 8.240535 1.057025 19.521180 8.240535 1.057025 0.816610 -0.096330 -0.562130 72.898534 -170.134846 464.833998
20.028287 8.158047 0.809202 20.028287 8.158047 0.809202 0.880440 -0.168743 -0.254306 139.869562 -71.241636 561.245126
20.581727 8.043978 0.757643 20.581727 8.043978 0.757643 0.964362 -0.211488 0.082441 139.869562 -71.241636 561.245126
