5.482674 -4.725631 -8.480601 5.482674 -4.725631 -8.480601 1.386401 0.778901 -0.543316 184.393380 266.983591 -102.979058
6.347705 -4.210233 -8.825127 6.347705 -4.210233 -8.825127 1.497037 0.939091 -0.605104 184.393380 266.983591 -102.979058
7.267701 -3.605927 -9.199704 7.267701 -3.605927 -9.199704 1.550588 1.063255 -0.631782 -5.887986 146.896059 14.051132
8.181355 -2.951553 -9.565264 8.181355 -2.951553 -9.565264 1.468858 1.101290 -0.568454 -266.546418 -20.112527 197.043898
9.001675 -2.302956 -9.860108 9.001675 -2.302956 -9.860108 1.243851 1.046441 -0.396426 -483.476027 -162.717579 376.381253
9.651682 -1.713684 -10.022199 9.651682 -1.713684 -10.022199 0.907376 0.902293 -0.130515 -638.108384 -317.774779 509.987768
10.075562 -1.236142 -10.001548 10.075562 -1.236142 -10.001548 0.496078 0.678457 0.211288 -732.885425 -428.347490 629.357008
10.239308 -0.909780 -9.757861 10.239308 -0.909780 -9.757861 0.046440 0.403398 0.607053 -765.906521 -488.515732 689.859958
10.132200 -0.755574 -9.270643 10.132200 -0.755574 -9.270643 -0.398646 0.110791 1.015026 -717.715411 -486.839760 670.048678
9.770872 -0.773741 -8.546492 9.770872 -0.773741 -8.546492 -0.794035 -0.166365 1.389686 -600.246157 -437.012411 578.818441
9.197446 -0.944951 -7.616315 9.197446 -0.944951 -7.616315 -1.098985 -0.392219 1.697867 -416.253619 -315.835552 448.452733
8.476060 -1.227454 -6.529359 8.476060 -1.227454 -6.529359 -1.284082 -0.533322 1.904511 -200.737351 -154.508771 240.360001
7.682755 -1.563669 -5.357004 7.682755 -1.563669 -5.357004 -1.338139 -0.568081 1.980644 20.549248 38.646088 13.416057
6.896397 -1.886777 -4.179737 6.896397 -1.886777 -4.179737 -1.261678 -0.490969 1.921026 234.320673 218.393220 -212.143809
6.191550 -2.131822 -3.078153 6.191550 -2.131822 -3.078153 -1.071179 -0.308805 1.729513 400.673881 388.822903 -426.231712
5.628815 -2.239422 -2.126950 5.628815 -2.239422 -2.126950 -0.791515 -0.037038 1.424858 531.539613 517.065837 -589.284182
5.252777 -2.165683 -1.383868 5.252777 -2.165683 -1.383868 -0.456622 0.287649 1.042478 584.771815 565.224937 -685.317602
5.082898 -1.891130 -0.883014 5.082898 -1.891130 -0.883014 -0.111585 0.627899 0.624909 565.350296 568.940229 -706.576038
5.113715 -1.415157 -0.632400 5.113715 -1.415157 -0.632400 0.207649 0.953388 0.215224 498.763521 516.022566 -659.040881
5.321622 -0.758438 -0.614986 5.321622 -0.758438 -0.614986 0.474611 1.222013 -0.145667 391.109517 379.394367 -543.930856
5.667797 0.033466 -0.788383 5.667797 0.033466 -0.788383 0.664321 1.401674 -0.412473 241.257378 219.476706 -345.421873
6.101091 0.902627 -1.085762 6.101091 0.902627 -1.085762 0.765449 1.476618 -0.558320 95.836741 30.335830 -140.734599
6.569791 1.783388 -1.432238 6.569791 1.783388 -1.432238 0.783852 1.441464 -0.573518 -34.492526 -147.513950 90.074419
7.027356 2.611809 -1.748691 7.027356 2.611809 -1.748691 0.730464 1.303433 -0.462256 -143.469271 -312.592112 280.797924
7.435846 3.330986 -1.964813 7.435846 3.330986 -1.964813 0.624564 1.082795 -0.240335 -209.530017 -422.866079 458.938084
7.772558 3.901404 -2.019396 7.772558 3.901404 -2.019396 0.497293 0.813363 0.070074 -214.707111 -475.242663 575.759496
8.033535 4.304270 -1.872016 8.033535 4.304270 -1.872016 0.374708 0.530175 0.424027 -193.910570 -468.716420 604.083730
8.223455 4.538005 -1.508865 8.223455 4.538005 -1.508865 0.258361 0.248945 0.786477 -193.910570 -468.716420 604.083730
