-1.048981 0.220617 2.353793 -1.048981 0.220617 2.353793 0.226904 -1.254594 -1.461878 681.096528 43.233541 -278.604499
-0.790241 -0.524357 1.426517 -0.790241 -0.524357 1.426517 0.635562 -1.228653 -1.629040 681.096528 43.233541 -278.604499
-0.293647 -1.244751 0.411047 -0.293647 -1.244751 0.411047 1.007516 -1.157634 -1.735689 558.750963 193.497464 -76.890421
0.399498 -1.893825 -0.627901 0.399498 -1.893825 -0.627901 1.283070 -0.988147 -1.700294 359.761608 371.460166 194.873042
1.220764 -2.411967 -1.599656 1.220764 -2.411967 -1.599656 1.432261 -0.725857 -1.516651 137.540856 502.837907 417.268953
2.092355 -2.753923 -2.424084 2.092355 -2.753923 -2.424084 1.452168 -0.408918 -1.214019 -71.184122 553.627196 591.505324
2.936289 -2.900876 -3.039658 2.936289 -2.900876 -3.039658 1.336692 -0.083014 -0.827282 -313.736002 532.720291 697.619128
3.670180 -2.860050 -3.408734 3.670180 -2.860050 -3.408734 1.090191 0.210337 -0.400104 -507.932017 445.116551 726.307904
4.225694 -2.659704 -3.518752 4.225694 -2.659704 -3.518752 0.749567 0.447522 0.032229 -627.483929 345.498407 714.801430
4.562487 -2.329001 -3.370750 4.562487 -2.329001 -3.370750 0.373076 0.654821 0.461110 -627.483929 345.498407 714.801430
