-7.889140 2.674014 -4.819647 -7.889140 2.674014 -4.819647 0.802904 0.591805 -0.577697 -228.478088 -442.571028 -155.611515
-7.448523 2.949434 -5.194276 -7.448523 2.949434 -5.194276 0.665818 0.326262 -0.671064 -228.478088 -442.571028 -155.611515
-7.090445 3.063831 -5.621783 -7.090445 3.063831 -5.621783 0.527299 0.052231 -0.748723 -233.249308 -470.866318 -103.249748
-6.815570 3.010577 -6.083620 -6.815570 3.010577 -6.083620 0.389751 -0.229473 -0.780765 -225.244420 -468.148108 -3.559686
-6.617828 2.793247 -6.545891 -6.617828 2.793247 -6.545891 0.276779 -0.487261 -0.748756 -151.328343 -391.146320 110.256603
-6.471226 2.438360 -6.966767 -6.471226 2.438360 -6.966767 0.224852 -0.682566 -0.639946 -21.764423 -259.869021 252.443861
-6.331410 1.990094 -7.296862 -6.331410 1.990094 -7.296862 0.255905 -0.798236 -0.446314 125.276993 -125.695961 392.995504
-6.146562 1.497268 -7.487507 -6.146562 1.497268 -7.487507 0.374843 -0.829951 -0.178493 271.182840 19.978681 499.743175
-5.862744 1.011202 -7.500038 -5.862744 1.011202 -7.500038 0.588052 -0.776422 0.144404 439.513611 158.451036 576.579182
-5.424153 0.579139 -7.309773 -5.424153 0.579139 -7.309773 0.884993 -0.655008 0.489546 550.287373 246.261639 573.895114
-4.789051 0.233421 -6.915634 -4.789051 0.233421 -6.915634 1.240439 -0.492452 0.819434 634.534931 295.590508 525.731201
-3.928896 -0.008839 -6.335448 -3.928896 -0.008839 -6.335448 1.629539 -0.315075 1.104344 662.463208 295.667712 423.969170
-2.835995 -0.147017 -5.607174 -2.835995 -0.147017 -5.607174 2.006686 -0.149436 1.305491 594.695529 256.461408 246.518731
-1.531949 -0.195456 -4.790946 -1.531949 -0.195456 -4.790946 2.328447 -0.020263 1.396201 477.838605 174.115327 55.851060
-0.059206 -0.182573 -3.955873 -0.059206 -0.182573 -3.955873 2.563471 0.052705 1.366206 305.576255 69.112417 -155.835188
1.520844 -0.145040 -3.176982 1.520844 -0.145040 -3.176982 2.681635 0.061523 1.208795 88.304489 -39.720270 -368.867409
3.132335 -0.121314 -2.528736 3.132335 -0.121314 -2.528736 2.667692 0.007498 0.934298 -134.782548 -140.361696 -546.125616
4.694971 -0.145219 -2.073037 4.694971 -0.145219 -2.073037 2.518232 -0.092410 0.573737 -363.417536 -192.664913 -655.743547
6.129468 -0.236285 -1.849136 6.129468 -0.236285 -1.849136 2.245048 -0.212712 0.168755 -547.194011 -208.340896 -694.195654
7.370576 -0.400644 -1.871485 7.370576 -0.400644 -1.871485 1.879603 -0.333871 -0.240996 -670.955770 -195.522815 -671.639890
8.373634 -0.631970 -2.130490 8.373634 -0.631970 -2.130490 1.457369 -0.430229 -0.611544 -736.493875 -125.671387 -563.522222
9.116669 -0.907087 -2.587956 9.116669 -0.907087 -2.587956 1.021384 -0.477429 -0.895180 -716.788607 -31.662361 -381.930470
9.606483 -1.191749 -3.181908 9.606483 -1.191749 -3.181908 0.621342 -0.458951 -1.064825 -616.684489 93.255731 -183.553078
9.877879 -1.443932 -3.839096 9.877879 -1.443932 -3.839096 0.299298 -0.370991 -1.101220 -456.795513 199.944850 62.237332
9.988003 -1.624999 -4.474417 9.988003 -1.624999 -4.474417 0.089067 -0.223338 -0.992839 -243.972897 292.230259 299.032912
10.009895 -1.702830 -5.005188 10.009895 -1.702830 -5.005188 0.004516 -0.030145 -0.757886 -37.866321 351.748306 484.141582
10.018931 -1.656651 -5.364258 10.018931 -1.656651 -5.364258 0.047510 0.185657 -0.424819 181.180246 367.590700 626.082962
10.092307 -1.481531 -5.501754 10.092307 -1.481531 -5.501754 0.217507 0.394011 -0.025665 385.478839 326.921132 704.430301
10.300797 -1.192284 -5.389454 10.300797 -1.192284 -5.389454 0.491791 0.560138 0.401500 528.801221 226.838033 719.451915
10.695566 -0.823465 -5.023631 10.695566 -0.823465 -5.023631 0.831620 0.655767 0.810279 603.959123 91.924468 643.146740
11.303253 -0.422070 -4.428867 11.303253 -0.422070 -4.428867 1.194007 0.667863 1.160318 603.998832 -51.605662 523.649982
12.124774 -0.040183 -3.647897 12.124774 -0.040183 -3.647897 1.538394 0.589193 1.427117 543.959011 -210.628168 365.679472
13.140365 0.267194 -2.737022 13.140365 0.267194 -2.737022 1.837978 0.421689 1.590439 454.653668 -347.718389 178.726542
14.315857 0.451292 -1.761338 14.315857 0.451292 -1.761338 2.065106 0.181425 1.643924 302.437660 -453.160475 -0.442775
15.598776 0.476090 -0.784801 15.598776 0.476090 -0.784801 2.193655 -0.102912 1.594970 126.060136 -494.627966 -162.735969
16.929432 0.326134 0.137003 16.929432 0.326134 0.137003 2.228150 -0.395566 1.467901 -11.075425 -480.885023 -260.828156
18.256001 0.007621 0.967137 18.256001 0.007621 0.967137 2.179868 -0.657170 1.293114 -149.864812 -391.131444 -321.794401
19.530628 -0.449937 1.683587 19.530628 -0.449937 1.683587 2.058359 -0.856106 1.092560 -255.166590 -271.988161 -346.720963
20.717200 -1.002156 2.279349 20.717200 -1.002156 2.279349 1.892689 -0.967286 0.897706 -297.066331 -98.611299 -302.791288
21.799500 -1.588041 2.767233 21.799500 -1.588041 2.767233 1.715244 -0.965269 0.734847 -294.417862 105.335149 -240.071191
22.777706 -2.137364 3.171082 22.777706 -2.137364 3.171082 1.548866 -0.847680 0.621571 -260.174063 286.629738 -137.517786
23.663307 -2.585907 3.524376 23.663307 -2.585907 3.524376 1.408328 -0.633343 0.564585 -208.285714 427.826008 -52.433743
24.475913 -2.881995 3.857868 24.475913 -2.881995 3.857868 1.308856 -0.342104 0.554021 -123.288010 542.968804 17.220905
25.243194 -2.985560 4.197463 25.243194 -2.985560 4.197463 1.255683 0.003495 0.584764 -53.956495 609.029571 85.255350
25.989763 -2.875451 4.564406 25.989763 -2.875451 4.564406 1.237665 0.360847 0.639613 -6.101238 582.143999 97.573664
26.731999 -2.560419 4.963627 26.731999 -2.560419 4.963627 1.237679 0.678818 0.687607 6.145573 477.758743 62.406063
27.475717 -2.074470 5.386206 27.475717 -2.074470 5.386206 1.241388 0.928786 0.718958 6.219828 355.467030 42.097626
28.221669 -1.453214 5.825158 28.221669 -1.453214 5.825158 1.245120 1.142066 0.744216 6.219828 355.467030 42.097626
