-3.959848 -3.817744 2.204411 -3.959848 -3.817744 2.204411 0.196003 0.726214 -0.037116 592.476167 174.097167 34.523740
-3.735601 -3.350678 2.188356 -3.735601 -3.350678 2.188356 0.551488 0.830673 -0.016401 592.476167 174.097167 34.523740
-3.305260 -2.826476 2.182108 -3.305260 -2.826476 2.182108 0.870983 0.907431 -0.008794 472.505056 81.764760 -9.166311
-2.709656 -2.275750 2.171193 -2.709656 -2.275750 2.171193 1.094303 0.914241 -0.034233 271.894031 -59.067593 -75.629874
-2.016251 -1.744799 2.136503 -2.016251 -1.744799 2.136503 1.196854 0.843994 -0.082298 69.943073 -175.086254 -84.587693
-1.295806 -1.277981 2.074618 -1.295806 -1.277981 2.074618 1.187536 0.698626 -0.119452 -101.001548 -309.473763 -39.256342
-0.611038 -0.919693 1.998930 -0.611038 -0.919693 1.998930 1.079068 0.487030 -0.127758 -260.559729 -395.846250 11.567313
-0.017756 -0.700509 1.927924 -0.017756 -0.700509 1.927924 0.886439 0.240612 -0.102986 -381.537401 -425.547669 71.005341
0.442600 -0.630610 1.883132 0.442600 -0.630610 1.883132 0.643365 -0.004064 -0.039289 -428.708601 -390.038598 141.319404
0.752318 -0.698864 1.887335 0.752318 -0.698864 1.887335 0.390474 -0.216134 0.057202 -414.261727 -316.863931 180.317017
0.914947 -0.878302 1.955354 0.914947 -0.878302 1.955354 0.156475 -0.369860 0.171595 -365.734736 -195.555522 200.995054
0.947989 -1.125391 2.092395 0.947989 -1.125391 2.092395 -0.038020 -0.437058 0.281712 -282.581284 -28.436131 166.058669
0.881337 -1.382643 2.287590 0.881337 -1.382643 2.287590 -0.172443 -0.403614 0.362737 -165.494303 139.916783 104.025157
0.754985 -1.588664 2.518369 0.754985 -1.588664 2.518369 -0.237228 -0.264852 0.397213 -50.456092 322.620548 10.895053
0.609250 -1.681341 2.750298 0.609250 -1.681341 2.750298 -0.239083 -0.030468 0.361953 44.270650 458.662438 -128.426926
0.477460 -1.612138 2.935728 0.477460 -1.612138 2.935728 -0.194064 0.269353 0.241769 105.793786 540.738161 -272.186245
0.382455 -1.351714 3.025346 0.382455 -1.351714 3.025346 -0.118636 0.601191 0.046208 145.633323 565.390579 -379.683453
0.337210 -0.891356 2.978635 0.337210 -0.891356 2.978635 -0.032639 0.929793 -0.212069 141.022303 529.948333 -481.240605
0.340751 -0.244333 2.761656 0.340751 -0.244333 2.761656 0.040675 1.216546 -0.516383 103.358094 425.895232 -533.139752
0.380598 0.553057 2.357206 0.380598 0.553057 2.357206 0.086876 1.426087 -0.829540 50.645658 272.575148 -510.717829
0.438183 1.446507 1.771545 0.438183 1.446507 1.771545 0.098983 1.533302 -1.116014 -10.289473 84.807390 -444.194027
0.492764 2.369927 1.030572 0.492764 2.369927 1.030572 0.078024 1.525057 -1.339576 -59.573467 -112.290470 -301.012652
0.527365 3.254296 0.184101 0.527365 3.254296 0.184101 0.034832 1.405417 -1.462900 -84.399671 -286.510798 -110.068269
0.533254 4.037476 -0.701423 0.533254 4.037476 -0.701423 -0.014900 1.191019 -1.468799 -81.374548 -428.147092 90.405660
0.512808 4.669359 -1.553804 0.512808 4.669359 -1.553804 -0.048020 0.905822 -1.351431 -29.023931 -522.509314 300.820460
0.483640 5.117014 -2.298280 0.483640 5.117014 -2.298280 -0.041093 0.583384 -1.109765 52.114724 -552.285206 504.734505
0.474327 5.370207 -2.863619 0.474327 5.370207 -2.863619 0.019987 0.264879 -0.758587 151.484339 -509.396703 665.856570
0.520978 5.443063 -3.193418 0.520978 5.443063 -3.193418 0.147836 -0.012661 -0.331577 274.679393 -415.736708 757.510818
0.666166 5.368079 -3.255266 0.666166 5.368079 -3.255266 0.347863 -0.224876 0.126660 392.075957 -291.647672 769.944252
0.950493 5.191037 -3.044209 0.950493 5.191037 -3.044209 0.608285 -0.347965 0.570983 475.999273 -118.648347 711.133226
1.403807 4.971895 -2.581080 1.403807 4.971895 -2.581080 0.907199 -0.364185 0.960344 520.378187 64.580256 586.737102
2.041610 4.773337 -1.911322 2.041610 4.773337 -1.911322 1.218506 -0.283794 1.252081 517.313782 203.389014 385.719942
2.862092 4.645512 -1.103851 2.862092 4.645512 -1.103851 1.510200 -0.132553 1.417476 454.997781 300.750178 165.597729
3.843069 4.624447 -0.237682 3.843069 4.624447 -0.237682 1.747989 0.069554 1.446212 337.632858 372.939110 -69.812208
4.940811 4.733644 0.603894 4.940811 4.733644 0.603894 1.891443 0.294997 1.336399 140.548239 378.537547 -296.231134
6.091234 4.976069 1.343112 6.091234 4.976069 1.343112 1.927063 0.508570 1.112163 -21.816224 333.371069 -451.220422
7.243545 5.341218 1.929191 7.243545 5.341218 1.929191 1.913973 0.708592 0.841431 -21.816224 333.371069 -451.220422
