6.705799 4.344180 -10.054946 6.705799 4.344180 -10.054946 0.390727 -0.281926 0.625110 -68.593105 252.753090 31.104485
6.927888 4.220520 -9.674282 6.927888 4.220520 -9.674282 0.349571 -0.130274 0.643772 -68.593105 252.753090 31.104485
7.120338 4.185294 -9.284740 7.120338 4.185294 -9.284740 0.283687 0.008590 0.650834 -151.021052 210.127074 -7.566544
7.257406 4.224486 -8.896600 7.257406 4.224486 -8.896600 0.163274 0.115744 0.641300 -250.353765 147.053076 -24.211242
7.305314 4.313762 -8.515636 7.305314 4.313762 -8.515636 -0.011902 0.170773 0.629481 -333.567321 36.376060 -15.186170
7.234896 4.416489 -8.137909 7.234896 4.416489 -8.137909 -0.228215 0.161176 0.634232 -387.475440 -68.366690 31.020752
7.026937 4.495439 -7.747884 7.026937 4.495439 -7.747884 -0.467126 0.092913 0.672352 -408.893263 -159.175264 96.047244
6.675644 4.518186 -7.323788 6.675644 4.518186 -7.323788 -0.699542 -0.024341 0.746964 -365.828219 -231.671681 152.659628
6.195881 4.461038 -6.845019 6.195881 4.461038 -6.845019 -0.889982 -0.167558 0.854122 -268.972309 -245.718329 204.532267
5.620996 4.317979 -6.294308 5.620996 4.317979 -6.294308 -1.013770 -0.306460 0.983950 -143.652362 -217.286562 228.229651
4.997067 4.097697 -5.664226 4.997067 4.097697 -5.664226 -1.049013 -0.423306 1.114042 26.174519 -172.203219 205.409437
4.384080 3.818766 -4.962639 4.384080 3.818766 -4.962639 -0.974758 -0.496381 1.218227 221.341443 -71.380112 141.875897
3.850010 3.515896 -4.211794 3.850010 3.515896 -4.211794 -0.787237 -0.500174 1.275208 403.730875 58.738861 48.058084
3.459245 3.233262 -3.444700 3.459245 3.233262 -3.444700 -0.500470 -0.430444 1.270634 552.159165 173.692956 -63.302138
3.263592 3.012636 -2.701858 3.263592 3.012636 -2.701858 -0.142977 -0.294346 1.191936 639.483157 279.969429 -199.025599
3.295868 2.890490 -2.031168 3.295868 2.890490 -2.031168 0.255491 -0.106031 1.029281 688.742552 347.746803 -343.157823
3.571298 2.889769 -1.481368 3.571298 2.889769 -1.481368 0.659546 0.104131 0.793385 658.107450 352.792514 -443.162151
4.078113 3.014119 -1.087942 4.078113 3.014119 -1.087942 1.017551 0.307652 0.513309 535.243114 325.610766 -490.423382
4.774786 3.252925 -0.868332 4.774786 3.252925 -0.868332 1.287690 0.481040 0.218557 365.220140 252.348174 -492.084692
5.601056 3.578339 -0.822540 5.601056 3.578339 -0.822540 1.446401 0.589285 -0.060526 163.817642 108.468775 -438.191030
6.483810 3.942446 -0.929901 6.483810 3.942446 -0.929901 1.471826 0.609426 -0.284297 -79.070265 -41.333092 -307.711979
7.339513 4.291493 -1.145968 7.339513 4.291493 -1.145968 1.358585 0.538783 -0.419431 -298.399219 -194.140693 -142.735416
8.089180 4.569792 -1.410810 8.089180 4.569792 -1.410810 1.120684 0.372174 -0.442524 -494.601698 -361.223077 65.759351
8.663414 4.721250 -1.651811 8.663414 4.721250 -1.651811 0.778182 0.121309 -0.339688 -647.071673 -474.995871 277.025295
9.010448 4.705838 -1.793879 9.010448 4.705838 -1.793879 0.372923 -0.177183 -0.114072 -703.792589 -519.975404 475.030208
9.107288 4.505853 -1.767204 9.107288 4.505853 -1.767204 -0.050505 -0.489565 0.219010 -707.635636 -521.298777 635.240360
8.953980 4.121347 -1.515821 8.953980 4.121347 -1.515821 -0.453242 -0.787009 0.628323 -634.818520 -470.179815 729.136339
8.576826 3.571592 -1.005903 8.576826 3.571592 -1.005903 -0.788837 -1.033703 1.074204 -483.834516 -352.135584 757.135889
8.028539 2.898916 -0.227776 8.028539 2.898916 -0.227776 -1.018614 -1.190336 1.515089 -282.088207 -169.972914 712.480092
7.379198 2.165694 0.801408 7.379198 2.165694 0.801408 -1.124849 -1.234445 1.901997 -72.026677 22.941998 577.214634
6.703540 1.439887 2.035870 6.703540 1.439887 2.035870 -1.106984 -1.167030 2.195149 131.574327 201.774879 399.958631
6.074162 0.785843 3.412041 6.074162 0.785843 3.412041 -0.972392 -0.996692 2.370568 317.066499 366.017546 184.770720
5.557326 0.262063 4.853160 5.557326 0.262063 4.853160 -0.734516 -0.735321 2.409029 475.854540 505.220478 -56.567287
5.207005 -0.083995 6.274124 5.207005 -0.083995 6.274124 -0.425327 -0.411210 2.303728 554.773919 575.150609 -294.435673
5.052346 -0.227789 7.592263 5.052346 -0.227789 7.592263 -0.089074 -0.069098 2.071568 566.070984 565.221473 -479.432004
5.099227 -0.171608 8.741195 5.099227 -0.171608 8.741195 0.242730 0.249532 1.745356 539.942146 496.879115 -607.942500
5.337148 0.061331 9.674969 5.337148 0.061331 9.674969 0.542162 0.516570 1.360543 458.165518 393.245824 -674.766349
5.736812 0.431772 10.370205 5.736812 0.431772 10.370205 0.776547 0.701091 0.957521 323.116118 221.824248 -668.641043
6.253435 0.881369 10.829014 6.253435 0.881369 10.829014 0.933088 0.779254 0.579595 198.688763 38.720867 -591.110835
6.841013 1.345516 11.078957 6.841013 1.345516 11.078957 1.012104 0.750610 0.267861 64.695292 -134.201774 -448.004647
7.453902 1.763391 11.168153 7.453902 1.763391 11.168153 1.020829 0.628416 0.044661 -35.610455 -273.111162 -295.995427
8.059989 2.091280 11.141671 8.059989 2.091280 11.141671 0.999463 0.464549 -0.132937 -35.610455 -273.111162 -295.995427
