-8.646522 3.274782 -5.112596 -8.646522 3.274782 -5.112596 2.033748 0.636606 2.387411 236.969897 -274.715737 -219.035466
-7.383619 3.607297 -3.719576 -7.383619 3.607297 -3.719576 2.175930 0.471776 2.255990 236.969897 -274.715737 -219.035466
-6.044320 3.845054 -2.415074 -6.044320 3.845054 -2.415074 2.273544 0.327650 2.076239 88.410063 -205.703333 -380.132231
-4.675783 4.008785 -1.250145 -4.675783 4.008785 -1.250145 2.269077 0.225066 1.786206 -103.300100 -136.245554 -586.644120
-3.341030 4.125997 -0.290676 -3.341030 4.125997 -0.290676 2.166603 0.176800 1.400927 -238.279458 -24.639078 -697.621679
-2.088931 4.233788 0.423917 -2.088931 4.233788 0.423917 1.998773 0.192748 0.980394 -321.153283 77.797252 -704.154320
-0.949396 4.367857 0.888377 -0.949396 4.367857 0.888377 1.796475 0.261508 0.572760 -353.171983 151.404858 -654.624581
0.065979 4.555558 1.120098 0.065979 4.555558 1.120098 1.589872 0.370065 0.209471 -335.504854 210.449022 -556.340731
0.962636 4.815713 1.155741 0.962636 4.815713 1.155741 1.404193 0.497515 -0.073822 -283.425529 214.385364 -387.967831
1.758812 5.150166 1.054551 1.758812 5.150166 1.054551 1.257520 0.612918 -0.241918 -205.483506 170.293142 -172.351008
2.482395 5.543499 0.890612 2.482395 5.543499 0.890612 1.164521 0.689742 -0.284152 -104.512822 85.784598 31.569984
3.167402 5.966062 0.737085 3.167402 5.966062 0.737085 1.127346 0.707594 -0.208805 -19.404926 -26.278499 219.584987
3.843762 6.378897 0.659924 3.843762 6.378897 0.659924 1.132930 0.656869 -0.034069 38.016227 -142.803844 362.870393
4.532286 6.739498 0.711086 4.532286 6.739498 0.711086 1.165356 0.532113 0.215089 70.072281 -273.049613 467.655258
5.244034 7.005612 0.927157 5.244034 7.005612 0.927157 1.207004 0.348259 0.509879 68.753015 -339.795854 514.979912
5.978864 7.150081 1.324347 5.978864 7.150081 1.324347 1.239519 0.127761 0.811695 39.631254 -395.199648 491.071453
6.726346 7.155425 1.894986 6.726346 7.155425 1.894986 1.246483 -0.110240 1.082487 -16.417637 -398.136546 411.567818
7.467125 7.021396 2.612641 7.467125 7.021396 2.612641 1.215853 -0.330220 1.299831 -85.681301 -335.129385 312.914774
8.177243 6.769186 3.441193 8.177243 6.769186 3.441193 1.144588 -0.500076 1.449220 -151.869815 -231.055609 185.048440
8.834483 6.436682 4.336437 8.834483 6.436682 4.336437 1.042583 -0.593053 1.522265 -188.147187 -78.868068 58.433381
9.425512 6.076225 5.253695 9.425512 6.076225 5.253695 0.926423 -0.592516 1.524229 -199.052916 80.657456 -51.886623
9.947467 5.744906 6.154361 9.947467 5.744906 6.154361 0.816648 -0.495762 1.470438 -166.865033 241.855373 -127.417138
10.412544 5.499522 7.011530 10.412544 5.499522 7.011530 0.742146 -0.307954 1.383194 -81.471812 384.169597 -163.395944
10.849192 5.389185 7.811953 10.849192 5.389185 7.811953 0.723393 -0.051027 1.284750 18.960417 472.254524 -164.751981
11.294196 5.445587 8.555317 11.294196 5.445587 8.555317 0.772543 0.242393 1.196746 144.873420 505.811870 -128.593840
11.792446 5.681111 9.253459 11.792446 5.681111 9.253459 0.902702 0.541087 1.135797 288.990850 489.835846 -74.570415
12.393051 6.088528 9.925107 12.393051 6.088528 9.925107 1.110922 0.807962 1.109016 405.073565 399.746615 -14.698414
13.137609 6.636258 10.591174 13.137609 6.636258 10.591174 1.379424 1.002801 1.116713 489.932560 249.718142 40.356913
14.055975 7.272404 11.269895 14.055975 7.272404 11.269895 1.686006 1.100214 1.148074 532.007776 74.990147 64.179731
15.161366 7.934853 11.969683 15.161366 7.934853 11.969683 1.995341 1.089321 1.183534 499.108433 -111.298319 54.017446
16.443020 8.557058 12.687804 16.443020 8.557058 12.687804 2.267856 0.965771 1.207334 409.275203 -300.535073 25.316696
17.869431 9.073128 13.412087 17.869431 9.073128 13.412087 2.473559 0.738967 1.199151 276.401015 -455.477479 -52.593259
19.391242 9.429160 14.116546 19.391242 9.429160 14.116546 2.579020 0.438870 1.139776 75.135835 -544.846863 -145.324544
20.938159 9.592021 14.767600 20.938159 9.592021 14.767600 2.554007 0.100017 1.019313 -158.512461 -584.663754 -256.218301
22.432039 9.547708 15.327574 22.432039 9.547708 15.327574 2.408940 -0.246199 0.838109 -325.042624 -569.390976 -347.792277
23.818896 9.297498 15.767837 23.818896 9.297498 15.767837 2.213915 -0.587834 0.629434 -325.042624 -569.390976 -347.792277
