-6.357441 -3.808607 -2.082587 -6.357441 -3.808607 -2.082587 0.694549 1.210381 -0.163669 -141.243945 -104.556243 -331.151794
-5.966135 -3.101198 -2.240395 -5.966135 -3.101198 -2.240395 0.609803 1.147647 -0.362360 -141.243945 -104.556243 -331.151794
-5.620909 -2.439844 -2.506727 -5.620909 -2.439844 -2.506727 0.548898 1.042846 -0.507595 -61.773765 -244.782344 -152.966292
-5.294785 -1.866724 -2.824053 -5.294785 -1.866724 -2.824053 0.551355 0.853342 -0.525548 69.964354 -386.895738 93.121904
-4.943430 -1.430508 -3.108276 -4.943430 -1.430508 -3.108276 0.633079 0.590464 -0.397956 202.448159 -489.366243 332.185269
-4.519137 -1.167076 -3.275762 -4.519137 -1.167076 -3.275762 0.794574 0.283042 -0.141170 335.869824 -535.371607 523.768123
-3.974024 -1.090880 -3.258633 -3.974024 -1.090880 -3.258633 1.035652 -0.024491 0.210857 467.723129 -489.740558 649.657235
-3.263025 -1.188287 -3.011104 -3.263025 -1.188287 -3.011104 1.343375 -0.291131 0.621029 558.020796 -399.060169 717.581604
-2.355236 -1.426546 -2.509760 -2.355236 -1.426546 -2.509760 1.684791 -0.489316 1.049390 580.032019 -261.556197 710.287468
-1.241636 -1.756862 -1.757684 -1.241636 -1.756862 -1.757684 2.024406 -0.594481 1.448512 552.017900 -88.992508 620.120177
0.067477 -2.117175 -0.785272 0.067477 -2.117175 -0.785272 2.331148 -0.585906 1.779004 470.454227 117.576904 481.519728
1.541218 -2.437147 0.358114 1.541218 -2.437147 0.358114 2.565276 -0.463321 2.014462 309.975048 291.037022 303.341332
3.124098 -2.653705 1.608654 3.124098 -2.653705 1.608654 2.690853 -0.243457 2.132777 108.614623 441.845643 91.042462
4.745815 -2.714241 2.893924 4.745815 -2.714241 2.893924 2.694297 0.051682 2.133482 -97.136109 541.949040 -88.693360
6.331696 -2.583237 4.148034 6.331696 -2.583237 4.148034 2.569950 0.389072 2.030191 -317.354235 582.685007 -255.609737
7.804362 -2.247780 5.311826 7.804362 -2.247780 5.311826 2.318639 0.724332 1.835259 -520.349268 534.847111 -394.164845
9.093500 -1.722120 6.338361 9.093500 -1.722120 6.338361 1.964515 1.019187 1.580408 -660.061231 448.003644 -455.338567
10.148784 -1.037738 7.204544 10.148784 -1.037738 7.204544 1.545410 1.249133 1.306701 -736.958454 318.483390 -457.017331
10.943503 -0.241239 7.908445 10.943503 -0.241239 7.908445 1.103864 1.388684 1.043212 -734.860510 146.688419 -421.280633
11.477881 0.606717 8.463446 11.477881 0.606717 8.463446 0.684618 1.418407 0.814964 -662.626917 -47.614862 -339.545658
11.778196 1.438972 8.897516 11.778196 1.438972 8.897516 0.331129 1.338743 0.642285 -515.670113 -217.931614 -236.049008
11.897210 2.195811 9.248013 11.897210 2.195811 9.248013 0.087518 1.172090 0.538729 -296.365950 -337.576733 -109.137510
11.907961 2.834106 9.556204 11.907961 2.834106 9.556204 -0.032374 0.948571 0.496237 -103.271700 -407.488062 -32.502655
11.869948 3.329901 9.848096 11.869948 3.329901 9.848096 -0.094337 0.704078 0.476736 -103.271700 -407.488062 -32.502655
