-2.376861 4.487036 -5.881828 -2.376861 4.487036 -5.881828 0.221167 0.248197 0.918796 278.366189 -41.195138 235.936479
-2.194055 4.628539 -5.288082 -2.194055 4.628539 -5.288082 0.388187 0.223480 1.060358 278.366189 -41.195138 235.936479
-1.910557 4.749142 -4.606318 -1.910557 4.749142 -4.606318 0.557610 0.168413 1.217319 286.377808 -142.359870 287.266999
-1.527288 4.819501 -3.822764 -1.527288 4.819501 -3.822764 0.715210 0.057677 1.396952 238.955646 -226.760993 311.508870
-1.060365 4.811232 -2.931373 -1.060365 4.811232 -2.931373 0.832509 -0.088670 1.569599 152.040472 -261.063597 263.979606
-0.539532 4.712592 -1.946523 -0.539532 4.712592 -1.946523 0.893539 -0.237541 1.705860 51.392878 -235.171354 190.224319
-0.003513 4.530983 -0.895102 -0.003513 4.530983 -0.895102 0.877600 -0.362411 1.788317 -104.521797 -181.061687 84.632639
0.494814 4.285834 0.183566 0.494814 4.285834 0.183566 0.767788 -0.446604 1.791316 -261.519551 -99.583338 -74.636680
0.899309 4.006309 1.235152 0.899309 4.006309 1.235152 0.565357 -0.474545 1.697691 -413.248658 6.448121 -237.444570
1.157370 3.731235 2.201978 1.157370 3.731235 2.201978 0.283564 -0.428216 1.509976 -526.060907 147.981640 -388.272761
1.230407 3.507860 3.030955 1.230407 3.507860 3.030955 -0.044125 -0.304836 1.241416 -566.236909 263.283961 -506.927944
1.102097 3.376101 3.679517 1.102097 3.376101 3.679517 -0.383430 -0.128109 0.912055 -564.780078 325.808222 -590.942964
0.774061 3.360294 4.119274 0.774061 3.360294 4.119274 -0.703885 0.079444 0.551959 -503.402977 366.034899 -609.374755
0.269726 3.473045 4.343108 0.269726 3.473045 4.343108 -0.962883 0.295053 0.198066 -359.923937 352.659694 -570.271416
-0.361289 3.709005 4.367375 -0.361289 3.709005 4.367375 -1.121330 0.483897 -0.103714 -168.230769 276.821160 -435.659532
-1.051426 4.041867 4.237189 -1.051426 4.041867 4.237189 -1.157556 0.613472 -0.312806 47.476778 155.094771 -261.315865
-1.723746 4.428647 4.014629 -1.723746 4.428647 4.014629 -1.060733 0.660428 -0.408791 275.265209 1.427416 -58.632323
-2.297648 4.815627 3.772304 -2.297648 4.815627 3.772304 -0.830623 0.613612 -0.376456 491.769314 -157.483586 166.415701
-2.698045 5.146371 3.589373 -2.698045 5.146371 3.589373 -0.488271 0.473746 -0.211667 649.402044 -308.736090 382.879286
-2.867507 5.366748 3.542064 -2.867507 5.366748 3.542064 -0.065588 0.247015 0.071927 759.541917 -447.034297 562.434527
-2.767636 5.429533 3.694438 -2.767636 5.429533 3.694438 0.402669 -0.045994 0.449285 801.314095 -529.660955 695.426574
-2.384795 5.305890 4.092128 -2.384795 5.305890 4.092128 0.868476 -0.367330 0.881250 751.378420 -541.459396 744.456395
-1.736717 4.990235 4.752356 -1.736717 4.990235 4.752356 1.278024 -0.681176 1.315304 613.781427 -504.694510 702.390924
-0.869090 4.496720 5.661986 -0.869090 4.496720 5.661986 1.597951 -0.953817 1.706822 452.640577 -404.106904 602.668394
0.158313 3.861853 6.785936 0.158313 3.861853 6.785936 1.805323 -1.145468 2.025307 238.598902 -234.731413 458.947585
1.270260 3.143418 8.070092 1.270260 3.143418 8.070092 1.877507 -1.230816 2.232485 2.014758 -49.762156 231.646565
2.383982 2.406721 9.437367 2.383982 2.406721 9.437367 1.812991 -1.206927 2.301908 -217.065858 129.392155 -0.235224
3.422536 1.717177 10.805522 3.422536 1.717177 10.805522 1.631906 -1.072680 2.237028 -386.551978 318.100374 -216.034264
4.324589 1.139083 12.096755 4.324589 1.139083 12.096755 1.362421 -0.840543 2.046922 -511.733254 455.686954 -417.651369
5.045696 0.722058 13.241618 5.045696 0.722058 13.241618 1.034214 -0.540745 1.755764 -582.287962 543.640421 -552.875601
5.562309 0.497498 14.190924 5.562309 0.497498 14.190924 0.689325 -0.204399 1.400868 -567.343817 577.514100 -630.109130
5.878808 0.475447 14.916976 5.878808 0.475447 14.916976 0.374045 0.125286 1.017554 -483.589088 521.435252 -647.605086
6.023166 0.637958 15.414676 6.023166 0.637958 15.414676 0.118781 0.405553 0.647672 -367.291286 412.787755 -585.333946
6.037387 0.947520 15.703907 6.037387 0.947520 15.703907 -0.056270 0.612868 0.326412 -216.209531 278.263306 -485.532700
5.975173 1.355312 15.820996 5.975173 1.355312 15.820996 -0.133668 0.729743 0.078276 -41.785123 111.318985 -341.588126
5.895746 1.801430 15.816706 5.895746 1.801430 15.816706 -0.117267 0.737711 -0.075526 96.453799 -84.759803 -171.086503
5.850389 2.219228 15.749948 5.850389 2.219228 15.749948 -0.021187 0.638998 -0.131409 223.815390 -244.282078 -15.191151
5.883318 2.551893 15.675746 5.883318 2.551893 15.675746 0.139876 0.458613 -0.103631 313.060470 -357.002730 107.785075
6.025483 2.759046 15.638000 6.025483 2.759046 15.638000 0.337153 0.225640 -0.013805 344.530187 -419.571189 191.636031
6.289014 2.817842 15.667010 6.289014 2.817842 15.667010 0.539989 -0.031433 0.115171 331.589664 -437.339328 238.284807
6.670522 2.723299 15.779844 6.670522 2.723299 15.779844 0.728087 -0.278644 0.262337 295.402940 -386.698437 252.267888
7.155313 2.491962 15.980542 7.155313 2.491962 15.980542 0.879156 -0.483387 0.403138 208.160929 -295.778554 217.067344
7.715779 2.155950 16.256496 7.715779 2.155950 16.256496 0.981573 -0.624555 0.508373 133.229236 -174.782643 133.716790
8.324313 1.758755 16.581396 8.324313 1.758755 16.581396 1.039550 -0.684427 0.567639 60.025350 -24.789022 63.835911
8.956286 1.351383 16.929171 8.956286 1.351383 16.929171 1.062762 -0.660572 0.584447 17.348377 104.306509 -7.809846
9.596370 0.980139 17.275082 9.596370 0.980139 17.275082 1.069691 -0.566366 0.563005 5.748697 209.712657 -63.661743
10.239285 0.681275 17.600366 10.239285 0.681275 17.600366 1.073466 -0.424504 0.519513 6.836115 263.160134 -81.312615
10.884595 0.473941 17.897438 10.884595 0.473941 17.897438 1.077568 -0.266608 0.470725 6.836115 263.160134 -81.312615
