-1.964024 1.073134 5.676428 -1.964024 1.073134 5.676428 -1.372369 0.826154 0.997627 54.138482 -348.083683 24.462622
-2.777700 1.506172 6.279408 -2.777700 1.506172 6.279408 -1.339886 0.617304 1.012304 54.138482 -348.083683 24.462622
-3.561379 1.806951 6.888589 -3.561379 1.806951 6.888589 -1.254865 0.373714 1.013960 229.263548 -463.883263 -18.942177
-4.259961 1.941664 7.490469 -4.259961 1.941664 7.490469 -1.051955 0.065302 0.987159 447.102706 -564.154569 -70.397441
-4.802588 1.879807 8.065083 -4.802588 1.879807 8.065083 -0.743355 -0.270642 0.919875 581.566447 -555.659141 -153.879544
-5.139795 1.620980 8.583242 -5.139795 1.620980 8.583242 -0.373798 -0.586158 0.797206 650.290605 -496.061591 -255.019254
-5.246989 1.186752 9.011668 -5.246989 1.186752 9.011668 0.016536 -0.850002 0.624227 650.822317 -383.418260 -321.576249
-5.124337 0.617384 9.326019 -5.124337 0.617384 9.326019 0.384941 -1.031813 0.419773 577.192126 -222.617609 -359.936915
-4.796507 -0.030808 9.512019 -4.796507 -0.030808 9.512019 0.696111 -1.110547 0.198434 460.042844 -39.831048 -377.860578
-4.304750 -0.693544 9.566455 -4.304750 -0.693544 9.566455 0.928551 -1.080637 -0.011328 314.757965 139.531502 -321.345700
-3.700775 -1.308209 9.507611 -3.700775 -1.308209 9.507611 1.068343 -0.953913 -0.175162 151.215042 282.882660 -224.767190
-3.041905 -1.822645 9.370026 -3.041905 -1.822645 9.370026 1.112298 -0.749219 -0.270174 -4.699015 399.429397 -91.941382
-2.382752 -2.197252 9.201385 -2.382752 -2.197252 9.201385 1.072580 -0.494424 -0.275272 -127.695130 449.886412 74.950628
-1.767478 -2.413084 9.060007 -1.767478 -2.413084 9.060007 0.969520 -0.225276 -0.178833 -215.837432 447.275390 246.511205
-1.227743 -2.471538 9.006726 -1.227743 -2.471538 9.006726 0.824386 0.024099 0.017310 -267.943363 383.975100 407.299886
-0.780159 -2.393972 9.097432 -0.780159 -2.393972 9.097432 0.669529 0.224437 0.296718 -248.247044 283.818347 524.060544
-0.420119 -2.215448 9.374784 -0.420119 -2.215448 9.374784 0.535619 0.358601 0.636104 -198.119346 163.394790 607.226423
-0.130895 -1.978989 9.865783 -0.130895 -1.978989 9.865783 0.434320 0.416077 1.000620 -139.542557 28.190111 607.825857
0.108984 -1.732546 10.571153 0.108984 -1.732546 10.571153 0.372615 0.391605 1.343259 -66.142686 -109.763137 534.302673
0.325754 -1.522455 11.465609 0.325754 -1.522455 11.465609 0.358466 0.300172 1.625475 18.980030 -195.014119 406.419368
0.547649 -1.379988 12.502962 0.547649 -1.379988 12.502962 0.386848 0.170495 1.813888 75.626381 -237.241494 221.622388
0.794073 -1.321298 13.617949 0.794073 -1.321298 13.617949 0.435735 0.023634 1.880673 87.329794 -252.295193 0.994374
1.070889 -1.350419 14.731899 1.070889 -1.350419 14.731899 0.486415 -0.117182 1.808105 81.606052 -217.092481 -242.888922
1.374971 -1.454255 15.760104 1.374971 -1.454255 15.760104 0.523094 -0.219688 1.597684 40.656516 -124.591944 -458.511665
1.692298 -1.602708 16.625752 1.692298 -1.602708 16.625752 0.528249 -0.265512 1.270421 -23.474675 -28.154447 -632.367090
2.000587 -1.760659 17.267532 2.000587 -1.760659 17.267532 0.491992 -0.250288 0.857773 -97.382320 78.901454 -743.126318
2.274174 -1.891433 17.645169 2.274174 -1.891433 17.645169 0.413168 -0.176964 0.395577 -165.363248 165.510748 -797.524800
2.489285 -1.963734 17.741952 2.489285 -1.963734 17.741952 0.298828 -0.057233 -0.067982 -215.771506 233.593806 -747.673444
2.628847 -1.954351 17.572645 2.628847 -1.954351 17.572645 0.164887 0.091303 -0.486270 -230.695622 261.523594 -646.618712
2.686255 -1.852495 17.164492 2.686255 -1.852495 17.164492 0.026470 0.248217 -0.874241 -230.695622 261.523594 -646.618712
