3.099126 -4.539674 -7.720867 3.099126 -4.539674 -7.720867 0.833079 0.075641 -0.307861 94.429945 174.493937 558.610070
3.615970 -4.462880 -7.805034 3.615970 -4.462880 -7.805034 0.889737 0.180337 0.027305 94.429945 174.493937 558.610070
4.159299 -4.319722 -7.686048 4.159299 -4.319722 -7.686048 0.908840 0.302770 0.372736 -30.752202 233.613421 592.827618
4.690339 -4.093494 -7.356718 4.690339 -4.093494 -7.356718 0.846748 0.455517 0.723328 -176.220019 275.543743 575.813250
5.162193 -3.772321 -6.822953 5.162193 -3.772321 -6.822953 0.718638 0.612168 1.049425 -250.815624 246.626795 511.177110
5.545315 -3.365481 -6.109258 5.545315 -3.365481 -6.109258 0.553580 0.735873 1.316271 -299.378163 165.724934 378.307601
5.823614 -2.900774 -5.260174 5.823614 -2.900774 -5.260174 0.374151 0.802074 1.499385 -298.716014 54.945492 232.072714
5.998154 -2.416287 -4.326809 5.998154 -2.416287 -4.326809 0.214011 0.801801 1.598436 -235.083832 -55.856171 98.096918
6.088604 -1.953145 -3.358105 6.088604 -1.953145 -3.358105 0.094751 0.728863 1.617217 -162.450924 -187.271224 -35.492605
6.120293 -1.556484 -2.399914 6.120293 -1.556484 -2.399914 0.017677 0.581760 1.567169 -94.461103 -303.072531 -131.336142
6.117871 -1.265174 -1.486528 6.117871 -1.265174 -1.486528 -0.019124 0.383951 1.471996 -28.208318 -356.290007 -185.905455
6.104546 -1.100432 -0.638782 6.104546 -1.100432 -0.638782 -0.019919 0.162695 1.350508 25.555549 -381.229699 -219.053191
6.098394 -1.070456 0.134765 6.098394 -1.070456 0.134765 0.001416 -0.061139 1.232435 45.563871 -364.885943 -174.525464
6.107337 -1.167111 0.845871 6.107337 -1.167111 0.845871 0.028212 -0.251534 1.143015 43.755057 -269.762520 -123.542052
6.128747 -1.358341 1.512960 6.128747 -1.358341 1.512960 0.037497 -0.372153 1.086482 -12.805017 -132.301827 -64.899583
6.144925 -1.596250 2.156287 6.144925 -1.596250 2.156287 0.009736 -0.405547 1.063137 -79.732765 20.989663 -12.916299
6.132493 -1.825768 2.795749 6.132493 -1.825768 2.795749 -0.057709 -0.342789 1.074911 -145.082106 188.201749 52.160751
6.066981 -1.987399 3.450769 6.066981 -1.987399 3.450769 -0.168619 -0.179036 1.109633 -224.618838 357.641582 63.580085
5.923004 -2.023087 4.126613 5.923004 -2.023087 4.126613 -0.315263 0.072340 1.140878 -264.195250 480.280117 40.571583
5.686125 -1.889615 4.816047 5.686125 -1.889615 4.816047 -0.474608 0.378595 1.153240 -266.952598 540.571138 0.634714
5.355253 -1.564240 5.503264 5.355253 -1.564240 5.503264 -0.625059 0.707510 1.129416 -234.552830 555.811195 -80.047687
4.943522 -1.043191 6.161430 4.943522 -1.043191 6.161430 -0.738174 1.023484 1.056012 -142.497118 497.434170 -164.633115
4.481976 -0.346532 6.759988 4.481976 -0.346532 6.759988 -0.788633 1.287094 0.930156 -25.699069 381.267949 -254.887291
4.013315 0.484507 7.268311 4.013315 0.484507 7.268311 -0.758326 1.466629 0.757767 126.723931 217.181215 -319.743651
3.591403 1.392218 7.663085 3.591403 1.392218 7.663085 -0.630925 1.540141 0.554261 297.943725 27.857904 -358.607664
3.275790 2.308811 7.932411 3.275790 2.308811 7.932411 -0.405598 1.494328 0.345689 453.147304 -180.565777 -336.631944
3.119916 3.164136 8.082105 3.119916 3.164136 8.082105 -0.104120 1.342134 0.158078 551.778062 -326.749297 -288.741337
3.156764 3.910601 8.124978 3.156764 3.910601 8.124978 0.226947 1.146084 -0.015167 551.778062 -326.749297 -288.741337
