8.569098 2.160088 -4.484405 8.569098 2.160088 -4.484405 0.628413 -0.512406 -0.618574 -210.588508 436.322307 754.921339
8.908240 1.931183 -4.719664 8.908240 1.931183 -4.719664 0.502060 -0.250613 -0.165621 -210.588508 436.322307 754.921339
9.166092 1.864268 -4.685325 9.166092 1.864268 -4.685325 0.348315 0.035758 0.276461 -301.895744 518.247088 718.686244
9.315059 1.980375 -4.397489 9.315059 1.980375 -4.397489 0.138777 0.353545 0.670650 -396.566018 541.043062 595.277510
9.323283 2.287209 -3.898848 9.323283 2.287209 -3.898848 -0.117464 0.664763 0.973322 -457.569626 496.350848 413.627150
9.169176 2.769961 -3.252429 9.169176 2.769961 -3.252429 -0.398333 0.935330 1.161365 -478.660874 405.538906 213.183434
8.847212 3.395810 -2.531424 8.847212 3.395810 -2.531424 -0.669555 1.136921 1.218339 -425.411171 266.429703 -23.268007
8.374686 4.114777 -1.818649 8.374686 4.114777 -1.818649 -0.895900 1.241065 1.134175 -329.071854 80.717387 -257.280441
7.787019 4.863427 -1.195629 7.787019 4.863427 -1.195629 -1.047814 1.236904 0.923935 -177.307043 -94.585524 -443.517736
7.136919 5.579177 -0.727994 7.136919 5.579177 -0.727994 -1.101682 1.133320 0.623359 -2.254007 -250.697188 -558.403985
6.487698 6.206528 -0.458069 6.487698 6.206528 -0.458069 -1.042064 0.945325 0.270428 200.980386 -375.952558 -618.031085
5.910339 6.702579 -0.406906 5.910339 6.702579 -0.406906 -0.862961 0.702388 -0.099632 396.028030 -433.835487 -615.505104
5.473087 7.045034 -0.573547 5.473087 7.045034 -0.573547 -0.579145 0.437652 -0.449287 550.027312 -448.619562 -550.008519
5.230757 7.228829 -0.933693 5.230757 7.228829 -0.933693 -0.218367 0.178254 -0.737154 652.565356 -416.038385 -409.551005
5.220448 7.266694 -1.440369 5.220448 7.266694 -1.440369 0.189416 -0.042370 -0.936210 706.710984 -319.375891 -253.966514
5.459235 7.190730 -2.036964 5.459235 7.190730 -2.036964 0.603094 -0.199268 -1.034364 672.214516 -203.619435 -73.215285
5.935472 7.043122 -2.660591 5.935472 7.043122 -2.660591 0.973333 -0.278419 -1.027442 561.918059 -60.215247 96.290063
6.610209 6.872921 -3.251628 6.610209 6.872921 -3.251628 1.258440 -0.276103 -0.929187 388.437434 67.935386 231.224791
7.422315 6.724718 -3.761378 7.422315 6.724718 -3.761378 1.427120 -0.209189 -0.759742 173.828629 155.111095 333.591471
8.295773 6.630905 -4.154949 8.295773 6.630905 -4.154949 1.460901 -0.097221 -0.548449 -61.225387 218.113967 370.720221
9.147953 6.613149 -4.417082 9.147953 6.613149 -4.417082 1.357467 0.040229 -0.324983 -283.555108 240.052241 374.165531
9.899913 6.678340 -4.546914 9.899913 6.678340 -4.546914 1.129934 0.173485 -0.111444 -474.887463 204.137186 337.633220
10.482692 6.815461 -4.557244 10.482692 6.815461 -4.557244 0.796493 0.277389 0.069947 -636.582928 142.208053 267.000594
10.841306 7.001391 -4.472679 10.841306 7.001391 -4.472679 0.391060 0.332215 0.202831 -714.858924 40.544468 175.948305
10.948311 7.201323 -4.324991 10.948311 7.201323 -4.324991 -0.032635 0.323065 0.279995 -697.459902 -71.043057 81.262846
10.807390 7.377220 -4.145437 10.807390 7.377220 -4.145437 -0.430100 0.254665 0.313401 -627.422095 -156.956502 30.090949
10.444534 7.496849 -3.954331 10.444534 7.496849 -3.954331 -0.765849 0.135902 0.319702 -491.741908 -238.921333 -9.087663
9.907320 7.533792 -3.764103 9.907320 7.533792 -3.764103 -1.006851 -0.015412 0.314463 -311.597482 -265.457365 -8.374634
9.259230 7.478196 -3.574934 9.259230 7.478196 -3.574934 -1.133269 -0.167518 0.319431 -109.795776 -241.562730 24.933360
8.572250 7.336740 -3.375972 8.572250 7.336740 -3.375972 -1.135420 -0.299775 0.348467 102.625305 -199.293956 71.855786
7.919814 7.126675 -3.148855 7.919814 7.126675 -3.148855 -1.022127 -0.390989 0.417092 275.018207 -104.753938 156.893703
7.364427 6.881027 -2.867288 7.364427 6.881027 -2.867288 -0.815187 -0.414836 0.526582 414.782920 25.266069 208.072636
6.954109 6.644312 -2.510879 6.954109 6.644312 -2.510879 -0.545652 -0.361484 0.666462 483.665329 152.571826 258.194887
6.716003 6.461675 -2.063474 6.716003 6.461675 -2.063474 -0.244324 -0.235986 0.826641 520.763304 265.754497 275.732564
6.661084 6.372401 -1.520157 6.661084 6.372401 -1.520157 0.057824 -0.054126 0.980585 486.394310 340.446911 237.416252
6.776912 6.403341 -0.893570 6.776912 6.403341 -0.893570 0.317573 0.160820 1.100538 379.437893 376.039305 162.425573
7.030720 6.566178 -0.209339 7.030720 6.566178 -0.209339 0.520061 0.379733 1.171349 295.521228 353.668938 73.613221
7.395950 6.857678 0.506721 7.395950 6.857678 0.506721 0.697374 0.591934 1.215517 295.521228 353.668938 73.613221
