1.722278 2.544060 6.732609 1.722278 2.544060 6.732609 0.456892 0.092421 0.375864 19.048299 523.314039 -627.787742
1.999842 2.693709 6.845126 1.999842 2.693709 6.845126 0.468321 0.406409 -0.000808 19.048299 523.314039 -627.787742
2.292287 3.030484 6.734899 2.292287 3.030484 6.734899 0.519868 0.714060 -0.361180 152.775131 502.188599 -573.452657
2.642255 3.543379 6.421723 2.642255 3.543379 6.421723 0.664274 0.985699 -0.671484 328.576490 403.274060 -460.892195
3.108588 4.199274 5.943902 3.108588 4.199274 5.943902 0.904541 1.187093 -0.907872 472.316212 268.038948 -327.068294
3.742307 4.948544 5.350646 3.742307 4.948544 5.350646 1.217816 1.291753 -1.052413 571.931472 80.829051 -154.735102
4.578110 5.726986 4.700110 4.578110 5.726986 4.700110 1.571809 1.284455 -1.101434 608.044823 -105.157830 -8.668025
5.629718 6.467097 4.045081 5.629718 6.467097 4.045081 1.932008 1.163192 -1.069678 592.618533 -299.049949 114.522119
6.890367 7.101922 3.430706 6.890367 7.101922 3.430706 2.261443 0.937454 -0.966876 505.500621 -453.409781 228.149412
8.328350 7.577495 2.893905 8.328350 7.577495 2.893905 2.515379 0.638979 -0.818697 340.950155 -541.508395 265.782360
9.886427 7.860648 2.450473 9.886427 7.860648 2.450473 2.657340 0.300257 -0.659504 132.253071 -587.563655 264.861062
11.490923 7.937555 2.100120 11.490923 7.937555 2.100120 2.668125 -0.039711 -0.512216 -96.301688 -545.665205 226.096705
13.061585 7.820339 1.830788 13.061585 7.820339 1.830788 2.545951 -0.342957 -0.390058 -310.945896 -465.155511 181.097270
14.520601 7.539718 1.624184 14.520601 7.539718 1.624184 2.296464 -0.577643 -0.307233 -520.675648 -317.128505 94.987854
15.794709 7.145606 1.453124 15.794709 7.145606 1.453124 1.933815 -0.720135 -0.269331 -688.156495 -157.846290 31.351693
16.826393 6.695526 1.293592 16.826393 6.695526 1.293592 1.497236 -0.762778 -0.268404 -767.104067 15.704528 -28.262397
17.585892 6.250331 1.126745 17.585892 6.250331 1.126745 1.033156 -0.705132 -0.288948 -779.830817 176.448371 -40.216767
18.068982 5.866397 0.947599 18.068982 5.866397 0.947599 0.583085 -0.562338 -0.305768 -720.407363 299.530694 -15.851573
18.296770 5.588241 0.763356 18.296770 5.588241 0.763356 0.188891 -0.355964 -0.304922 -593.570199 388.381534 18.672385
18.315200 5.444551 0.587700 18.315200 5.444551 0.587700 -0.107559 -0.123035 -0.274040 -394.596428 388.050555 84.266416
18.194559 5.437877 0.443677 18.194559 5.437877 0.443677 -0.269709 0.096284 -0.197312 -145.903034 343.012556 171.493347
18.016817 5.553565 0.361115 18.016817 5.553565 0.361115 -0.305525 0.282968 -0.069637 26.515271 279.266785 254.092077
17.838274 5.773614 0.365069 17.838274 5.773614 0.365069 -0.289616 0.450528 0.082819 26.515271 279.266785 254.092077
