11.485073 -4.799842 6.362349 11.485073 -4.799842 6.362349 1.302874 -0.189746 0.849945 -710.388296 282.616479 576.452454
12.138928 -4.862819 6.976077 12.138928 -4.862819 6.976077 0.876641 -0.020177 1.195817 -710.388296 282.616479 576.452454
12.538368 -4.827518 7.788118 12.538368 -4.827518 7.788118 0.457033 0.132071 1.495633 -688.307753 224.873904 422.934872
12.694801 -4.713333 8.747948 12.694801 -4.713333 8.747948 0.074593 0.239325 1.681004 -586.491811 132.639561 194.967032
12.642149 -4.552575 9.778069 12.642149 -4.552575 9.778069 -0.236497 0.285346 1.730108 -450.474939 20.765567 -31.287488
12.431401 -4.384051 10.796845 12.431401 -4.384051 10.796845 -0.445603 0.265697 1.643050 -246.544227 -86.263753 -258.904331
12.133754 -4.244552 11.724170 12.133754 -4.244552 11.724170 -0.523068 0.191981 1.428198 -11.671319 -159.454989 -457.268002
11.830742 -4.160358 12.489445 11.830742 -4.160358 12.489445 -0.465423 0.084845 1.107158 203.818881 -197.663868 -612.866269
11.601607 -4.144400 13.037600 11.601607 -4.144400 13.037600 -0.275973 -0.030600 0.710318 427.682621 -187.152601 -709.934599
11.522301 -4.194764 13.335484 11.522301 -4.194764 13.335484 0.027109 -0.134478 0.281769 582.591046 -159.107829 -718.561899
11.648836 -4.298533 13.378826 11.648836 -4.298533 13.378826 0.403681 -0.202154 -0.131260 672.649274 -66.479375 -658.201534
12.014125 -4.424350 13.188167 12.014125 -4.424350 13.188167 0.817287 -0.204835 -0.493313 706.037936 57.543208 -548.641459
12.627358 -4.529885 12.803358 12.627358 -4.529885 12.803358 1.219777 -0.135267 -0.772830 635.592808 174.348751 -383.080237
13.465947 -4.574509 12.281971 13.465947 -4.574509 12.281971 1.562718 -0.004893 -0.946350 507.545636 260.230608 -195.320981
14.484520 -4.525064 11.688903 14.484520 -4.525064 11.688903 1.815162 0.178946 -1.014042 333.934517 352.566085 -30.320161
15.620797 -4.352332 11.085437 15.620797 -4.352332 11.085437 1.950880 0.399994 -0.980149 118.459265 384.262352 143.298161
16.799204 -4.044461 10.530489 16.799204 -4.044461 10.530489 1.954735 0.624088 -0.857433 -105.610480 362.715562 265.753790
17.940802 -3.608868 10.067103 17.940802 -3.608868 10.067103 1.830206 0.820980 -0.681786 -309.485545 293.591976 319.737617
18.973704 -3.070078 9.717410 18.973704 -3.070078 9.717410 1.596943 0.963909 -0.480815 -468.057711 182.837044 350.165088
19.841833 -2.468011 9.490732 19.841833 -2.468011 9.490732 1.287177 1.027668 -0.276810 -564.497015 29.694524 329.852644
20.509455 -1.855433 9.379414 20.509455 -1.855433 9.379414 0.933105 0.998645 -0.101927 -615.741474 -126.438997 253.090809
20.958904 -1.288161 9.358437 20.958904 -1.288161 9.358437 0.565756 0.877002 0.023040 -608.756941 -279.037423 163.466410
21.194512 -0.820476 9.396510 21.194512 -0.820476 9.396510 0.229157 0.668134 0.095243 -513.238780 -417.189690 77.210361
21.246701 -0.498847 9.462035 21.246701 -0.498847 9.462035 -0.043398 0.397038 0.113975 -395.277222 -486.463180 -14.771791
21.157905 -0.348459 9.524031 21.157905 -0.348459 9.524031 -0.238601 0.103801 0.086462 -255.401365 -490.992244 -76.939174
20.977864 -0.372886 9.561250 20.977864 -0.372886 9.561250 -0.346385 -0.182438 0.036257 -103.877807 -463.138855 -90.409480
20.758134 -0.558906 9.567474 20.758134 -0.558906 9.567474 -0.374715 -0.426286 -0.014273 9.444890 -349.685643 -78.024878
20.541046 -0.868427 9.547173 20.541046 -0.868427 9.547173 -0.338841 -0.590125 -0.049552 110.135270 -196.446759 -39.569525
20.361187 -1.247139 9.514155 20.361187 -1.247139 9.514155 -0.254655 -0.654374 -0.054114 170.483224 -17.716641 24.360320
20.240413 -1.630951 9.490063 20.240413 -1.630951 9.490063 -0.145704 -0.605000 -0.019541 192.687054 182.297910 90.884694
20.185181 -1.950666 9.497005 20.185181 -1.950666 9.497005 -0.042557 -0.443263 0.046524 151.136043 356.823795 129.331296
20.184357 -2.145337 9.550704 20.184357 -2.145337 9.550704 0.035652 -0.193877 0.136651 109.562771 474.464736 171.091289
20.225469 -2.176260 9.663491 20.225469 -2.176260 9.663491 0.101390 0.090802 0.239306 109.562771 474.464736 171.091289
