-6.835601 0.626694 -7.735130 -6.835601 0.626694 -7.735130 1.170270 1.301688 0.892105 281.814360 206.269732 607.272618
-6.082712 1.444835 -7.090559 -6.082712 1.444835 -7.090559 1.339359 1.425449 1.256468 281.814360 206.269732 607.272618
-5.225269 2.328139 -6.234294 -5.225269 2.328139 -6.234294 1.523953 1.503742 1.586205 333.500491 54.706515 491.849551
-4.248609 3.227282 -5.205251 -4.248609 3.227282 -5.205251 1.735341 1.471816 1.825249 371.125563 -161.128675 304.964629
-3.142087 4.069815 -4.066052 -3.142087 4.069815 -4.066052 1.950592 1.317375 1.954008 346.376362 -353.674727 124.231059
-1.912760 4.789176 -2.881869 -1.912760 4.789176 -2.881869 2.141537 1.068160 1.975627 290.107377 -477.040706 -52.166192
-0.582794 5.339593 -1.715464 -0.582794 5.339593 -1.715464 2.279724 0.758877 1.896424 170.515938 -553.902389 -211.844176
0.806363 5.693729 -0.621765 0.806363 5.693729 -0.621765 2.335186 0.419097 1.739196 14.356734 -578.698977 -312.249970
2.199789 5.844250 0.362535 2.199789 5.844250 0.362535 2.292451 0.088020 1.536784 -156.804883 -524.891230 -362.456844
3.536401 5.808824 1.218383 3.536401 5.808824 1.218383 2.145199 -0.195700 1.314412 -334.035467 -420.839476 -378.784648
4.754807 5.624033 1.941556 4.754807 5.624033 1.941556 1.901842 -0.406306 1.100674 -477.155546 -281.180366 -333.674388
5.802669 5.341094 2.546637 5.802669 5.341094 2.546637 1.578772 -0.517732 0.924160 -599.744449 -90.240438 -254.703397
6.639014 5.024627 3.060442 6.639014 5.024627 3.060442 1.204106 -0.519796 0.797118 -649.142758 83.359600 -168.771111
7.245593 4.736087 3.514559 7.245593 4.736087 3.514559 0.819426 -0.428116 0.726976 -633.123311 222.239057 -65.034493
7.628754 4.526581 3.943866 7.628754 4.526581 3.943866 0.466888 -0.257971 0.712095 -542.001286 344.911372 15.429060
7.820533 4.438223 4.375837 7.820533 4.438223 4.375837 0.187720 -0.029320 0.731038 -388.561346 417.258511 47.713400
7.874984 4.495183 4.823958 7.874984 4.495183 4.823958 0.013383 0.218266 0.764214 -192.560384 408.030234 62.873563
7.862188 4.696782 5.293187 7.862188 4.696782 5.293187 -0.032978 0.449053 0.798855 38.023686 361.258636 52.596236
7.862480 5.025576 5.779006 7.862480 5.025576 5.779006 0.056012 0.637487 0.815609 258.608708 266.856027 3.250729
7.955637 5.448859 6.264723 7.955637 5.448859 6.264723 0.276178 0.761380 0.796391 475.279914 146.120576 -67.309623
8.215927 5.923241 6.726999 8.215927 5.923241 6.726999 0.606510 0.805316 0.738794 625.824415 0.330828 -124.680465
8.697750 6.398774 7.144870 8.697750 6.398774 7.144870 1.008343 0.766932 0.649168 713.621165 -128.274924 -174.071329
9.432236 6.830744 7.501711 9.432236 6.830744 7.501711 1.441658 0.664468 0.538091 730.761048 -213.274685 -196.186211
10.425137 7.187141 7.789741 10.425137 7.187141 7.789741 1.861962 0.517033 0.422825 670.250993 -278.174653 -188.033603
11.655088 7.446365 8.012902 11.655088 7.446365 8.012902 2.224758 0.345507 0.326563 539.070599 -293.578438 -132.840288
13.075817 7.603120 8.191162 13.075817 7.603120 8.191162 2.492408 0.180835 0.278028 353.094743 -255.328680 -28.943595
14.621686 7.670353 8.359712 14.621686 7.670353 8.359712 2.638599 0.051098 0.295377 134.207923 -177.127483 86.775555
16.215944 7.674917 8.560359 16.215944 7.674917 8.560359 2.653831 -0.026239 0.386448 -83.433784 -80.662304 216.792648
17.781098 7.651240 8.839089 17.781098 7.651240 8.839089 2.543138 -0.041709 0.555712 -285.542550 29.095845 347.419821
19.244908 7.636388 9.241193 19.244908 7.636388 9.241193 2.318435 0.000427 0.794875 -463.466509 111.356442 449.792402
20.546151 7.661074 9.802260 20.546151 7.661074 9.802260 2.008389 0.089170 1.080647 -570.022459 184.455103 502.778267
21.646911 7.750184 10.541545 21.646911 7.750184 10.541545 1.658026 0.211876 1.384298 -597.851932 224.563672 509.393642
22.535497 7.915441 11.459057 22.535497 7.915441 11.459057 1.306236 0.335166 1.666142 -574.781679 186.402940 430.086783
23.220482 8.147047 12.529218 23.220482 8.147047 12.529218 0.984886 0.431776 1.889495 -496.385489 135.632696 314.421459
23.722064 8.430527 13.719510 23.722064 8.430527 13.719510 0.687055 0.513156 2.078148 -496.385489 135.632696 314.421459
