9.898898 1.328926 8.469388 9.898898 1.328926 8.469388 1.156897 -1.209758 -0.141987 -140.767482 -42.882205 115.542453
10.567698 0.595353 8.404994 10.567698 0.595353 8.404994 1.072437 -1.235487 -0.072662 -140.767482 -42.882205 115.542453
11.189885 -0.143471 8.378531 11.189885 -0.143471 8.378531 1.008291 -1.210282 -0.021654 -73.049962 126.900678 54.484857
11.784490 -0.834803 8.370777 11.784490 -0.834803 8.370777 0.978360 -1.074163 -0.011808 -26.721415 326.826491 -21.664877
12.370090 -1.412284 8.356955 12.370090 -1.412284 8.356955 0.979295 -0.837131 -0.038995 29.837410 463.283147 -68.959329
12.965068 -1.826803 8.319566 12.965068 -1.826803 8.319566 1.007349 -0.537314 -0.088268 63.677239 536.104681 -95.284187
13.580371 -2.051107 8.249691 13.580371 -2.051107 8.249691 1.042717 -0.207727 -0.144255 54.216263 562.518732 -91.337872
14.213697 -2.077113 8.149849 14.213697 -2.077113 8.149849 1.064930 0.116672 -0.183299 19.826196 518.811101 -38.808856
14.851364 -1.920343 8.036133 14.851364 -1.920343 8.036133 1.052526 0.394862 -0.190340 -61.173024 408.488178 15.336769
15.466013 -1.619244 7.930230 15.466013 -1.619244 7.930230 0.986547 0.593225 -0.153437 -158.754696 252.721837 107.675612
16.022497 -1.227375 7.863955 16.022497 -1.227375 7.863955 0.856952 0.697079 -0.056801 -273.229438 93.460738 214.443921
16.480715 -0.802896 7.872157 16.480715 -0.802896 7.872157 0.659153 0.700199 0.090277 -386.102981 -83.061809 275.816484
16.802465 -0.407175 7.978384 16.802465 -0.407175 7.978384 0.406276 0.603128 0.267834 -456.819473 -240.509601 316.038415
16.961517 -0.094637 8.196181 16.961517 -0.094637 8.196181 0.119753 0.428586 0.458504 -498.256277 -341.294947 319.529877
16.944477 0.097465 8.526367 16.944477 0.097465 8.526367 -0.175228 0.205727 0.638062 -485.014132 -401.570822 278.995859
16.756116 0.148568 8.953052 16.756116 0.148568 8.953052 -0.445843 -0.035469 0.773605 -417.034720 -402.413171 172.812870
16.420236 0.058029 9.439763 16.420236 0.058029 9.439763 -0.662606 -0.261034 0.834499 -305.508793 -349.472658 30.166563
15.978618 -0.156427 9.935703 15.978618 -0.156427 9.935703 -0.791225 -0.445367 0.801656 -123.223571 -264.968611 -139.641070
15.493625 -0.463728 10.381445 15.493625 -0.463728 10.381445 -0.805547 -0.566282 0.667289 75.483821 -138.083638 -308.250190
15.034662 -0.819902 10.716917 15.034662 -0.819902 10.716917 -0.706367 -0.606879 0.435254 255.116114 2.762856 -465.198647
14.667897 -1.176793 10.885775 14.667897 -1.176793 10.885775 -0.497622 -0.571529 0.113343 440.701651 115.069320 -607.837445
14.458086 -1.493203 10.840582 14.458086 -1.493203 10.840582 -0.186020 -0.473510 -0.270300 597.972722 211.659303 -670.974984
14.458130 -1.735731 10.557788 14.458130 -1.735731 10.557788 0.192866 -0.329117 -0.672076 664.981375 269.653101 -668.278250
14.693313 -1.884470 10.037972 14.693313 -1.884470 10.037972 0.590687 -0.166357 -1.054444 661.085764 272.879129 -606.279743
15.162932 -1.937568 9.304183 15.162932 -1.937568 9.304183 0.968394 -0.014642 -1.378174 597.939229 232.838187 -472.819904
15.843998 -1.909017 8.404092 15.843998 -1.909017 8.404092 1.289165 0.102188 -1.602265 471.295525 156.594021 -274.150032
16.690518 -1.825682 7.406515 16.690518 -1.825682 7.406515 1.512879 0.165324 -1.701110 274.418861 53.859484 -55.334211
17.633886 -1.722490 6.389915 17.633886 -1.722490 6.389915 1.608759 0.169151 -1.664179 45.181193 -41.102170 178.436870
18.592529 -1.634478 5.437015 18.592529 -1.634478 5.437015 1.562142 0.114093 -1.489676 -200.569302 -142.424105 403.240841
19.481351 -1.595788 4.626897 19.481351 -1.595788 4.626897 1.379997 0.007988 -1.192209 -406.583287 -211.258326 588.314140
20.225689 -1.630086 4.024298 20.225689 -1.630086 4.024298 1.083673 -0.124087 -0.805069 -581.163427 -228.991344 702.153235
20.763588 -1.743828 3.670237 20.763588 -1.743828 3.670237 0.696498 -0.251841 -0.370814 -709.417320 -196.856981 745.362143
21.052016 -1.925512 3.579473 21.052016 -1.925512 3.579473 0.261965 -0.345679 0.064201 -739.028455 -115.937722 704.690611
21.078777 -2.148921 3.739540 21.078777 -2.148921 3.739540 -0.168416 -0.390909 0.460522 -695.573967 -34.826267 616.378584
20.852524 -2.389735 4.126801 20.852524 -2.389735 4.126801 -0.585760 -0.411804 0.830349 -695.573967 -34.826267 616.378584
