-3.239141 3.420619 0.524436 -3.239141 3.420619 0.524436 1.005998 -1.061371 0.048465 -619.419462 234.676129 10.880464
-2.747038 2.826038 0.555474 -2.747038 2.826038 0.555474 0.634346 -0.920566 0.054994 -619.419462 234.676129 10.880464
-2.477852 2.323262 0.587107 -2.477852 2.323262 0.587107 0.263063 -0.743151 0.044916 -618.190257 356.707435 -44.471574
-2.427876 1.949737 0.603271 -2.427876 1.949737 0.603271 -0.090786 -0.488337 0.004324 -561.308391 492.671002 -90.836061
-2.575919 1.748927 0.590078 -2.575919 1.748927 0.590078 -0.390251 -0.175178 -0.047359 -436.905810 551.193481 -81.440669
-2.879111 1.742345 0.549615 -2.879111 1.742345 0.549615 -0.604386 0.152087 -0.083165 -276.878286 539.689598 -37.913104
-3.280740 1.925980 0.496431 -3.280740 1.925980 0.496431 -0.716309 0.452096 -0.088217 -96.198944 460.338500 21.075015
-3.717615 2.272418 0.450202 -3.717615 2.272418 0.450202 -0.722898 0.689899 -0.061035 74.235239 332.338939 69.528607
-4.129342 2.736380 0.430597 -4.129342 2.736380 0.430597 -0.635108 0.840308 0.003191 218.397298 169.023681 144.558670
-4.464305 3.259477 0.460185 -4.464305 3.259477 0.460185 -0.470119 0.884162 0.098187 331.569200 -22.840920 172.094400
-4.683948 3.774414 0.549417 -4.683948 3.774414 0.549417 -0.257450 0.813213 0.198163 377.324850 -213.657508 161.158974
-4.769285 4.214043 0.695019 -4.769285 4.214043 0.695019 -0.024982 0.635818 0.283336 397.570908 -377.659938 122.752895
-4.715708 4.520684 0.882712 -4.715708 4.520684 0.882712 0.198579 0.374868 0.334964 347.631920 -492.173662 49.340216
-4.538001 4.654359 1.085380 -4.538001 4.654359 1.085380 0.387085 0.066292 0.328611 280.719154 -536.413080 -70.516237
-4.260108 4.598188 1.262299 -4.260108 4.598188 1.262299 0.531081 -0.252513 0.248529 199.270015 -526.269828 -196.425146
-3.910569 4.355658 1.369640 -3.910569 4.355658 1.369640 0.625750 -0.549743 0.098572 116.291708 -464.496008 -303.430374
-3.518532 3.950204 1.367607 -3.518532 3.950204 1.367607 0.673798 -0.788433 -0.116281 43.868238 -331.137584 -412.745599
-3.108801 3.426364 1.219394 -3.108801 3.426364 1.219394 0.687901 -0.942994 -0.384680 3.142432 -184.064537 -481.918215
-2.696501 2.837067 0.901742 -2.696501 2.837067 0.901742 0.684757 -1.005279 -0.674323 -13.622587 -23.551633 -483.559219
-2.286278 2.239689 0.412492 -2.286278 2.239689 0.412492 0.685687 -0.969268 -0.952537 16.724057 143.588599 -443.822251
-1.868541 1.692221 -0.232216 -1.868541 1.692221 -0.232216 0.712292 -0.841881 -1.185322 71.956673 281.032368 -332.126594
-1.424791 1.241398 -0.993608 -1.424791 1.241398 -0.993608 0.772577 -0.654661 -1.336678 128.995404 343.035877 -172.392322
-0.933453 0.912183 -1.814170 -0.933453 0.912183 -1.814170 0.872839 -0.439665 -1.377734 205.211384 373.615287 35.538089
-0.369906 0.715324 -2.621592 -0.369906 0.715324 -2.621592 1.010494 -0.217047 -1.292306 253.636397 368.446368 249.220658
0.283135 0.646435 -3.340639 0.283135 0.646435 -3.340639 1.168126 -0.020886 -1.085385 271.804078 285.423347 440.518196
1.031360 0.678749 -3.902446 1.031360 0.678749 -3.902446 1.323331 0.117712 -0.770424 245.546625 176.570242 609.349227
1.866348 0.774050 -4.248016 1.866348 0.774050 -4.248016 1.454614 0.188113 -0.369805 192.063311 58.098381 726.049958
2.767634 0.890941 -4.336738 2.767634 0.890941 -4.336738 1.539582 0.190798 0.078186 91.164327 -49.145730 767.251055
3.699459 0.990665 -4.153429 3.699459 0.990665 -4.153429 1.552615 0.131770 0.529996 -47.721340 -147.616125 738.783969
4.614006 1.039451 -3.708453 4.614006 1.039451 -3.708453 1.481821 0.024674 0.943254 -188.259345 -209.368742 638.742657
5.461307 1.015527 -3.038535 5.461307 1.015527 -3.038535 1.329339 -0.106163 1.271461 -320.013637 -226.754419 455.278747
6.193926 0.913203 -2.206612 6.193926 0.913203 -2.206612 1.100420 -0.231267 1.480109 -443.050902 -190.260160 240.214991
6.770027 0.744101 -1.289292 6.770027 0.744101 -1.289292 0.812583 -0.325895 1.554319 -516.404122 -125.168070 7.153684
7.164375 0.531212 -0.369347 7.164375 0.531212 -0.369347 0.501494 -0.375105 1.488936 -520.560258 -38.865367 -225.097887
7.375554 0.306960 0.471816 7.375554 0.306960 0.471816 0.209073 -0.359390 1.295474 -454.174905 91.251552 -419.775244
7.425287 0.113087 1.165426 7.425287 0.113087 1.165426 -0.033230 -0.277962 1.003037 -353.501268 180.173462 -555.014072
7.341719 -0.021259 1.667346 7.341719 -0.021259 1.667346 -0.245330 -0.169858 0.670029 -353.501268 180.173462 -555.014072
