7.112408 -5.823662 5.877743 7.112408 -5.823662 5.877743 -0.016920 0.859977 -1.233521 62.691586 9.925655 543.518632
7.113540 -5.305889 5.235464 7.113540 -5.305889 5.235464 0.020695 0.865932 -0.907409 62.691586 9.925655 543.518632
7.146253 -4.791218 4.793020 7.146253 -4.791218 4.793020 0.103371 0.838512 -0.560454 212.896745 -101.324437 612.998542
7.256521 -4.314281 4.568904 7.256521 -4.314281 4.568904 0.280729 0.738059 -0.183574 378.295737 -233.521342 643.269276
7.497919 -3.917166 4.570850 7.497919 -3.917166 4.570850 0.532043 0.579514 0.183898 459.418974 -294.961956 581.636269
7.900919 -3.622725 4.778423 7.900919 -3.622725 4.778423 0.813084 0.401669 0.495578 477.382802 -297.853258 457.298693
8.472497 -3.433256 5.148218 8.472497 -3.433256 5.148218 1.088511 0.233362 0.720632 440.706634 -263.168914 292.879132
9.199962 -3.336451 5.623100 9.199962 -3.336451 5.623100 1.328089 0.096248 0.845283 357.887605 -193.879943 122.626472
10.054025 -3.306675 6.141124 10.054025 -3.306675 6.141124 1.506774 0.014547 0.862765 237.728535 -78.457332 -64.355253
10.993025 -3.305184 6.638143 10.993025 -3.305184 6.638143 1.610132 0.001900 0.778870 106.799564 36.302402 -215.293852
11.971594 -3.292264 7.060442 11.971594 -3.292264 7.060442 1.640540 0.049912 0.618344 -5.440090 123.738290 -319.791214
12.948250 -3.234699 7.370001 12.948250 -3.234699 7.370001 1.603834 0.150878 0.407044 -116.913527 212.812939 -384.542759
13.885899 -3.104127 7.544412 13.885899 -3.104127 7.544412 1.515652 0.287260 0.173328 -177.026940 241.794901 -394.512053
14.761813 -2.889141 7.579969 14.761813 -2.889141 7.579969 1.401373 0.427872 -0.050515 -203.902702 226.910600 -351.630053
15.566288 -2.594386 7.490371 15.566288 -2.594386 7.490371 1.280800 0.549958 -0.241472 -198.008022 180.043732 -284.895141
16.302234 -2.236991 7.299295 16.302234 -2.236991 7.299295 1.177532 0.633046 -0.386968 -146.216191 96.916100 -200.088699
16.985992 -1.846577 7.037462 16.985992 -1.846577 7.037462 1.107594 0.656900 -0.475202 -86.911573 -17.401173 -94.026361
17.637969 -1.462121 6.740244 17.637969 -1.462121 6.740244 1.070768 0.613703 -0.507477 -35.840373 -126.591190 -13.557022
18.276872 -1.122206 6.436161 18.276872 -1.122206 6.436161 1.063731 0.510147 -0.501393 12.382272 -218.596194 33.839035
18.918721 -0.860180 6.143428 18.918721 -0.860180 6.143428 1.078067 0.355415 -0.471030 35.404872 -297.176915 67.368623
19.571955 -0.700921 5.871909 19.571955 -0.700921 5.871909 1.099416 0.174621 -0.435745 35.756420 -305.469532 50.247996
20.234702 -0.648902 5.616585 20.234702 -0.648902 5.616585 1.104173 0.002493 -0.420204 -19.898765 -268.288285 1.555194
20.888726 -0.691797 5.361837 20.888726 -0.691797 5.361837 1.067746 -0.138974 -0.433801 -101.523723 -203.271043 -46.876498
21.504978 -0.804330 5.088625 21.504978 -0.804330 5.088625 0.976226 -0.223735 -0.484395 -203.542568 -79.263386 -121.770717
22.048218 -0.943716 4.772989 22.048218 -0.943716 4.772989 0.824807 -0.225683 -0.572860 -301.187666 72.769977 -173.113276
22.483813 -1.057342 4.397474 22.483813 -1.057342 4.397474 0.618718 -0.138597 -0.679923 -385.777424 217.517742 -183.761787
22.781843 -1.093480 3.957307 22.781843 -1.093480 3.957307 0.368451 0.031247 -0.785860 -448.445161 348.628262 -169.362161
22.921089 -1.005356 3.457831 22.921089 -1.005356 3.457831 0.093861 0.273538 -0.874850 -466.854905 459.008844 -127.271272
22.895525 -0.755539 2.915881 22.895525 -0.755539 2.915881 -0.175487 0.564307 -0.921872 -430.970886 510.220854 -29.469641
22.718197 -0.326712 2.364604 22.718197 -0.326712 2.364604 -0.406375 0.862451 -0.903798 -338.656288 483.591999 89.716139
22.421913 0.273413 1.847245 22.421913 0.273413 1.847245 -0.567074 1.130645 -0.806116 -197.006524 410.385996 235.892051
22.057091 1.019111 1.414492 22.057091 1.019111 1.414492 -0.630860 1.344088 -0.622300 -15.612810 301.093606 376.825343
21.686703 1.869548 1.114890 21.686703 1.869548 1.114890 -0.585535 1.473679 -0.366456 166.696238 130.875496 475.990103
21.376352 2.765069 0.985058 21.376352 2.765069 0.985058 -0.430695 1.490982 -0.059045 349.436514 -73.199394 548.713351
21.190334 3.635766 1.049539 21.190334 3.635766 1.049539 -0.173532 1.393480 0.275878 507.772102 -251.806550 567.696431
21.184514 4.417670 1.314738 21.184514 4.417670 1.314738 0.165630 1.198102 0.603930 622.770038 -399.455461 525.810708
21.398214 5.057144 1.764606 21.398214 5.057144 1.764606 0.550409 0.921002 0.883735 659.825913 -524.208433 406.873067
21.844681 5.512227 2.357889 21.844681 5.512227 2.357889 0.933568 0.590673 1.076882 617.370172 -576.888364 236.948878
22.509592 5.763955 3.035340 22.509592 5.763955 3.035340 1.272207 0.250361 1.162406 511.427117 -557.486443 48.131239
23.354934 5.818653 3.728760 23.354934 5.818653 3.728760 1.528867 -0.059985 1.127849 344.104872 -477.001644 -163.321626
24.321464 5.704417 4.363047 24.321464 5.704417 4.363047 1.671686 -0.308111 0.964736 131.957855 -350.084530 -380.388216
25.334289 5.466795 4.863286 25.334289 5.466795 4.863286 1.681170 -0.466860 0.685836 -100.342913 -179.078283 -549.278008
26.310845 5.166139 5.169252 26.310845 5.166139 5.169252 1.550542 -0.515836 0.322945 -335.083957 15.824316 -660.360292
27.168835 4.870385 5.241345 27.168835 4.870385 5.241345 1.289388 -0.451844 -0.087319 -535.428131 197.483158 -707.186510
27.838009 4.643450 5.064135 27.838009 4.643450 5.064135 0.927724 -0.290232 -0.499254 -670.120012 341.222426 -665.929150
28.269554 4.536185 4.649694 28.269554 4.536185 4.649694 0.503310 -0.058225 -0.873918 -744.591682 432.134281 -582.951254
28.437513 4.579034 4.020412 28.437513 4.579034 4.020412 0.056555 0.201055 -1.223689 -744.591682 432.134281 -582.951254
