-7.398122 -4.899422 9.485632 -7.398122 -4.899422 9.485632 -0.238076 0.013384 -0.585661 163.703771 -62.808120 -461.951319
-7.511501 -4.902697 9.051084 -7.511501 -4.902697 9.051084 -0.139854 -0.024300 -0.862831 163.703771 -62.808120 -461.951319
-7.556297 -4.923538 8.456311 -7.556297 -4.923538 8.456311 0.006619 -0.036763 -1.109618 324.538383 21.265644 -360.671775
-7.480660 -4.934440 7.736463 -7.480660 -4.934440 7.736463 0.267586 0.012636 -1.271804 545.351746 143.399099 -179.946797
-7.212739 -4.895569 6.953753 -7.212739 -4.895569 6.953753 0.640827 0.126064 -1.315956 698.785093 234.692835 32.771660
-6.698603 -4.774257 6.181591 -6.698603 -4.774257 6.181591 1.079389 0.284023 -1.238731 763.087701 291.836765 224.645965
-5.913651 -4.550350 5.490573 -5.913651 -4.550350 5.490573 1.537058 0.463939 -1.045021 762.475975 307.885411 421.055934
-4.857970 -4.217386 4.950110 -4.857970 -4.217386 4.950110 1.975543 0.644572 -0.738593 699.142485 294.224605 600.369615
-3.556029 -3.782974 4.619688 -3.556029 -3.782974 4.619688 2.348873 0.794649 -0.355032 545.290852 206.030892 678.167341
-2.062497 -3.276398 4.530021 -2.062497 -3.276398 4.530021 2.606328 0.881773 0.058280 312.889394 84.381157 699.537233
-0.453122 -2.740161 4.687655 -0.453122 -2.740161 4.687655 2.740355 0.892325 0.461745 133.867686 -49.208125 645.347120
1.215187 -2.213624 5.080864 1.215187 -2.213624 5.080864 2.820675 0.862800 0.848953 133.867686 -49.208125 645.347120
