-9.243929 -3.680281 -6.493062 -9.243929 -3.680281 -6.493062 2.370751 0.492886 2.233449 -242.433444 -220.077535 -271.701388
-7.865116 -3.424163 -5.201899 -7.865116 -3.424163 -5.201899 2.225291 0.360839 2.070428 -242.433444 -220.077535 -271.701388
-6.583697 -3.248359 -4.016963 -6.583697 -3.248359 -4.016963 2.029243 0.223370 1.865335 -411.058575 -238.153305 -411.941530
-5.449439 -3.157752 -2.980810 -5.449439 -3.157752 -2.980810 1.736123 0.077741 1.573678 -566.010073 -247.276932 -560.247569
-4.513190 -3.150558 -2.140001 -4.513190 -3.150558 -2.140001 1.378804 -0.045332 1.224765 -625.052887 -162.965051 -602.798192
-3.797902 -3.201677 -1.512239 -3.797902 -3.201677 -1.512239 1.006350 -0.116037 0.870119 -616.460355 -72.718702 -579.352172
-3.300894 -3.276671 -1.090497 -3.300894 -3.276671 -1.090497 0.657275 -0.121082 0.542278 -547.122130 55.901877 -513.451177
-2.996964 -3.330482 -0.849407 -2.996964 -3.330482 -0.849407 0.369238 -0.043663 0.274926 -412.999500 202.160608 -377.722402
-2.839373 -3.313175 -0.742483 -2.839373 -3.313175 -0.742483 0.173379 0.113215 0.098082 -239.866820 320.766829 -211.757602
-2.768031 -3.182178 -0.712262 -2.768031 -3.182178 -0.712262 0.081913 0.332326 0.018469 -65.017707 409.605150 -53.619847
-2.720193 -2.906730 -0.701761 -2.720193 -2.906730 -0.701761 0.094865 0.589706 0.031652 108.191708 448.324950 97.561327
-2.634609 -2.472305 -0.658471 -2.634609 -2.472305 -0.658471 0.205735 0.858215 0.123881 261.374675 446.707520 209.870659
-2.458013 -1.881722 -0.541325 -2.458013 -1.881722 -0.541325 0.393097 1.102470 0.275004 363.165405 367.476326 293.873424
-2.154564 -1.160861 -0.321760 -2.154564 -1.160861 -0.321760 0.622099 1.289124 0.459655 400.172134 254.701722 321.628831
-1.709220 -0.352076 0.011023 -1.709220 -0.352076 0.011023 0.862470 1.389265 0.648119 401.065175 79.103329 306.585342
-1.121681 0.485666 0.451111 -1.121681 0.485666 0.451111 1.092436 1.386451 0.812225 365.490306 -88.483370 240.433615
-0.405410 1.290921 0.977572 -0.405410 1.290921 0.977572 1.286837 1.279915 0.935726 282.510910 -266.637418 171.236789
0.411330 2.001766 1.565036 0.411330 2.001766 1.565036 1.425271 1.074385 1.014493 178.935435 -418.463662 91.320504
1.293827 2.566111 2.186540 1.293827 2.566111 2.186540 1.508264 0.798493 1.051137 97.708111 -501.174212 30.824670
2.216373 2.954995 2.822770 2.216373 2.954995 2.822770 1.566889 0.497789 1.069632 97.708111 -501.174212 30.824670
