-6.159501 5.320167 -9.221738 -6.159501 5.320167 -9.221738 -0.264768 0.013029 1.804777 182.208133 -415.446391 -104.782818
-6.285564 5.253204 -8.157732 -6.285564 5.253204 -8.157732 -0.155443 -0.236239 1.741908 182.208133 -415.446391 -104.782818
-6.347048 5.041553 -7.139767 -6.347048 5.041553 -7.139767 -0.051195 -0.461142 1.637443 165.284063 -334.231546 -243.431983
-6.350789 4.713310 -6.208711 -6.350789 4.713310 -6.208711 0.034097 -0.618660 1.453424 119.022361 -190.828434 -369.965579
-6.311084 4.315649 -5.407689 -6.311084 4.315649 -5.407689 0.094626 -0.693735 1.209251 82.743493 -59.421308 -443.943143
-6.243847 3.896553 -4.762045 -6.243847 3.896553 -4.762045 0.122108 -0.690187 0.942898 8.862385 71.247935 -443.901538
-6.172137 3.502491 -4.272506 -6.172137 3.502491 -4.272506 0.111677 -0.611310 0.695073 -43.634131 191.677226 -382.182730
-6.113182 3.173970 -3.918258 -6.113182 3.173970 -3.918258 0.084515 -0.477487 0.495749 -46.906238 254.398948 -282.229878
-6.069166 2.933938 -3.665555 -6.069166 2.933938 -3.665555 0.065121 -0.321507 0.356687 -17.738283 265.533988 -181.309903
-6.031682 2.787216 -3.477938 -6.031682 2.787216 -3.477938 0.062497 -0.170257 0.279104 8.989853 238.633404 -77.301205
-5.986553 2.724917 -3.316900 -5.986553 2.724917 -3.316900 0.097955 -0.042570 0.270170 109.206352 186.990460 47.522677
-5.901963 2.726853 -3.141667 -5.901963 2.726853 -3.141667 0.194281 0.038719 0.321571 211.879318 83.971772 123.813049
-5.741581 2.757760 -2.924940 -5.741581 2.757760 -2.924940 0.349784 0.051907 0.403348 306.462581 -40.010623 148.776167
-5.470451 2.777264 -2.655374 -5.470451 2.777264 -2.655374 0.564139 0.005706 0.496501 408.054771 -113.994517 161.733558
-5.054288 2.754675 -2.330390 -5.054288 2.754675 -2.330390 0.830122 -0.090157 0.583399 478.555404 -205.547734 127.929160
-4.470887 2.661923 -1.961394 -4.470887 2.661923 -1.961394 1.113195 -0.221781 0.639804 465.022141 -233.200581 60.085701
-3.722265 2.488379 -1.569895 -3.722265 2.488379 -1.569895 1.377214 -0.354201 0.659864 415.039349 -208.197688 6.780085
-2.821230 2.238383 -1.172756 -2.821230 2.238383 -1.172756 1.626237 -0.479119 0.663932 415.039349 -208.197688 6.780085
