-5.048343 2.649496 5.447152 -5.048343 2.649496 5.447152 -1.023999 0.955222 0.710603 -189.429567 64.491259 192.436695
-5.696840 3.234238 5.908153 -5.696840 3.234238 5.908153 -1.137657 0.993917 0.826065 -189.429567 64.491259 192.436695
-6.401779 3.833822 6.434437 -6.401779 3.833822 6.434437 -1.192552 0.990741 0.921559 6.443145 -75.076841 125.876037
-7.100495 4.407111 7.003582 -7.100495 4.407111 7.003582 -1.110407 0.907488 0.964844 267.374862 -202.434751 18.408130
-7.706270 4.910266 7.580635 -7.706270 4.910266 7.580635 -0.888276 0.761530 0.950052 473.062930 -284.091801 -67.715026
-8.144736 5.313809 8.136612 -8.144736 5.313809 8.136612 -0.557696 0.579883 0.900096 628.869919 -321.397283 -98.807632
-8.360378 5.604297 8.659012 -8.360378 5.604297 8.659012 -0.151480 0.389097 0.841451 725.184082 -314.556448 -96.675584
-8.320138 5.784373 9.146914 -8.320138 5.784373 9.146914 0.286604 0.216552 0.785615 735.096076 -260.591813 -89.443993
-8.019305 5.873278 9.605508 -8.019305 5.873278 9.605508 0.710430 0.089598 0.748571 677.654358 -162.589895 -34.035686
-7.477747 5.904302 10.052419 -7.477747 5.904302 10.052419 1.083632 0.024699 0.747623 566.353783 -53.737636 30.877238
-6.735458 5.915536 10.510903 -6.735458 5.915536 10.510903 1.374274 0.022893 0.787912 402.454166 47.717614 103.419866
-5.849945 5.943562 11.003845 -5.849945 5.943562 11.003845 1.558279 0.080026 0.857858 210.894504 142.725488 129.732695
-4.888544 6.019723 11.542581 -4.888544 6.019723 11.542581 1.627182 0.177937 0.939044 18.782104 183.643111 140.887812
-3.918254 6.160202 12.129720 -3.918254 6.160202 12.129720 1.591453 0.291430 1.015338 -137.879770 194.667396 113.422800
-2.995790 6.368471 12.755748 -2.995790 6.368471 12.755748 1.470778 0.400081 1.065439 -264.368733 167.501641 53.583506
-2.166317 6.634085 13.398154 -2.166317 6.634085 13.398154 1.285120 0.477660 1.065079 -354.491071 91.094034 -54.783371
-1.459909 6.930815 14.019868 -1.459909 6.930815 14.019868 1.068146 0.501000 0.994845 -368.754643 -13.292199 -179.333158
-0.883383 7.222155 14.575727 -0.883383 7.222155 14.575727 0.856963 0.458688 0.843406 -335.190989 -127.747215 -325.463472
-0.426280 7.468000 15.015652 -0.426280 7.468000 15.015652 0.672149 0.350172 0.610454 -280.855087 -233.973078 -451.040358
-0.067642 7.630752 15.295645 -0.067642 7.630752 15.295645 0.533145 0.183612 0.314365 -182.491858 -321.226778 -535.924291
0.226925 7.680073 15.384916 0.226925 7.680073 15.384916 0.461292 -0.024252 -0.021597 -57.016251 -371.652374 -583.950062
0.498085 7.599517 15.269029 0.498085 7.599517 15.269029 0.450321 -0.242783 -0.361056 20.446036 -356.784475 -547.579388
0.771958 7.389626 14.953831 0.771958 7.389626 14.953831 0.462589 -0.456853 -0.689604 20.446036 -356.784475 -547.579388
