0.773179 -2.763804 -0.104098 0.773179 -2.763804 -0.104098 -1.484323 -0.160706 -0.007563 143.733378 -254.398158 -37.967402
-0.091543 -2.906019 -0.115469 -0.091543 -2.906019 -0.115469 -1.398083 -0.313345 -0.030343 143.733378 -254.398158 -37.967402
-0.894024 -3.133057 -0.132324 -0.894024 -3.133057 -0.132324 -1.259359 -0.432183 -0.012198 318.681070 -141.729054 98.453310
-1.580590 -3.410245 -0.113400 -1.580590 -3.410245 -0.113400 -1.009716 -0.479056 0.089481 513.461504 -14.513123 240.473713
-2.087879 -3.692529 -0.011335 -2.087879 -3.692529 -0.011335 -0.671052 -0.448953 0.259220 615.418957 114.854521 325.324794
-2.377292 -3.935690 0.205118 -2.377292 -3.935690 0.205118 -0.289586 -0.352354 0.466227 656.133655 207.143308 364.699054
-2.433656 -4.106670 0.549460 -2.433656 -4.106670 0.549460 0.100517 -0.212336 0.679849 644.209189 259.583727 347.373862
-2.263204 -4.186779 1.016250 -2.263204 -4.186779 1.016250 0.457961 -0.053749 0.870039 547.271399 269.039944 286.592112
-1.898572 -4.172586 1.585395 -1.898572 -4.172586 1.585395 0.743056 0.097749 1.019667 403.046093 235.951965 212.168992
-1.389892 -4.075650 2.229668 -1.389892 -4.075650 2.229668 0.936378 0.218396 1.118379 241.361566 166.204636 116.868537
-0.794944 -3.921211 2.916822 -0.794944 -3.921211 2.916822 1.029571 0.285544 1.163953 69.281729 57.622417 35.047224
-0.174091 -3.745895 3.616980 -0.174091 -3.745895 3.616980 1.024338 0.288203 1.162368 -86.725215 -48.757467 -40.330939
0.417841 -3.586953 4.305255 0.417841 -3.586953 4.305255 0.937004 0.232929 1.128737 -204.390458 -135.491062 -71.772370
0.938552 -3.476117 4.969806 0.938552 -3.476117 4.969806 0.790865 0.128971 1.086817 -282.737361 -211.036885 -67.961370
1.360926 -3.437416 5.611978 1.360926 -3.437416 5.611978 0.614960 -0.001122 1.057611 -303.614156 -222.606590 -29.390543
1.676154 -3.476987 6.243860 1.676154 -3.476987 6.243860 0.437306 -0.128828 1.053002 -288.565695 -203.076969 14.026050
1.889992 -3.588022 6.882198 1.889992 -3.588022 6.882198 0.281145 -0.236598 1.081480 -231.969439 -156.156792 80.901755
2.021854 -3.751275 7.549453 2.021854 -3.751275 7.549453 0.166613 -0.296224 1.149045 -149.804237 -42.598677 144.312348
2.100290 -3.928557 8.267071 2.100290 -3.928557 8.267071 0.103896 -0.281181 1.246706 -59.252735 92.743790 181.226675
2.155958 -4.073789 9.048210 2.155958 -4.073789 9.048210 0.088321 -0.191623 1.357915 7.336749 205.783010 189.468897
2.213803 -4.143807 9.894186 2.213803 -4.143807 9.894186 0.110384 -0.028577 1.457209 66.204435 337.701600 141.512031
2.293959 -4.096249 10.789881 2.293959 -4.096249 10.789881 0.160150 0.193633 1.521601 99.682427 403.000831 73.125080
2.407991 -3.907529 11.716004 2.407991 -3.907529 11.716004 0.219959 0.435434 1.565476 99.682427 403.000831 73.125080
