-4.965538 -3.136497 8.241566 -4.965538 -3.136497 8.241566 -0.310429 -0.546858 0.646392 411.227858 -314.033108 -294.182439
-5.077775 -3.521138 8.576448 -5.077775 -3.521138 8.576448 -0.063692 -0.735278 0.469882 411.227858 -314.033108 -294.182439
-5.045727 -4.010805 8.798373 -5.045727 -4.010805 8.798373 0.164257 -0.883571 0.258113 348.604141 -180.278188 -411.712706
-4.890172 -4.562447 8.871663 -4.890172 -4.562447 8.871663 0.344677 -0.936980 -0.026265 252.796575 2.249592 -536.214257
-4.644671 -5.113516 8.756573 -4.644671 -5.113516 8.756573 0.462312 -0.882062 -0.362057 139.318405 180.809050 -583.092327
-4.347273 -5.599476 8.434726 -4.347273 -5.599476 8.434726 0.520571 -0.719920 -0.710190 54.878127 359.663867 -577.351307
-4.030114 -5.958392 7.908309 -4.030114 -5.958392 7.908309 0.528190 -0.462636 -1.038504 -29.481003 497.951534 -517.029600
-3.720825 -6.141884 7.199953 -3.720825 -6.141884 7.199953 0.498907 -0.141574 -1.309660 -68.128677 572.255708 -386.823328
-3.433347 -6.122323 6.355497 -3.433347 -6.122323 6.355497 0.460016 0.209275 -1.486916 -61.506812 597.238278 -204.031613
-3.166721 -5.892530 5.439653 -3.166721 -5.892530 5.439653 0.431546 0.551247 -1.544176 -33.393999 542.668568 13.166956
-2.910767 -5.469964 4.528361 -2.910767 -5.469964 4.528361 0.426698 0.847537 -1.472058 17.234145 444.966580 227.226730
-2.647513 -4.890890 3.698691 -2.647513 -4.890890 3.698691 0.457703 1.066803 -1.272405 86.114297 285.919554 438.282826
-2.354296 -4.210703 3.024219 -2.354296 -4.210703 3.024219 0.524845 1.181552 -0.959038 137.694453 96.577381 606.271757
-2.012521 -3.495994 2.563384 -2.012521 -3.495994 2.563384 0.617873 1.181469 -0.567977 172.397173 -96.853158 697.264861
-1.610592 -2.814257 2.350530 -1.610592 -2.814257 2.350530 0.722184 1.074803 -0.137494 175.307002 -258.700605 737.681032
-1.147355 -2.224769 2.398261 -1.147355 -2.224769 2.398261 0.819223 0.875443 0.292338 148.154902 -405.832005 695.090998
-0.633411 -1.777208 2.691126 -0.633411 -1.777208 2.691126 0.886826 0.608667 0.671121 77.188720 -483.423803 567.517555
-0.094302 -1.499138 3.184676 -0.094302 -1.499138 3.184676 0.898741 0.318043 0.955252 -37.472520 -485.323071 379.585747
0.431206 -1.393583 3.814028 0.431206 -1.393583 3.814028 0.841299 0.037288 1.122384 -154.001133 -450.525065 177.522052
0.901999 -1.446842 4.505060 0.901999 -1.446842 4.505060 0.717567 -0.205713 1.157137 -258.436920 -359.477944 -61.679975
1.279441 -1.626024 5.174525 1.279441 -1.626024 5.174525 0.529610 -0.376640 1.051554 -368.088453 -210.279793 -290.261505
1.526610 -1.880163 5.742963 1.526610 -1.880163 5.742963 0.287049 -0.454334 0.826162 -440.447680 -48.699990 -461.045283
1.619623 -2.152308 6.147746 1.619623 -2.152308 6.147746 0.023104 -0.437446 0.509905 -439.366517 104.993412 -593.146319
1.557501 -2.388449 6.343134 1.557501 -2.388449 6.343134 -0.225009 -0.337310 0.135073 -387.678397 228.794450 -656.290979
1.358405 -2.544085 6.307006 1.358405 -2.544085 6.307006 -0.429158 -0.172201 -0.253900 -292.819709 321.567486 -640.285392
1.057054 -2.586495 6.044491 1.057054 -2.586495 6.044491 -0.560595 0.035881 -0.612690 -145.301241 372.040073 -555.683161
0.706779 -2.498086 5.584100 0.706779 -2.498086 5.584100 -0.586594 0.258670 -0.909869 58.636019 370.589345 -434.914345
0.377939 -2.280207 4.969745 0.377939 -2.280207 4.969745 -0.488604 0.460882 -1.121563 267.998011 303.449904 -270.732653
0.144489 -1.955047 4.259866 0.144489 -1.955047 4.259866 -0.270440 0.613002 -1.225046 459.214519 203.616415 -74.210125
0.074435 -1.556468 3.521192 0.074435 -1.556468 3.521192 0.052848 0.705806 -1.221015 618.411886 105.731754 87.649327
0.224673 -1.120916 2.812270 0.224673 -1.120916 2.812270 0.459972 0.734429 -1.128877 738.669751 -10.323359 219.476823
0.636265 -0.688866 2.180721 0.636265 -0.688866 2.180721 0.916415 0.694487 -0.965838 782.806020 -122.814197 323.983927
1.324069 -0.298592 1.662837 1.324069 -0.298592 1.662837 1.371346 0.599238 -0.754936 733.631848 -194.682409 379.023142
2.272450 0.025195 1.277531 2.272450 0.025195 1.277531 1.779122 0.478863 -0.530365 625.622162 -206.570295 369.548026
3.442684 0.276788 1.023615 3.442684 0.276788 1.023615 2.105239 0.362210 -0.319715 461.433307 -182.272579 332.619368
4.775947 0.464096 0.886852 4.775947 0.464096 0.886852 2.317407 0.266804 -0.144170 245.792351 -135.747699 252.530862
6.196512 0.604832 0.840910 6.196512 0.604832 0.840910 2.394274 0.210797 -0.017131 10.432540 -50.940930 170.930530
7.619603 0.729948 0.855715 7.619603 0.729948 0.855715 2.323776 0.219268 0.057009 -245.426266 79.176535 76.204738
8.959098 0.881258 0.900179 8.959098 0.881258 0.900179 2.123552 0.294263 0.085442 -421.988362 170.807011 18.570351
10.157271 1.088561 0.954787 10.157271 1.088561 0.954787 1.870359 0.396747 0.096584 -421.988362 170.807011 18.570351
