3.197047 0.783715 -7.590422 3.197047 0.783715 -7.590422 0.019879 -0.408707 0.907275 166.766754 -163.942112 -371.820629
3.238993 0.508981 -7.112984 3.238993 0.508981 -7.112984 0.119939 -0.507072 0.684183 166.766754 -163.942112 -371.820629
3.351280 0.180841 -6.767610 3.351280 0.180841 -6.767610 0.271529 -0.577373 0.470052 338.533000 -70.394202 -341.949378
3.586744 -0.170648 -6.543215 3.586744 -0.170648 -6.543215 0.532703 -0.581583 0.284458 532.046968 56.358950 -276.694374
4.009881 -0.502245 -6.417180 4.009881 -0.502245 -6.417180 0.890664 -0.511726 0.144266 661.155639 176.498247 -190.614418
4.666347 -0.771582 -6.358216 4.666347 -0.771582 -6.358216 1.302657 -0.376181 0.063472 712.153882 275.319156 -78.696872
5.574911 -0.943198 -6.327804 5.574911 -0.943198 -6.327804 1.723862 -0.188313 0.048724 691.864751 350.905847 29.534971
6.727829 -0.990824 -6.289721 6.727829 -0.990824 -6.289721 2.109307 0.033223 0.084106 592.952446 387.547508 88.406611
8.090530 -0.902579 -6.221533 8.090530 -0.902579 -6.221533 2.417001 0.258515 0.146205 432.693694 363.426932 118.588037
9.605517 -0.687517 -6.112061 9.605517 -0.687517 -6.112061 2.611124 0.449253 0.219375 214.383533 272.365566 125.311399
11.196448 -0.375813 -5.959409 11.196448 -0.375813 -5.959409 2.668094 0.578309 0.286917 -24.485529 157.822650 99.831244
12.779317 -0.010080 -5.772625 12.779317 -0.010080 -5.772625 2.585502 0.624697 0.330138 -250.820764 -3.196228 44.236819
14.273518 0.354975 -5.570722 14.273518 0.354975 -5.570722 2.375247 0.576843 0.335969 -450.030019 -156.318145 -24.799754
15.607811 0.663743 -5.376377 15.607811 0.663743 -5.376377 2.055983 0.437049 0.307227 -614.181434 -309.661825 -71.006474
16.724719 0.862115 -5.207685 16.724719 0.862115 -5.207685 1.656827 0.210658 0.250307 -716.339565 -444.974470 -118.728114
17.589153 0.904348 -5.078839 17.589153 0.904348 -5.078839 1.223419 -0.076656 0.179236 -728.354282 -512.739462 -118.174258
18.196278 0.765538 -4.989880 18.196278 0.765538 -4.989880 0.807294 -0.386916 0.121774 -658.727921 -521.458972 -73.365057
18.568550 0.442915 -4.925543 18.568550 0.442915 -4.925543 0.444389 -0.682844 0.100146 -550.955394 -464.967372 1.272843
18.744944 -0.044195 -4.859714 18.744944 -0.044195 -4.859714 0.158482 -0.930372 0.128472 -402.066299 -360.127445 93.145186
18.778816 -0.657587 -4.758706 18.778816 -0.657587 -4.758706 -0.026985 -1.098179 0.220153 -216.159173 -199.228767 212.457242
18.735346 -1.340436 -4.580453 18.735346 -1.340436 -4.580453 -0.098536 -1.158118 0.387220 -22.342784 -0.566536 344.434752
18.681447 -2.023891 -4.279002 18.681447 -2.023891 -4.279002 -0.065716 -1.100870 0.629483 131.740557 191.392411 463.108316
18.673597 -2.640043 -3.814629 18.673597 -2.640043 -3.814629 0.052659 -0.936440 0.923968 262.844066 356.706516 518.509023
18.756662 -3.129945 -3.165807 18.756662 -3.129945 -3.165807 0.231154 -0.683641 1.240620 332.139465 485.958507 536.997656
18.955780 -3.447713 -2.326486 18.955780 -3.447713 -2.326486 0.433640 -0.367342 1.554264 342.812867 568.370005 508.479642
19.276649 -3.564364 -1.308575 19.276649 -3.564364 -1.308575 0.634220 -0.019082 1.828484 325.786883 592.495628 405.587139
19.712095 -3.472446 -0.147922 19.712095 -3.472446 -0.147922 0.811056 0.320005 2.024622 263.666509 537.794395 248.208291
20.239710 -3.190863 1.099418 20.239710 -3.190863 1.099418 0.936866 0.606567 2.112993 155.701469 417.414299 46.361245
20.823289 -2.762370 2.362463 20.823289 -2.762370 2.362463 0.997449 0.804109 2.075332 46.243226 241.059904 -171.897635
21.426315 -2.245098 3.566377 21.426315 -2.245098 3.566377 1.006359 0.905820 1.920473 -16.543419 97.974018 -344.300633
22.027153 -1.683971 4.656686 22.027153 -1.683971 4.656686 0.996433 0.964604 1.713892 -16.543419 97.974018 -344.300633
