0.884967 4.056271 1.758904 0.884967 4.056271 1.758904 -0.060916 -0.773705 0.610750 52.121478 149.494687 -634.742126
0.857799 3.618957 2.011100 0.857799 3.618957 2.011100 -0.029643 -0.684008 0.229905 52.121478 149.494687 -634.742126
0.852786 3.239901 2.042591 0.852786 3.239901 2.042591 0.018582 -0.572114 -0.111930 108.627428 223.485858 -504.708537
0.888635 2.939993 1.896448 0.888635 2.939993 1.896448 0.109496 -0.422361 -0.355443 194.419712 275.688084 -307.000036
0.993967 2.737136 1.640386 0.993967 2.737136 1.640386 0.249344 -0.252266 -0.477323 271.739564 291.296332 -99.265991
1.194094 2.635298 1.350988 1.194094 2.635298 1.350988 0.420422 -0.092047 -0.462566 298.520267 242.768233 148.456395
1.498901 2.617805 1.113620 1.498901 2.617805 1.113620 0.593636 0.023797 -0.306248 278.862044 143.376384 372.600686
1.903192 2.652330 1.007133 1.903192 2.652330 1.007133 0.750526 0.082018 -0.031716 244.102657 50.694069 542.506611
2.390843 2.704586 1.092920 2.390843 2.704586 1.092920 0.863975 0.082038 0.329617 134.062057 -50.625189 661.936426
2.925288 2.738074 1.412401 2.925288 2.738074 1.412401 0.904055 0.018551 0.739591 -0.463611 -161.000520 704.643580
3.458084 2.717170 1.981211 3.458084 2.717170 1.981211 0.856012 -0.093322 1.153474 -159.678766 -211.909075 674.968513
3.933102 2.622307 2.788244 3.933102 2.622307 2.788244 0.710966 -0.224100 1.525727 -323.806855 -224.016559 565.874874
4.293458 2.448006 3.796839 4.293458 2.448006 3.796839 0.476992 -0.356099 1.821757 -456.106275 -215.979041 420.889811
4.491550 2.200408 4.953872 4.491550 2.200408 4.953872 0.173306 -0.460999 2.015385 -556.181378 -133.688310 224.537621
4.492670 1.904983 6.191014 4.492670 1.904983 6.191014 -0.174159 -0.515021 2.087578 -602.035810 -46.386176 16.106557
4.280945 1.594449 7.435779 4.280945 1.594449 7.435779 -0.529693 -0.508711 2.043839 -583.076424 67.418120 -161.902764
3.863693 1.308845 8.623763 3.863693 1.308845 8.623763 -0.851953 -0.430822 1.900810 -491.122728 192.214284 -314.859889
3.273938 1.090262 9.700430 3.273938 1.090262 9.700430 -1.097534 -0.288938 1.676175 -327.481515 280.730182 -433.924626
2.567569 0.970830 10.624878 2.567569 0.970830 10.624878 -1.238531 -0.103499 1.400064 -142.507766 337.401296 -486.446387
1.812568 0.970296 11.378456 1.812568 0.970296 11.378456 -1.255194 0.103105 1.113699 86.962700 351.280194 -468.103415
1.088974 1.092075 11.965078 1.088974 1.092075 11.965078 -1.133670 0.297299 0.846139 318.117254 296.031580 -423.761321
0.478790 1.318608 12.401759 0.478790 1.318608 12.401759 -0.879013 0.449257 0.618255 530.739685 210.494812 -335.853299
0.056009 1.618017 12.719640 0.056009 1.618017 12.719640 -0.515102 0.535387 0.453653 682.298934 76.605274 -212.818715
-0.125072 1.944184 12.959517 -0.125072 1.944184 12.959517 -0.079891 0.537077 0.355920 768.404296 -70.973239 -112.959119
-0.033633 2.243943 13.158495 -0.033633 2.243943 13.158495 0.386454 0.445933 0.316942 786.076733 -232.838514 -16.967385
0.335948 2.461523 13.349632 0.335948 2.461523 13.349632 0.839174 0.265887 0.326887 722.990835 -367.316025 50.117084
0.961184 2.548974 13.556781 0.961184 2.548974 13.556781 1.230935 0.015677 0.366936 582.878934 -466.715115 83.377715
1.793557 2.472076 13.790765 1.793557 2.472076 13.790765 1.525130 -0.275830 0.411035 397.772745 -504.976604 63.621973
2.767318 2.216840 14.046516 2.767318 2.216840 14.046516 1.699213 -0.573028 0.437597 182.502496 -485.683442 24.918072
3.805656 1.790402 14.310385 3.805656 1.790402 14.310385 1.738512 -0.840428 0.436676 -51.505262 -405.648423 -27.989800
4.827295 1.221126 14.563770 4.827295 1.221126 14.563770 1.646625 -1.043827 0.401970 -254.785324 -272.348965 -87.697678
5.759959 0.556690 14.786526 5.759959 0.556690 14.786526 1.446503 -1.152825 0.336153 -412.286571 -90.979359 -131.692112
6.546910 -0.140693 14.962555 6.546910 -0.140693 14.962555 1.165433 -1.153966 0.247347 -524.615868 87.176453 -164.327789
7.148978 -0.806168 15.080908 7.148978 -0.806168 15.080908 0.836863 -1.045595 0.146368 -570.616460 274.060471 -172.267771
7.549960 -1.374557 15.141453 7.549960 -1.374557 15.141453 0.502368 -0.832972 0.061669 -544.365831 434.682201 -110.060963
7.760025 -1.789581 15.164986 7.760025 -1.789581 15.164986 0.208899 -0.539584 0.027343 -433.866698 543.280282 -4.360301
7.814042 -2.012622 15.184782 7.814042 -2.012622 15.184782 -0.017556 -0.199019 0.045606 -320.981972 591.935800 65.236192
7.745731 -2.025485 15.223889 7.745731 -2.025485 15.223889 -0.210145 0.156143 0.084748 -320.981972 591.935800 65.236192
