4.984182 -1.695602 -9.546478 4.984182 -1.695602 -9.546478 2.052342 0.811125 -0.030671 -457.988516 -537.609174 502.678903
6.133149 -1.305696 -9.474398 6.133149 -1.305696 -9.474398 1.777549 0.488560 0.270937 -457.988516 -537.609174 502.678903
7.111894 -1.108606 -9.223544 7.111894 -1.108606 -9.223544 1.476025 0.169615 0.561596 -547.089374 -525.540309 466.186792
7.894661 -1.097477 -8.806848 7.894661 -1.097477 -8.806848 1.125913 -0.125920 0.820429 -619.953159 -459.576336 396.588008
8.459389 -1.247442 -8.251224 8.459389 -1.247442 -8.251224 0.757800 -0.360112 1.018287 -607.088174 -321.063033 262.939350
8.809161 -1.510198 -7.599207 8.809161 -1.510198 -7.599207 0.415386 -0.497239 1.144630 -534.292868 -136.026917 158.204398
8.970244 -1.822081 -6.890015 8.970244 -1.822081 -6.890015 0.134931 -0.524126 1.209239 -400.555678 46.404938 57.158085
8.990504 -2.118315 -6.160540 8.990504 -2.118315 -6.160540 -0.048396 -0.446844 1.211747 -210.536706 211.200719 -48.797529
8.937512 -2.340356 -5.444312 8.937512 -2.340356 -5.444312 -0.105006 -0.279874 1.172288 21.837069 345.367312 -82.734108
8.891815 -2.438899 -4.756379 8.891815 -2.438899 -4.756379 -0.025023 -0.036579 1.119910 244.773853 465.615426 -91.858651
8.932408 -2.376061 -4.099704 8.932408 -2.376061 -4.099704 0.179581 0.247661 1.071111 437.241030 481.849471 -70.804319
9.128367 -2.142390 -3.467318 9.128367 -2.142390 -3.467318 0.489459 0.528482 1.040950 595.685204 454.222758 -29.731822
9.535069 -1.747559 -2.843413 9.535069 -1.747559 -2.843413 0.875886 0.780920 1.046545 692.404343 387.235192 48.382321
10.186664 -1.216419 -2.204449 10.186664 -1.216419 -2.204449 1.298480 0.977689 1.087219 716.242590 268.662097 87.196995
11.091079 -0.590740 -1.534244 11.091079 -0.590740 -1.534244 1.710241 1.092420 1.150425 656.292633 113.773894 123.490457
12.226417 0.076274 -0.820980 12.226417 0.076274 -0.820980 2.059321 1.116100 1.228422 507.308401 -34.840286 136.499852
13.544271 0.732409 -0.061074 13.544271 0.732409 -0.061074 2.318438 1.058925 1.301737 356.413288 -155.741861 107.882468
14.999488 1.339730 0.739387 14.999488 1.339730 0.739387 2.532286 0.965480 1.366466 356.413288 -155.741861 107.882468
