3.517912 -0.913896 -8.887966 3.517912 -0.913896 -8.887966 1.014214 -0.510175 -0.606478 0.866164 569.543937 618.252070
4.126596 -1.117483 -9.140567 4.126596 -1.117483 -9.140567 1.014734 -0.168449 -0.235527 0.866164 569.543937 618.252070
4.740495 -1.118279 -9.173414 4.740495 -1.118279 -9.173414 1.039764 0.162054 0.121346 82.567906 532.133556 571.325081
5.386681 -0.931376 -9.004116 5.386681 -0.931376 -9.004116 1.126630 0.450770 0.432399 206.983946 430.251125 465.517273
6.105402 -0.593345 -8.668639 6.105402 -0.593345 -8.668639 1.278252 0.659537 0.672933 298.422293 265.638732 336.263023
6.928971 -0.160127 -8.214129 6.928971 -0.160127 -8.214129 1.471812 0.767326 0.825809 346.777887 93.658665 173.324998
7.876610 0.306970 -7.696415 7.876610 0.306970 -7.696415 1.690540 0.772734 0.884955 382.316264 -75.630203 23.826293
8.957906 0.745824 -7.167895 8.957906 0.745824 -7.167895 1.910703 0.671495 0.865539 351.559176 -261.835550 -88.543482
10.162740 1.093586 -6.668923 10.162740 1.093586 -6.668923 2.097300 0.474368 0.790348 270.431989 -395.252069 -162.093994
11.462351 1.303527 -6.226800 11.462351 1.303527 -6.226800 2.222326 0.219544 0.678545 146.319652 -454.161922 -210.582381
12.811521 1.352778 -5.856804 12.811521 1.352778 -5.856804 2.257304 -0.056584 0.556066 -29.726162 -466.266685 -197.682019
14.150150 1.236584 -5.555998 14.150150 1.236584 -5.555998 2.187453 -0.327919 0.451199 -203.108903 -438.182296 -151.873722
15.414029 0.966901 -5.309599 15.414029 0.966901 -5.309599 2.005421 -0.561124 0.375162 -403.665500 -339.167825 -101.581929
16.534827 0.577026 -5.098536 16.534827 0.577026 -5.098536 1.714250 -0.725378 0.335461 -566.903860 -208.344473 -30.756562
17.454229 0.113186 -4.898159 17.454229 0.113186 -4.898159 1.338581 -0.805937 0.340194 -685.325136 -60.186166 46.532394
18.131551 -0.372098 -4.683462 18.131551 -0.372098 -4.683462 0.915044 -0.796493 0.379135 -726.467102 91.667899 83.273516
18.550992 -0.826981 -4.440705 18.550992 -0.826981 -4.440705 0.485060 -0.708929 0.430531 -706.810737 200.209915 88.045735
18.719617 -1.211141 -4.167110 18.719617 -1.211141 -4.167110 0.085047 -0.563006 0.480500 -626.568329 286.199230 78.517844
18.667526 -1.495488 -3.868835 18.667526 -1.495488 -3.868835 -0.242577 -0.381579 0.506819 -465.508568 318.560161 9.210137
18.450468 -1.667922 -3.567748 18.450468 -1.667922 -3.567748 -0.460486 -0.194582 0.489035 -260.855284 304.760875 -68.488526
18.141671 -1.733315 -3.290537 18.141671 -1.733315 -3.290537 -0.544760 -0.029227 0.428532 -20.058680 246.423092 -133.187860
17.825264 -1.712302 -3.062733 17.825264 -1.712302 -3.062733 -0.486496 0.089590 0.321913 214.270897 149.634967 -222.210065
17.583874 -1.638459 -2.911975 17.583874 -1.638459 -2.911975 -0.298239 0.145143 0.176624 413.253284 35.542232 -262.085866
17.488785 -1.550046 -2.854312 17.488785 -1.550046 -2.854312 -0.002944 0.141115 0.013696 571.064533 -48.971532 -281.008355
17.595488 -1.479861 -2.894514 17.595488 -1.479861 -2.894514 0.368085 0.083389 -0.144102 665.696024 -143.446853 -244.985536
17.937577 -1.459367 -3.019350 17.937577 -1.459367 -3.019350 0.774568 -0.021274 -0.262478 689.248627 -205.429509 -149.601098
18.522612 -1.508521 -3.196617 18.522612 -1.508521 -3.196617 1.169266 -0.141597 -0.316496 626.410951 -195.646728 -30.458147
19.328796 -1.627054 -3.382801 19.328796 -1.627054 -3.382801 1.504461 -0.250775 -0.288794 490.905586 -168.281549 122.799317
20.309887 -1.803317 -3.524122 20.309887 -1.803317 -3.524122 1.749263 -0.329282 -0.165855 325.100335 -93.409355 286.997083
21.406114 -2.010559 -3.561693 21.406114 -2.010559 -3.561693 1.885080 -0.349622 0.057755 127.625279 25.609822 458.369729
22.546491 -2.209492 -3.436879 22.546491 -2.209492 -3.436879 1.893438 -0.303102 0.371051 -99.765835 129.458481 585.948014
23.652984 -2.361492 -3.104657 23.652984 -2.361492 -3.104657 1.775518 -0.192632 0.743221 -293.302607 238.772521 654.621569
24.657584 -2.428974 -2.539534 24.657584 -2.428974 -2.539534 1.559955 -0.023781 1.142787 -425.240127 324.066743 677.265420
25.510423 -2.382614 -1.735552 25.510423 -2.382614 -1.735552 1.271862 0.182141 1.531157 -535.070241 362.340464 617.300481
26.174473 -2.208404 -0.712859 26.174473 -2.208404 -0.712859 0.937048 0.398065 1.865960 -580.975902 357.403188 498.707784
26.635068 -1.908655 0.485093 26.635068 -1.908655 0.485093 0.603170 0.595399 2.108228 -531.949551 300.379353 308.853624
26.905686 -1.503829 1.792748 26.905686 -1.503829 1.792748 0.306335 0.743213 2.229163 -457.499490 192.334355 94.260874
27.012475 -1.032342 3.133270 27.012475 -1.032342 3.133270 0.058524 0.813311 2.216007 -368.537908 41.323017 -138.112096
26.989407 -0.545840 4.424747 26.989407 -0.545840 4.424747 -0.121828 0.793489 2.066803 -232.637479 -107.396217 -359.233782
26.883452 -0.097530 5.589191 26.883452 -0.097530 5.589191 -0.216325 0.686792 1.796381 -82.352522 -248.257993 -542.175002
26.744874 0.260965 6.561171 26.744874 0.260965 6.561171 -0.235535 0.493369 1.429795 18.321008 -396.485954 -679.778490
26.609919 0.481401 7.294434 26.609919 0.481401 7.294434 -0.209203 0.234389 1.010656 69.451851 -466.781245 -717.349151
26.496898 0.538014 7.771705 26.496898 0.538014 7.771705 -0.167532 -0.045680 0.580247 69.451851 -466.781245 -717.349151
