-3.175911 -1.699798 -6.652502 -3.175911 -1.699798 -6.652502 -0.159634 -0.716694 1.633297 34.501988 -135.170649 -161.102635
-3.265481 -2.154145 -5.701522 -3.265481 -2.154145 -5.701522 -0.138933 -0.797796 1.536635 34.501988 -135.170649 -161.102635
-3.345605 -2.649190 -4.811407 -3.345605 -2.649190 -4.811407 -0.133103 -0.839081 1.425636 -15.069894 -2.444541 -208.893230
-3.431317 -3.143219 -3.994972 -3.431317 -3.143219 -3.994972 -0.157835 -0.791246 1.293570 -67.369237 161.895000 -231.329092
-3.540987 -3.581361 -3.259678 -3.540987 -3.581361 -3.259678 -0.212472 -0.656787 1.158731 -114.756054 286.299448 -218.132276
-3.688006 -3.919752 -2.600035 -3.688006 -3.919752 -2.600035 -0.275720 -0.464271 1.046196 -96.068207 355.421559 -156.986196
-3.868557 -4.134069 -1.996469 -3.868557 -4.134069 -1.996469 -0.322499 -0.249668 0.972533 -59.863737 359.921312 -88.556956
-4.069260 -4.221187 -1.424599 -4.069260 -4.221187 -1.424599 -0.340555 -0.044228 0.940851 -0.322814 324.879430 -17.048313
-4.267260 -4.192922 -0.859979 -4.267260 -4.192922 -0.859979 -0.308794 0.132317 0.946514 106.191471 263.602849 35.925693
-4.425069 -4.072923 -0.284052 -4.425069 -4.072923 -0.284052 -0.203315 0.256281 0.975828 245.408253 149.611488 61.786699
-4.496796 -3.899168 0.312272 -4.496796 -3.899168 0.312272 -0.025629 0.311330 1.011428 346.876103 33.884895 56.879830
-4.443568 -3.712248 0.926424 -4.443568 -3.712248 0.926424 0.213339 0.301774 1.030837 449.684359 -65.738120 7.816817
-4.230849 -3.547998 1.543250 -4.230849 -3.547998 1.543250 0.502013 0.237424 1.020114 512.563946 -148.761005 -43.559370
-3.836598 -3.435442 2.142779 -3.836598 -3.435442 2.142779 0.813455 0.132560 0.970485 525.575919 -200.787006 -121.871345
-3.257116 -3.391983 2.696963 -3.257116 -3.391983 2.696963 1.112827 0.012411 0.866508 472.328641 -199.710302 -224.718486
-2.510938 -3.417455 3.173401 -2.510938 -3.417455 3.173401 1.363539 -0.092270 0.716590 363.379079 -149.224910 -275.009760
-1.636006 -3.495021 3.552536 -1.636006 -3.495021 3.552536 1.538568 -0.158522 0.545001 220.049493 -71.615658 -296.952920
-0.685331 -3.596929 3.825821 -0.685331 -3.596929 3.825821 1.610227 -0.171011 0.365510 18.815441 29.986814 -301.350850
0.271976 -3.686967 3.994830 0.271976 -3.686967 3.994830 1.560433 -0.117163 0.204428 -184.794375 149.505101 -235.588202
1.163710 -3.724834 4.081534 1.163710 -3.724834 4.081534 1.393241 0.000141 0.095345 -372.513296 241.508045 -128.022850
1.922447 -3.678287 4.124858 1.922447 -3.678287 4.124858 1.118957 0.160003 0.064334 -541.767875 291.367345 24.655794
2.489820 -3.527056 4.177368 2.489820 -3.527056 4.177368 0.761482 0.348735 0.126485 -649.815949 337.737992 182.512017
2.828368 -3.258483 4.294760 2.828368 -3.258483 4.294760 0.364726 0.544076 0.279237 -672.703449 313.398826 326.660948
2.929603 -2.882086 4.531049 2.929603 -2.882086 4.531049 -0.021465 0.699815 0.524973 -614.600104 205.730122 492.460418
2.811353 -2.429934 4.939673 2.811353 -2.429934 4.939673 -0.363941 0.799409 0.845436 -526.985809 126.250533 575.748624
2.498131 -1.927564 5.550569 2.498131 -1.927564 5.550569 -0.680133 0.875159 1.190885 -526.985809 126.250533 575.748624
