-4.708476 5.028942 7.320736 -4.708476 5.028942 7.320736 0.631081 -0.057093 0.562416 368.752155 133.609589 -254.286168
-4.263452 5.018736 7.612414 -4.263452 5.018736 7.612414 0.852332 0.023073 0.409844 368.752155 133.609589 -254.286168
-3.685823 5.059377 7.811525 -3.685823 5.059377 7.811525 1.072855 0.116975 0.252154 366.321653 179.398214 -271.348576
-2.980978 5.163201 7.917855 -2.980978 5.163201 7.917855 1.268616 0.231352 0.108744 286.216823 201.858464 -206.683854
-2.173122 5.336011 7.950454 -2.173122 5.336011 7.950454 1.416186 0.340785 0.007512 205.682030 162.917371 -130.755474
-1.291108 5.566015 7.934571 -1.291108 5.566015 7.934571 1.515994 0.419579 -0.055210 127.011399 99.729173 -78.319485
-0.364459 5.829695 7.891563 -0.364459 5.829695 7.891563 1.563154 0.449322 -0.081126 30.188507 -0.583585 -8.065616
0.576192 6.093131 7.843300 0.576192 6.093131 7.843300 1.567890 0.418710 -0.076641 -14.401378 -101.458513 23.015103
1.512131 6.319405 7.802158 1.512131 6.319405 7.802158 1.548234 0.324388 -0.059333 -51.119469 -212.949327 34.676763
2.432273 6.470681 7.769486 2.432273 6.470681 7.769486 1.519581 0.171490 -0.055100 -44.390845 -296.707897 -20.566280
3.338117 6.518739 7.729379 3.338117 6.518739 7.729379 1.503375 -0.013680 -0.084165 -9.627979 -320.527969 -76.316220
4.241870 6.453721 7.660434 4.241870 6.453721 7.660434 1.514902 -0.201567 -0.153498 48.051830 -305.759993 -154.793017
5.164835 6.280746 7.535385 5.164835 6.280746 7.535385 1.570609 -0.370018 -0.271814 137.636548 -255.742734 -239.593684
6.133587 6.018383 7.326341 6.133587 6.018383 7.326341 1.661252 -0.495054 -0.429710 164.506727 -161.046496 -286.728499
7.159949 5.692362 7.016904 7.159949 5.692362 7.016904 1.759956 -0.591682 -0.601747 164.506727 -161.046496 -286.728499
