11.943131 3.953066 11.361181 11.943131 3.953066 11.361181 0.862861 -0.236685 0.242182 -466.871925 -106.190969 -412.861278
12.376810 3.791940 11.432175 12.376810 3.791940 11.432175 0.582738 -0.300400 -0.005535 -466.871925 -106.190969 -412.861278
12.646776 3.597675 11.360612 12.646776 3.597675 11.360612 0.324417 -0.338667 -0.222887 -394.195656 -21.366949 -311.646214
12.777400 3.398267 11.179469 12.777400 3.398267 11.179469 0.122543 -0.313295 -0.366451 -278.720158 105.940969 -166.899574
12.808170 3.234472 10.938172 12.808170 3.234472 10.938172 -0.007617 -0.224169 -0.423515 -155.145572 191.147324 -23.313236
12.782139 3.138428 10.685200 12.782139 3.138428 10.685200 -0.068377 -0.089225 -0.410833 -47.388272 258.666434 65.584147
12.737858 3.133270 10.454605 12.737858 3.133270 10.454605 -0.070433 0.075057 -0.350986 40.534429 288.939034 133.905296
12.705306 3.228876 10.269832 12.705306 3.228876 10.269832 -0.034055 0.241236 -0.262065 80.726715 264.988909 162.498724
12.699159 3.416835 10.140894 12.699159 3.416835 10.140894 0.013157 0.377827 -0.169309 76.648065 190.314971 146.687733
12.719524 3.670956 10.061815 12.719524 3.670956 10.061815 0.052518 0.457858 -0.100780 54.554158 76.455830 81.742794
12.758242 3.951203 10.013300 12.758242 3.951203 10.013300 0.072188 0.462581 -0.065539 11.012660 -60.713710 35.727328
12.799914 4.209296 9.976771 12.799914 4.209296 9.976771 0.060678 0.383520 -0.062283 -49.379243 -202.819897 -24.872764
12.823875 4.395118 9.931220 12.823875 4.395118 9.931220 0.013266 0.222912 -0.095729 -108.661758 -332.541578 -86.613836
12.810142 4.462909 9.857528 12.810142 4.462909 9.857528 -0.062602 -0.007107 -0.151019 -144.229279 -434.187504 -97.688521
12.746503 4.377335 9.750217 12.746503 4.377335 9.750217 -0.149724 -0.283397 -0.205207 -146.179428 -486.779553 -82.937962
12.633005 4.121104 9.613949 12.633005 4.121104 9.613949 -0.224187 -0.568330 -0.246046 -102.031260 -462.996458 -53.189719
12.483437 3.700421 9.461107 12.483437 3.700421 9.461107 -0.268854 -0.827856 -0.256160 -46.857719 -402.092721 19.476035
12.319710 3.138386 9.317117 12.319710 3.138386 9.317117 -0.266868 -1.033832 -0.213477 53.478939 -284.492105 122.801300
12.176584 2.477000 9.216989 12.176584 2.477000 9.216989 -0.197938 -1.153921 -0.110527 176.286521 -115.803514 220.365296
12.096053 1.775059 9.194145 12.096053 1.775059 9.194145 -0.059667 -1.167123 0.040724 284.618603 71.793640 283.804826
12.115954 1.098908 9.273097 12.115954 1.098908 9.273097 0.133455 -1.068046 0.228169 359.120972 258.463405 341.010722
12.265158 0.513999 9.471924 12.265158 0.513999 9.471924 0.371372 -0.865989 0.435492 433.934017 415.061035 350.064521
12.566465 0.075298 9.792472 12.566465 0.075298 9.792472 0.633610 -0.586050 0.626738 440.194297 518.070334 287.424336
13.021454 -0.179994 10.214804 13.021454 -0.179994 10.214804 0.875665 -0.259778 0.771957 366.655957 569.500210 196.636521
13.606391 -0.234038 10.705249 13.606391 -0.234038 10.705249 1.063357 0.078486 0.849320 258.981277 558.049330 61.240138
14.283049 -0.090904 11.214818 14.283049 -0.090904 11.214818 1.178884 0.391281 0.830833 126.110012 484.600150 -122.863035
15.001546 0.222566 11.680303 15.001546 0.222566 11.680303 1.196886 0.639410 0.702619 -66.102546 342.496930 -304.515109
15.693923 0.656351 12.036910 15.693923 0.656351 12.036910 1.087943 0.787354 0.469154 -297.040717 150.647497 -473.703542
16.284179 1.146171 12.226460 16.284179 1.146171 12.226460 0.864506 0.829199 0.151551 -447.749215 -11.163590 -584.973530
16.722288 1.641681 12.212095 16.722288 1.641681 12.212095 0.595857 0.822501 -0.199434 -447.749215 -11.163590 -584.973530
