8.640054 -3.801480 10.889960 8.640054 -3.801480 10.889960 0.964762 -0.730953 0.181267 -75.307801 15.565869 -723.007266
9.205356 -4.237250 10.868579 9.205356 -4.237250 10.868579 0.919578 -0.721613 -0.252537 -75.307801 15.565869 -723.007266
9.740289 -4.657807 10.591763 9.740289 -4.657807 10.591763 0.858100 -0.664227 -0.662100 -129.618087 175.722771 -642.200942
10.230049 -5.013213 10.088703 10.230049 -5.013213 10.088703 0.771487 -0.501296 -0.998442 -159.091846 367.379012 -478.938873
10.664349 -5.239838 9.416124 10.664349 -5.239838 9.416124 0.676254 -0.240743 -1.222331 -158.351567 501.132163 -267.357190
11.043701 -5.290128 8.647210 11.043701 -5.290128 8.647210 0.591754 0.079695 -1.319702 -123.313761 566.992420 -57.215522
11.380255 -5.139838 7.856752 11.380255 -5.139838 7.856752 0.536256 0.421960 -1.295719 -61.679871 573.891930 137.162050
11.694779 -4.785880 7.113988 11.694779 -4.785880 7.113988 0.518611 0.753704 -1.163534 2.862909 531.922615 303.453722
12.009754 -4.244940 6.477005 12.009754 -4.244940 6.477005 0.536793 1.037717 -0.948884 57.743719 414.785603 412.046185
12.343784 -3.557449 5.986178 12.343784 -3.557449 5.986178 0.579244 1.237583 -0.679982 83.760394 251.436198 484.294127
12.705678 -2.780373 5.664608 12.705678 -2.780373 5.664608 0.625854 1.334782 -0.393171 71.604024 72.558802 471.742812
13.091270 -1.976897 5.509531 13.091270 -1.976897 5.509531 0.654770 1.326051 -0.130570 24.782609 -101.660857 403.591714
13.483758 -1.208673 5.498886 13.483758 -1.208673 5.498886 0.645466 1.219514 0.086842 -55.796447 -253.463611 321.117401
13.854960 -0.529716 5.601675 13.854960 -0.529716 5.601675 0.581820 1.031796 0.243920 -156.356343 -372.261530 202.475404
14.169112 0.019463 5.776637 14.169112 0.019463 5.776637 0.454026 0.793983 0.326230 -269.624321 -420.450502 71.889222
14.386728 0.420544 5.979154 14.386728 0.420544 5.979154 0.260914 0.543571 0.338560 -374.080360 -414.253708 -30.789226
14.471598 0.674323 6.171365 14.471598 0.674323 6.171365 0.014749 0.306030 0.293169 -446.470120 -377.549905 -120.514032
14.397469 0.795908 6.323109 14.397469 0.795908 6.323109 -0.266205 0.109129 0.208537 -490.042118 -278.786632 -161.591049
14.150530 0.819990 6.418631 14.150530 0.819990 6.418631 -0.555273 -0.014215 0.109014 -473.518622 -132.361818 -170.153088
13.736642 0.795535 6.455195 13.736642 0.795535 6.455195 -0.816836 -0.054134 0.015839 -398.359614 -0.701784 -140.430944
13.182850 0.769628 6.443531 13.182850 0.769628 6.443531 -1.015778 -0.021056 -0.047866 -264.780331 110.960879 -71.918833
12.535977 0.782922 6.404934 12.535977 0.782922 6.404934 -1.123375 0.075296 -0.075680 -93.875429 210.214161 -20.795164
11.856770 0.868962 6.359591 11.856770 0.868962 6.359591 -1.121123 0.216539 -0.069115 101.381330 260.596302 42.681044
11.214827 1.046479 6.328252 11.214827 1.046479 6.328252 -0.997884 0.376331 -0.031271 309.416695 272.042469 83.463437
10.682534 1.319366 6.324262 10.682534 1.319366 6.324262 -0.758519 0.530158 0.017554 488.466548 240.714073 79.286731
10.323303 1.675357 6.348002 10.323303 1.675357 6.348002 -0.425660 0.647426 0.059809 621.061653 150.178922 61.564223
10.184350 2.084610 6.390930 10.184350 2.084610 6.390930 -0.029759 0.706362 0.076553 698.610278 46.274816 -5.751834
10.292274 2.511283 6.431058 10.292274 2.511283 6.431058 0.389550 0.706757 0.049261 699.087377 -44.958509 -85.221116
10.648076 2.920931 6.438200 10.648076 2.920931 6.438200 0.790184 0.648214 -0.037250 636.357846 -150.183913 -203.147501
11.227962 3.278886 6.374057 11.227962 3.278886 6.374057 1.128155 0.538403 -0.185272 490.213708 -215.853047 -290.258650
11.980794 3.561780 6.206012 11.980794 3.561780 6.206012 1.360785 0.402424 -0.382604 285.216969 -237.410435 -367.516997
12.833713 3.761779 5.907722 12.833713 3.761779 5.907722 1.457461 0.266368 -0.615983 37.038052 -216.107781 -410.410575
13.703051 3.885521 5.465159 13.703051 3.885521 5.465159 1.420659 0.150805 -0.857729 -159.712558 -169.104744 -395.411325
14.526698 3.945565 4.879347 14.526698 3.945565 4.879347 1.324831 0.049342 -1.094976 -159.712558 -169.104744 -395.411325
