1.155258 -3.577874 -9.730521 1.155258 -3.577874 -9.730521 0.190615 0.173657 1.774916 512.384164 -150.221255 264.361458
1.361856 -3.500720 -8.617987 1.361856 -3.500720 -8.617987 0.498045 0.083525 1.933533 512.384164 -150.221255 264.361458
1.750245 -3.481429 -7.421712 1.750245 -3.481429 -7.421712 0.792139 -0.025528 2.035000 467.927814 -213.287632 73.862661
2.303505 -3.538514 -6.202749 2.303505 -3.538514 -6.202749 1.041648 -0.170385 2.002655 363.769843 -269.569935 -181.677994
2.984248 -3.687849 -5.046782 2.984248 -3.687849 -5.046782 1.211286 -0.325033 1.829029 201.689076 -245.922870 -397.077321
3.736449 -3.923478 -4.031253 3.736449 -3.923478 -4.031253 1.277925 -0.454302 1.538709 20.441587 -184.974025 -570.655887
4.493194 -4.223830 -3.216981 4.493194 -4.223830 -3.216981 1.221745 -0.537662 1.165142 -207.707750 -92.890680 -674.568541
5.176569 -4.554797 -2.641659 5.176569 -4.554797 -2.641659 1.035696 -0.551644 0.748693 -412.457719 46.283826 -713.592699
5.714800 -4.869406 -2.318663 5.714800 -4.869406 -2.318663 0.743501 -0.483644 0.331674 -561.525857 180.381829 -676.469589
6.053127 -5.119242 -2.233753 6.053127 -5.119242 -2.233753 0.373090 -0.336006 -0.035859 -673.175276 311.744183 -548.642080
6.151844 -5.258376 -2.343592 6.151844 -5.258376 -2.343592 -0.050641 -0.117179 -0.312882 -739.260916 417.679095 -374.768316
5.990381 -5.250274 -2.586909 5.990381 -5.250274 -2.586909 -0.484258 0.149566 -0.478392 -706.131377 471.471055 -176.931379
5.579895 -5.075264 -2.892593 5.579895 -5.075264 -2.892593 -0.872073 0.434474 -0.518560 -586.583394 478.222337 43.039482
4.961564 -4.731696 -3.183436 4.961564 -4.731696 -3.183436 -1.171533 0.705428 -0.430005 -411.617264 424.957964 252.143680
4.196739 -4.239072 -3.386211 4.196739 -4.239072 -3.386211 -1.357573 0.924775 -0.229509 -208.515156 306.200323 416.174160
3.358684 -3.638142 -3.441467 3.358684 -3.638142 -3.441467 -1.412577 1.063241 0.057886 25.167225 155.352035 541.810410
2.530721 -2.984129 -3.306595 2.530721 -2.984129 -3.306595 -1.322214 1.096978 0.396044 276.043539 -42.896891 585.383979
1.798099 -2.343214 -2.964369 1.798099 -2.343214 -2.964369 -1.101494 1.023486 0.743427 459.688348 -202.073604 572.559309
1.219946 -1.765495 -2.415252 1.219946 -1.765495 -2.415252 -0.825681 0.902242 1.086963 459.688348 -202.073604 572.559309
