-2.070629 -1.118122 1.292809 -2.070629 -1.118122 1.292809 0.343783 0.151910 -1.319300 268.675003 428.493725 -273.448352
-1.815998 -0.949848 0.452008 -1.815998 -0.949848 0.452008 0.504988 0.409006 -1.483369 268.675003 428.493725 -273.448352
-1.460077 -0.634248 -0.478113 -1.460077 -0.634248 -0.478113 0.689026 0.631440 -1.601837 344.786071 312.952826 -121.447039
-0.982328 -0.210810 -1.446629 -0.982328 -0.210810 -1.446629 0.907255 0.760422 -1.602472 382.642455 116.987272 119.330620
-0.370685 0.255424 -2.372688 -0.370685 0.255424 -2.372688 1.128914 0.775233 -1.461150 356.220108 -67.615312 351.744354
0.367379 0.697826 -3.174677 0.367379 0.697826 -3.174677 1.325625 0.681827 -1.193168 299.483892 -243.739617 541.528441
1.211374 1.055910 -3.784881 1.211374 1.055910 -3.784881 1.478883 0.499887 -0.827144 211.375510 -362.726351 678.550229
2.131095 1.284804 -4.154562 2.131095 1.284804 -4.154562 1.577428 0.253513 -0.397679 117.110692 -458.519341 753.000867
3.093393 1.353297 -4.257572 3.093393 1.353297 -4.257572 1.621500 -0.027009 0.054404 29.793543 -476.554667 753.942731
4.067962 1.253978 -4.093839 4.067962 1.253978 -4.093839 1.620904 -0.299609 0.483678 -31.778107 -432.113342 676.970911
5.032116 1.001000 -3.690711 5.032116 1.001000 -3.690711 1.588499 -0.536040 0.845189 -76.240173 -355.988679 528.065215
5.972134 0.623109 -3.100526 5.972134 0.623109 -3.100526 1.545963 -0.710576 1.102127 -65.544778 -225.798090 328.394632
6.890124 0.165153 -2.393932 6.890124 0.165153 -2.393932 1.517685 -0.800892 1.230200 -28.716203 -75.256618 98.515364
7.798278 -0.320118 -1.651649 7.798278 -0.320118 -1.651649 1.514013 -0.801990 1.221460 16.475860 71.598708 -127.649135
8.714127 -0.781256 -0.953881 8.714127 -0.781256 -0.953881 1.546280 -0.723194 1.084213 91.079909 191.053838 -329.840674
9.661702 -1.175937 -0.372665 9.661702 -1.175937 -0.372665 1.617991 -0.584334 0.836605 147.956869 271.811720 -495.517905
10.661420 -1.474856 0.033679 10.661420 -1.474856 0.033679 1.718222 -0.407466 0.507167 186.146829 317.747321 -602.609708
11.724726 -1.662498 0.228627 11.724726 -1.662498 0.228627 1.824241 -0.218606 0.141187 167.251414 311.786793 -617.323526
12.847271 -1.741825 0.204657 12.847271 -1.741825 0.204657 1.914067 -0.052954 -0.217028 132.167207 240.385655 -576.726589
14.015698 -1.734924 -0.024242 14.015698 -1.734924 -0.024242 1.974350 0.068297 -0.537420 68.777728 163.786540 -491.248278
15.204746 -1.671110 -0.425714 15.204746 -1.671110 -0.425714 1.975907 0.133337 -0.785147 -63.590087 53.011909 -334.508409
16.369887 -1.587910 -0.946053 16.369887 -1.587910 -0.946053 1.892969 0.133425 -0.931046 -212.870131 -52.716722 -151.821361
17.460917 -1.522615 -1.522671 17.460917 -1.522615 -1.522671 1.733073 0.075438 -0.975450 -320.114085 -140.573788 3.809326
18.443140 -1.502656 -2.107255 18.443140 -1.502656 -2.107255 1.541005 -0.008906 -0.973164 -320.114085 -140.573788 3.809326
