1.629399 0.639869 7.166216 1.629399 0.639869 7.166216 -0.583151 -0.313045 1.809426 494.146506 234.803466 -278.207567
1.368454 0.494307 8.201794 1.368454 0.494307 8.201794 -0.286663 -0.172163 1.642501 494.146506 234.803466 -278.207567
1.290248 0.434699 9.131634 1.290248 0.434699 9.131634 0.034050 -0.024153 1.447662 574.894983 258.563306 -371.255333
1.417003 0.464884 9.930054 1.417003 0.464884 9.930054 0.393207 0.121664 1.208148 622.295091 227.494219 -427.126618
1.761418 0.573651 10.578114 1.761418 0.573651 10.578114 0.748974 0.232258 0.952146 563.594808 141.152058 -426.211250
2.305945 0.732548 11.074529 2.305945 0.732548 11.074529 1.055611 0.287624 0.705643 458.528277 43.400258 -395.465825
3.011598 0.904988 11.431972 3.011598 0.904988 11.431972 1.279485 0.273933 0.494570 287.720265 -89.034333 -308.110976
3.819045 1.045469 11.679145 3.819045 1.045469 11.679145 1.391949 0.181247 0.339156 87.159773 -219.919759 -209.935428
4.656088 1.108748 11.850185 4.656088 1.108748 11.850185 1.375166 0.019878 0.239869 -143.103934 -317.977196 -121.023565
5.442156 1.058694 11.977912 5.442156 1.058694 11.977912 1.222940 -0.194635 0.195202 -364.315088 -397.064830 -27.864500
6.098806 0.868583 12.092869 6.098806 0.868583 12.092869 0.946665 -0.442167 0.192739 -556.600717 -428.043363 19.654106
6.559435 0.529494 12.212436 6.559435 0.529494 12.212436 0.576795 -0.682696 0.206461 -676.299665 -373.719114 26.084393
6.780312 0.057847 12.340127 6.780312 0.057847 12.340127 0.153680 -0.880731 0.217706 -734.085911 -286.399522 11.400958
6.740483 -0.514615 12.470553 6.740483 -0.514615 12.470553 -0.286277 -1.014925 0.213299 -732.434892 -160.912585 -26.091592
6.443021 -1.141865 12.589782 6.443021 -1.141865 12.589782 -0.695024 -1.058128 0.177374 -630.057205 16.902192 -93.658908
5.922765 -1.763596 12.675966 5.922765 -1.763596 12.675966 -1.022218 -0.997467 0.104272 -460.587977 185.301610 -150.013431
5.237767 -2.318319 12.708638 5.237767 -2.318319 12.708638 -1.242375 -0.834272 -0.000184 -273.269631 358.679874 -198.174117
4.457268 -2.747410 12.671368 4.457268 -2.747410 12.671368 -1.335764 -0.584515 -0.126529 -38.025296 473.846113 -222.976404
3.662863 -3.007855 12.556221 3.662863 -3.007855 12.556221 -1.289094 -0.275348 -0.255781 193.589684 556.710613 -207.862025
2.935901 -3.071504 12.369163 2.935901 -3.071504 12.369163 -1.114695 0.065433 -0.361375 387.742274 579.224840 -144.118427
2.345204 -2.931829 12.131817 2.345204 -2.931829 12.131817 -0.840423 0.393742 -0.420745 526.496912 515.138163 -53.781864
1.941083 -2.610003 11.876984 1.941083 -2.610003 11.876984 -0.497707 0.667106 -0.416539 615.888418 396.076273 67.801975
1.755008 -2.147052 11.647634 1.755008 -2.147052 11.647634 -0.119724 0.861721 -0.334014 644.056606 252.641349 207.280828
1.795778 -1.596500 11.492197 1.795778 -1.596500 11.492197 0.250077 0.953525 -0.171340 588.611261 53.371610 334.965146
2.046127 -1.026071 11.455668 2.046127 -1.026071 11.455668 0.575011 0.929079 0.059549 494.502236 -134.859490 434.664524
2.471710 -0.503106 11.572270 2.471710 -0.503106 11.572270 0.829543 0.797125 0.333510 353.937798 -304.987306 478.539206
3.023435 -0.088256 11.858475 3.023435 -0.088256 11.858475 0.993357 0.571497 0.620447 192.111381 -447.105813 477.918794
3.644987 0.170409 12.313880 3.644987 0.170409 12.313880 1.063411 0.284466 0.892751 41.399957 -509.663444 429.761878
4.282262 0.248487 12.918696 4.282262 0.248487 12.918696 1.047135 -0.025646 1.109649 -95.651816 -524.044919 293.229917
4.888054 0.141164 13.626738 4.888054 0.141164 13.626738 0.963384 -0.328110 1.232946 -183.518617 -484.167775 117.761321
5.430377 -0.135893 14.375846 5.430377 -0.135893 14.375846 0.839903 -0.583812 1.244318 -228.083688 -368.171045 -79.856558
5.892601 -0.543265 15.095155 5.892601 -0.543265 15.095155 0.699736 -0.758784 1.131865 -239.140806 -215.069925 -294.984263
6.271990 -1.027345 15.709512 6.271990 -1.027345 15.709512 0.569217 -0.838312 0.896551 -195.923981 -50.024175 -489.398663
6.581926 -1.528861 16.150112 6.581926 -1.528861 16.150112 0.470021 -0.815950 0.556718 -134.726847 124.565735 -643.376075
6.843754 -1.987293 16.362062 6.843754 -1.987293 16.362062 0.409520 -0.697630 0.139324 -66.946081 269.832472 -747.938209
7.082353 -2.350841 16.311022 7.082353 -2.350841 16.311022 0.394039 -0.503427 -0.309467 15.345310 377.511200 -748.030588
7.324447 -2.582374 15.992706 7.324447 -2.582374 15.992706 0.417787 -0.264066 -0.748237 63.813262 420.360426 -714.537994
7.586606 -2.665149 15.415146 7.586606 -2.665149 15.415146 0.456075 -0.011849 -1.176960 63.813262 420.360426 -714.537994
