12.431519 -5.360645 7.203042 12.431519 -5.360645 7.203042 -0.187678 -0.914994 0.871136 -254.172663 382.561022 -535.608562
12.273161 -5.840780 7.629314 12.273161 -5.840780 7.629314 -0.340182 -0.685457 0.549771 -254.172663 382.561022 -535.608562
12.032872 -6.177882 7.857510 12.032872 -6.177882 7.857510 -0.444831 -0.429363 0.202119 -94.657632 471.086164 -623.232702
11.761119 -6.345379 7.860909 11.761119 -6.345379 7.860909 -0.440704 -0.120086 -0.200271 108.414398 559.836716 -718.066119
11.526244 -6.317710 7.611056 11.526244 -6.317710 7.611056 -0.325493 0.210568 -0.633305 275.621566 542.344323 -725.380064
11.386251 -6.098928 7.105836 11.386251 -6.098928 7.105836 -0.131663 0.510073 -1.041875 370.479729 456.006082 -636.520281
11.376384 -5.716639 6.375551 11.376384 -5.716639 6.375551 0.102848 0.754494 -1.376719 411.224839 358.730376 -479.627745
11.511173 -5.209195 5.474317 11.511173 -5.209195 5.474317 0.344880 0.920612 -1.608844 395.545596 194.996613 -294.120873
11.785498 -4.631765 4.469969 11.785498 -4.631765 4.469969 0.563203 0.987425 -1.715815 332.197571 27.713706 -62.449370
12.177370 -4.043970 3.444838 12.177370 -4.043970 3.444838 0.733293 0.955814 -1.675291 234.771747 -133.085488 197.529567
12.654296 -3.500216 2.486649 12.654296 -3.500216 2.486649 0.847613 0.847067 -1.499623 146.294036 -229.405014 388.029567
13.189197 -3.033269 1.656721 13.189197 -3.033269 1.656721 0.935390 0.709424 -1.266805 146.294036 -229.405014 388.029567
