6.127035 2.432902 -8.688082 6.127035 2.432902 -8.688082 0.435981 -1.004559 0.903041 249.833870 -9.779155 -196.329728
6.433593 1.828407 -8.181597 6.433593 1.828407 -8.181597 0.585881 -1.010426 0.785244 249.833870 -9.779155 -196.329728
6.829090 1.229458 -7.743085 6.829090 1.229458 -7.743085 0.730771 -0.970960 0.680968 233.130503 141.331429 -151.254839
7.305555 0.683178 -7.359407 7.305555 0.683178 -7.359407 0.850844 -0.831877 0.601833 167.112159 322.279483 -112.528797
7.840539 0.249258 -7.014461 7.840539 0.249258 -7.014461 0.923100 -0.602529 0.554821 73.741675 442.214026 -44.177300
8.399877 -0.028045 -6.684685 8.399877 -0.028045 -6.684685 0.928366 -0.314121 0.552490 -56.188555 519.146045 36.404662
8.936789 -0.121297 -6.344337 8.936789 -0.121297 -6.344337 0.844685 0.006241 0.585840 -222.746936 548.726165 74.762391
9.394227 -0.022160 -5.978544 9.394227 -0.022160 -5.978544 0.664647 0.318585 0.634855 -377.380402 492.421842 88.620449
9.717757 0.251114 -5.582404 9.717757 0.251114 -5.582404 0.401571 0.581473 0.684405 -499.537594 383.871504 76.548904
9.862822 0.659481 -5.160377 9.862822 0.659481 -5.160377 0.072042 0.763729 0.718360 -598.893026 223.650218 36.632195
9.797062 1.147420 -4.727106 9.797062 1.147420 -4.727106 -0.293216 0.845137 0.718649 -618.633937 47.707150 -35.668413
9.511330 1.651137 -4.308234 9.511330 1.651137 -4.308234 -0.656639 0.814003 0.667764 -592.776903 -151.487159 -133.947105
9.016590 2.101280 -3.936502 9.016590 2.101280 -3.936502 -0.982592 0.668153 0.563313 -493.731300 -334.678974 -214.224268
8.348487 2.434308 -3.640635 8.348487 2.434308 -3.640635 -1.227211 0.429241 0.416976 -321.668043 -461.694673 -273.563649
7.566060 2.604509 -3.440523 7.566060 2.604509 -3.440523 -1.361210 0.131031 0.248676 -124.992823 -532.336766 -287.437012
6.740793 2.585896 -3.342555 6.740793 2.585896 -3.342555 -1.366418 -0.195426 0.078722 107.630942 -555.854785 -279.077621
5.953300 2.371162 -3.341998 5.953300 2.371162 -3.341998 -1.236917 -0.516060 -0.070936 324.040657 -512.926283 -219.780828
5.282242 1.976421 -3.416730 5.282242 1.976421 -3.416730 -0.978671 -0.787707 -0.165855 536.779233 -392.561247 -96.616147
4.799669 1.441895 -3.524762 4.799669 1.441895 -3.524762 -0.616556 -0.979448 -0.179464 670.270100 -246.577912 51.251279
4.554424 0.820284 -3.612517 4.554424 0.820284 -3.612517 -0.194196 -1.075187 -0.095222 737.595061 -72.551473 229.556096
4.571555 0.172558 -3.619048 4.571555 0.172558 -3.619048 0.252768 -1.066488 0.088920 752.287345 101.547776 384.250708
4.853886 -0.439698 -3.487782 4.853886 -0.439698 -3.487782 0.680431 -0.958767 0.363215 673.256543 257.522775 530.065120
5.374135 -0.961407 -3.167908 5.374135 -0.961407 -3.167908 1.038408 -0.768265 0.713921 519.997228 377.485272 638.955455
6.079374 -1.350997 -2.622042 6.079374 -1.350997 -2.622042 1.293380 -0.524669 1.109804 329.910008 434.500977 680.655613
6.901353 -1.587344 -1.836033 6.901353 -1.587344 -1.836033 1.424165 -0.262748 1.506237 106.039645 438.570229 640.788248
7.761343 -1.668757 -0.822688 7.761343 -1.668757 -0.822688 1.419806 -0.013138 1.862013 -120.567908 393.461459 545.130837
8.579174 -1.611719 0.383524 8.579174 -1.611719 0.383524 1.285712 0.193425 2.143499 -326.414400 295.080889 393.154766
9.282865 -1.450290 1.727480 9.282865 -1.450290 1.727480 1.044957 0.331772 2.314835 -476.100070 166.077374 177.966365
9.818407 -1.228958 3.134249 9.818407 -1.228958 3.134249 0.730628 0.393295 2.350784 -571.662576 38.998473 -58.136476
10.151835 -0.993540 4.520418 10.151835 -0.993540 4.520418 0.377382 0.378797 2.246718 -605.826998 -87.324553 -288.749871
10.271731 -0.787409 5.804889 10.271731 -0.787409 5.804889 0.026466 0.299261 2.015543 -563.891036 -177.797145 -481.833643
10.192760 -0.642754 6.918100 10.192760 -0.642754 6.918100 -0.278621 0.178093 1.679518 -453.064650 -226.094666 -638.249752
9.951439 -0.577758 7.805310 9.951439 -0.577758 7.805310 -0.513445 0.036623 1.268489 -329.683887 -245.470873 -731.846088
9.593848 -0.597857 8.434626 9.593848 -0.597857 8.434626 -0.662163 -0.100101 0.829157 -166.041061 -210.278158 -732.595957
9.176990 -0.690626 8.804425 9.176990 -0.690626 8.804425 -0.710151 -0.200557 0.410461 6.079297 -124.574253 -663.055508
8.760566 -0.827507 8.939142 8.760566 -0.827507 8.939142 -0.663642 -0.245922 0.051578 148.950823 -26.641815 -533.222185
8.394776 -0.973573 8.885242 8.394776 -0.973573 8.885242 -0.546350 -0.230490 -0.212691 242.024098 78.083022 -347.673002
8.115294 -1.092087 8.708362 8.115294 -1.092087 8.708362 -0.377317 -0.155018 -0.354715 321.418250 173.490073 -125.740644
7.947890 -1.149632 8.486477 7.947890 -1.149632 8.486477 -0.178810 -0.029739 -0.362276 340.271513 244.104914 100.536493
7.899928 -1.122093 8.298911 7.899928 -1.122093 8.298911 0.015725 0.123946 -0.243440 308.177275 268.178661 295.583908
7.961054 -1.001372 8.214656 7.961054 -1.001372 8.214656 0.181727 0.275255 -0.023069 245.165546 236.185697 438.986592
8.109749 -0.797156 8.285739 8.109749 -0.797156 8.285739 0.306472 0.399716 0.269858 170.648559 178.683264 537.435965
8.320151 -0.530530 8.546736 8.320151 -0.530530 8.546736 0.387875 0.480094 0.604036 100.696455 89.242994 576.490942
8.566918 -0.234371 9.010918 8.566918 -0.234371 9.010918 0.427873 0.493835 0.939892 32.630447 -43.438318 543.028459
8.827914 0.046673 9.667352 8.827914 0.046673 9.667352 0.439445 0.430582 1.239475 5.942439 -167.406238 455.582950
9.092364 0.268494 10.485693 9.092364 0.268494 10.485693 0.441575 0.298163 1.476080 1.156759 -273.989902 333.098141
9.359902 0.393594 11.421081 9.359902 0.393594 11.421081 0.454193 0.111368 1.624852 40.903688 -348.660362 162.810340
9.642903 0.396445 12.417194 9.642903 0.396445 12.417194 0.494350 -0.103880 1.682016 92.951799 -368.832416 27.736736
9.956244 0.267727 13.431397 9.956244 0.267727 13.431397 0.550121 -0.325179 1.698658 92.951799 -368.832416 27.736736
