3.915500 3.117680 0.401908 3.915500 3.117680 0.401908 0.658569 0.228562 -1.030922 682.432605 461.993724 -344.051625
4.433479 3.337976 -0.278575 4.433479 3.337976 -0.278575 1.068029 0.505759 -1.237353 682.432605 461.993724 -344.051625
5.194769 3.719174 -1.074862 5.194769 3.719174 -1.074862 1.465662 0.755877 -1.403511 643.013668 371.734152 -209.808523
6.182643 4.228973 -1.942642 6.182643 4.228973 -1.942642 1.815141 0.925721 -1.468934 521.915509 194.411285 -8.267129
7.356457 4.807766 -2.812992 7.356457 4.807766 -2.812992 2.082216 0.984197 -1.411401 368.332712 0.510459 200.043483
8.660380 5.389215 -3.611959 8.660380 5.389215 -3.611959 2.244682 0.938701 -1.232047 173.222679 -152.164145 397.804091
10.026427 5.915968 -4.270012 10.026427 5.915968 -4.270012 2.288906 0.802009 -0.945512 -25.811090 -303.476689 557.312908
11.384720 6.335470 -4.729040 11.384720 6.335470 -4.729040 2.221394 0.584536 -0.571314 -199.228527 -421.432640 690.014583
12.672435 6.608034 -4.944152 12.672435 6.608034 -4.944152 2.055556 0.320177 -0.139934 -353.564202 -459.762763 747.918905
13.836482 6.718017 -4.895634 13.836482 6.718017 -4.895634 1.815195 0.047490 0.298083 -447.640578 -449.196148 712.134780
14.841893 6.668300 -4.593518 14.841893 6.668300 -4.593518 1.530955 -0.208805 0.700774 -499.825894 -405.118433 630.171268
15.671722 6.476349 -4.070020 15.671722 6.476349 -4.070020 1.237184 -0.420613 1.026886 -479.411053 -300.908308 456.866591
16.332043 6.178845 -3.384104 16.332043 6.178845 -3.384104 0.971061 -0.556023 1.238752 -407.664475 -150.458830 249.354490
16.846668 5.826194 -2.609487 16.846668 5.826194 -2.609487 0.753304 -0.606071 1.320771 -318.191376 -16.367583 24.040550
17.247355 5.466755 -1.827355 17.247355 5.466755 -1.827355 0.592286 -0.580142 1.261909 -218.534938 102.797404 -220.245243
17.570203 5.142735 -1.121423 17.570203 5.142735 -1.121423 0.495225 -0.490658 1.071916 -105.003582 195.481205 -413.066067
17.853317 4.886861 -0.562208 17.853317 4.886861 -0.562208 0.456623 -0.356695 0.776162 -23.668205 251.064067 -572.779209
18.127183 4.718029 -0.205056 18.127183 4.718029 -0.205056 0.463183 -0.206089 0.405268 45.532648 250.953348 -663.535668
18.413930 4.636465 -0.082035 18.413930 4.636465 -0.082035 0.493710 -0.070927 0.003630 56.224038 199.588675 -675.257056
18.719390 4.626162 -0.197900 18.719390 4.626162 -0.197900 0.523017 0.030460 -0.384005 41.466124 138.366539 -616.858200
19.038640 4.663257 -0.531777 19.038640 4.663257 -0.531777 0.537777 0.083046 -0.716321 7.736608 36.920449 -490.863804
19.358269 4.712782 -1.039874 19.358269 4.712782 -1.039874 0.520268 0.070454 -0.960579 -66.102188 -78.891842 -323.327308
19.655784 4.735682 -1.662164 19.655784 4.735682 -1.662164 0.466871 -0.002736 -1.093298 -111.886531 -165.077880 -119.071655
19.912432 4.700648 -2.327716 19.912432 4.700648 -2.327716 0.383062 -0.120176 -1.105441 -167.478022 -226.387017 78.596393
20.111225 4.586688 -2.967428 20.111225 4.586688 -2.967428 0.278088 -0.261531 -1.011256 -182.432933 -244.795074 235.352977
20.246160 4.386744 -3.522535 20.246160 4.386744 -3.522535 0.173224 -0.403222 -0.823632 -167.115965 -227.510752 390.060368
20.324154 4.109569 -3.941446 20.324154 4.109569 -3.941446 0.093660 -0.511175 -0.564307 -98.097006 -132.330422 474.355542
20.367146 3.783669 -4.193529 20.367146 3.783669 -4.193529 0.057067 -0.567453 -0.274107 -23.877700 -55.263804 492.979985
20.397088 3.433250 -4.269257 20.397088 3.433250 -4.269257 0.042741 -0.600611 0.021681 -23.877700 -55.263804 492.979985
