-2.120335 2.260837 6.069934 -2.120335 2.260837 6.069934 0.201680 0.979468 0.337891 -19.064137 -555.066795 -207.932120
-2.002758 2.748606 6.235241 -2.002758 2.748606 6.235241 0.190242 0.646428 0.213132 -19.064137 -555.066795 -207.932120
-1.892919 3.037093 6.329117 -1.892919 3.037093 6.329117 0.174433 0.316099 0.105494 -33.630644 -546.029315 -150.862636
-1.794351 3.131012 6.372473 -1.794351 3.131012 6.372473 0.154061 0.001207 0.051051 -34.277760 -503.612371 -30.613931
-1.706198 3.046600 6.405468 -1.706198 3.046600 6.405468 0.142930 -0.273391 0.072061 -2.824727 -411.713634 100.646964
-1.617179 2.817725 6.475450 -1.617179 2.817725 6.475450 0.160082 -0.474078 0.175593 59.999624 -257.244472 244.459326
-1.506046 2.499369 6.633103 -1.506046 2.499369 6.633103 0.217498 -0.566449 0.363745 131.387418 -50.658705 382.715632
-1.347741 2.161551 6.925997 -1.347741 2.161551 6.925997 0.317114 -0.540998 0.622163 200.665871 135.498048 478.676505
-1.118967 1.871203 7.388700 -1.118967 1.871203 7.388700 0.449437 -0.410391 0.925588 240.410108 299.858199 532.740734
-0.806415 1.687996 8.039694 -0.806415 1.687996 8.039694 0.591762 -0.185214 1.243971 234.005829 450.729537 528.536096
-0.411225 1.661727 8.875810 -0.411225 1.661727 8.875810 0.722224 0.103868 1.534076 200.866852 512.877553 438.480490
0.054045 1.817643 9.866945 0.054045 1.817643 9.866945 0.821646 0.417978 1.755980 130.540818 534.156605 301.199453
0.562720 2.162704 10.963933 0.562720 2.162704 10.963933 0.860920 0.729102 1.882623 0.370794 502.923962 120.942882
1.071815 2.683296 12.102460 1.071815 2.683296 12.102460 0.823524 0.993881 1.891107 -125.021919 379.673571 -92.662714
1.534979 3.338753 13.207058 1.534979 3.338753 13.207058 0.706277 1.175619 1.768573 -265.801944 226.119361 -315.781818
1.903137 4.075363 14.199703 1.903137 4.075363 14.199703 0.507977 1.263975 1.520816 -395.200018 68.398023 -510.074349
2.130727 4.836138 15.010627 2.130727 4.836138 15.010627 0.240555 1.255408 1.166006 -496.205277 -96.952291 -672.628723
2.183840 5.561996 15.583172 2.183840 5.561996 15.583172 -0.066683 1.147556 0.732504 -527.920897 -262.554458 -772.376470
2.050120 6.197015 15.882594 2.050120 6.197015 15.882594 -0.376855 0.958751 0.263815 -505.987637 -366.797549 -789.920793
1.737378 6.703389 15.901911 1.737378 6.703389 15.901911 -0.658203 0.724410 -0.194067 -431.836174 -414.338399 -736.351552
1.274042 7.062532 15.661267 1.274042 7.062532 15.661267 -0.870725 0.471193 -0.594180 -276.572804 -429.717624 -597.358353
0.715122 7.272568 15.209423 0.715122 7.272568 15.209423 -0.970178 0.236709 -0.891655 -54.935509 -351.895014 -394.225168
0.133425 7.355687 14.614299 0.133425 7.355687 14.614299 -0.951648 0.047746 -1.074042 116.702194 -277.983861 -213.730766
-0.416557 7.334297 13.931402 -0.416557 7.334297 13.931402 -0.881626 -0.119045 -1.202280 116.702194 -277.983861 -213.730766
