-7.426986 -3.644319 -5.187380 -7.426986 -3.644319 -5.187380 0.068128 -0.443707 0.500996 -8.853200 -303.300568 -628.191850
-7.387703 -3.965138 -4.999857 -7.387703 -3.965138 -4.999857 0.062816 -0.625687 0.124081 -8.853200 -303.300568 -628.191850
-7.349996 -4.387102 -5.034144 -7.349996 -4.387102 -5.034144 0.065555 -0.767459 -0.231139 17.983250 -169.270697 -555.873348
-7.303197 -4.866566 -5.262799 -7.303197 -4.866566 -5.262799 0.097488 -0.811620 -0.514234 88.457748 22.065067 -387.778189
-7.222791 -5.338536 -5.629442 -7.222791 -5.338536 -5.629442 0.180518 -0.743227 -0.688414 188.308140 205.911009 -192.820655
-7.076274 -5.737279 -6.062728 -7.076274 -5.737279 -6.062728 0.315061 -0.569034 -0.731758 260.169721 374.732198 48.340043
-6.835469 -6.003647 -6.479405 -6.835469 -6.003647 -6.479405 0.495851 -0.306191 -0.634368 342.462294 501.412754 276.294952
-6.473638 -6.092253 -6.798399 -6.473638 -6.092253 -6.798399 0.714713 0.018927 -0.409126 387.078924 582.312826 474.509173
-5.975254 -5.975238 -6.947635 -5.975254 -5.975238 -6.947635 0.946372 0.372527 -0.070280 385.117400 596.355905 654.977837
-5.340554 -5.647945 -6.866211 -5.340554 -5.647945 -6.866211 1.165223 0.712506 0.351190 344.386407 536.905555 749.924399
-4.585056 -5.130188 -6.520488 -4.585056 -5.130188 -6.520488 1.343730 1.002701 0.801255 250.635648 430.413129 750.290227
-3.742556 -4.461140 -5.907690 -3.742556 -4.461140 -5.907690 1.449848 1.210713 1.236393 103.091538 262.959701 700.171488
-2.863819 -3.697958 -5.046614 -2.863819 -3.697958 -5.046614 1.463063 1.315596 1.622544 -59.039193 86.650841 586.998741
-2.007204 -2.905217 -3.978537 -2.007204 -2.905217 -3.978537 1.374659 1.306519 1.919194 -235.642607 -116.909688 401.834395
-1.234910 -2.152574 -2.766489 -1.234910 -2.152574 -2.766489 1.182845 1.185249 2.101301 -403.735578 -287.323140 205.187021
-0.604523 -1.499604 -1.482284 -0.604523 -1.499604 -1.482284 0.907364 0.980550 2.156868 -514.536717 -395.006635 -19.962860
-0.158124 -0.987568 -0.202613 -0.158124 -0.987568 -0.202613 0.571629 0.717583 2.090610 -604.579861 -481.549682 -200.897028
0.075979 -0.644206 1.005593 0.075979 -0.644206 1.005593 0.208635 0.426106 1.920076 -605.399954 -490.041956 -367.550629
0.096347 -0.473514 2.085999 0.096347 -0.473514 2.085999 -0.133810 0.148264 1.672143 -536.083767 -436.096863 -458.890836
-0.080434 -0.463053 3.006684 -0.080434 -0.463053 3.006684 -0.455461 -0.113394 1.396809 -536.083767 -436.096863 -458.890836
