8.925312 0.822392 -9.361747 8.925312 0.822392 -9.361747 -0.651209 1.321433 0.201732 386.782370 -294.435599 587.634867
8.604207 1.562253 -9.134934 8.604207 1.562253 -9.134934 -0.419140 1.144771 0.554313 386.782370 -294.435599 587.634867
8.430210 2.191065 -8.693674 8.430210 2.191065 -8.693674 -0.147742 0.942849 0.921381 517.877300 -378.637322 635.925710
8.442236 2.686761 -8.025468 8.442236 2.686761 -8.025468 0.200252 0.706371 1.307491 642.104922 -409.623748 651.106408
8.680784 3.037873 -7.127724 8.680784 3.037873 -7.127724 0.599605 0.465703 1.678407 689.069724 -392.603445 585.281994
9.162419 3.252008 -6.025206 9.162419 3.252008 -6.025206 1.002243 0.257052 1.980192 653.058524 -302.901170 420.666897
9.874422 3.358925 -4.773039 9.874422 3.358925 -4.773039 1.359611 0.111351 2.174253 538.166807 -182.768023 226.204680
10.776885 3.398986 -3.440505 10.776885 3.398986 -3.440505 1.631639 0.032437 2.246299 368.594767 -80.276816 13.949325
11.809096 3.411750 -2.103903 11.809096 3.411750 -2.103903 1.787199 0.023025 2.186227 149.935589 48.901982 -214.192239
12.893026 3.441195 -0.843888 12.893026 3.441195 -0.843888 1.800272 0.086505 1.991880 -106.357493 162.697394 -433.630942
13.942656 3.525585 0.262988 13.942656 3.525585 0.262988 1.679513 0.200132 1.680709 -296.173695 216.059167 -603.604514
14.897052 3.684554 1.162764 14.897052 3.684554 1.162764 1.501808 0.329767 1.318546 -296.173695 216.059167 -603.604514
