8.245298 -3.107264 -2.448658 8.245298 -3.107264 -2.448658 -0.788550 -0.385686 1.197618 294.393034 -358.584262 -410.276102
7.825158 -3.403221 -1.803936 7.825158 -3.403221 -1.803936 -0.611914 -0.600836 0.951453 294.393034 -358.584262 -410.276102
7.519957 -3.819513 -1.302082 7.519957 -3.819513 -1.302082 -0.390499 -0.772214 0.729449 443.658612 -212.673854 -329.734551
7.374600 -4.308801 -0.916050 7.374600 -4.308801 -0.916050 -0.078883 -0.838213 0.570183 595.061470 -7.322886 -201.154180
7.438469 -4.802406 -0.603504 7.438469 -4.802406 -0.603504 0.298590 -0.789402 0.482709 663.180654 170.023910 -90.425854
7.736936 -5.235158 -0.324401 7.736936 -5.235158 -0.324401 0.696200 -0.635960 0.457226 662.185253 341.451773 5.482773
8.269281 -5.547767 -0.043822 8.269281 -5.547767 -0.043822 1.070670 -0.393563 0.486796 586.049337 466.536362 93.083608
9.007947 -5.697077 0.267317 9.007947 -5.697077 0.267317 1.376176 -0.099384 0.554181 432.304916 514.060455 131.533470
9.899813 -5.664386 0.623552 9.899813 -5.664386 0.623552 1.577284 0.208005 0.633353 238.054761 510.570026 132.373250
10.875072 -5.450290 1.026365 10.875072 -5.450290 1.026365 1.650310 0.501297 0.707647 5.365270 467.068901 115.273772
11.852235 -5.071808 1.467829 11.852235 -5.071808 1.467829 1.583586 0.749699 0.757441 -227.779881 360.940332 50.707581
12.748496 -4.566453 1.927224 12.748496 -4.566453 1.927224 1.382468 0.919092 0.766879 -442.613094 203.700390 -19.248592
13.487890 -3.986922 2.381306 13.487890 -3.986922 2.381306 1.064816 0.998363 0.742430 -616.227144 60.538791 -62.248237
14.009975 -3.385458 2.813376 14.009975 -3.385458 2.813376 0.665662 0.992428 0.694164 -714.286276 -80.324711 -98.638667
14.278907 -2.812324 3.211474 14.278907 -2.812324 3.211474 0.227623 0.904913 0.631752 -745.845178 -211.391734 -109.402867
14.283336 -2.312176 3.572400 14.283336 -2.312176 3.572400 -0.209350 0.754335 0.573946 -710.728797 -290.535393 -83.281458
14.036957 -1.913150 3.905818 14.036957 -1.913150 3.905818 -0.599975 0.573619 0.544181 -591.355697 -311.850192 -15.935475
13.580674 -1.623127 4.235432 13.580674 -1.623127 4.235432 -0.904062 0.396433 0.564490 -422.268041 -278.771118 83.632942
12.973784 -1.432283 4.595546 12.973784 -1.432283 4.595546 -1.099641 0.244989 0.646498 -229.662265 -226.042143 189.724832
12.285504 -1.320380 5.023655 12.285504 -1.320380 5.023655 -1.173222 0.137348 0.790633 -15.608216 -132.761132 290.725384
11.589495 -1.254293 5.555255 11.589495 -1.254293 5.555255 -1.128919 0.095571 0.989516 163.286155 -6.494046 372.218161
10.951057 -1.191614 6.219618 10.951057 -1.191614 6.219618 -0.983334 0.124200 1.231119 321.998409 101.923173 433.124977
10.425809 -1.094472 7.036663 10.425809 -1.094472 7.036663 -0.756175 0.206733 1.493050 435.198124 173.189105 439.979448
10.052486 -0.935878 8.007478 10.052486 -0.935878 8.007478 -0.484825 0.327549 1.735982 469.300188 229.528892 369.792210
9.845649 -0.697449 9.108690 9.845649 -0.697449 9.108690 -0.205324 0.468184 1.923160 462.371462 239.254879 254.135750
9.802397 -0.376160 10.299512 9.802397 -0.376160 10.299512 0.055677 0.598305 2.031547 407.629717 194.481845 107.153812
9.902881 0.013353 11.526129 9.902881 0.013353 11.526129 0.268776 0.692606 2.037845 302.701978 119.856385 -86.158665
10.111269 0.443934 12.720818 10.111269 0.443934 12.720818 0.413577 0.731736 1.923604 179.968574 10.574254 -294.646741
10.385368 0.878097 13.810814 10.385368 0.878097 13.810814 0.489350 0.704173 1.691163 72.606782 -102.448232 -480.154990
10.686406 1.276570 14.730206 10.686406 1.276570 14.730206 0.504705 0.614752 1.358678 -21.424557 -195.624949 -628.128633
10.981033 1.605805 15.427350 10.981033 1.605805 15.427350 0.470155 0.475361 0.956806 -93.740383 -269.010844 -711.445604
11.244439 1.839734 15.871469 11.244439 1.839734 15.871469 0.404841 0.299626 0.520415 -123.973797 -316.770797 -743.190197
11.465564 1.963346 16.052734 11.465564 1.963346 16.052734 0.333133 0.113838 0.088452 -115.051647 -302.524309 -696.688314
11.647240 1.981952 15.988589 11.647240 1.981952 15.988589 0.276632 -0.043889 -0.288624 -73.286468 -223.231956 -560.231666
11.803550 1.922763 15.726924 11.803550 1.922763 15.726924 0.250269 -0.141194 -0.563007 -14.589521 -101.117123 -354.376380
11.953865 1.825851 15.336000 11.953865 1.825851 15.336000 0.255417 -0.171837 -0.722290 31.747931 -1.027597 -176.566226
12.112830 1.722564 14.870845 12.112830 1.722564 14.870845 0.274465 -0.172454 -0.828229 31.747931 -1.027597 -176.566226
