0.429884 6.965099 -0.088589 0.429884 6.965099 -0.088589 0.481221 0.072901 -0.828392 -253.678421 -519.831020 699.457613
0.672955 6.915270 -0.459722 0.672955 6.915270 -0.459722 0.329014 -0.238998 -0.408718 -253.678421 -519.831020 699.457613
0.834607 6.685428 -0.581515 0.834607 6.685428 -0.581515 0.226334 -0.515265 -0.001366 -88.587056 -401.061466 658.381859
0.966725 6.314967 -0.469957 0.966725 6.314967 -0.469957 0.234498 -0.701455 0.363009 115.798091 -219.571880 556.200335
1.139624 5.864992 -0.161564 1.139624 5.864992 -0.161564 0.360765 -0.781095 0.649086 305.092107 -45.894389 397.390661
1.421368 5.398147 0.287256 1.421368 5.398147 0.287256 0.595659 -0.758267 0.826708 477.887414 121.989962 194.684152
1.873302 4.974922 0.807236 1.873302 4.974922 0.807236 0.924987 -0.636185 0.888079 619.873991 284.946962 9.883372
2.544761 4.649617 1.331070 2.544761 4.649617 1.331070 1.321361 -0.439640 0.840051 701.372925 370.206005 -169.974492
3.463777 4.455178 1.795985 3.463777 4.455178 1.795985 1.741949 -0.203977 0.695460 700.585373 415.334341 -311.996522
4.630093 4.408047 2.150926 4.630093 4.408047 2.150926 2.137506 0.047698 0.477389 617.938600 423.582811 -414.908370
6.015690 4.508725 2.360224 6.015690 4.508725 2.360224 2.467589 0.280919 0.216181 482.338275 353.823137 -455.784534
7.571149 4.734251 2.409490 7.571149 4.734251 2.409490 2.697417 0.459645 -0.049293 283.754245 241.928529 -429.127820
9.226936 5.045341 2.307296 9.226936 5.045341 2.307296 2.798977 0.563583 -0.283648 54.780712 104.532231 -352.054353
10.901469 5.393917 2.078693 10.901469 5.393917 2.078693 2.758278 0.584354 -0.470103 -190.445086 -35.296057 -269.464247
12.509319 5.731201 1.755161 12.509319 5.731201 1.755161 2.579827 0.528302 -0.596613 -404.392145 -151.542446 -152.234993
13.973360 6.015967 1.376147 13.973360 6.015967 1.376147 2.281868 0.412688 -0.656176 -588.801457 -233.839243 -46.306703
15.229476 6.217785 0.980113 15.229476 6.217785 0.980113 1.893488 0.253862 -0.653923 -705.798952 -295.581188 53.814819
16.236272 6.317029 0.601104 16.236272 6.317029 0.601104 1.458742 0.077175 -0.603345 -743.355797 -293.376546 114.779435
16.979191 6.313322 0.259950 16.979191 6.313322 0.259950 1.020115 -0.084872 -0.533514 -718.733304 -246.779901 117.990021
17.468285 6.222476 -0.038495 17.468285 6.222476 -0.038495 0.620860 -0.210452 -0.460593 -612.118009 -171.820200 125.078658
17.739975 6.071546 -0.294607 17.739975 6.071546 -0.294607 0.300369 -0.282197 -0.396899 -456.186152 -67.327693 87.236172
17.849231 5.897361 -0.521748 17.849231 5.897361 -0.521748 0.082399 -0.286334 -0.368080 -270.377492 53.536821 8.827833
17.862154 5.739664 -0.743427 17.862154 5.739664 -0.743427 -0.019073 -0.231879 -0.374885 -67.863121 127.980335 -31.511045
17.849497 5.627306 -0.977293 17.849497 5.627306 -0.977293 -0.004780 -0.136426 -0.410104 115.506073 190.197239 -85.887267
17.876793 5.581612 -1.240072 17.876793 5.581612 -1.240072 0.111385 -0.012677 -0.467921 271.709849 222.298495 -106.835224
17.999548 5.611895 -1.537433 17.999548 5.611895 -1.537433 0.309496 0.110076 -0.518912 388.662003 186.879625 -63.135687
18.257032 5.708136 -1.857510 18.257032 5.708136 -1.857510 0.551829 0.204993 -0.543623 419.113439 129.507561 -19.234075
18.663570 5.854443 -2.187146 18.663570 5.854443 -2.187146 0.803297 0.282697 -0.555164 419.113439 129.507561 -19.234075
