-6.757993 4.267403 -8.969071 -6.757993 4.267403 -8.969071 0.358205 0.205818 1.873643 59.132081 191.816930 210.391658
-6.532427 4.425421 -7.807014 -6.532427 4.425421 -7.807014 0.393684 0.320908 1.999878 59.132081 191.816930 210.391658
-6.287716 4.646466 -6.580334 -6.287716 4.646466 -6.580334 0.418447 0.405862 2.070525 23.409716 91.361015 25.098633
-6.036366 4.898598 -5.348838 -6.036366 4.898598 -5.348838 0.412831 0.421529 2.008902 -42.128461 -39.136305 -230.509442
-5.801552 5.138877 -4.198013 -5.801552 5.138877 -4.198013 0.361049 0.370079 1.805473 -130.480427 -132.362797 -447.586725
-5.613268 5.332005 -3.204274 -5.613268 5.332005 -3.204274 0.258463 0.265192 1.492022 -211.472927 -217.262163 -597.249869
-5.498560 5.449779 -2.422136 -5.498560 5.449779 -2.422136 0.120058 0.123661 1.105820 -249.876180 -254.507750 -690.091768
-5.471759 5.479117 -1.884426 -5.471759 5.479117 -1.884426 -0.031149 -0.024279 0.683937 -254.147251 -238.623286 -716.185394
-5.534708 5.425703 -1.599578 -5.534708 5.425703 -1.599578 -0.176200 -0.146927 0.271221 -229.354155 -170.204140 -659.533041
-5.676285 5.311109 -1.548429 -5.676285 5.311109 -1.548429 -0.286680 -0.228054 -0.088837 -138.914383 -100.219656 -540.662204
-5.865954 5.163290 -1.687955 -5.865954 5.163290 -1.687955 -0.333312 -0.252922 -0.357755 -16.525396 17.326961 -355.728789
-6.060073 5.021291 -1.953344 -6.060073 5.021291 -1.953344 -0.299010 -0.209350 -0.504719 130.866483 127.912417 -134.153006
-6.205408 4.923274 -2.266816 -6.205408 4.923274 -2.266816 -0.167916 -0.109756 -0.517673 306.114397 204.068062 90.974103
-6.241748 4.898276 -2.548509 -6.241748 4.898276 -2.548509 0.062295 0.033297 -0.400412 461.254189 272.775484 299.895344
-6.113790 4.968189 -2.724890 -6.113790 4.968189 -2.724890 0.376822 0.201139 -0.171052 587.168516 286.695828 464.637593
-5.776976 5.138197 -2.736542 -5.776976 5.138197 -2.736542 0.754276 0.361755 0.144457 671.011532 248.693409 587.059913
-5.203278 5.394631 -2.541252 -5.203278 5.394631 -2.541252 1.158638 0.484048 0.511417 676.861752 158.949696 636.139250
-4.389632 5.707153 -2.121335 -4.389632 5.707153 -2.121335 1.547896 0.546831 0.885909 620.664610 50.325372 612.167067
-3.356430 6.035616 -1.484701 -3.356430 6.035616 -1.484701 1.884017 0.533554 1.227701 499.737905 -94.582142 527.139897
-2.147753 6.328972 -0.661920 -2.147753 6.328972 -0.661920 2.125433 0.428047 1.500361 304.984467 -257.108973 381.726835
-0.828632 6.533681 0.299620 -0.828632 6.533681 0.299620 2.253244 0.244587 1.692460 121.049774 -354.422201 258.604234
0.545103 6.616638 1.361645 0.545103 6.616638 1.361645 2.325873 0.031934 1.847623 121.049774 -354.422201 258.604234
