6.022831 1.618895 -3.234653 6.022831 1.618895 -3.234653 1.101126 -0.158259 -0.382149 655.449362 165.220725 -413.872381
6.801487 1.553679 -3.538440 6.801487 1.553679 -3.538440 1.494395 -0.059126 -0.630473 655.449362 165.220725 -413.872381
7.811201 1.543191 -3.990270 7.811201 1.543191 -3.990270 1.863144 0.016245 -0.874042 573.711734 86.015742 -398.027030
9.022664 1.562052 -4.579328 9.022664 1.562052 -4.579328 2.158913 0.036011 -1.077798 412.187371 -20.128018 -281.159573
10.377933 1.573861 -5.269150 10.377933 1.573861 -5.269150 2.334860 -0.006936 -1.209166 174.302432 -123.029622 -156.733734
11.797105 1.542239 -6.011507 11.797105 1.542239 -6.011507 2.373851 -0.107327 -1.246428 -44.333450 -211.605854 32.527115
13.199209 1.435949 -6.740911 13.199209 1.435949 -6.740911 2.276119 -0.253319 -1.163924 -281.440465 -275.032399 242.487140
14.502813 1.233851 -7.384819 14.502813 1.233851 -7.384819 2.050214 -0.421342 -0.964437 -471.577423 -285.045259 422.468435
15.639113 0.932274 -7.877475 15.639113 0.932274 -7.877475 1.722544 -0.579687 -0.661144 -620.654331 -242.772308 588.509829
16.554743 0.545032 -8.161577 16.554743 0.545032 -8.161577 1.319261 -0.704002 -0.274774 -723.621689 -171.610809 699.391109
17.216668 0.099271 -8.197801 17.216668 0.099271 -8.197801 0.888185 -0.769319 0.158606 -713.298833 -46.112726 745.208798
17.625323 -0.362541 -7.969663 17.625323 -0.362541 -7.969663 0.480895 -0.756587 0.599917 -644.335234 88.553301 725.828508
17.797879 -0.800553 -7.479063 17.797879 -0.800553 -7.479063 0.094294 -0.703455 1.035415 -644.335234 88.553301 725.828508
