-6.565258 -3.544316 1.019142 -6.565258 -3.544316 1.019142 1.050448 -0.936124 -0.622911 -44.757981 -60.894950 -141.949242
-5.943046 -4.116952 0.619845 -5.943046 -4.116952 0.619845 1.023593 -0.972661 -0.708080 -44.757981 -60.894950 -141.949242
-5.333681 -4.701873 0.174806 -5.333681 -4.701873 0.174806 1.013064 -0.961017 -0.766448 9.662334 99.707886 -52.608478
-4.719742 -5.248771 -0.286484 -4.719742 -5.248771 -0.286484 1.040669 -0.842364 -0.757773 82.351695 295.803489 81.523828
-4.080319 -5.692206 -0.723783 -4.080319 -5.692206 -0.723783 1.091075 -0.621190 -0.695404 85.670406 441.443876 126.373885
-3.412081 -5.980339 -1.117494 -3.412081 -5.980339 -1.117494 1.133335 -0.330717 -0.615657 55.196681 526.798307 139.450039
-2.723981 -6.082534 -1.462488 -2.723981 -6.082534 -1.462488 1.157275 -0.007579 -0.535495 24.602523 550.329935 127.754680
-2.029242 -5.990218 -1.762575 -2.029242 -5.990218 -1.762575 1.151761 0.311637 -0.467769 -42.980984 513.722441 98.000323
-1.349727 -5.716315 -2.029356 -1.349727 -5.716315 -2.029356 1.106944 0.592126 -0.427770 -106.409966 421.239754 35.330232
-0.710018 -5.294873 -2.282899 -0.710018 -5.294873 -2.282899 1.016583 0.796585 -0.422773 -194.793879 260.290837 -18.676069
-0.135689 -4.778097 -2.543065 -0.135689 -4.778097 -2.543065 0.896914 0.912624 -0.449679 -204.102268 126.506044 -71.009085
0.365721 -4.207751 -2.825654 0.365721 -4.207751 -2.825654 0.774453 0.988528 -0.492284 -204.102268 126.506044 -71.009085
