-4.387178 -4.607650 -8.620025 -4.387178 -4.607650 -8.620025 1.563866 1.391370 -0.572832 -565.468893 12.226547 28.143194
-3.550643 -3.770627 -8.958659 -3.550643 -3.770627 -8.958659 1.224584 1.398706 -0.555947 -565.468893 12.226547 28.143194
-2.913371 -2.939587 -9.281749 -2.913371 -2.939587 -9.281749 0.906830 1.354121 -0.512004 -493.713172 -160.843198 118.330689
-2.449738 -2.167702 -9.558362 -2.449738 -2.167702 -9.558362 0.652621 1.199435 -0.394552 -353.650276 -354.777814 273.176663
-2.112208 -1.518821 -9.736733 -2.112208 -1.518821 -9.736733 0.488503 0.951968 -0.184705 -193.408897 -470.110325 426.312818
-1.844979 -1.035849 -9.764732 -1.844979 -1.035849 -9.764732 0.417161 0.651955 0.101525 -44.396141 -529.933109 527.786817
-1.594574 -0.740428 -9.605058 -1.594574 -0.740428 -9.605058 0.431020 0.332177 0.436984 90.592249 -535.995908 590.410104
-1.311777 -0.633415 -9.236180 -1.311777 -0.633415 -9.236180 0.524771 0.031509 0.793301 221.909199 -466.230163 597.315687
-0.952306 -0.691618 -8.655932 -0.952306 -0.691618 -8.655932 0.681239 -0.214161 1.135439 299.650897 -352.668703 543.142034
-0.489424 -0.873999 -7.884333 -0.489424 -0.873999 -7.884333 0.862037 -0.377784 1.424174 303.011391 -192.741073 419.309378
0.081901 -1.124718 -6.964530 0.081901 -1.124718 -6.964530 1.041648 -0.440206 1.624876 295.689057 -15.334371 249.698128
0.756360 -1.382245 -5.956308 0.756360 -1.382245 -5.956308 1.200295 -0.402619 1.716448 233.134707 140.624571 55.541613
1.514219 -1.589587 -4.930318 1.514219 -1.589587 -4.930318 1.318762 -0.273659 1.680388 161.754866 289.243363 -175.742285
2.330236 -1.695299 -3.966258 2.330236 -1.695299 -3.966258 1.394040 -0.068016 1.512249 89.172309 396.234668 -384.722587
3.178704 -1.662568 -3.137880 3.178704 -1.662568 -3.137880 1.427506 0.180818 1.232810 22.380588 433.210935 -546.739061
4.035654 -1.477274 -2.503465 4.035654 -1.477274 -2.503465 1.423027 0.434869 0.870475 -37.309016 413.625486 -661.043308
4.882613 -1.145878 -2.102591 4.882613 -1.145878 -2.102591 1.399931 0.663154 0.461734 -39.678041 347.326058 -701.428301
5.716839 -0.691534 -1.949781 5.716839 -0.691534 -1.949781 1.383172 0.841213 0.051007 -16.183673 246.203608 -667.661835
6.547265 -0.149743 -2.033083 6.547265 -0.149743 -2.033083 1.390640 0.952668 -0.318224 41.077080 125.312936 -563.107492
7.391838 0.435732 -2.314512 7.391838 0.435732 -2.314512 1.429262 0.984446 -0.601766 87.662313 -19.388871 -382.031445
8.270647 1.016239 -2.731252 8.270647 1.016239 -2.731252 1.509222 0.939459 -0.765559 178.870344 -130.567452 -163.947784
9.212549 1.551782 -3.205422 9.212549 1.551782 -3.205422 1.637402 0.837971 -0.790543 248.396448 -207.725615 80.668694
10.240354 2.014832 -3.653538 10.240354 2.014832 -3.653538 1.789704 0.701624 -0.683696 259.277210 -246.761872 275.486683
11.360847 2.391390 -4.014168 11.360847 2.391390 -4.014168 1.945271 0.553567 -0.518404 259.277210 -246.761872 275.486683
