-6.165399 -4.241282 9.827723 -6.165399 -4.241282 9.827723 0.879003 0.459707 0.829833 108.390971 8.933420 -762.355516
-5.618486 -3.963850 10.188398 -5.618486 -3.963850 10.188398 0.944038 0.465067 0.372420 108.390971 8.933420 -762.355516
-5.033468 -3.688539 10.280325 -5.033468 -3.688539 10.280325 1.004496 0.443738 -0.056500 93.135645 -80.029884 -667.375612
-4.417153 -3.444409 10.136260 -4.417153 -3.444409 10.136260 1.044645 0.357184 -0.407113 40.695012 -208.485777 -501.335468
-3.787954 -3.273886 9.814105 -3.787954 -3.273886 9.814105 1.044497 0.200792 -0.646152 -41.188653 -312.818561 -295.462696
-3.171609 -3.214165 9.387364 -3.171609 -3.214165 9.387364 1.005084 -0.009134 -0.752760 -90.186921 -386.935939 -59.896406
-2.586715 -3.288873 8.938447 -2.586715 -3.288873 8.938447 0.941359 -0.239192 -0.721097 -122.229658 -379.923746 165.441033
-2.044133 -3.496700 8.547281 -2.044133 -3.496700 8.547281 0.866858 -0.446770 -0.563268 -126.108572 -312.003522 360.652935
-1.545458 -3.815492 8.282696 -1.545458 -3.815492 8.282696 0.797492 -0.606823 -0.304584 -105.109984 -221.505458 501.628251
-1.081491 -4.211393 8.195558 -1.081491 -4.211393 8.195558 0.756380 -0.699404 0.022989 -31.931451 -87.097863 590.282787
-0.627169 -4.635876 8.316392 -0.627169 -4.635876 8.316392 0.768432 -0.697480 0.381109 72.105827 93.510059 603.448486
-0.145755 -5.027215 8.649628 -0.145755 -5.027215 8.649628 0.848575 -0.589788 0.722929 195.035646 265.462102 535.953527
0.406648 -5.324887 9.173837 0.406648 -5.324887 9.173837 1.006352 -0.388421 1.014400 330.889073 405.761975 435.616330
1.075713 -5.478281 9.851402 1.075713 -5.478281 9.851402 1.233354 -0.111855 1.228336 425.783561 516.125158 277.503765
1.896412 -5.449085 10.628643 1.896412 -5.449085 10.628643 1.509051 0.214850 1.346283 493.206465 572.890116 115.650835
2.892932 -5.218179 11.446423 2.892932 -5.218179 11.446423 1.816536 0.552965 1.361642 531.742524 554.162411 -64.453955
4.076281 -4.790580 12.244058 4.076281 -4.790580 12.244058 2.124154 0.865816 1.284225 493.652573 488.671718 -193.602617
5.432848 -4.190695 12.973667 5.432848 -4.190695 12.973667 2.386430 1.121193 1.137677 380.601465 362.586276 -294.889308
6.924416 -3.464202 13.598832 6.924416 -3.464202 13.598832 2.570799 1.281302 0.938936 233.960093 171.109356 -367.579679
8.497531 -2.676059 14.096197 8.497531 -2.676059 14.096197 2.653789 1.326782 0.719228 42.672896 -19.509337 -364.780316
10.084443 -1.894603 14.464566 10.084443 -1.894603 14.464566 2.614180 1.259571 0.512822 -174.701827 -204.526341 -323.242078
11.609317 -1.185220 14.717456 11.609317 -1.185220 14.717456 2.448421 1.089128 0.335778 -377.829840 -363.616914 -266.904223
13.000255 -0.604050 14.875383 13.000255 -0.604050 14.875383 2.171197 0.836678 0.198150 -546.247681 -477.881487 -191.854436
14.196639 -0.191365 14.965711 14.196639 -0.191365 14.965711 1.803400 0.533436 0.112899 -679.744393 -532.925844 -92.316990
15.152463 0.033104 15.020126 15.152463 0.033104 15.020126 1.376247 0.215348 0.073970 -744.099463 -527.368641 -37.446153
15.845655 0.071278 15.059843 15.845655 0.071278 15.059843 0.936694 -0.081616 0.061881 -721.076553 -462.509549 -2.849438
16.283668 -0.052368 15.096836 16.283668 -0.052368 15.096836 0.533001 -0.316246 0.062059 -624.566217 -319.592217 3.443547
16.499759 -0.290002 15.133504 16.499759 -0.290002 15.133504 0.201822 -0.459798 0.058187 -479.364884 -158.912966 -16.350344
16.546810 -0.584404 15.161793 16.546810 -0.584404 15.161793 -0.024577 -0.504741 0.029974 -275.297629 9.101344 -77.694462
16.497312 -0.875306 15.161816 16.497312 -0.875306 15.161816 -0.115748 -0.447759 -0.036524 -28.604432 180.838920 -143.964881
16.436687 -1.103770 15.109437 16.436687 -1.103770 15.109437 -0.063049 -0.301051 -0.145660 204.267126 308.189386 -219.821416
16.447705 -1.222593 14.979773 16.447705 -1.222593 14.979773 0.119908 -0.084475 -0.291052 405.589263 413.730266 -264.819498
16.601452 -1.197170 14.756754 16.601452 -1.197170 14.756754 0.407247 0.171946 -0.453546 552.207010 441.003930 -276.827867
16.950831 -1.016407 14.436178 16.950831 -1.016407 14.436178 0.766736 0.427626 -0.612740 646.090152 411.264250 -253.818151
17.529065 -0.689068 14.025449 17.529065 -0.689068 14.025449 1.163873 0.658062 -0.752017 677.699696 356.854915 -210.438750
18.345163 -0.237274 13.542918 18.345163 -0.237274 13.542918 1.549435 0.835791 -0.845487 607.508643 235.576123 -101.127595
19.377314 0.298966 13.026912 19.377314 0.298966 13.026912 1.879629 0.938945 -0.858722 493.138213 108.271121 57.011343
20.583849 0.873839 12.530675 20.583849 0.873839 12.530675 2.125472 0.963995 -0.780842 326.336590 -24.773319 202.589009
21.906300 1.441100 12.106695 21.906300 1.441100 12.106695 2.263411 0.915747 -0.618992 133.461162 -136.050332 336.911957
23.276922 1.961538 11.803604 23.276922 1.961538 11.803604 2.286249 0.811510 -0.378546 -57.334691 -211.407046 464.572490
24.629261 2.407969 11.665056 24.629261 2.407969 11.665056 2.206400 0.672553 -0.075020 -208.827775 -251.784866 547.182772
25.915513 2.766179 11.718537 25.915513 2.766179 11.718537 2.081104 0.521482 0.253290 -208.827775 -251.784866 547.182772
