-5.078725 4.923113 -5.775399 -5.078725 4.923113 -5.775399 0.313161 0.626059 0.419768 70.769911 -333.532682 -647.051948
-4.878089 5.238712 -5.640008 -4.878089 5.238712 -5.640008 0.355623 0.425939 0.031537 70.769911 -333.532682 -647.051948
-4.650048 5.433701 -5.731302 -4.650048 5.433701 -5.731302 0.407729 0.223126 -0.325429 102.915308 -342.510247 -542.834758
-4.385816 5.506629 -6.014260 -4.385816 5.506629 -6.014260 0.474829 0.021139 -0.601081 120.753349 -330.779781 -376.004943
-4.081630 5.463582 -6.431167 -4.081630 5.463582 -6.431167 0.535045 -0.158277 -0.769572 79.965211 -267.275111 -185.631014
-3.750328 5.326621 -6.914702 -3.750328 5.326621 -6.914702 0.562431 -0.288069 -0.822843 11.322141 -165.364955 8.061137
-3.416204 5.131545 -7.395356 -3.416204 5.131545 -7.395356 0.542359 -0.349631 -0.759999 -78.228345 -39.840335 201.419978
-3.111249 4.920185 -7.806547 -3.111249 4.920185 -7.806547 0.463526 -0.345583 -0.596384 -184.549151 53.332809 343.962194
-2.871463 4.728239 -8.096022 -2.871463 4.728239 -8.096022 0.327244 -0.284563 -0.357795 -269.723188 150.069606 451.334487
-2.728368 4.587175 -8.226395 -2.728368 4.587175 -8.226395 0.141902 -0.181219 -0.071677 -348.084301 194.408167 502.393084
-2.707248 4.513530 -8.179973 -2.707248 4.513530 -8.179973 -0.073780 -0.064109 0.224746 -370.856555 195.959622 485.682884
-2.816565 4.508705 -7.960575 -2.816565 4.508705 -7.960575 -0.287767 0.045308 0.501792 -342.432540 168.765004 437.804308
-3.046979 4.562192 -7.586927 -3.046979 4.562192 -7.586927 -0.473804 0.126188 0.733314 -277.691634 100.834121 333.934900
-3.373878 4.649250 -7.093553 -3.373878 4.649250 -7.093553 -0.603579 0.152663 0.900062 -154.892094 -12.584523 221.892331
-3.753185 4.731408 -6.519665 -3.753185 4.731408 -6.519665 -0.642909 0.109239 1.002746 23.793377 -132.162485 120.388545
-4.123920 4.767312 -5.903196 -4.123920 4.767312 -5.903196 -0.574996 0.000689 1.040736 202.581854 -229.670375 6.244403
-4.420628 4.722841 -5.280302 -4.420628 4.722841 -5.280302 -0.394324 -0.154829 1.031123 399.659295 -288.724812 -38.287882
-4.575503 4.575900 -4.670086 -4.575503 4.575900 -4.670086 -0.105622 -0.338432 1.000323 562.681811 -323.282362 -64.379843
-4.531051 4.315084 -4.082027 -4.531051 4.315084 -4.082027 0.264697 -0.530230 0.958964 671.713855 -316.045586 -73.483941
-4.247031 3.944076 -3.517136 -4.247031 3.944076 -3.517136 0.689192 -0.699769 0.928573 743.270323 -249.085428 -27.820213
-3.701104 3.486653 -2.961470 -3.701104 3.486653 -2.961470 1.128267 -0.812851 0.929530 720.312642 -127.853133 31.013200
-2.899452 2.984227 -2.395414 -2.899452 2.984227 -2.395414 1.535634 -0.848068 0.961912 637.576831 10.464004 76.926920
-1.863308 2.477270 -1.804420 -1.863308 2.477270 -1.804420 1.918180 -0.841789 1.008069 637.576831 10.464004 76.926920
