9.800602 0.607063 -6.037695 9.800602 0.607063 -6.037695 0.548788 0.750970 -1.349933 -470.163917 311.724879 663.946901
10.045246 1.113756 -6.728145 10.045246 1.113756 -6.728145 0.266690 0.938005 -0.951565 -470.163917 311.724879 663.946901
10.127734 1.728244 -7.174593 10.127734 1.728244 -7.174593 0.020113 1.102916 -0.528296 -351.760619 237.977663 746.951169
10.086913 2.424433 -7.355805 10.086913 2.424433 -7.355805 -0.138805 1.203716 -0.073553 -177.965474 98.021058 768.857040
9.983019 3.155267 -7.265011 9.983019 3.155267 -7.265011 -0.188471 1.217334 0.370422 12.412509 -52.625300 711.059528
9.884983 3.866474 -6.922843 9.884983 3.866474 -6.922843 -0.116961 1.137155 0.756678 225.954951 -214.637754 576.459967
9.866774 4.502663 -6.376195 9.866774 4.502663 -6.376195 0.075091 0.971025 1.046947 414.216641 -339.131621 391.106462
9.996245 5.015688 -5.690070 9.996245 5.015688 -5.690070 0.372905 0.724818 1.219398 578.499108 -481.555960 183.730123
10.328213 5.360830 -4.938599 10.328213 5.360830 -4.938599 0.740482 0.420536 1.263439 646.754434 -532.718221 -36.927553
10.890318 5.518279 -4.199804 10.890318 5.518279 -4.199804 1.135536 0.105990 1.178173 670.094016 -515.768303 -247.294252
11.690533 5.492009 -3.546418 11.690533 5.492009 -3.546418 1.528976 -0.188598 0.984774 641.372737 -466.192340 -397.368533
12.714702 5.302433 -3.033223 12.714702 5.302433 -3.033223 1.870479 -0.430827 0.715640 496.970606 -341.236193 -499.745751
13.914979 4.992836 -2.696449 13.914979 4.992836 -2.696449 2.111336 -0.583961 0.402511 305.884601 -169.209878 -544.017656
15.224405 4.622877 -2.551124 15.224405 4.622877 -2.551124 2.232692 -0.631111 0.084811 98.636578 12.042426 -514.980517
16.566811 4.257189 -2.587186 16.566811 4.257189 -2.587186 2.217058 -0.569834 -0.195438 -150.748865 192.212544 -419.184288
17.856123 3.960510 -2.773413 17.856123 3.960510 -2.773413 2.057667 -0.401388 -0.414501 -380.557066 369.273944 -311.024620
19.011130 3.793443 -3.069677 19.011130 3.793443 -3.069677 1.773868 -0.143341 -0.559013 -565.439270 490.884450 -170.683087
19.966359 3.798410 -3.425755 19.966359 3.798410 -3.425755 1.398042 0.164251 -0.611158 -687.313307 534.422472 -3.133456
20.678178 3.993229 -3.785945 20.678178 3.993229 -3.785945 0.969204 0.485266 -0.577690 -742.146918 535.628119 114.695596
21.126113 4.380802 -4.111913 21.126113 4.380802 -4.111913 0.523916 0.806643 -0.508872 -742.146918 535.628119 114.695596
