1.296187 -4.212184 5.871267 1.296187 -4.212184 5.871267 -0.754310 -0.621091 -0.180049 293.529637 133.880892 -277.226953
0.896436 -4.560740 5.713337 0.896436 -4.560740 5.713337 -0.578192 -0.540763 -0.346385 293.529637 133.880892 -277.226953
0.602787 -4.854521 5.465781 0.602787 -4.854521 5.465781 -0.399922 -0.427542 -0.461838 300.705172 243.522883 -107.614964
0.416477 -5.060909 5.184041 0.416477 -5.060909 5.184041 -0.221918 -0.249913 -0.452739 292.642419 348.573480 137.944804
0.331243 -5.145854 4.950657 0.331243 -5.145854 4.950657 -0.070127 -0.029469 -0.302827 213.326362 386.238221 361.763406
0.323278 -5.094857 4.843920 0.323278 -5.094857 4.843920 0.036432 0.198051 -0.036559 141.871248 372.161481 525.796590
0.365241 -4.913052 4.924311 0.365241 -4.913052 4.924311 0.094392 0.401277 0.317332 51.326897 305.260274 653.838175
0.427873 -4.623052 5.235876 0.427873 -4.623052 5.235876 0.108977 0.555865 0.727009 -2.708188 210.032724 711.752547
0.491476 -4.258188 5.799098 0.491476 -4.258188 5.799098 0.100870 0.649584 1.148568 -24.317680 102.363644 693.443214
0.546540 -3.857416 6.607115 0.546540 -3.857416 6.607115 0.080878 0.673981 1.534915 -42.320662 -21.040505 594.381421
0.590595 -3.462682 7.625575 0.590595 -3.462682 7.625575 0.071213 0.632023 1.844155 10.104989 -118.820036 436.419734
0.638593 -3.109128 8.798242 0.638593 -3.109128 8.798242 0.094532 0.539370 2.044098 67.623564 -190.021128 230.055746
0.710995 -2.820668 10.052181 0.710995 -2.820668 10.052181 0.152660 0.420567 2.112481 126.134982 -205.991061 -2.112623
0.829721 -2.604310 11.305469 0.829721 -2.604310 11.305469 0.250472 0.302454 2.042114 199.908068 -187.717020 -232.443789
1.019739 -2.452640 12.476182 1.019739 -2.452640 12.476182 0.389170 0.209755 1.839067 262.417690 -121.278805 -444.380536
1.302169 -2.343404 13.490465 1.302169 -2.343404 13.490465 0.555086 0.163053 1.526596 290.634020 -34.395871 -597.190009
1.685613 -2.245641 14.294191 1.685613 -2.245641 14.294191 0.719859 0.173026 1.144598 258.611764 67.639647 -676.136202
2.159703 -2.122965 14.857737 2.159703 -2.122965 14.857737 0.853146 0.247033 0.731376 185.676880 179.050558 -701.269765
2.699435 -1.937395 15.173747 2.699435 -1.937395 15.173747 0.936668 0.380071 0.327679 92.728943 264.407750 -644.387317
3.269520 -1.659525 15.260883 3.269520 -1.659525 15.260883 0.949270 0.549888 -0.026366 -50.720216 301.648711 -535.761921
3.821248 -1.276093 15.157409 3.821248 -1.276093 15.157409 0.875316 0.726889 -0.303905 -195.795448 288.356066 -389.369826
4.302030 -0.790577 14.916054 4.302030 -0.790577 14.916054 0.712015 0.887293 -0.482156 -348.541007 246.322278 -204.798367
4.659469 -0.220163 14.600334 4.659469 -0.220163 14.600334 0.467731 1.003588 -0.552848 -465.738417 141.327627 -30.843458
4.852317 0.400375 14.270965 4.852317 0.400375 14.270965 0.168499 1.053120 -0.531895 -531.700656 23.780381 100.689031
4.857711 1.036528 13.969952 4.857711 1.036528 13.969952 -0.150521 1.067388 -0.471481 -531.700656 23.780381 100.689031
