-4.785495 -3.045029 7.908929 -4.785495 -3.045029 7.908929 0.383437 0.556499 0.382729 619.493924 -547.832801 271.894188
-4.443923 -2.809739 8.187508 -4.443923 -2.809739 8.187508 0.755133 0.227799 0.545866 619.493924 -547.832801 271.894188
-3.879154 -2.770195 8.565766 -3.879154 -2.770195 8.565766 1.127729 -0.093526 0.717992 622.491900 -523.249625 301.858974
-3.092300 -2.916424 9.050845 -3.092300 -2.916424 9.050845 1.492067 -0.387119 0.898852 591.965802 -455.395092 301.010540
-2.097235 -3.223088 9.640041 -2.097235 -3.223088 9.640041 1.813602 -0.622463 1.057971 479.820826 -329.084330 229.384871
-0.930979 -3.646107 10.309434 -0.930979 -3.646107 10.309434 2.060129 -0.771447 1.162209 341.935078 -167.528604 118.074572
0.357242 -4.127100 11.019178 0.357242 -4.127100 11.019178 2.218264 -0.811810 1.188878 185.179923 32.983445 -29.178400
1.711471 -4.597107 11.717417 1.711471 -4.597107 11.717417 2.279063 -0.736312 1.122194 17.484087 218.679508 -193.100572
3.073022 -4.990589 12.344837 3.073022 -4.990589 12.344837 2.244388 -0.560391 0.950641 -133.068744 367.723220 -378.742162
4.390232 -5.254850 12.838366 4.390232 -5.254850 12.838366 2.137192 -0.310838 0.679989 -224.248286 464.119385 -523.432851
5.628601 -5.354412 13.145334 5.628601 -5.354412 13.145334 1.984738 -0.015368 0.331888 -283.933712 520.781141 -636.903850
6.767776 -5.271022 13.225749 6.767776 -5.271022 13.225749 1.811575 0.291450 -0.070625 -293.274565 501.945385 -704.805972
7.803096 -5.009719 13.057449 7.803096 -5.009719 13.057449 1.641433 0.573028 -0.488809 -273.867217 436.647747 -689.139667
8.742400 -4.594056 12.645692 8.742400 -4.594056 12.645692 1.495816 0.801267 -0.874427 -211.520873 324.147775 -596.253813
9.606861 -4.064273 12.023093 9.606861 -4.064273 12.023093 1.394129 0.949135 -1.185263 -127.437259 168.746094 -439.865517
10.424865 -3.473130 11.244368 10.424865 -3.473130 11.244368 1.339994 1.006821 -1.391140 -53.013963 23.540638 -246.392382
11.222112 -2.873673 10.378746 11.222112 -2.873673 10.378746 1.322150 0.976580 -1.471912 -6.463979 -124.344026 -22.847719
12.015924 -2.316499 9.505917 12.015924 -2.316499 9.505917 1.326697 0.870016 -1.413466 21.619393 -230.868122 217.666582
12.816257 -1.839310 8.710077 12.816257 -1.839310 8.710077 1.341786 0.715175 -1.217569 28.677062 -285.271160 435.324454
13.623832 -1.463119 8.067725 13.623832 -1.463119 8.067725 1.345700 0.536187 -0.907219 -15.629861 -311.352347 599.174601
14.424294 -1.194580 7.636109 14.424294 -1.194580 7.636109 1.315602 0.363723 -0.523391 -84.697870 -263.527905 680.253139
15.194361 -1.019226 7.446965 15.194361 -1.019226 7.446965 1.244542 0.228380 -0.103017 -152.166143 -187.615640 720.993850
15.909835 -0.910172 7.511625 15.909835 -0.910172 7.511625 1.133933 0.144795 0.313040 -216.530389 -91.001628 665.862937
16.547046 -0.832798 7.811829 16.547046 -0.832798 7.811829 0.983145 0.124582 0.675180 -286.097916 23.623111 541.269137
17.083557 -0.747486 8.303825 17.083557 -0.747486 8.303825 0.802094 0.170309 0.947239 -317.405511 128.800343 365.594765
17.509553 -0.618211 8.924898 17.509553 -0.618211 8.924898 0.621015 0.267115 1.101211 -286.192497 193.889146 147.644716
17.834599 -0.420897 9.599718 17.834599 -0.420897 9.599718 0.469058 0.394176 1.127384 -220.329266 229.646662 -60.400149
18.082487 -0.143233 10.253016 18.082487 -0.143233 10.253016 0.367425 0.531073 1.029843 -118.446387 226.676211 -264.735661
18.290084 0.213423 10.812862 18.290084 0.213423 10.812862 0.338669 0.653131 0.818963 22.591601 180.182622 -438.197792
18.507094 0.631810 11.219342 18.507094 0.631810 11.219342 0.400933 0.731618 0.525934 184.955133 81.443179 -538.565405
18.789766 1.079278 11.435973 18.789766 1.079278 11.435973 0.556009 0.749671 0.192856 331.966580 -21.268022 -571.695264
19.190336 1.518618 11.449324 19.190336 1.518618 11.449324 0.791239 0.703737 -0.147452 452.131189 -131.846843 -562.663899
19.752219 1.910789 11.263445 19.752219 1.910789 11.263445 1.091297 0.592936 -0.465693 548.063261 -237.486822 -498.140829
20.507445 2.220075 10.902566 20.507445 2.220075 10.902566 1.429119 0.431803 -0.723565 578.009924 -299.624712 -361.433459
21.465880 2.424451 10.412143 21.465880 2.424451 10.412143 1.760532 0.248163 -0.896555 526.699964 -312.508571 -215.198667
22.610667 2.518403 9.843839 22.610667 2.518403 9.843839 2.044863 0.067186 -0.983848 421.069145 -290.748692 -75.777534
23.903253 2.510675 9.246553 23.903253 2.510675 9.246553 2.246882 -0.085789 -0.996002 252.329830 -219.166443 35.262866
25.284214 2.427694 8.662317 25.284214 2.427694 8.662317 2.335345 -0.177575 -0.939752 42.544706 -86.788905 152.237343
26.679999 2.313550 8.129803 26.679999 2.313550 8.129803 2.295469 -0.189535 -0.828737 -175.465661 46.923472 217.812431
28.011823 2.217739 7.672217 28.011823 2.217739 7.672217 2.120826 -0.114060 -0.695804 -406.676585 204.658065 225.299883
29.200010 2.194545 7.293240 29.200010 2.194545 7.293240 1.821284 0.050753 -0.570868 -591.796384 344.721154 191.152362
30.178380 2.292902 6.982966 30.178380 2.292902 6.982966 1.426824 0.286861 -0.466975 -723.071525 442.305376 155.157148
30.899741 2.547887 6.726096 30.899741 2.547887 6.726096 0.970077 0.568509 -0.396948 -799.416584 496.521074 78.266813
31.338367 2.977500 6.498232 31.338367 2.977500 6.498232 0.492801 0.862093 -0.368906 -791.503452 482.090619 15.205266
31.498912 3.576425 6.277816 31.498912 3.576425 6.277816 0.054575 1.125809 -0.368830 -669.248912 396.963921 -14.950754
31.418237 4.317285 6.052293 31.418237 4.317285 6.052293 -0.311752 1.333597 -0.385470 -551.843225 295.663269 -40.515628
31.131854 5.170663 5.813718 31.131854 5.170663 5.813718 -0.642858 1.510995 -0.409779 -551.843225 295.663269 -40.515628
