7.905107 -2.060618 7.865895 7.905107 -2.060618 7.865895 1.183650 -0.228157 -0.311167 -29.087692 263.098274 -173.159091
8.610061 -2.150155 7.648026 8.610061 -2.150155 7.648026 1.166197 -0.070298 -0.415062 -29.087692 263.098274 -173.159091
9.299822 -2.144737 7.370004 9.299822 -2.144737 7.370004 1.125134 0.088757 -0.508036 -107.788025 267.085342 -136.753008
9.951298 -2.045449 7.045489 9.951298 -2.045449 7.045489 1.039448 0.238801 -0.565478 -177.832706 233.060552 -54.719862
10.539048 -1.865540 6.702543 10.539048 -1.865540 6.702543 0.913203 0.352023 -0.567357 -242.983452 144.347059 48.456110
11.041087 -1.636019 6.378770 11.041087 -1.636019 6.378770 0.756684 0.400255 -0.498687 -278.747996 16.425891 180.443702
11.444889 -1.401462 6.119149 11.444889 -1.401462 6.119149 0.589270 0.367348 -0.354865 -279.298258 -126.115209 298.963483
11.749197 -1.210762 5.965917 11.749197 -1.210762 5.965917 0.426787 0.256637 -0.146120 -262.312576 -242.920947 396.854442
11.963496 -1.106801 5.953330 11.963496 -1.106801 5.953330 0.296617 0.079406 0.110248 -171.588054 -347.847993 457.705287
12.117342 -1.126578 6.102736 12.117342 -1.126578 6.102736 0.227471 -0.153342 0.389224 -58.896979 -427.980310 472.215077
12.252891 -1.295307 6.417968 12.252891 -1.295307 6.417968 0.240475 -0.408567 0.656043 102.242953 -422.771001 417.179379
12.423982 -1.613379 6.880319 12.423982 -1.613379 6.880319 0.343832 -0.646396 0.874517 242.280488 -369.989907 311.069476
12.682448 -2.061752 7.450891 12.682448 -2.061752 7.450891 0.531979 -0.838072 1.010507 384.877201 -268.931841 142.228378
13.077343 -2.604239 8.071088 13.077343 -2.604239 8.071088 0.795056 -0.955613 1.037300 492.044828 -122.871482 -52.916569
13.645295 -3.188491 8.671495 13.645295 -3.188491 8.671495 1.102036 -0.973172 0.943310 531.221634 64.340468 -260.385825
14.401097 -3.750974 9.179698 14.401097 -3.750974 9.179698 1.415571 -0.885373 0.732509 513.897295 228.323991 -442.281934
15.342941 -4.241100 9.539592 15.342941 -4.241100 9.539592 1.723910 -0.748379 0.467140 513.897295 228.323991 -442.281934
