1.544988 -1.590889 5.252741 1.544988 -1.590889 5.252741 1.531464 -0.474109 -0.500057 -242.516011 115.249046 131.094019
2.420213 -1.854609 4.976304 2.420213 -1.854609 4.976304 1.385954 -0.404960 -0.421400 -242.516011 115.249046 131.094019
3.198190 -2.072204 4.743192 3.198190 -2.072204 4.743192 1.190729 -0.312627 -0.362089 -408.233426 192.528241 66.609652
3.828892 -2.218728 4.534768 3.828892 -2.218728 4.534768 0.894526 -0.165127 -0.337926 -579.111670 299.138002 13.934028
4.256956 -2.263029 4.330498 4.256956 -2.263029 4.330498 0.524998 0.019007 -0.349676 -652.648304 314.640389 -53.099339
4.453764 -2.196192 4.110360 4.453764 -2.196192 4.110360 0.129841 0.201783 -0.385409 -664.541780 294.612560 -66.013313
4.414805 -2.024693 3.865988 4.414805 -2.024693 3.865988 -0.255115 0.365547 -0.431235 -618.642263 251.268385 -86.738116
4.157723 -1.768042 3.594350 4.157723 -1.768042 3.594350 -0.589587 0.476780 -0.469700 -496.265193 119.507548 -41.479406
3.724522 -1.468748 3.309603 3.724522 -1.468748 3.309603 -0.837952 0.507061 -0.471891 -331.617543 -18.570815 34.175099
3.173137 -1.175365 3.037892 3.173137 -1.175365 3.037892 -0.981536 0.458364 -0.425024 -146.998291 -143.751266 122.050513
2.568686 -0.935210 2.809685 2.568686 -0.935210 2.809685 -1.015082 0.327170 -0.327603 35.180419 -293.563497 202.685690
1.976396 -0.798487 2.655150 1.976396 -0.798487 2.655150 -0.941842 0.117345 -0.178277 208.950551 -405.852272 295.066543
1.454157 -0.803700 2.604273 1.454157 -0.803700 2.604273 -0.790194 -0.138998 0.013650 296.545469 -448.624998 344.690343
1.033419 -0.967852 2.674507 1.033419 -0.967852 2.674507 -0.612266 -0.408173 0.220464 296.545469 -448.624998 344.690343
