4.891854 2.628832 -7.478013 4.891854 2.628832 -7.478013 1.251715 0.504622 -0.138760 244.535852 183.928603 124.906051
5.686899 2.964713 -7.538786 5.686899 2.964713 -7.538786 1.398437 0.614980 -0.063817 244.535852 183.928603 124.906051
6.572598 3.364272 -7.549975 6.572598 3.364272 -7.549975 1.558258 0.712656 0.034219 288.199996 141.660580 201.880927
7.559976 3.812146 -7.488509 7.559976 3.812146 -7.488509 1.733918 0.771558 0.178327 297.334538 54.678253 278.478437
8.651652 4.276805 -7.329383 8.651652 4.276805 -7.329383 1.901340 0.763777 0.355429 260.739894 -80.614247 311.861462
9.834592 4.714020 -7.058525 9.834592 4.714020 -7.058525 2.033798 0.682706 0.549874 180.784535 -189.624607 336.287019
11.079273 5.083647 -6.670633 11.079273 5.083647 -6.670633 2.101574 0.539611 0.738826 45.137612 -287.357126 293.555131
12.338313 5.350737 -6.179638 12.338313 5.350737 -6.179638 2.078515 0.342434 0.889256 -122.002462 -369.900183 207.877493
13.554057 5.488970 -5.615757 13.554057 5.488970 -5.615757 1.958287 0.117266 0.978530 -278.756113 -380.659656 89.701223
14.667974 5.493254 -5.021750 14.667974 5.493254 -5.021750 1.736639 -0.098913 0.986068 -460.069844 -339.936777 -64.573610
15.619303 5.376975 -4.451389 15.619303 5.376975 -4.451389 1.421386 -0.281589 0.899040 -590.775856 -268.982962 -225.519244
16.361392 5.166942 -3.962023 16.361392 5.166942 -3.962023 1.044906 -0.406289 0.716405 -664.155043 -146.683477 -383.264569
16.866859 4.906258 -3.608158 16.866859 4.906258 -3.608158 0.636771 -0.446838 0.451497 -696.296514 11.519276 -499.762573
17.127202 4.650175 -3.431903 17.127202 4.650175 -3.431903 0.237062 -0.390193 0.128206 -636.065737 177.298188 -577.872673
17.161875 4.456233 -3.458404 17.161875 4.456233 -3.458404 -0.109943 -0.242514 -0.215554 -520.617104 314.966336 -567.995242
17.012539 4.374437 -3.686093 17.012539 4.374437 -3.686093 -0.370609 -0.018446 -0.536939 -348.269543 431.926857 -503.287192
16.740654 4.445022 -4.092256 16.740654 4.445022 -4.092256 -0.513726 0.260237 -0.805950 -128.789651 497.015244 -393.415204
16.423361 4.690566 -4.635419 16.423361 4.690566 -4.635419 -0.520375 0.558144 -0.985890 106.626700 496.006412 -206.386682
16.143301 5.111426 -5.250190 16.143301 5.111426 -5.250190 -0.391540 0.839213 -1.040159 322.825256 440.890314 25.489234
15.977176 5.686763 -5.856519 15.977176 5.686763 -5.856519 -0.144394 1.065990 -0.958977 500.993265 315.033713 245.119515
15.989347 6.372630 -6.375330 15.989347 6.372630 -6.375330 0.199349 1.202844 -0.749637 644.817441 141.146513 452.678223
16.229010 7.108768 -6.732537 16.229010 7.108768 -6.732537 0.606170 1.232659 -0.422560 711.250904 -41.763920 637.579800
16.718469 7.829445 -6.864411 16.718469 7.829445 -6.864411 1.021581 1.150598 -0.005525 673.453084 -231.771449 752.537280
17.446809 8.468491 -6.729953 17.446809 8.468491 -6.729953 1.396502 0.963566 0.457579 576.283418 -391.668599 791.143283
18.380223 8.968671 -6.314869 18.380223 8.968671 -6.314869 1.701183 0.691267 0.922916 439.322133 -515.993141 759.980294
19.467106 9.285998 -5.630941 19.467106 9.285998 -5.630941 1.900247 0.358899 1.345816 224.222664 -591.900957 649.686300
20.633888 9.394662 -4.716133 20.633888 9.394662 -4.716133 1.966152 0.003093 1.687499 -4.537958 -594.118505 489.255783
21.799868 9.293710 -3.629395 21.799868 9.293710 -3.629395 1.898957 -0.332712 1.911918 -219.446044 -525.233102 258.806621
22.889080 9.007533 -2.448960 22.889080 9.007533 -2.448960 1.713980 -0.607895 2.000697 -397.142930 -392.042147 37.123626
23.837742 8.581321 -1.254916 23.837742 8.581321 -1.254916 1.434490 -0.797655 1.957689 -534.493085 -240.493738 -180.482638
24.597192 8.070491 -0.123715 24.597192 8.070491 -0.123715 1.088619 -0.886690 1.794774 -618.409797 -56.288725 -362.569176
25.138747 7.539299 0.880218 25.138747 7.539299 0.880218 0.716062 -0.865694 1.538887 -623.447097 126.277124 -490.384937
25.459518 7.051588 1.710626 25.459518 7.051588 1.710626 0.358765 -0.745052 1.221381 -567.541598 275.860917 -567.968159
25.572620 6.654212 2.341221 25.572620 6.654212 2.341221 0.018240 -0.579536 0.880600 -567.541598 275.860917 -567.968159
