2.211164 -2.420566 -3.589618 2.211164 -2.420566 -3.589618 0.291931 -0.056144 0.681773 -76.920476 490.387083 35.736648
2.372477 -2.365983 -3.174122 2.372477 -2.365983 -3.174122 0.245779 0.238088 0.703215 -76.920476 490.387083 35.736648
2.506168 -2.139671 -2.753456 2.506168 -2.139671 -2.753456 0.199977 0.508266 0.686177 -75.752401 410.206408 -92.529667
2.615753 -1.768689 -2.365650 2.615753 -1.768689 -2.365650 0.170696 0.715316 0.594434 -21.851547 279.959601 -213.281550
2.717129 -1.299917 -2.052024 2.717129 -1.299917 -2.052024 0.172046 0.829241 0.443248 26.352990 99.792070 -290.672605
2.829537 -0.796342 -1.839817 2.829537 -0.796342 -1.839817 0.210041 0.829456 0.261743 100.297504 -99.075777 -314.342617
2.976579 -0.327356 -1.738281 2.976579 -0.327356 -1.738281 0.285038 0.715738 0.078496 149.690561 -279.985908 -296.482263
3.176952 0.043681 -1.741406 3.176952 0.043681 -1.741406 0.386884 0.507704 -0.083668 189.798402 -413.459608 -244.062529
3.443067 0.267818 -1.829810 3.443067 0.267818 -1.829810 0.499868 0.229318 -0.201468 186.815741 -514.493375 -148.604496
3.772827 0.309332 -1.972126 3.772827 0.309332 -1.972126 0.593017 -0.096720 -0.264062 123.680027 -572.301958 -60.043473
4.146854 0.150580 -2.137567 4.146854 0.150580 -2.137567 0.646997 -0.428629 -0.281069 56.251311 -534.059879 3.356027
4.537719 -0.197359 -2.302579 4.537719 -0.197359 -2.302579 0.643457 -0.722218 -0.263927 -68.051363 -444.570363 53.783265
4.904130 -0.701519 -2.449237 4.904130 -0.701519 -2.449237 0.565554 -0.942997 -0.221570 -191.622860 -291.359737 87.405845
5.200449 -1.309596 -2.567220 5.200449 -1.309596 -2.567220 0.407977 -1.066978 -0.172997 -333.635745 -121.911313 74.506119
5.379243 -1.960674 -2.660837 5.379243 -1.960674 -2.660837 0.178108 -1.084864 -0.144444 -432.594800 62.293317 20.667544
5.403877 -2.589948 -2.747447 5.403877 -2.589948 -2.747447 -0.103271 -0.995331 -0.150362 -505.332838 236.148302 -40.394008
5.250397 -3.135622 -2.848360 5.250397 -3.135622 -2.848360 -0.409259 -0.808548 -0.191722 -514.627876 386.461019 -97.471575
4.914653 -3.546224 -2.985080 4.914653 -3.546224 -2.985080 -0.705812 -0.551855 -0.270915 -473.881394 469.184047 -166.505617
4.412026 -3.790727 -3.179825 4.412026 -3.790727 -3.179825 -0.959349 -0.259560 -0.381941 -371.242267 505.131620 -203.581227
3.780417 -3.857606 -3.444375 3.780417 -3.857606 -3.444375 -1.127974 0.033187 -0.497793 -190.840453 470.691541 -182.589788
3.081069 -3.756962 -3.773873 3.081069 -3.756962 -3.773873 -1.183539 0.295637 -0.597127 5.624033 404.143314 -148.525763
2.384203 -3.514861 -4.153568 2.384203 -3.514861 -4.153568 -1.118942 0.497988 -0.659666 209.696441 270.358146 -59.936252
1.763347 -3.176335 -4.552403 1.763347 -3.176335 -4.552403 -0.929306 0.615552 -0.656862 422.424112 121.521928 69.281098
1.292907 -2.793977 -4.924891 1.292907 -2.793977 -4.924891 -0.620311 0.644227 -0.569496 607.561382 -25.938151 221.941772
1.037190 -2.418855 -5.217482 1.037190 -2.418855 -5.217482 -0.220234 0.594939 -0.390549 726.028351 -138.353116 374.546743
1.038298 -2.092591 -5.377844 1.038298 -2.092591 -5.377844 0.228197 0.482948 -0.133075 768.741694 -234.950573 483.700229
1.313590 -1.845113 -5.370623 1.313590 -1.845113 -5.370623 0.689442 0.341978 0.157145 768.741694 -234.950573 483.700229
