10.449386 -5.093131 -7.543028 10.449386 -5.093131 -7.543028 -0.460683 0.956223 -0.645018 -323.591285 95.143314 -44.315864
10.114730 -4.502272 -7.938016 10.114730 -4.502272 -7.938016 -0.654838 1.013309 -0.671608 -323.591285 95.143314 -44.315864
9.672136 -3.885494 -8.339045 9.672136 -3.885494 -8.339045 -0.806218 1.028727 -0.648637 -181.010331 -43.748854 120.884493
9.168670 -3.286910 -8.692635 9.168670 -3.286910 -8.692635 -0.850590 0.948587 -0.506942 33.105011 -223.384481 351.432769
8.673182 -2.766702 -8.921081 8.673182 -2.766702 -8.921081 -0.786188 0.770884 -0.233777 181.567203 -368.960224 559.116442
8.240221 -2.376294 -8.953190 8.240221 -2.376294 -8.953190 -0.646901 0.520960 0.139274 282.723575 -464.120851 684.387563
7.907199 -2.149954 -8.742053 7.907199 -2.149954 -8.742053 -0.456124 0.229015 0.571822 353.198038 -509.027900 757.440255
7.697225 -2.103636 -8.261702 7.697225 -2.103636 -8.261702 -0.243580 -0.073730 1.030876 355.283949 -500.123103 772.737563
7.611940 -2.232727 -7.508421 7.611940 -2.232727 -7.508421 -0.045851 -0.347959 1.472832 303.812193 -413.972294 700.451122
7.634866 -2.508238 -6.507665 7.634866 -2.508238 -6.507665 0.115188 -0.557447 1.847979 232.985873 -284.321563 550.038964
7.740971 -2.883652 -5.312424 7.740971 -2.883652 -5.312424 0.230249 -0.676878 2.115235 150.548920 -113.781964 340.814056
7.900793 -3.298104 -3.994781 7.900793 -3.298104 -3.994781 0.293447 -0.684371 2.255502 60.112888 88.806183 126.739892
8.083300 -3.681821 -2.632890 8.083300 -3.681821 -2.632890 0.307608 -0.576483 2.260431 -12.909820 270.817975 -110.308246
8.261670 -3.969782 -1.310373 8.261670 -3.969782 -1.310373 0.280504 -0.368082 2.124814 -77.438597 423.852862 -341.748613
8.415314 -4.107911 -0.106644 8.415314 -4.107911 -0.106644 0.230443 -0.081638 1.871542 -89.429887 530.961150 -502.492318
8.539689 -4.058312 0.919404 8.539689 -4.058312 0.919404 0.187821 0.251980 1.537907 -52.643140 581.099259 -609.624279
8.645238 -3.802902 1.729292 8.645238 -3.802902 1.729292 0.167892 0.598764 1.156514 -13.789176 574.847811 -661.685440
8.747441 -3.345466 2.305742 8.747441 -3.345466 2.305742 0.179368 0.917197 0.767725 52.043729 486.595479 -634.278188
8.867903 -2.716097 2.659013 8.867903 -2.716097 2.659013 0.227964 1.166469 0.421191 109.942437 344.310685 -520.833253
9.027510 -1.965325 2.827613 9.027510 -1.965325 2.827613 0.309122 1.317628 0.156867 160.585735 159.553169 -360.246164
9.243878 -1.155127 2.864813 9.243878 -1.155127 2.864813 0.415420 1.367869 -0.019661 193.739409 7.917411 -228.183044
9.528003 -0.332980 2.811943 9.528003 -0.332980 2.811943 0.531664 1.372620 -0.156571 193.739409 7.917411 -228.183044
