10.531319 -0.294113 -7.964539 10.531319 -0.294113 -7.964539 -0.687378 0.819090 2.092702 -438.870560 -201.683954 192.975543
10.039896 0.161038 -6.674182 10.039896 0.161038 -6.674182 -0.950700 0.698080 2.208487 -438.870560 -201.683954 192.975543
9.401086 0.541918 -5.325974 9.401086 0.541918 -5.325974 -1.160990 0.568746 2.266173 -262.097741 -229.429684 -0.690748
8.672838 0.843574 -3.981151 8.672838 0.843574 -3.981151 -1.240631 0.439616 2.191975 -3.369024 -201.004620 -246.635531
7.941862 1.074225 -2.722508 7.941862 1.074225 -2.722508 -1.172605 0.334327 1.983256 230.120213 -149.956522 -449.094739
7.292037 1.253263 -1.622150 7.292037 1.253263 -1.622150 -0.972950 0.271519 1.670009 435.397930 -59.404303 -595.060663
6.796384 1.412292 -0.731716 6.796384 1.412292 -0.731716 -0.662990 0.269929 1.290668 597.802464 54.103389 -669.410419
6.511764 1.590317 -0.077762 6.511764 1.590317 -0.077762 -0.276460 0.334036 0.889260 690.630807 159.587501 -668.614882
6.470985 1.824015 0.339955 6.470985 1.824015 0.339955 0.141837 0.452544 0.510646 703.690455 235.439008 -593.432861
6.679251 2.139622 0.547256 6.679251 2.139622 0.547256 0.546546 0.602313 0.193244 645.341249 263.789685 -464.573525
7.116348 2.548540 0.589767 7.116348 2.548540 0.589767 0.898792 0.760831 -0.034560 528.809493 264.606176 -294.773289
7.739624 3.049767 0.527203 7.739624 3.049767 0.527203 1.160155 0.905087 -0.155269 342.403044 216.245256 -107.588447
8.483852 3.625241 0.426856 8.483852 3.625241 0.426856 1.298106 1.002322 -0.158919 117.432871 107.873195 95.418889
9.273894 4.238541 0.356557 9.273894 4.238541 0.356557 1.318768 1.029493 -0.062282 -48.559891 -17.303006 226.704996
10.056414 4.853122 0.359995 10.056414 4.853122 0.359995 1.289632 1.019112 0.073741 -48.559891 -17.303006 226.704996
