-5.976704 -2.281753 8.619382 -5.976704 -2.281753 8.619382 0.634862 -0.142733 -0.679900 -418.309900 -374.729796 258.711511
-5.671082 -2.434844 8.258010 -5.671082 -2.434844 8.258010 0.383876 -0.367571 -0.524673 -418.309900 -374.729796 258.711511
-5.507883 -2.716871 7.991626 -5.507883 -2.716871 7.991626 0.173738 -0.562574 -0.360188 -282.149438 -275.280334 289.571540
-5.443020 -3.094557 7.826184 -5.443020 -3.094557 7.826184 0.061487 -0.680698 -0.193705 -92.021350 -118.466308 265.370619
-5.412321 -3.514654 7.754204 -5.412321 -3.514654 7.754204 0.058125 -0.703550 -0.052105 80.816217 42.292105 206.631000
-5.353044 -3.920842 7.754866 -5.353044 -3.920842 7.754866 0.155889 -0.636529 0.045534 245.063976 181.110354 118.831795
-5.209107 -4.264031 7.799001 -5.209107 -4.264031 7.799001 0.334392 -0.497220 0.093955 349.944208 283.254324 42.570334
-4.942324 -4.507940 7.858995 -4.942324 -4.507940 7.858995 0.560145 -0.310078 0.099287 402.568023 340.553224 -24.794647
-4.532937 -4.632520 7.911531 -4.532937 -4.632520 7.911531 0.805877 -0.104914 0.071544 416.536529 343.326384 -67.683780
-3.976772 -4.636059 7.941495 -3.976772 -4.636059 7.941495 1.044111 0.089136 0.027041 377.577113 303.507098 -80.660433
-3.287175 -4.532731 7.943693 -3.287175 -4.532731 7.943693 1.246490 0.247317 -0.018898 297.020469 223.760957 -72.468384
-2.491439 -4.350092 7.923010 -2.491439 -4.350092 7.923010 1.396594 0.351429 -0.043879 203.324988 123.280908 -10.800185
-1.621923 -4.123856 7.899304 -1.621923 -4.123856 7.899304 1.493396 0.391339 -0.027531 119.349842 9.752634 65.292484
-0.709449 -3.894046 7.898563 -0.709449 -3.894046 7.898563 1.539771 0.363446 0.031770 35.234333 -102.730514 132.376457
0.217049 -3.698352 7.944171 0.217049 -3.698352 7.944171 1.542375 0.282395 0.124785 -26.555734 -167.438304 177.675697
1.136362 -3.560336 8.053137 1.136362 -3.560336 8.053137 1.519782 0.175524 0.241958 -48.754805 -188.799969 212.899186
2.040103 -3.488785 8.237144 2.040103 -3.488785 8.237144 1.493767 0.063345 0.372246 -37.961904 -185.129807 221.395864
2.932574 -3.480893 8.496997 2.932574 -3.480893 8.496997 1.486213 -0.031689 0.488353 12.781271 -131.649961 165.627106
3.830405 -3.518266 8.813551 3.830405 -3.518266 8.813551 1.512895 -0.083994 0.556379 76.160857 -42.700675 61.124915
4.755159 -3.569426 9.150689 4.755159 -3.569426 9.150689 1.575129 -0.074998 0.554592 131.283455 72.689174 -67.082289
5.726624 -3.595579 9.463683 5.726624 -3.595579 9.463683 1.667683 -0.002579 0.475913 177.232096 168.707243 -195.180630
6.760636 -3.560359 9.704299 6.760636 -3.560359 9.704299 1.781527 0.130646 0.309810 202.248212 275.375686 -358.495705
7.865419 -3.428476 9.818511 7.865419 -3.428476 9.818511 1.900185 0.315510 0.058988 193.278040 340.837295 -477.575948
9.036979 -3.178079 9.762230 9.036979 -3.178079 9.762230 1.999448 0.518713 -0.256112 137.597194 336.506849 -572.758476
10.255246 -2.807520 9.504152 10.255246 -2.807520 9.504152 2.051158 0.714415 -0.606339 34.771702 315.832890 -594.664298
11.484774 -2.327421 9.034927 11.484774 -2.327421 9.034927 2.034894 0.876914 -0.955046 -88.985913 225.831420 -567.693444
12.681605 -1.768129 8.365775 12.681605 -1.768129 8.365775 1.941060 0.974882 -1.265363 -223.793367 100.726071 -466.696323
13.798045 -1.173771 7.531824 13.798045 -1.173771 7.531824 1.767218 0.991809 -1.499018 -355.679663 -44.300608 -312.153003
14.787733 -0.595372 6.588817 14.787733 -0.595372 6.588817 1.520708 0.921668 -1.623354 -466.021872 -189.503924 -102.302167
15.612113 -0.085479 5.609617 15.612113 -0.085479 5.609617 1.220288 0.762980 -1.618600 -535.376838 -339.456105 118.150040
16.247224 0.305583 4.673060 16.247224 0.305583 4.673060 0.895592 0.531186 -1.481033 -546.943686 -433.191314 340.407253
16.689494 0.543761 3.856839 16.689494 0.543761 3.856839 0.584247 0.258475 -1.221159 -490.875135 -475.843951 525.837496
16.959010 0.614570 3.227769 16.959010 0.614570 3.227769 0.326350 -0.020150 -0.860784 -368.781264 -452.908332 675.414022
17.096037 0.525134 2.837154 17.096037 0.525134 2.837154 0.143074 -0.271006 -0.434132 -242.139115 -383.276506 746.759300
17.138297 0.293541 2.711092 17.138297 0.293541 2.711092 -0.002210 -0.500972 0.013924 -242.139115 -383.276506 746.759300
