-9.569129 1.696898 4.379213 -9.569129 1.696898 4.379213 1.196480 -0.336038 1.155285 200.469380 232.701191 53.937016
-8.815156 1.537161 5.082093 -8.815156 1.537161 5.082093 1.316761 -0.196418 1.187647 200.469380 232.701191 53.937016
-7.998406 1.463504 5.792485 -7.998406 1.463504 5.792485 1.390086 -0.045260 1.160488 43.946228 271.159333 -144.467001
-7.166557 1.484322 6.448972 -7.166557 1.484322 6.448972 1.365892 0.113263 1.004799 -124.593956 257.248022 -374.496126
-6.377126 1.595646 6.972468 -6.377126 1.595646 6.972468 1.252751 0.252918 0.720230 -252.541438 208.269717 -574.067723
-5.675510 1.779079 7.293393 -5.675510 1.779079 7.293393 1.078340 0.348853 0.336387 -328.828833 111.512621 -705.406583
-5.089090 2.000590 7.364853 -5.089090 2.000590 7.364853 0.874068 0.376392 -0.103850 -352.077983 -19.713941 -762.050988
-4.626096 2.214744 7.166493 -4.626096 2.214744 7.166493 0.672458 0.323903 -0.555490 -319.955964 -155.248863 -743.415480
-4.276154 2.373388 6.704629 -4.276154 2.373388 6.704629 0.500780 0.191986 -0.975313 -252.301396 -284.476473 -655.994127
-4.015705 2.430498 6.011108 -4.015705 2.430498 6.011108 0.376377 -0.013080 -1.320184 -162.378090 -399.077677 -493.577704
-3.812648 2.348017 5.142363 -3.812648 2.348017 5.142363 0.311245 -0.266521 -1.555279 -54.727871 -445.722946 -290.072113
-3.631176 2.107775 4.170123 -3.631176 2.107775 4.170123 0.301286 -0.534452 -1.663624 21.533124 -447.381699 -71.076907
-3.442295 1.710284 3.173355 -3.442295 1.710284 3.173355 0.335374 -0.784337 -1.635265 92.093273 -385.568472 165.605544
-3.222803 1.175872 2.233780 -3.222803 1.175872 2.233780 0.399085 -0.987712 -1.477029 120.275903 -292.348566 361.850172
-2.961960 0.540326 1.421488 -2.961960 0.540326 1.421488 0.469961 -1.114600 -1.215959 115.975805 -130.610858 508.382434
-2.662030 -0.139458 0.789120 -2.662030 -0.139458 0.789120 0.524936 -1.130539 -0.882436 67.275111 77.480147 603.359775
-2.337694 -0.794450 0.369288 -2.337694 -0.794450 0.369288 0.551627 -1.037125 -0.515293 21.694917 233.901406 620.452166
-2.002813 -1.374623 0.171794 -2.002813 -1.374623 0.171794 0.564644 -0.896784 -0.143021 21.694917 233.901406 620.452166
