12.336579 -5.545717 -8.132536 12.336579 -5.545717 -8.132536 1.664475 -0.806472 -0.010136 -760.277437 452.217727 -201.113393
13.198414 -5.948201 -8.174818 13.198414 -5.948201 -8.174818 1.208308 -0.535141 -0.130804 -760.277437 452.217727 -201.113393
13.786257 -6.184475 -8.288777 13.786257 -6.184475 -8.288777 0.750680 -0.246754 -0.247854 -765.149261 509.074610 -189.052913
14.100317 -6.240110 -8.467138 14.100317 -6.240110 -8.467138 0.298485 0.062609 -0.339381 -742.166863 522.133810 -116.037000
14.153211 -6.112263 -8.685306 14.153211 -6.112263 -8.685306 -0.109851 0.357377 -0.377268 -618.953407 460.427134 -10.254321
13.986022 -5.821323 -8.905389 13.986022 -5.821323 -8.905389 -0.430555 0.601816 -0.342803 -450.061891 354.368696 125.137152
13.659803 -5.404854 -9.078973 13.659803 -5.404854 -9.078973 -0.634965 0.772405 -0.219858 -231.301896 214.262238 284.681586
13.251611 -4.911781 -9.150722 13.251611 -4.911781 -9.150722 -0.701640 0.856275 -0.004434 9.049719 65.304151 433.398574
12.845860 -4.394751 -9.068840 12.845860 -4.394751 -9.068840 -0.628189 0.853011 0.288257 235.786300 -76.184712 542.237881
12.523222 -3.904175 -8.793507 12.523222 -3.904175 -8.793507 -0.427547 0.769710 0.637482 433.021383 -201.484688 621.845111
12.352390 -3.483565 -8.297763 12.352390 -3.483565 -8.297763 -0.128976 0.624075 1.017199 562.214820 -283.965208 643.876059
12.380434 -3.161750 -7.575517 12.380434 -3.161750 -7.575517 0.229511 0.446116 1.383671 632.743106 -309.231254 577.697085
12.632078 -2.948333 -6.648754 12.632078 -2.948333 -6.648754 0.609371 0.267620 1.693164 633.455264 -285.756503 453.947275
13.107311 -2.834323 -5.560686 13.107311 -2.834323 -5.560686 0.967392 0.120539 1.917832 559.947829 -204.514759 294.946637
13.780174 -2.793418 -4.369467 13.780174 -2.793418 -4.369467 1.261544 0.024800 2.031947 420.560902 -114.612502 85.437127
14.602218 -2.792781 -3.149528 14.602218 -2.792781 -3.149528 1.460964 -0.012031 2.010169 244.173159 -8.157100 -158.032603
15.512311 -2.795152 -1.983996 15.512311 -2.795152 -1.983996 1.555282 0.014651 1.854732 70.218543 97.096601 -360.089675
16.446825 -2.763785 -0.946428 16.446825 -2.763785 -0.946428 1.540942 0.098407 1.586402 -118.017761 182.089257 -534.341552
17.341581 -2.668007 -0.099054 17.341581 -2.668007 -0.099054 1.427300 0.227446 1.224369 -260.790713 248.041448 -672.435857
18.143378 -2.487013 0.511623 18.143378 -2.487013 0.511623 1.232626 0.375667 0.806374 -388.121969 246.027250 -720.880091
18.809372 -2.220743 0.867864 18.809372 -2.220743 0.867864 0.981151 0.506205 0.384723 -450.126674 189.098178 -684.626333
19.317928 -1.887006 0.981164 19.317928 -1.887006 0.981164 0.715517 0.599549 0.002443 -435.319267 122.049530 -589.637863
19.671225 -1.510853 0.886016 19.671225 -1.510853 0.886016 0.466044 0.645054 -0.303737 -396.259119 29.633123 -430.963493
19.883967 -1.125996 0.639069 19.883967 -1.125996 0.639069 0.250503 0.625284 -0.497971 -322.209624 -95.530932 -216.482606
19.981958 -0.774120 0.315371 19.981958 -0.774120 0.315371 0.085611 0.537475 -0.557603 -227.430528 -197.167229 17.708347
19.999119 -0.491226 -0.003189 19.999119 -0.491226 -0.003189 -0.017191 0.398668 -0.482905 -115.243527 -265.522320 231.285684
19.972096 -0.302657 -0.239125 19.972096 -0.302657 -0.239125 -0.066159 0.225164 -0.283258 -47.984335 -312.824495 434.205420
19.927617 -0.222105 -0.322995 19.927617 -0.222105 -0.322995 -0.075681 0.046282 0.016904 16.245637 -283.449755 566.334618
19.887489 -0.241811 -0.206121 19.887489 -0.241811 -0.206121 -0.054153 -0.106061 0.380659 55.512719 -224.357604 646.182361
19.863759 -0.339595 0.139032 19.863759 -0.339595 0.139032 -0.026994 -0.209492 0.770591 35.017996 -120.412864 653.590880
19.850929 -0.478342 0.715067 19.850929 -0.478342 0.715067 -0.020667 -0.238625 1.142914 -13.928702 23.301780 587.485155
19.833597 -0.608021 1.499816 19.833597 -0.608021 1.499816 -0.041148 -0.178134 1.461674 -54.341587 178.336164 475.047698
19.794883 -0.674419 2.452591 19.794883 -0.674419 2.452591 -0.094972 -0.029227 1.698010 -125.070993 318.020638 312.737678
19.712287 -0.628212 3.519021 19.712287 -0.628212 3.519021 -0.185514 0.194083 1.842311 -176.736319 426.346285 168.267560
19.569165 -0.435019 4.654696 19.569165 -0.435019 4.654696 -0.291556 0.449891 1.943272 -176.736319 426.346285 168.267560
