-2.565417 -3.868923 1.416757 -2.565417 -3.868923 1.416757 -0.498640 -0.611139 2.120473 503.058302 -136.428040 -601.124034
-2.774050 -4.260163 2.580839 -2.774050 -4.260163 2.580839 -0.196805 -0.692996 1.759799 503.058302 -136.428040 -601.124034
-2.804447 -4.691495 3.526151 -2.804447 -4.691495 3.526151 0.090711 -0.729736 1.387298 455.330775 13.960721 -640.545006
-2.674628 -5.114436 4.242825 -2.674628 -5.114436 4.242825 0.331069 -0.659423 1.000941 345.860099 220.416900 -647.313754
-2.421078 -5.459908 4.730778 -2.421078 -5.459908 4.730778 0.501855 -0.474638 0.632076 223.426583 395.531656 -582.234061
-2.086889 -5.666620 5.013063 -2.086889 -5.666620 5.013063 0.600208 -0.202943 0.321941 104.416529 510.120495 -451.551108
-1.714490 -5.692149 5.135199 -1.714490 -5.692149 5.135199 0.630256 0.125200 0.102266 -4.255851 583.689677 -280.699629
-1.342364 -5.511063 5.156021 -1.342364 -5.511063 5.156021 0.601398 0.479926 -0.016210 -91.935903 598.727283 -114.217685
-1.000562 -5.119796 5.135638 -1.000562 -5.119796 5.135638 0.533792 0.816864 -0.035234 -133.417970 524.400582 50.803783
-0.704475 -4.542733 5.132396 -0.704475 -4.542733 5.132396 0.452878 1.094268 0.039017 -136.295216 400.279423 196.698949
-0.455083 -3.822996 5.196545 -0.455083 -3.822996 5.196545 0.382091 1.290066 0.183701 -99.661550 252.379827 285.581748
-0.240958 -3.014614 5.361027 -0.240958 -3.014614 5.361027 0.336341 1.386066 0.369333 -52.837314 67.621174 333.191179
-0.044705 -2.183115 5.642006 -0.044705 -2.183115 5.642006 0.324433 1.365074 0.566270 13.143371 -137.594814 323.264133
0.155556 -1.398180 6.037051 0.155556 -1.398180 6.037051 0.348495 1.235804 0.745708 67.061580 -293.304879 274.863527
0.379086 -0.716525 6.529965 0.379086 -0.716525 6.529965 0.400539 1.024660 0.890694 106.420769 -410.509657 208.424318
0.639422 -0.179837 7.096164 0.639422 -0.179837 7.096164 0.468675 0.757277 0.987078 120.699140 -480.766116 112.855075
0.940717 0.188548 7.703380 0.940717 0.188548 7.703380 0.532916 0.471601 1.028069 93.435527 -471.486592 23.781676
1.273094 0.389306 8.320506 1.273094 0.389306 8.320506 0.568022 0.202032 1.022357 23.586518 -427.076374 -42.821765
1.613198 0.439779 8.923957 1.613198 0.439779 8.923957 0.557397 -0.023576 0.985385 -59.005014 -324.952041 -80.418949
1.930968 0.376294 9.500334 1.930968 0.376294 9.500334 0.491759 -0.172788 0.935241 -159.787364 -172.419304 -86.726832
2.191078 0.250567 10.047628 2.191078 0.250567 10.047628 0.364966 -0.231333 0.892007 -262.855549 -22.730446 -57.386185
2.358233 0.116401 10.576043 2.358233 0.116401 10.576043 0.184703 -0.201346 0.875276 -338.022532 122.685320 1.615936
2.406407 0.024204 11.105432 2.406407 0.024204 11.105432 -0.027133 -0.095098 0.895908 -368.095788 231.475521 67.155240
2.324423 0.012926 11.658782 2.324423 0.012926 11.658782 -0.245225 0.064361 0.954786 -358.879876 300.054709 129.105464
2.116294 0.107896 12.257118 2.116294 0.107896 12.257118 -0.442532 0.256111 1.043378 -298.809102 339.110745 166.202031
1.804361 0.321263 12.914206 1.804361 0.321263 12.914206 -0.584954 0.452881 1.148822 -175.932570 316.790722 185.278571
1.431300 0.645163 13.635003 1.431300 0.645163 13.635003 -0.642616 0.618701 1.250759 -16.273797 235.941674 154.512297
1.053709 1.053410 14.408992 1.053709 1.053410 14.408992 -0.597840 0.733052 1.322074 165.529880 145.230107 83.203068
0.736456 1.512555 15.210666 0.736456 1.512555 15.210666 -0.440248 0.786051 1.339257 359.776461 31.430301 -25.928185
0.547396 1.982937 16.001486 0.547396 1.982937 16.001486 -0.172735 0.770377 1.283368 531.933209 -83.674550 -160.365613
0.547786 2.424966 16.733847 0.547786 2.424966 16.733847 0.187836 0.694497 1.143174 669.970123 -169.261292 -306.947819
0.785328 2.808564 17.356716 0.785328 2.808564 17.356716 0.611046 0.579772 0.920081 740.730697 -213.154800 -436.695617
1.284592 3.117953 17.823954 1.284592 3.117953 17.823954 1.052008 0.451351 0.627038 729.140486 -214.913972 -540.115662
2.042631 3.351914 18.099006 2.042631 3.351914 18.099006 1.467439 0.331578 0.283218 655.628932 -184.329203 -605.950052
3.033123 3.522518 18.159822 3.033123 3.522518 18.159822 1.820894 0.245161 -0.080569 522.554284 -103.728651 -606.675828
4.208027 3.656922 18.006451 4.208027 3.656922 18.006451 2.075964 0.212817 -0.423713 327.680415 -4.084962 -537.137370
5.498322 3.790349 17.663278 5.498322 3.790349 17.663278 2.201246 0.242727 -0.707301 89.924727 103.784457 -408.153006
6.821383 3.961426 17.176416 6.821383 3.961426 17.176416 2.185835 0.338798 -0.897260 -141.291895 216.455086 -225.044762
8.094298 4.207841 16.610100 8.094298 4.207841 16.610100 2.035294 0.489538 -0.969549 -360.513483 286.011255 -15.918281
9.239800 4.554468 16.038420 9.239800 4.554468 16.038420 1.765073 0.668255 -0.914524 -540.223845 309.712082 199.334331
10.195438 5.010148 15.537954 10.195438 5.010148 15.537954 1.410115 0.848980 -0.733084 -642.969868 292.702975 405.465854
10.923568 5.568516 15.180815 10.923568 5.568516 15.180815 1.013314 1.006065 -0.441168 -679.699306 230.915683 567.588687
11.410578 6.206916 15.024219 11.410578 6.206916 15.024219 0.612328 1.110598 -0.070920 -656.920545 117.526769 666.570800
11.666200 6.886250 15.104286 11.666200 6.886250 15.104286 0.250532 1.140213 0.342204 -549.066792 -18.810182 710.507580
11.728392 7.557923 15.435078 11.728392 7.557923 15.435078 -0.025383 1.083584 0.756397 -370.647735 -169.953842 670.136740
11.657849 8.168052 16.001482 11.657849 8.168052 16.001482 -0.190756 0.934460 1.118184 -180.595755 -327.126057 535.821276
11.524616 8.663452 16.755979 11.524616 8.663452 16.755979 -0.230472 0.706220 1.375373 48.207135 -433.672135 321.472869
11.404924 9.005822 17.628458 11.404924 9.005822 17.628458 -0.151977 0.429512 1.515208 213.443773 -488.690665 144.644342
11.352158 9.175565 18.563619 11.352158 9.175565 18.563619 -0.023911 0.136297 1.601995 213.443773 -488.690665 144.644342
