-8.686491 -3.075996 3.865012 -8.686491 -3.075996 3.865012 1.135063 0.589927 -0.585724 197.784688 -542.690542 266.850563
-7.969852 -2.819724 3.561611 -7.969852 -2.819724 3.561611 1.253733 0.264312 -0.425613 197.784688 -542.690542 266.850563
-7.186268 -2.758418 3.364124 -7.186268 -2.758418 3.364124 1.351121 -0.059289 -0.216263 126.840545 -535.980432 430.983594
-6.357532 -2.886148 3.323008 -6.357532 -2.886148 3.323008 1.403387 -0.359275 0.097649 47.380355 -463.975131 615.390153
-5.510307 -3.178209 3.498314 -5.510307 -3.178209 3.498314 1.415135 -0.602561 0.496617 -8.221812 -346.977209 714.503511
-4.663947 -3.591500 3.924832 -4.663947 -3.591500 3.924832 1.403998 -0.757240 0.925001 -28.899956 -168.619024 713.442901
-3.826092 -4.065265 4.604448 -3.826092 -4.065265 4.604448 1.389949 -0.803758 1.334048 -17.929237 13.559689 650.048011
-2.992139 -4.534283 5.513775 -2.992139 -4.534283 5.513775 1.395243 -0.741645 1.683524 35.575895 193.483265 514.871869
-2.145439 -4.934454 6.605721 -2.145439 -4.934454 6.605721 1.432342 -0.575607 1.938219 88.084577 359.976173 334.109536
-1.266773 -5.209009 7.815520 -1.266773 -5.209009 7.815520 1.502219 -0.329558 2.072325 144.841539 460.188853 112.910026
-0.335192 -5.320587 9.066032 -0.335192 -5.320587 9.066032 1.610013 -0.036831 2.074036 214.469652 515.565518 -107.205365
0.671075 -5.250672 10.279331 0.671075 -5.250672 10.279331 1.746970 0.268570 1.950586 242.055613 502.438634 -304.295560
1.761181 -5.002734 11.385450 1.761181 -5.002734 11.385450 1.883970 0.551819 1.720712 214.608392 441.725412 -461.950849
2.926695 -4.599542 12.328448 2.926695 -4.599542 12.328448 1.995248 0.779801 1.412154 156.320246 318.215708 -566.575339
4.146822 -4.081943 13.070731 4.146822 -4.081943 13.070731 2.063244 0.932929 1.057078 70.331273 192.207811 -617.011548
5.390186 -3.497429 13.596084 5.390186 -3.497429 13.596084 2.069235 0.999049 0.697716 -50.358661 28.195154 -580.860211
6.613377 -2.901749 13.915001 6.613377 -2.901749 13.915001 1.992593 0.971844 0.373410 -205.116668 -118.879562 -500.161426
7.764111 -2.345762 14.056054 7.764111 -2.345762 14.056054 1.830016 0.871913 0.108491 -336.804589 -214.225293 -382.900350
8.794334 -1.865323 14.060706 8.794334 -1.865323 14.060706 1.592123 0.722635 -0.078849 -456.174190 -283.366723 -241.568701
9.662800 -1.483735 13.978652 9.662800 -1.483735 13.978652 1.294941 0.547681 -0.180105 -534.432847 -299.812133 -95.951259
10.341906 -1.207008 13.860920 10.341906 -1.207008 13.860920 0.965977 0.378214 -0.199660 -562.114264 -265.078894 30.769459
10.823165 -1.024077 13.751562 10.823165 -1.024077 13.751562 0.642978 0.237751 -0.156702 -514.548511 -203.131970 112.424963
11.122220 -0.911169 13.680984 11.122220 -0.911169 13.680984 0.363683 0.149978 -0.073213 -416.432968 -89.444825 165.870108
11.274827 -0.830451 13.667894 11.274827 -0.830451 13.667894 0.160596 0.130470 0.031213 -260.523771 24.417841 182.217116
11.337090 -0.741716 13.717088 11.337090 -0.741716 13.717088 0.068281 0.175410 0.128880 -47.192779 125.381959 143.339548
11.382631 -0.610219 13.817241 11.382631 -0.610219 13.817241 0.105302 0.269050 0.200002 170.594805 186.753531 93.733333
11.488518 -0.412386 13.949801 11.488518 -0.412386 13.949801 0.267651 0.395038 0.234678 370.567693 233.204624 21.852952
11.726099 -0.133377 14.091005 11.726099 -0.133377 14.091005 0.541436 0.535007 0.230109 542.051307 233.358090 -37.082982
12.156753 0.226195 14.219810 12.156753 0.226195 14.219810 0.907782 0.657840 0.194928 679.101279 176.086963 -80.185612
12.826598 0.647276 14.321074 12.826598 0.647276 14.321074 1.329930 0.736901 0.140523 728.057154 87.449094 -101.165484
13.754366 1.098697 14.388477 13.754366 1.098697 14.388477 1.760563 0.757069 0.086316 707.387983 -20.220987 -79.525075
14.932257 1.542700 14.428518 14.932257 1.542700 14.428518 2.156114 0.711944 0.051432 611.114572 -130.197489 -36.753207
16.325551 1.940599 14.457691 16.325551 1.940599 14.457691 2.470906 0.604663 0.054028 438.192466 -227.403596 45.404180
17.874572 2.258190 14.503559 17.874572 2.258190 14.503559 2.671833 0.446852 0.107661 231.565236 -298.636063 133.372641
19.505137 2.470561 14.597258 19.505137 2.470561 14.597258 2.739692 0.257743 0.213167 -5.370193 -331.726638 218.314908
21.133653 2.568330 14.768515 21.133653 2.568330 14.768515 2.664807 0.072877 0.364456 -244.246460 -284.491000 285.982873
22.678105 2.564804 15.039814 22.678105 2.564804 15.039814 2.465918 -0.078040 0.541787 -418.716398 -218.568430 305.119646
24.082287 2.478637 15.419808 24.082287 2.478637 15.419808 2.214688 -0.209181 0.724859 -418.716398 -218.568430 305.119646
