5.668623 -4.981429 3.199765 5.668623 -4.981429 3.199765 0.000822 0.494790 -1.613660 -2.288544 -180.385782 449.226159
5.668704 -4.717025 2.312429 5.668704 -4.717025 2.312429 -0.000551 0.386558 -1.344125 -2.288544 -180.385782 449.226159
5.664678 -4.518065 1.593050 5.664678 -4.518065 1.593050 -0.018345 0.275797 -1.043413 -57.025292 -188.818741 553.146324
5.638617 -4.386290 1.072302 5.638617 -4.386290 1.072302 -0.076508 0.163928 -0.682862 -136.853117 -184.076479 648.689582
5.564404 -4.316907 0.779476 5.564404 -4.316907 0.779476 -0.176992 0.074282 -0.293012 -198.093188 -114.744745 650.809763
5.420279 -4.287232 0.716131 5.420279 -4.287232 0.716131 -0.307209 0.034232 0.074059 -235.962182 -18.753551 572.760004
5.192136 -4.264132 0.855684 5.192136 -4.264132 0.855684 -0.455513 0.052663 0.377820 -258.383932 80.187452 439.776518
4.874265 -4.211273 1.151857 4.874265 -4.211273 1.151857 -0.600810 0.134910 0.593292 -225.941315 193.970234 278.463145
4.477551 -4.089904 1.547624 4.477551 -4.089904 1.547624 -0.714167 0.278837 0.708713 -151.912618 285.785766 106.276299
4.028398 -3.868932 1.982263 4.028398 -3.868932 1.982263 -0.771862 0.461448 0.723887 -40.407331 322.918902 -55.697562
3.566480 -3.534438 2.397857 3.566480 -3.534438 2.397857 -0.753738 0.652699 0.646901 100.820941 314.584734 -200.921498
3.141125 -3.088163 2.743232 3.141125 -3.088163 2.743232 -0.649545 0.831604 0.493351 246.490316 281.764370 -310.911317
2.804398 -2.544963 2.980715 2.804398 -2.544963 2.980715 -0.458494 0.968259 0.293986 390.346052 173.752170 -353.641260
2.607090 -1.940738 3.093987 2.607090 -1.940738 3.093987 -0.186656 1.032484 0.084478 515.781851 40.330256 -344.717633
2.592635 -1.321815 3.084608 2.592635 -1.321815 3.084608 0.146303 1.017547 -0.112433 594.081126 -90.120300 -311.653819
2.786825 -0.736852 2.965722 2.786825 -0.736852 2.965722 0.500117 0.916761 -0.276066 585.298077 -245.832856 -233.787245
3.189385 -0.238506 2.764199 3.189385 -0.238506 2.764199 0.836979 0.731959 -0.385349 537.576688 -370.173518 -130.489762
3.781225 0.129664 2.514849 3.781225 0.129664 2.514849 1.123968 0.487981 -0.436905 419.053545 -443.084732 -41.365082
4.519985 0.341000 2.248694 4.519985 0.341000 2.248694 1.320148 0.213643 -0.444554 234.879870 -471.377312 15.869407
5.342581 0.386810 1.987350 5.342581 0.386810 1.987350 1.402216 -0.056821 -0.422375 38.679867 -430.166768 58.061077
6.177061 0.280528 1.745896 6.177061 0.280528 1.745896 1.356365 -0.288721 -0.379939 -191.518237 -342.835591 83.390981
6.944503 0.054061 1.531638 6.944503 0.054061 1.531638 1.181936 -0.452040 -0.336427 -389.910118 -201.559967 61.649106
7.572415 -0.243033 1.336860 7.572415 -0.243033 1.336860 0.892658 -0.520924 -0.319531 -574.350187 -28.052419 -5.328216
7.997775 -0.549036 1.140129 7.997775 -0.549036 1.140129 0.513792 -0.479750 -0.342991 -688.537193 165.296792 -72.873180
8.179790 -0.796456 0.918266 8.179790 -0.796456 0.918266 0.089048 -0.327188 -0.401470 -727.275267 343.244687 -122.055062
8.104873 -0.923357 0.652925 8.104873 -0.923357 0.652925 -0.334495 -0.083104 -0.487149 -684.535973 470.368752 -163.541008
7.787921 -0.883559 0.329396 7.787921 -0.883559 0.329396 -0.710412 0.224085 -0.594286 -568.520206 553.594159 -193.581790
7.269205 -0.647600 -0.060128 7.269205 -0.647600 -0.060128 -1.002200 0.565550 -0.700977 -404.106284 584.622969 -162.055709
6.607605 -0.206368 -0.505438 6.607605 -0.206368 -0.505438 -1.182368 0.899672 -0.775977 -196.455575 529.117588 -87.946262
5.877712 0.422698 -0.981348 5.877712 0.422698 -0.981348 -1.225793 1.187250 -0.801214 51.705988 429.473794 3.822579
5.165453 1.203093 -1.453435 5.165453 1.203093 -1.453435 -1.125217 1.398631 -0.759154 283.547877 275.129290 136.377878
4.551547 2.080258 -1.875050 4.551547 2.080258 -1.875050 -0.904159 1.506024 -0.630676 453.314128 82.848208 291.881809
4.098964 2.987810 -2.193063 4.098964 2.987810 -2.193063 -0.590595 1.500857 -0.416279 591.896357 -100.071048 422.776994
3.856553 3.859776 -2.360514 3.856553 3.859776 -2.360514 -0.208434 1.388139 -0.131532 681.976018 -275.656114 526.379366
3.854503 4.634226 -2.340704 3.854503 4.634226 -2.340704 0.202028 1.178670 0.204200 686.230686 -422.574647 592.728348
4.095059 5.260852 -2.111725 4.095059 5.260852 -2.111725 0.592850 0.902561 0.558678 616.508409 -497.786751 588.864457
4.553737 5.712534 -1.673860 4.553737 5.712534 -1.673860 0.922742 0.602623 0.895307 483.130422 -502.008018 533.229979
5.186442 5.985194 -1.047906 5.186442 5.985194 -1.047906 1.173100 0.308661 1.179187 351.397955 -477.865722 413.037992
5.942983 6.089889 -0.276927 5.942983 6.089889 -0.276927 1.331085 0.049509 1.372611 175.219696 -385.972055 231.709140
6.762557 6.059358 0.575452 6.762557 6.059358 0.575452 1.383132 -0.135880 1.447159 -1.731094 -231.993613 16.785100
7.583844 5.945311 1.433039 7.583844 5.945311 1.433039 1.340689 -0.228875 1.388581 -139.746475 -77.988914 -212.046822
8.358810 5.801324 2.218585 8.358810 5.801324 2.218585 1.235376 -0.238790 1.214183 -211.294676 44.939359 -369.278694
9.062002 5.666139 2.880625 9.062002 5.666139 2.880625 1.108600 -0.211826 0.992616 -211.294676 44.939359 -369.278694
