9.199616 0.697854 5.377668 9.199616 0.697854 5.377668 0.896146 -0.224272 1.035224 -100.164480 -287.788360 -72.216043
9.719273 0.511488 5.985803 9.719273 0.511488 5.985803 0.836047 -0.396945 0.991894 -100.164480 -287.788360 -72.216043
10.201718 0.230518 6.569784 10.201718 0.230518 6.569784 0.770181 -0.524624 0.957779 -119.388575 -137.806808 -41.502731
10.643550 -0.095745 7.140938 10.643550 -0.095745 7.140938 0.704612 -0.540726 0.952662 -99.173990 84.134799 24.448051
11.050323 -0.394343 7.720265 11.050323 -0.394343 7.720265 0.654392 -0.436778 0.983979 -68.228143 262.356057 79.942234
11.434322 -0.600340 8.327417 11.434322 -0.600340 8.327417 0.631682 -0.235136 1.043815 -7.469874 409.786203 119.509611
11.816490 -0.661886 8.976392 11.816490 -0.661886 8.976392 0.649717 0.039603 1.121396 67.585513 506.009822 139.093984
12.221585 -0.544512 9.673603 12.221585 -0.544512 9.673603 0.705761 0.355862 1.201533 119.229430 548.185455 128.029011
12.667142 -0.234114 10.413544 12.667142 -0.234114 10.413544 0.780495 0.675810 1.258228 129.883068 518.308365 60.955851
13.158942 0.258975 11.172668 13.158942 0.258975 11.172668 0.859044 0.958337 1.260877 131.946967 423.447779 -52.127570
13.694585 0.902339 11.912912 13.694585 0.902339 11.912912 0.920544 1.173109 1.195108 73.052931 292.459329 -167.101276
14.254375 1.649297 12.592069 14.254375 1.649297 12.592069 0.935947 1.300834 1.055698 -21.711650 133.291435 -297.597830
14.805949 2.443194 13.164767 14.805949 2.443194 13.164767 0.892489 1.327833 0.841370 -123.147551 -43.293743 -416.830166
15.311046 3.222402 13.587936 15.311046 3.222402 13.587936 0.777452 1.253359 0.558156 -260.309581 -204.954968 -527.216195
15.722570 3.930589 13.825202 15.722570 3.930589 13.825202 0.580809 1.095701 0.228183 -395.164758 -320.569426 -572.693008
15.993565 4.526010 13.859635 15.993565 4.526010 13.859635 0.311906 0.881877 -0.112396 -501.178953 -392.180089 -562.571517
16.087238 4.983568 13.695528 16.087238 4.983568 13.695528 -0.005093 0.641687 -0.426972 -555.484200 -408.450592 -486.013867
15.984154 5.297406 13.359790 15.984154 5.297406 13.359790 -0.338590 0.408350 -0.678941 -556.171908 -369.339419 -353.883631
15.683511 5.480801 12.898471 15.683511 5.480801 12.898471 -0.659186 0.211080 -0.842550 -512.484375 -288.229318 -191.480953
15.203070 5.561533 12.371904 15.203070 5.561533 12.371904 -0.930086 0.067965 -0.890291 -390.514239 -188.821011 32.343898
14.585417 5.576256 11.855814 14.585417 5.576256 11.855814 -1.110938 -0.005666 -0.809572 -212.325090 -56.615548 236.721557
13.892217 5.570302 11.424148 13.892217 5.570302 11.424148 -1.180427 -0.001455 -0.610199 -19.305671 70.654271 427.852871
13.193420 5.587242 11.144406 13.193420 5.587242 11.144406 -1.127339 0.066418 -0.306669 196.265168 155.587187 583.916222
12.564775 5.658180 11.070885 12.564775 5.658180 11.070885 -0.947429 0.175175 0.070558 403.433900 206.937800 673.504492
12.079133 5.801810 11.235866 12.079133 5.801810 11.235866 -0.654382 0.305719 0.481740 573.391816 228.207767 697.102090
11.796495 6.023804 11.646828 11.796495 6.023804 11.646828 -0.276443 0.430067 0.882198 686.404357 186.286639 637.759565
11.756203 6.310912 12.282873 11.756203 6.310912 12.282873 0.145506 0.519523 1.224499 720.093031 111.900468 503.242264
11.971218 6.637191 13.096453 11.971218 6.637191 13.096453 0.568031 0.558778 1.467933 688.321258 18.947713 308.205510
12.429086 6.969618 14.019247 12.429086 6.969618 14.019247 0.946787 0.538893 1.585643 574.198665 -85.229670 84.159791
13.090266 7.271455 14.971678 13.090266 7.271455 14.971678 1.240064 0.456968 1.565619 403.393521 -187.855775 -150.906005
13.894300 7.507406 15.871166 13.894300 7.507406 15.871166 1.419026 0.322178 1.411476 193.147071 -261.441853 -362.902464
14.765531 7.652855 16.641688 14.765531 7.652855 16.641688 1.460156 0.161319 1.138530 -56.049198 -274.756073 -546.916973
15.618786 7.700762 17.218959 15.618786 7.700762 17.218959 1.362781 -0.000676 0.773368 -268.534218 -265.225606 -670.289412
16.376387 7.655793 17.558830 16.376387 7.655793 17.558830 1.143003 -0.143929 0.353705 -464.059944 -212.286194 -728.587326
16.970147 7.537619 17.641401 16.970147 7.537619 17.641401 0.822013 -0.239322 -0.075980 -605.906370 -105.690568 -703.698302
17.350080 7.383150 17.475097 17.350080 7.383150 17.475097 0.437409 -0.261995 -0.468450 -676.107243 30.112620 -604.535568
17.490970 7.238877 17.092929 17.490970 7.238877 17.092929 0.032468 -0.206408 -0.792577 -673.696168 155.179369 -475.886217
17.394253 7.150024 16.542662 17.394253 7.150024 16.542662 -0.346411 -0.078004 -1.023415 -589.230824 272.832609 -293.573212
17.087674 7.158535 15.887520 17.087674 7.158535 15.887520 -0.663306 0.116714 -1.140809 -467.088378 376.229121 -97.741036
16.615398 7.297951 15.195906 16.615398 7.297951 15.195906 -0.894639 0.350782 -1.147132 -304.020492 403.995389 76.665229
16.035191 7.579954 14.529926 16.035191 7.579954 14.529926 -1.020550 0.587254 -1.058631 -115.682657 384.246968 218.337414
15.413562 7.998015 13.940116 15.413562 7.998015 13.940116 -1.032343 0.800522 -0.897294 76.371144 326.646271 319.454326
14.816992 8.529641 13.461557 14.816992 8.529641 13.461557 -0.941071 0.959093 -0.694044 227.869933 201.924177 358.044249
14.300356 9.131646 13.110384 14.300356 9.131646 13.110384 -0.769399 1.031262 -0.475191 344.370497 38.637413 371.465471
13.903933 9.747145 12.889517 13.903933 9.747145 12.889517 -0.546632 1.003380 -0.265392 398.184633 -131.578098 327.863116
13.648621 10.314790 12.782988 13.648621 10.314790 12.782988 -0.302747 0.870939 -0.100218 414.767060 -309.892341 222.718794
13.539145 10.772496 12.757323 13.539145 10.772496 12.757323 -0.066318 0.639620 0.005296 373.330041 -461.169220 128.994858
13.561659 11.068506 12.778986 13.561659 11.068506 12.778986 0.133205 0.339162 0.059023 291.744943 -540.358078 50.095491
13.689080 11.172923 12.818642 13.689080 11.172923 12.818642 0.283173 0.005868 0.065207 208.149991 -570.621308 -29.483542
13.896451 11.073732 12.852459 13.896451 11.073732 12.852459 0.408063 -0.336505 0.047517 208.149991 -570.621308 -29.483542
