11.341781 -5.349902 -8.768530 11.341781 -5.349902 -8.768530 -0.769832 0.069092 1.179367 -214.958668 323.616353 -145.012524
10.841189 -5.250196 -8.087012 10.841189 -5.250196 -8.087012 -0.898807 0.263262 1.092360 -214.958668 323.616353 -145.012524
10.274100 -5.034659 -7.463417 10.274100 -5.034659 -7.463417 -0.973347 0.454081 0.976757 -33.507485 312.446411 -240.328488
9.697518 -4.709934 -6.925080 9.697518 -4.709934 -6.925080 -0.926165 0.621728 0.810269 190.777886 246.378223 -314.633602
9.186337 -4.298831 -6.496624 9.186337 -4.298831 -6.496624 -0.760805 0.738145 0.616135 360.423671 141.679512 -332.477999
8.801774 -3.839005 -6.185233 8.801774 -3.839005 -6.185233 -0.509332 0.780334 0.424426 477.821290 -1.048900 -306.553761
8.585132 -3.379689 -5.981230 8.585132 -3.379689 -5.981230 -0.207897 0.736225 0.263131 526.960738 -145.982497 -231.095636
8.554201 -2.972556 -5.859978 8.554201 -2.972556 -5.859978 0.103055 0.607012 0.149325 509.546612 -284.728534 -148.258006
8.703816 -2.666137 -5.791437 8.703816 -2.666137 -5.791437 0.389099 0.403492 0.088534 443.932756 -393.671769 -54.378011
9.010112 -2.498490 -5.742889 9.010112 -2.498490 -5.742889 0.620102 0.149350 0.081987 326.077692 -453.468260 32.556171
9.432630 -2.490837 -5.684883 9.432630 -2.490837 -5.684883 0.774562 -0.124393 0.116288 188.787673 -459.006579 81.778185
9.923178 -2.643949 -5.598636 9.923178 -2.643949 -5.598636 0.846981 -0.379072 0.174125 52.609123 -389.923571 111.012749
10.433106 -2.935224 -5.474554 10.433106 -2.935224 -5.474554 0.839897 -0.581253 0.238854 -76.223604 -284.013396 104.749355
10.917443 -3.325933 -5.315725 10.917443 -3.325933 -5.315725 0.764759 -0.705837 0.285014 -174.234853 -131.266820 49.116929
11.342039 -3.761902 -5.139423 11.342039 -3.761902 -5.139423 0.645732 -0.728792 0.296748 -222.522557 54.751896 -10.002096
11.688552 -4.177608 -4.966227 11.688552 -4.177608 -4.966227 0.507858 -0.637369 0.275487 -237.055047 249.991165 -60.868525
11.952162 -4.505794 -4.815126 11.952162 -4.505794 -4.815126 0.373450 -0.441189 0.222790 -210.973646 403.939285 -114.788182
12.141464 -4.690295 -4.704952 12.141464 -4.690295 -4.704952 0.262900 -0.161310 0.139730 -157.525505 528.993559 -162.078310
12.274678 -4.688672 -4.649938 12.274678 -4.688672 -4.649938 0.187528 0.172038 0.044230 -93.716290 582.165243 -156.253745
12.374470 -4.480123 -4.647884 12.374470 -4.480123 -4.647884 0.152019 0.524017 -0.031312 -24.644837 591.099333 -95.552411
12.464313 -4.063460 -4.678485 12.464313 -4.063460 -4.678485 0.152569 0.857948 -0.061719 26.478280 522.002375 -5.806883
12.561957 -3.463006 -4.709903 12.561957 -3.463006 -4.709903 0.175136 1.129778 -0.031906 48.745529 384.097760 105.184495
12.675006 -2.725575 -4.702128 12.675006 -2.725575 -4.702128 0.200353 1.312365 0.071129 35.309173 224.525841 238.264250
12.798515 -1.909245 -4.608134 12.798515 -1.909245 -4.608134 0.206246 1.389566 0.256235 -15.666235 32.811931 378.758248
12.915347 -1.080637 -4.379362 12.915347 -1.080637 -4.379362 0.176366 1.354062 0.517763 -83.933231 -151.159555 492.999449
13.001330 -0.305381 -3.976065 13.001330 -0.305381 -3.976065 0.102367 1.213502 0.833058 -162.730798 -317.374194 557.985692
13.028001 0.358787 -3.374421 13.028001 0.358787 -3.374421 -0.022563 0.989051 1.174712 -253.700241 -430.795110 580.859347
12.964391 0.871336 -2.567236 12.964391 0.871336 -2.567236 -0.196814 0.713878 1.512240 -327.138590 -486.448290 544.233644
12.785514 1.212351 -1.568793 12.785514 1.212351 -1.568793 -0.402614 0.423256 1.804466 -358.859569 -482.293592 429.854480
12.480488 1.382944 -0.418200 12.480488 1.382944 -0.418200 -0.612246 0.151142 2.015076 -339.915098 -424.751058 272.178801
12.055843 1.404005 0.828031 12.055843 1.404005 0.828031 -0.796759 -0.069556 2.119352 -275.127577 -310.911001 75.408761
11.534826 1.314606 2.100239 11.534826 1.314606 2.100239 -0.929026 -0.214606 2.099711 -165.761516 -172.588248 -140.881134
10.956694 1.165081 3.321704 10.956694 1.165081 3.321704 -0.982879 -0.266638 1.950172 -13.750214 -0.851746 -357.580465
10.374984 1.012829 4.416274 10.374984 1.012829 4.416274 -0.938669 -0.227725 1.679780 161.117771 130.561532 -543.727218
9.851123 0.906334 5.318811 9.851123 0.906334 5.318811 -0.790300 -0.116195 1.316240 333.446393 241.207482 -668.072361
9.446608 0.885417 5.985605 9.446608 0.885417 5.985605 -0.542013 0.055442 0.901912 494.175639 330.914482 -713.019446
9.218143 0.979731 6.399835 9.218143 0.979731 6.399835 -0.206550 0.261411 0.481235 624.034926 355.647860 -689.239825
9.210205 1.198455 6.569282 9.210205 1.198455 6.569282 0.186200 0.464103 0.091539 685.130208 319.994224 -609.745996
9.444577 1.530092 6.523770 9.444577 1.530092 6.523770 0.593919 0.633979 -0.227715 673.934349 246.258473 -454.433277
9.917266 1.949292 6.318984 9.917266 1.949292 6.318984 0.973430 0.754166 -0.432170 591.100877 154.364432 -227.082934
10.597556 2.421104 6.033683 10.597556 2.421104 6.033683 1.277261 0.804417 -0.494040 421.670853 13.138844 20.848231
11.430781 2.900861 5.752132 11.430781 2.900861 5.752132 1.485099 0.786012 -0.425928 271.123349 -74.487255 206.191372
12.370643 3.359061 5.533690 12.370643 3.359061 5.533690 1.647773 0.741320 -0.302214 271.123349 -74.487255 206.191372
