10.441174 5.430627 -2.104961 10.441174 5.430627 -2.104961 0.408665 0.736650 -0.415120 -429.044392 -323.910382 217.237658
10.609145 5.814313 -2.314930 10.609145 5.814313 -2.314930 0.151238 0.542304 -0.284778 -429.044392 -323.910382 217.237658
10.628885 6.076969 -2.438673 10.628885 6.076969 -2.438673 -0.075066 0.325844 -0.114332 -325.302214 -397.623639 350.914689
10.535931 6.198149 -2.435923 10.535931 6.198149 -2.435923 -0.217048 0.073502 0.137140 -147.973832 -443.515120 487.323962
10.391080 6.164003 -2.262966 10.391080 6.164003 -2.262966 -0.245768 -0.184681 0.444313 52.242702 -417.094809 536.586314
10.265989 5.982690 -1.900482 10.265989 5.982690 -1.900482 -0.149590 -0.412073 0.762818 268.350866 -340.879455 525.096984
10.235217 5.681194 -1.351314 10.235217 5.681194 -1.351314 0.064810 -0.581068 1.062672 446.315461 -222.437010 474.419070
10.362675 5.302935 -0.634505 10.362675 5.302935 -0.634505 0.373776 -0.662426 1.316376 583.569124 -48.755087 371.258067
10.696153 4.907102 0.213416 10.696153 4.907102 0.213416 0.744770 -0.639686 1.495477 653.077009 124.554070 225.747503
11.262047 4.555120 1.143646 11.262047 4.555120 1.143646 1.144009 -0.517906 1.592469 677.721255 281.380036 97.558951
12.065772 4.303649 2.109739 12.065772 4.303649 2.109739 1.527292 -0.305958 1.616262 599.887517 425.113277 -18.249464
13.081904 4.201093 3.069805 13.081904 4.201093 3.069805 1.846109 -0.028398 1.573281 462.836240 500.086352 -125.020160
14.260930 4.276286 3.987979 14.260930 4.276286 3.987979 2.064059 0.282739 1.481811 263.665913 537.038745 -179.881594
15.532836 4.539799 4.843818 15.532836 4.539799 4.843818 2.152314 0.590973 1.369539 30.514499 490.406380 -194.356902
16.816278 4.976937 5.631979 16.816278 4.976937 5.631979 2.103426 0.856620 1.260037 -193.473461 395.082726 -170.651457
18.029559 5.552289 6.360062 18.029559 5.552289 6.360062 1.917599 1.044997 1.171537 -425.948075 232.842805 -124.348734
19.093426 6.210274 7.043894 19.093426 6.210274 7.043894 1.611919 1.130079 1.113389 -592.986912 50.761293 -69.477096
19.946931 6.885781 7.703406 19.946931 6.885781 7.703406 1.221586 1.102151 1.091627 -708.123112 -143.854178 -3.061030
20.548994 7.510580 8.360456 20.548994 7.510580 8.360456 0.779580 0.962849 1.102912 -765.229926 -320.485345 40.677467
20.881195 8.021693 9.030593 20.881195 8.021693 9.030593 0.331413 0.726015 1.132657 -728.660548 -468.960792 58.472943
20.954741 8.367880 9.719026 20.954741 8.367880 9.719026 -0.076498 0.419590 1.159308 -631.042750 -552.457018 30.362216
20.805216 8.519052 10.416226 20.805216 8.519052 10.416226 -0.405317 0.082418 1.158277 -465.019373 -571.447633 -33.798841
20.489099 8.468233 11.100952 20.489099 8.468233 11.100952 -0.630442 -0.247497 1.117217 -285.398896 -528.269982 -103.066747
20.071290 8.229550 11.747562 20.071290 8.229550 11.747562 -0.742542 -0.539937 1.029534 -88.265874 -446.529189 -189.210690
19.621097 7.834399 12.324692 19.621097 7.834399 12.324692 -0.739406 -0.761923 0.883343 98.719403 -293.425429 -298.092526
19.204274 7.334814 12.795947 19.204274 7.334814 12.795947 -0.634915 -0.886054 0.679018 249.582910 -120.345489 -382.991991
18.875090 6.791540 13.132511 18.875090 6.791540 13.132511 -0.450965 -0.908154 0.439683 363.582773 46.679067 -414.791296
18.672481 6.264720 13.322030 18.672481 6.264720 13.322030 -0.220190 -0.831796 0.192669 405.668832 207.848590 -408.587349
18.612441 5.809131 13.368020 18.612441 5.809131 13.368020 0.018480 -0.676708 -0.032814 389.895543 309.111512 -343.022566
18.691260 5.462855 13.291663 18.691260 5.462855 13.291663 0.240165 -0.470699 -0.213252 349.055072 377.584801 -258.438610
18.898189 5.248400 13.117192 18.898189 5.248400 13.117192 0.449598 -0.244148 -0.368315 349.055072 377.584801 -258.438610
