-5.515270 -0.915223 6.517114 -5.515270 -0.915223 6.517114 0.189022 -0.475421 -0.424616 135.882885 131.652946 685.462488
-5.377398 -1.176779 6.385727 -5.377398 -1.176779 6.385727 0.270552 -0.396429 -0.013339 135.882885 131.652946 685.462488
-5.187361 -1.387332 6.501885 -5.187361 -1.387332 6.501885 0.368319 -0.299403 0.401828 190.008903 191.769431 698.428454
-4.928931 -1.529562 6.864879 -4.928931 -1.529562 6.864879 0.498508 -0.169877 0.801785 243.953461 239.981974 634.761326
-4.585402 -1.589642 7.453089 -4.585402 -1.589642 7.453089 0.647443 -0.032643 1.147050 252.495441 217.465951 516.120407
-4.153136 -1.573585 8.222796 -4.153136 -1.573585 8.222796 0.790695 0.080334 1.399601 225.013086 159.124089 325.715783
-3.642527 -1.502995 9.107871 -3.642527 -1.502995 9.107871 0.904151 0.144541 1.528460 153.171877 54.900071 103.813635
-3.079357 -1.413018 10.029632 -3.079357 -1.413018 10.029632 0.961598 0.144335 1.520738 38.317586 -55.589412 -129.552538
-2.503460 -1.342126 10.905466 -2.503460 -1.342126 10.905466 0.944796 0.082468 1.376560 -94.323934 -150.631679 -351.040977
-1.962105 -1.325156 11.658109 -1.962105 -1.325156 11.658109 0.845478 -0.034900 1.115409 -236.736595 -240.596320 -519.462676
-1.505655 -1.393819 12.227495 -1.505655 -1.393819 12.227495 0.662319 -0.201335 0.771953 -373.790904 -314.186803 -625.390174
-1.181216 -1.571741 12.575003 -1.181216 -1.571741 12.575003 0.409692 -0.392686 0.381252 -468.299036 -323.649868 -676.944494
-1.022856 -1.862839 12.682364 -1.022856 -1.862839 12.682364 0.112907 -0.573020 -0.022621 -520.986949 -277.463036 -669.299555
-1.048450 -2.251013 12.554580 -1.048450 -2.251013 12.554580 -0.197491 -0.711594 -0.392884 -513.671055 -184.451360 -564.911468
-1.255077 -2.703321 12.224953 -1.255077 -2.703321 12.224953 -0.484049 -0.783014 -0.692894 -441.522302 -53.613654 -435.121566
-1.617285 -3.174513 11.740337 -1.617285 -3.174513 11.740337 -0.710488 -0.773851 -0.906759 -313.275633 84.157522 -277.761706
-2.087161 -3.612657 11.157947 -2.087161 -3.612657 11.157947 -0.834421 -0.668267 -1.015101 -99.835044 267.786437 -83.379696
-2.595066 -3.959098 10.541755 -2.595066 -3.959098 10.541755 -0.840731 -0.476004 -1.025745 78.804336 373.091843 47.900571
-3.085320 -4.177544 9.934930 -3.085320 -4.177544 9.934930 -0.793448 -0.252149 -0.997005 78.804336 373.091843 47.900571
