10.505347 2.850860 8.383374 10.505347 2.850860 8.383374 -0.404149 -0.347126 0.152865 -48.146196 -190.286000 121.163892
10.254191 2.608333 8.496902 10.254191 2.608333 8.496902 -0.433037 -0.461297 0.225563 -48.146196 -190.286000 121.163892
9.996488 2.307246 8.653746 9.996488 2.307246 8.653746 -0.408000 -0.525754 0.296745 131.602306 -24.569099 116.107919
9.789319 1.999250 8.850687 9.789319 1.999250 8.850687 -0.259324 -0.481102 0.356381 363.984469 173.409483 82.679935
9.708176 1.751345 9.075692 9.708176 1.751345 9.075692 0.003737 -0.329345 0.387459 512.886917 332.446521 20.914911
9.807390 1.621746 9.307726 9.807390 1.621746 9.307726 0.334732 -0.089036 0.378978 590.429068 468.582225 -49.186082
10.115527 1.657443 9.523697 10.115527 1.657443 9.523697 0.694091 0.215979 0.336654 607.432735 548.136576 -91.892874
10.637866 1.886031 9.706986 10.637866 1.886031 9.706986 1.041282 0.546542 0.270704 549.870673 553.739632 -127.940566
11.354881 2.310241 9.847195 11.354881 2.310241 9.847195 1.337553 0.861842 0.198019 437.700198 497.261407 -114.344263
12.227040 2.910330 9.947644 12.227040 2.910330 9.947644 1.554380 1.127584 0.140507 285.058251 388.542751 -77.362073
13.200679 3.647529 10.022123 13.200679 3.647529 10.022123 1.673915 1.314263 0.114591 113.390527 233.722709 -9.024751
14.214646 4.466189 10.095595 14.214646 4.466189 10.095595 1.687989 1.394657 0.140885 -66.477060 34.257419 96.670090
15.207039 5.297486 10.203654 15.207039 5.297486 10.203654 1.605928 1.356892 0.229523 -207.060678 -160.141429 198.792054
16.126935 6.073672 10.381570 16.126935 6.073672 10.381570 1.449742 1.215189 0.370898 -313.557581 -312.203712 272.457754
16.936278 6.739036 10.657535 16.936278 6.739036 10.657535 1.241299 0.990101 0.556289 -381.252872 -438.088032 345.512932
17.611444 7.248762 11.055239 17.611444 7.248762 11.055239 1.007605 0.699857 0.772291 -397.726962 -529.390999 374.492626
18.146386 7.573413 11.583611 18.146386 7.573413 11.583611 0.778822 0.382356 0.984930 -364.884245 -528.946033 334.304597
18.552642 7.711177 12.229721 18.552642 7.711177 12.229721 0.583098 0.082790 1.160395 -287.529537 -469.608493 250.577623
18.855921 7.682113 12.963811 18.855921 7.682113 12.963811 0.436460 -0.170014 1.274488 -201.262979 -373.070274 129.733912
19.086122 7.521244 13.740820 19.086122 7.521244 13.740820 0.338463 -0.352398 1.297149 -125.394488 -234.878717 -54.199895
19.271034 7.276545 14.498082 19.271034 7.276545 14.498082 0.285255 -0.448234 1.208273 -51.965708 -84.572336 -242.051255
19.435764 7.001571 15.168703 19.435764 7.001571 15.168703 0.268732 -0.453032 1.009173 -3.109232 68.578121 -421.617712
19.597420 6.750334 15.688959 19.597420 6.750334 15.688959 0.271746 -0.370695 0.709418 13.155179 205.877132 -577.565661
19.761591 6.569161 16.004078 19.761591 6.569161 16.004078 0.273419 -0.226235 0.330033 -7.579275 275.656562 -687.050269
19.921087 6.484814 16.075615 19.921087 6.484814 16.075615 0.252914 -0.051964 -0.096267 -60.771230 305.248387 -733.948729
20.058384 6.508474 15.887458 20.058384 6.508474 15.887458 0.198892 0.130655 -0.528065 -119.301598 303.481208 -705.378785
20.152089 6.637922 15.449716 20.152089 6.637922 15.449716 0.106529 0.294884 -0.920968 -188.573884 243.950013 -604.297400
20.178543 6.852434 14.798719 20.178543 6.852434 14.798719 -0.024216 0.409605 -1.231757 -247.242189 138.452243 -431.666987
20.118607 7.116160 13.994630 20.118607 7.116160 13.994630 -0.177076 0.457884 -1.427430 -262.290806 22.477381 -220.574246
19.966111 7.388684 13.112178 19.966111 7.388684 13.112178 -0.329642 0.440108 -1.491231 -246.264489 -81.730205 7.902603
19.727264 7.632343 12.233096 19.727264 7.632343 12.233096 -0.461069 0.362596 -1.415319 -191.823531 -176.644301 245.139613
19.422030 7.814872 11.440503 19.422030 7.814872 11.440503 -0.546488 0.240449 -1.205870 -92.909008 -230.512865 453.022916
19.085667 7.916875 10.807455 19.085667 7.916875 10.807455 -0.560962 0.098271 -0.889404 44.664733 -243.413051 601.863640
18.766008 7.933328 10.387204 18.766008 7.933328 10.387204 -0.489776 -0.041255 -0.503009 192.622329 -221.671676 686.119431
18.514777 7.873020 10.209834 18.514777 7.873020 10.209834 -0.334391 -0.152525 -0.086668 325.327179 -149.229333 701.684664
18.380083 7.761013 10.280342 18.380083 7.761013 10.280342 -0.102287 -0.210218 0.315371 448.352138 -43.082510 638.444084
18.404660 7.633310 10.577154 18.404660 7.633310 10.577154 0.192957 -0.205157 0.661785 535.795217 59.955019 516.270363
18.617877 7.527485 11.055958 18.617877 7.527485 11.055958 0.519428 -0.136795 0.915569 552.440487 167.918381 329.674921
19.024849 7.479969 11.650189 19.024849 7.479969 11.650189 0.830276 -0.014368 1.041113 483.718026 240.169698 88.806027
19.605629 7.517064 12.280921 19.605629 7.517064 12.280921 1.098234 0.142161 1.044793 409.478208 281.593556 -76.538405
20.338276 7.653047 12.894020 20.338276 7.653047 12.894020 1.343921 0.311117 0.998870 409.478208 281.593556 -76.538405
