-1.602826 2.791490 -0.091741 -1.602826 2.791490 -0.091741 0.375381 -0.407078 -0.061141 -701.211205 440.784022 558.752230
-1.503815 2.626584 -0.027850 -1.503815 2.626584 -0.027850 -0.045345 -0.142608 0.274110 -701.211205 440.784022 558.752230
-1.654543 2.622082 0.237525 -1.654543 2.622082 0.237525 -0.452588 0.130470 0.611031 -656.265552 469.477527 564.317720
-2.038061 2.785241 0.705078 -2.038061 2.785241 0.705078 -0.815533 0.414010 0.946408 -553.550051 475.655510 553.606018
-2.615619 3.114355 1.367764 -2.615619 3.114355 1.367764 -1.090657 0.674850 1.254531 -363.530881 393.808497 473.469179
-3.323098 3.582905 2.197256 -3.323098 3.582905 2.197256 -1.247022 0.874909 1.496357 -157.684239 273.056360 332.617393
-4.084251 4.147270 3.146312 -4.084251 4.147270 3.146312 -1.264412 0.990094 1.652780 99.716542 110.893092 188.791759
-4.811639 4.752831 4.161821 -4.811639 4.752831 4.161821 -1.138033 1.014348 1.715349 321.546114 -30.044246 19.771676
-5.425621 5.347643 5.187427 -5.425621 5.347643 5.187427 -0.890305 0.954375 1.691403 504.214293 -169.868519 -99.590297
-5.860089 5.882102 6.178658 -5.860089 5.882102 6.178658 -0.542994 0.814504 1.603225 653.489998 -296.365583 -194.335282
-6.062775 6.314944 7.101157 -6.062775 6.314944 7.101157 -0.123487 0.624113 1.464348 744.867303 -338.271381 -268.589509
-6.003606 6.627258 7.930695 -6.003606 6.627258 7.930695 0.319359 0.414824 1.299568 731.285991 -359.359202 -280.675166
-5.684554 6.813614 8.661978 -5.684554 6.813614 8.661978 0.737153 0.209941 1.141482 661.360066 -323.586272 -246.281321
-5.131213 6.886855 9.305697 -5.131213 6.886855 9.305697 1.093993 0.043399 1.009518 528.106911 -231.552071 -193.598710
-4.390069 6.876445 9.880520 -4.390069 6.876445 9.880520 1.359303 -0.069381 0.913158 356.260274 -144.382961 -127.598189
-3.521741 6.815659 10.409389 -3.521741 6.815659 10.409389 1.516152 -0.121853 0.856306 166.569591 -30.522868 -61.911373
-2.594062 6.744168 10.914817 -2.594062 6.744168 10.914817 1.556121 -0.104590 0.833102 -33.341589 88.067249 -15.432294
-1.674876 6.701998 11.414161 -1.674876 6.701998 11.414161 1.493693 -0.028090 0.835149 -174.748792 166.931071 22.252894
-0.818014 6.716816 11.918562 -0.818014 6.716816 11.918562 1.349347 0.080191 0.845031 -306.404754 194.006026 10.689458
-0.067925 6.799065 12.424684 -0.067925 6.799065 12.424684 1.143672 0.192660 0.837337 -379.178239 180.890510 -36.336314
0.549721 6.945343 12.915608 0.549721 6.945343 12.915608 0.914638 0.291807 0.790847 -384.270038 149.600743 -118.630649
1.032271 7.141355 13.364956 1.032271 7.141355 13.364956 0.698755 0.351563 0.700635 -335.339713 49.584292 -182.075704
1.395481 7.354740 13.747732 1.395481 7.354740 13.747732 0.519139 0.348926 0.567232 -263.381449 -58.374414 -262.602400
1.665463 7.547906 14.036957 1.665463 7.547906 14.036957 0.390647 0.285490 0.390442 -164.924761 -153.076961 -326.696308
1.876594 7.686013 14.210207 1.876594 7.686013 14.210207 0.323839 0.165480 0.183372 -57.766540 -246.957373 -363.538281
2.066662 7.736486 14.256058 2.066662 7.736486 14.256058 0.319991 -0.004507 -0.028424 44.938028 -319.664782 -342.447769
2.270027 7.674597 14.181466 2.270027 7.674597 14.181466 0.363365 -0.204533 -0.213380 99.640857 -347.089275 -274.072098
2.505981 7.489401 14.004105 2.505981 7.489401 14.004105 0.423149 -0.412787 -0.377823 99.640857 -347.089275 -274.072098
