-10.930872 2.043685 -2.612840 -10.930872 2.043685 -2.612840 0.093695 -0.099571 0.022876 772.847902 526.718128 -128.063075
-10.735542 2.078751 -2.622166 -10.735542 2.078751 -2.622166 0.557404 0.216460 -0.053962 772.847902 526.718128 -128.063075
-10.266541 2.299248 -2.669734 -10.266541 2.299248 -2.669734 0.998343 0.511547 -0.091500 696.948457 456.904593 2.933562
-9.550907 2.679719 -2.712022 -9.550907 2.679719 -2.712022 1.372398 0.742193 -0.029317 549.900463 311.916604 204.343641
-8.639496 3.172243 -2.682383 -8.639496 3.172243 -2.682383 1.647291 0.884659 0.145527 366.411488 162.971015 378.468951
-7.599067 3.721024 -2.518073 -7.599067 3.721024 -2.518073 1.797638 0.925695 0.416956 134.743431 -26.184547 526.295151
-6.509419 4.259493 -2.166473 -6.509419 4.259493 -2.166473 1.812541 0.848810 0.766198 -85.064857 -230.098989 637.846906
-5.448499 4.717457 -1.589317 -5.448499 4.717457 -1.589317 1.705039 0.661228 1.162031 -273.275260 -395.174114 681.595657
-4.483702 5.036366 -0.771027 -4.483702 5.036366 -0.771027 1.495888 0.390639 1.562909 -423.894657 -506.788353 654.663901
-3.667760 5.176575 0.278864 -3.667760 5.176575 0.278864 1.215102 0.071800 1.927238 -512.058278 -556.008898 559.766673
-3.032839 5.119451 1.525932 -3.032839 5.119451 1.525932 0.898018 -0.262417 2.212934 -544.890142 -558.049762 392.553361
-2.588996 4.865759 2.911005 -2.588996 4.865759 2.911005 0.586644 -0.576210 2.381730 -493.023735 -487.924920 170.099693
-2.320783 4.440489 4.357013 -2.320783 4.440489 4.357013 0.315687 -0.827551 2.415548 -410.164677 -349.879960 -57.373230
-2.196592 3.889878 5.782649 -2.196592 3.889878 5.782649 0.112628 -0.992990 2.314300 -266.697749 -201.582513 -280.118820
-2.168379 3.268362 7.108236 -2.168379 3.268362 7.108236 -0.004182 -1.061127 2.083367 -122.672151 -25.540353 -489.660569
-2.184489 2.636736 8.260095 -2.184489 2.636736 8.260095 -0.035383 -1.028213 1.739463 18.671676 135.251558 -656.684196
-2.194039 2.053306 9.180558 -2.194039 2.053306 9.180558 0.017412 -0.901300 1.320391 157.311350 287.793182 -740.224206
-2.151064 1.569791 9.838855 -2.151064 1.569791 9.838855 0.132856 -0.701311 0.872773 227.501491 378.836436 -751.835550
-2.026969 1.218748 10.231120 -2.026969 1.218748 10.231120 0.286515 -0.466244 0.441330 284.694180 404.719892 -686.307165
-1.803259 1.011053 10.380191 -1.803259 1.011053 10.380191 0.460108 -0.227405 0.068585 293.950986 391.411122 -556.175477
-1.476871 0.941622 10.331417 -1.476871 0.941622 10.331417 0.623540 -0.009764 -0.214185 250.822193 334.059503 -386.392702
-1.061404 0.989451 10.146806 -1.061404 0.989451 10.146806 0.755009 0.158452 -0.378765 187.406068 226.660963 -162.207665
-0.578465 1.117137 9.904449 -0.578465 1.117137 9.904449 0.848453 0.253528 -0.405591 124.073227 90.257397 72.788232
-0.051182 1.277928 9.683165 -0.051182 1.277928 9.683165 0.902288 0.269822 -0.317075 55.376558 -35.943566 222.264416
0.500158 1.433352 9.532927 0.500158 1.433352 9.532927 0.935513 0.248256 -0.183717 55.376558 -35.943566 222.264416
