3.399812 -5.278507 -10.375858 3.399812 -5.278507 -10.375858 -1.186474 -0.665144 -0.392143 -190.643568 378.053738 443.976572
2.653612 -5.609544 -10.531228 2.653612 -5.609544 -10.531228 -1.300860 -0.438312 -0.125757 -190.643568 378.053738 443.976572
1.849783 -5.801184 -10.520797 1.849783 -5.801184 -10.520797 -1.360235 -0.194990 0.170474 -7.271359 433.019508 543.460923
1.046768 -5.840529 -10.316335 1.046768 -5.840529 -10.316335 -1.292420 0.063348 0.518329 233.319640 428.105771 616.055841
0.324163 -5.728758 -9.895188 0.324163 -5.728758 -9.895188 -1.098183 0.303730 0.884256 414.139503 373.168117 603.702088
-0.252348 -5.485783 -9.260363 -0.252348 -5.485783 -9.260363 -0.810430 0.495468 1.224505 545.034743 265.958809 530.460584
-0.637287 -5.148388 -8.437636 -0.637287 -5.148388 -8.437636 -0.467347 0.616248 1.505486 598.576731 136.641449 406.143660
-0.810492 -4.761940 -7.472554 -0.810492 -4.761940 -7.472554 -0.110903 0.658753 1.692595 589.569834 5.042641 217.552018
-0.774550 -4.372648 -6.430325 -0.774550 -4.372648 -6.430325 0.224644 0.627444 1.760688 528.918015 -109.407441 9.425320
-0.551293 -4.020163 -5.385341 -0.551293 -4.020163 -5.385341 0.508325 0.540357 1.700717 416.687423 -180.881808 -209.329752
-0.180604 -3.731210 -4.415235 -0.180604 -3.731210 -4.415235 0.711788 0.418317 1.511897 261.522259 -225.917206 -420.069312
0.284887 -3.520248 -3.593390 0.284887 -3.520248 -3.593390 0.825420 0.285948 1.211448 117.249196 -215.312438 -581.426438
0.793352 -3.384817 -2.976962 0.793352 -3.384817 -2.976962 0.856310 0.169853 0.833674 -14.279696 -171.671177 -677.822452
1.297199 -3.308364 -2.600047 1.297199 -3.308364 -2.600047 0.810899 0.094060 0.420572 -137.092763 -80.974404 -699.184264
1.754236 -3.260687 -2.471055 1.754236 -3.260687 -2.471055 0.704517 0.074561 0.013572 -217.512857 15.977880 -657.483026
2.137292 -3.207217 -2.573852 2.137292 -3.207217 -2.573852 0.571498 0.113436 -0.343883 -225.884535 113.608263 -534.033111
2.440637 -3.112657 -2.864853 2.440637 -3.112657 -2.864853 0.441497 0.211845 -0.607025 -207.449860 214.420863 -343.107209
2.669982 -2.943975 -3.277850 2.669982 -2.943975 -3.277850 0.325964 0.355390 -0.748002 -177.660992 264.062767 -126.814221
2.838396 -2.682413 -3.736012 2.838396 -2.682413 -3.736012 0.243440 0.517814 -0.756765 -97.420050 277.349924 97.604268
2.972259 -2.325250 -4.157926 2.972259 -2.325250 -4.157926 0.211665 0.666979 -0.625320 -8.497025 219.867905 340.545616
3.099956 -1.889987 -4.462354 3.099956 -1.889987 -4.462354 0.217704 0.776397 -0.373662 28.627595 144.858245 498.312383
3.235732 -1.398074 -4.596855 3.235732 -1.398074 -4.596855 0.234880 0.863312 -0.074675 28.627595 144.858245 498.312383
