9.394189 1.321532 -0.897421 9.394189 1.321532 -0.897421 0.818564 -0.774799 -1.344211 -105.738759 299.052243 -301.224198
9.866294 0.910482 -1.758168 9.866294 0.910482 -1.758168 0.755121 -0.595368 -1.524946 -105.738759 299.052243 -301.224198
10.301958 0.611682 -2.716205 10.301958 0.611682 -2.716205 0.699801 -0.392978 -1.649928 -78.660923 375.580929 -115.382586
10.709877 0.448254 -3.711633 10.709877 0.448254 -3.711633 0.663591 -0.143863 -1.642671 -42.038088 454.803279 139.570619
11.105259 0.444696 -4.658528 11.105259 0.444696 -4.658528 0.662337 0.133497 -1.491002 37.858414 469.728698 365.994586
11.513196 0.605659 -5.476646 11.513196 0.605659 -5.476646 0.703654 0.396901 -1.218385 99.863060 408.284934 542.727431
11.955458 0.910590 -6.102387 11.955458 0.910590 -6.102387 0.774045 0.608369 -0.854749 134.774844 296.607842 669.394778
12.445346 1.319768 -6.491815 12.445346 1.319768 -6.491815 0.860915 0.740170 -0.438463 154.790994 142.728770 718.224963
12.989912 1.779338 -6.627213 12.989912 1.779338 -6.627213 0.954567 0.774690 -0.015532 157.383454 -27.662639 691.544523
13.586172 2.227325 -6.517945 13.586172 2.227325 -6.517945 1.024951 0.698857 0.369938 77.228695 -225.114617 593.353575
14.208404 2.596430 -6.197506 14.208404 2.596430 -6.197506 1.038086 0.515345 0.684315 -33.445330 -386.591181 454.571655
14.818609 2.829966 -5.714965 14.818609 2.829966 -5.714965 0.984888 0.252969 0.907703 -143.881134 -487.993484 290.055985
15.375072 2.889332 -5.130258 15.375072 2.889332 -5.130258 0.855706 -0.062711 1.021112 -286.726307 -564.275344 87.972433
15.828436 2.749567 -4.512273 15.828436 2.749567 -4.512273 0.641425 -0.404123 1.021310 -427.540804 -573.764764 -87.311772
16.130359 2.408607 -3.922959 16.130359 2.408607 -3.922959 0.355026 -0.724421 0.930141 -527.123844 -493.894728 -216.585232
16.244788 1.893049 -3.409811 16.244788 1.893049 -3.409811 0.020231 -0.980780 0.770434 -588.858691 -360.633398 -315.770239
16.151733 1.249624 -3.007672 16.151733 1.249624 -3.007672 -0.329079 -1.147375 0.564558 -575.510154 -194.686415 -370.485753
15.854411 0.536793 -2.734740 15.854411 0.536793 -2.734740 -0.655800 -1.210999 0.346693 -513.558133 -17.391578 -355.730248
15.375196 -0.181758 -2.587033 15.375196 -0.181758 -2.587033 -0.930404 -1.165542 0.151866 -401.790328 168.914040 -293.691942
14.755668 -0.839547 -2.544198 14.755668 -0.839547 -2.544198 -1.116298 -1.008534 -0.001451 -217.855102 354.447406 -217.364899
14.058996 -1.374170 -2.577880 14.058996 -1.374170 -2.577880 -1.185406 -0.762383 -0.100299 -12.505563 466.056026 -112.127145
13.358747 -1.744805 -2.652657 13.358747 -1.744805 -2.652657 -1.126680 -0.468226 -0.139648 208.259830 514.466582 -19.037953
12.733870 -1.932659 -2.734734 12.733870 -1.932659 -2.734734 -0.933505 -0.157157 -0.125378 435.657723 522.431179 66.603279
12.260419 -1.936576 -2.795933 12.260419 -1.936576 -2.795933 -0.630941 0.137996 -0.075220 572.888834 461.410004 100.592324
11.984975 -1.770725 -2.822959 11.984975 -1.770725 -2.822959 -0.287207 0.414842 -0.014864 572.888834 461.410004 100.592324
