-3.320859 2.001124 6.580898 -3.320859 2.001124 6.580898 0.213768 0.135295 1.354124 82.596369 236.037570 105.207046
-3.177730 2.124788 7.412310 -3.177730 2.124788 7.412310 0.263326 0.276917 1.417248 82.596369 236.037570 105.207046
-2.996293 2.337052 8.270180 -2.996293 2.337052 8.270180 0.355758 0.436674 1.423290 225.510835 296.485146 -85.068003
-2.734554 2.654785 9.094085 -2.734554 2.654785 9.094085 0.529525 0.626369 1.298469 353.713651 335.831248 -331.002929
-2.349367 3.089842 9.803423 -2.349367 3.089842 9.803423 0.760768 0.821801 1.049053 417.093133 315.607134 -500.383390
-1.818771 3.635672 10.335980 -1.818771 3.635672 10.335980 1.006316 0.990864 0.714794 401.400882 247.935548 -613.811770
-1.144941 4.267586 10.650899 -1.144941 4.267586 10.650899 1.236098 1.103463 0.329147 364.540198 127.397277 -671.680365
-0.342284 4.943889 10.729337 -0.342284 4.943889 10.729337 1.431729 1.136368 -0.064596 287.561617 -17.715358 -640.794133
0.562302 5.612639 10.580131 0.562302 5.612639 10.580131 1.573205 1.076328 -0.424600 184.027638 -182.417900 -559.221258
1.533818 6.216258 10.232073 1.533818 6.216258 10.232073 1.655958 0.920164 -0.723327 91.815142 -338.127865 -436.533743
2.538943 6.701131 9.729374 2.538943 6.701131 9.729374 1.686165 0.685478 -0.935881 8.872696 -444.160245 -271.982010
3.548715 7.027611 9.128758 3.548715 7.027611 9.128758 1.673869 0.394692 -1.049722 -49.859219 -525.124890 -107.487485
4.541911 7.168742 8.489038 4.541911 7.168742 8.489038 1.633201 0.073806 -1.066908 -85.700852 -544.494809 50.201592
5.507537 7.118341 7.865592 5.507537 7.118341 7.865592 1.587440 -0.236269 -0.998475 -66.833651 -489.090535 177.908066
6.451694 6.896032 7.303029 6.451694 6.896032 7.303029 1.565955 -0.492280 -0.869238 -4.784911 -364.279393 252.883373
7.393070 6.543661 6.829126 7.393070 6.543661 6.829126 1.576407 -0.668009 -0.706901 39.627540 -221.484478 288.238903
8.346048 6.102988 6.456869 8.346048 6.102988 6.456869 1.600184 -0.800900 -0.533958 39.627540 -221.484478 288.238903
