-4.904760 -2.451088 -0.552695 -4.904760 -2.451088 -0.552695 0.952858 -0.382552 0.543216 585.841446 469.534189 640.858800
-4.227594 -2.596103 -0.111410 -4.227594 -2.596103 -0.111410 1.304363 -0.100832 0.927732 585.841446 469.534189 640.858800
-3.338648 -2.569202 0.560528 -3.338648 -2.569202 0.560528 1.660252 0.195308 1.311969 600.455700 517.597195 639.931456
-2.235204 -2.358081 1.460241 -2.235204 -2.358081 1.460241 2.016579 0.509713 1.682648 587.302438 530.420803 595.665952
-0.924758 -1.959632 2.569741 -0.924758 -1.959632 2.569741 2.342879 0.813689 2.003504 500.363416 482.831091 473.855063
0.561636 -1.391682 3.846925 0.561636 -1.391682 3.846925 2.596106 1.067525 2.236754 343.727533 363.290301 303.644887
2.169992 -0.695910 5.229419 2.169992 -0.695910 5.229419 2.746450 1.234822 2.347870 157.417166 194.366940 66.740176
3.832195 0.070316 6.636303 3.832195 0.070316 6.636303 2.770891 1.303172 2.318656 -75.945047 33.463816 -164.120033
5.467081 0.849812 7.984700 5.467081 0.849812 7.984700 2.655427 1.281101 2.153910 -308.935307 -107.033871 -385.033864
6.992827 1.590458 9.196280 6.992827 1.590458 9.196280 2.410556 1.173139 1.865591 -507.301233 -252.838277 -576.028321
8.339662 2.242831 10.203700 8.339662 2.242831 10.203700 2.065255 0.991437 1.478728 -643.704162 -352.834062 -713.514125
9.456441 2.772069 10.958876 9.456441 2.772069 10.958876 1.646499 0.769167 1.032477 -752.148588 -388.068498 -773.988808
10.308341 3.165090 11.440423 10.308341 3.165090 11.440423 1.192147 0.543191 0.574976 -762.358911 -365.182791 -751.017505
10.891629 3.429438 11.655437 10.891629 3.429438 11.655437 0.760854 0.344914 0.150426 -675.282561 -295.740261 -664.149304
11.233746 3.588128 11.635708 11.233746 3.588128 11.635708 0.391460 0.192341 -0.200255 -556.031299 -212.837282 -504.785721
11.380032 3.672684 11.436463 11.380032 3.672684 11.436463 0.115319 0.101953 -0.444278 -364.438472 -88.455824 -308.623295
11.397354 3.725623 11.127590 11.397354 3.725623 11.127590 -0.034694 0.087323 -0.563223 -135.605359 39.690355 -87.860684
11.365136 3.790789 10.786389 11.365136 3.790789 10.786389 -0.051023 0.139276 -0.553199 81.176567 133.483901 121.272079
11.361988 3.901724 10.486782 11.361988 3.901724 10.486782 0.061956 0.236078 -0.428018 295.419940 189.190059 295.999927
11.462989 4.079899 10.292138 11.462989 4.079899 10.292138 0.292466 0.361963 -0.205983 472.947670 230.426525 444.115911
11.728960 4.336948 10.252366 11.728960 4.336948 10.252366 0.603037 0.492193 0.079872 562.289018 203.673179 508.735442
12.194327 4.664690 10.392372 12.194327 4.664690 10.392372 0.952071 0.593221 0.387662 601.155252 133.088226 517.230449
12.872269 5.039053 10.715642 12.872269 5.039053 10.715642 1.305223 0.645448 0.685858 576.020538 41.001043 476.756542
13.753779 5.427985 11.206473 13.753779 5.427985 11.206473 1.624299 0.641463 0.939413 487.563501 -54.284409 368.424992
14.807989 5.796149 11.827928 14.807989 5.796149 11.827928 1.876181 0.574181 1.117920 352.043656 -169.989277 226.598099
15.986993 6.106074 12.532369 15.986993 6.106074 12.532369 2.037046 0.452259 1.218387 184.173068 -236.416691 108.292909
17.232086 6.331541 13.274127 17.232086 6.331541 13.274127 2.096120 0.293743 1.239530 12.741965 -291.970336 -37.817207
18.483414 6.455207 14.003638 18.483414 6.455207 14.003638 2.060580 0.118432 1.179838 -131.211355 -292.397788 -161.153037
19.689479 6.477046 14.678990 19.689479 6.477046 14.678990 1.948528 -0.039949 1.065431 -242.293567 -235.541893 -220.206753
20.810345 6.416097 15.276664 20.810345 6.416097 15.276664 1.779960 -0.154181 0.923573 -319.601231 -145.231346 -252.653014
21.819087 6.304886 15.785139 21.819087 6.304886 15.785139 1.579675 -0.204125 0.771026 -348.015680 -21.246123 -255.836784
22.705610 6.186699 16.205057 22.705610 6.186699 16.205057 1.377668 -0.176311 0.634289 -325.338813 113.959576 -199.951615
23.476677 6.109724 16.553428 23.476677 6.109724 16.553428 1.197601 -0.066443 0.533262 -274.885918 252.267033 -136.804622
24.150680 6.120960 16.851961 24.150680 6.120960 16.851961 1.057281 0.113386 0.467179 -192.847035 347.162670 -83.472676
24.755033 6.255727 17.121391 24.755033 6.255727 17.121391 0.965055 0.342913 0.437837 -114.572775 417.927441 -14.332682
25.317097 6.537720 17.383514 25.317097 6.537720 17.383514 0.914581 0.598756 0.439237 -53.674545 434.882226 18.996220
25.858503 6.971157 17.649280 25.858503 6.971157 17.649280 0.893971 0.839209 0.444661 -15.026091 366.627663 -0.914549
26.393665 7.534385 17.914547 26.393665 7.534385 17.914547 0.892377 1.027735 0.437287 9.712537 261.790907 -23.663971
26.928746 8.190175 18.169033 26.928746 8.190175 18.169033 0.887742 1.144942 0.404954 -25.160599 128.898612 -84.114016
27.453198 8.889429 18.391827 27.453198 8.889429 18.391827 0.854321 1.167717 0.329292 -86.243561 -52.981300 -168.091849
27.947330 9.569846 18.553298 27.947330 9.569846 18.553298 0.787895 1.082548 0.199199 -135.175788 -230.915429 -265.552960
28.390914 10.167895 18.620311 28.390914 10.167895 18.620311 0.682678 0.894422 0.016334 -215.547536 -396.170311 -343.997443
28.757333 10.625869 18.565529 28.757333 10.625869 18.565529 0.531406 0.619877 -0.203378 -288.692352 -518.980292 -388.374276
29.023694 10.900699 18.373521 29.023694 10.900699 18.373521 0.355602 0.290091 -0.436775 -297.320878 -580.306718 -389.615685
29.183538 10.970298 18.041325 29.183538 10.970298 18.041325 0.177210 -0.058093 -0.670544 -297.320878 -580.306718 -389.615685
