1.245256 -1.011848 6.257758 1.245256 -1.011848 6.257758 -0.032690 -0.010707 0.575267 258.167330 -533.237329 253.382879
1.272112 -1.114255 6.648527 1.272112 -1.114255 6.648527 0.122210 -0.330650 0.727297 258.167330 -533.237329 253.382879
1.400847 -1.405381 7.124805 1.400847 -1.405381 7.124805 0.321804 -0.634356 0.850781 407.145904 -479.115409 158.228975
1.675400 -1.864265 7.654261 1.675400 -1.864265 7.654261 0.607012 -0.881976 0.898248 543.544668 -346.285225 -0.002712
2.140538 -2.445370 8.183043 2.140538 -2.445370 8.183043 0.948605 -1.037686 0.847417 595.100162 -172.750073 -169.434172
2.815447 -3.087220 8.650801 2.815447 -3.087220 8.650801 1.298807 -1.082051 0.694783 572.239404 24.867437 -339.346810
3.692715 -3.721019 8.997224 3.692715 -3.721019 8.997224 1.617054 -1.012353 0.444354 488.584332 207.459081 -495.416860
4.744042 -4.282722 9.166747 4.744042 -4.282722 9.166747 1.875949 -0.846045 0.107530 374.397907 346.900780 -627.330617
5.927984 -4.721196 9.114436 5.927984 -4.721196 9.114436 2.055494 -0.604349 -0.288411 224.087016 458.752782 -692.471254
7.192192 -4.996789 8.818213 7.192192 -4.996789 8.818213 2.142824 -0.306897 -0.696554 67.010900 532.756127 -668.007168
8.480857 -5.085806 8.284409 8.480857 -5.085806 8.284409 2.137577 0.008881 -1.075509 -84.500669 519.837391 -595.176100
9.741112 -4.992114 7.539953 9.741112 -4.992114 7.539953 2.051471 0.294746 -1.392707 -202.518183 433.044154 -462.150962
10.931881 -4.743479 6.633793 10.931881 -4.743479 6.633793 1.911657 0.523770 -1.606737 -263.526859 330.369484 -251.282157
12.029925 -4.378933 5.639566 12.029925 -4.378933 5.639566 1.745963 0.676079 -1.682279 -288.787009 177.327506 -0.523742
13.026123 -3.949999 4.641800 13.026123 -3.949999 4.641800 1.575700 0.739317 -1.624112 -278.758408 33.465277 194.415181
13.921366 -3.500385 3.702328 13.921366 -3.500385 3.702328 1.408445 0.759396 -1.507463 -278.758408 33.465277 194.415181
