-5.737896 -2.148413 -6.433263 -5.737896 -2.148413 -6.433263 0.096188 -0.954389 0.619421 -277.047508 -166.426939 194.990552
-5.730052 -2.751003 -6.026512 -5.730052 -2.751003 -6.026512 -0.070041 -1.054245 0.736415 -277.047508 -166.426939 194.990552
-5.811717 -3.403499 -5.544405 -5.811717 -3.403499 -5.544405 -0.185129 -1.104067 0.879208 -106.580269 0.354602 280.985081
-5.927123 -4.053521 -4.961449 -5.927123 -4.053521 -4.961449 -0.174802 -1.042080 1.072068 141.004538 206.266058 361.882884
-5.992846 -4.632203 -4.250736 -5.992846 -4.632203 -4.250736 -0.021311 -0.871128 1.300859 370.630902 363.574077 400.753719
-5.928000 -5.082690 -3.398950 -5.928000 -5.082690 -3.398950 0.255665 -0.619253 1.536986 552.623917 476.011149 386.334415
-5.666629 -5.364435 -2.411585 -5.666629 -5.364435 -2.411585 0.629733 -0.313020 1.746953 694.267665 544.765569 313.557070
-5.158738 -5.454491 -1.313629 -5.158738 -5.454491 -1.313629 1.071711 0.012328 1.901808 778.991660 539.727410 202.624158
-4.376342 -5.353581 -0.144518 -4.376342 -5.353581 -0.144518 1.534863 0.317976 1.981153 764.848403 479.098692 61.859746
-3.322737 -5.083692 1.044082 -3.322737 -5.083692 1.044082 1.968843 0.569762 1.962135 681.752913 360.188349 -125.251100
-2.027826 -4.686634 2.188064 -2.027826 -4.686634 2.188064 2.332346 0.737712 1.833213 529.923512 199.643641 -304.490889
-0.544604 -4.216849 3.223265 -0.544604 -4.216849 3.223265 2.592439 0.813609 1.600928 337.054512 53.346310 -469.791379
1.058450 -3.728471 4.091266 1.058450 -3.728471 4.091266 2.729273 0.798669 1.279088 119.057593 -103.145638 -603.010079
2.703129 -3.276088 4.746245 2.703129 -3.276088 4.746245 2.729131 0.695519 0.897619 -119.530010 -240.686591 -668.553324
4.306972 -2.906406 5.165035 4.306972 -2.906406 5.165035 2.596815 0.529576 0.499279 -321.525905 -312.457875 -659.245532
5.797800 -2.645849 5.350315 5.797800 -2.645849 5.350315 2.356969 0.337374 0.125617 -477.960415 -328.214535 -586.293695
7.120249 -2.502050 5.328871 7.120249 -2.502050 5.328871 2.041696 0.142707 -0.182567 -572.949056 -320.674348 -440.988179
8.239732 -2.470018 5.151714 8.239732 -2.470018 5.151714 1.685906 -0.029052 -0.388354 -613.017030 -251.858442 -244.966635
9.142913 -2.526171 4.887469 9.142913 -2.526171 4.887469 1.327997 -0.147101 -0.471026 -580.012016 -141.638426 -30.607229
9.841582 -2.633009 4.613461 9.841582 -2.633009 4.613461 1.011355 -0.197498 -0.418807 -475.460955 -26.350761 204.670591
10.370803 -2.749538 4.412174 10.370803 -2.749538 4.412174 0.766032 -0.179743 -0.230223 -342.283631 85.534471 423.941451
10.777431 -2.836035 4.360971 10.777431 -2.836035 4.360971 0.603759 -0.098658 0.077249 -198.625904 184.749041 600.965567
11.114121 -2.858936 4.521405 11.114121 -2.858936 4.521405 0.535520 0.027385 0.467383 -28.836963 235.393876 699.482156
11.438738 -2.799343 4.928984 11.438738 -2.799343 4.928984 0.560696 0.172578 0.893286 112.754578 248.582020 720.193071
11.800748 -2.652629 5.592449 11.800748 -2.652629 5.592449 0.654832 0.313842 1.314697 201.032964 222.297683 684.510004
12.232975 -2.428330 6.497842 12.232975 -2.428330 6.497842 0.791163 0.427125 1.692217 253.404349 155.312241 573.892261
12.755016 -2.150637 7.605607 12.755016 -2.150637 7.605607 0.951857 0.487618 1.982223 282.243414 46.333351 392.792008
13.374954 -1.855946 8.852980 13.374954 -1.855946 8.852980 1.111304 0.484320 2.154580 249.243842 -57.328019 181.732950
14.082128 -1.581231 10.164213 14.082128 -1.581231 10.164213 1.238491 0.422133 2.192488 174.713544 -149.962156 -55.373793
14.852086 -1.359354 11.459601 14.852086 -1.359354 11.459601 1.320395 0.310110 2.108577 98.300696 -223.448488 -224.328601
15.662018 -1.213509 12.684369 15.662018 -1.213509 12.684369 1.379375 0.176040 1.973980 98.300696 -223.448488 -224.328601
