7.711339 -5.937360 -5.753286 7.711339 -5.937360 -5.753286 0.935886 -0.513889 0.042131 -61.431391 476.669595 695.090852
8.261813 -6.159893 -5.602891 8.261813 -6.159893 -5.602891 0.899027 -0.227888 0.459186 -61.431391 476.669595 695.090852
8.794043 -6.210330 -5.199562 8.794043 -6.210330 -5.199562 0.881523 0.060589 0.889746 3.081755 484.917805 740.108194
9.327588 -6.088265 -4.532316 9.327588 -6.088265 -4.532316 0.903756 0.343673 1.334706 71.030836 458.696497 743.094648
9.889284 -5.806098 -3.603142 9.889284 -5.806098 -3.603142 0.979658 0.585882 1.753525 181.975785 348.668036 652.968422
10.513218 -5.398993 -2.443686 10.513218 -5.398993 -2.443686 1.105760 0.759161 2.094341 238.362057 228.925816 483.082065
11.222627 -4.912082 -1.112806 11.222627 -4.912082 -1.112806 1.264016 0.847555 2.320794 289.160532 65.721238 271.763368
12.033844 -4.399260 0.313822 12.033844 -4.399260 0.313822 1.441305 0.849286 2.410024 301.799616 -59.950477 25.670581
12.950678 -3.906968 1.752744 12.950678 -3.906968 1.752744 1.611023 0.780875 2.366857 263.927174 -168.087201 -169.560333
13.964799 -3.468698 3.142338 13.964799 -3.468698 3.142338 1.769379 0.680022 2.265121 263.927174 -168.087201 -169.560333
