1.588545 6.300551 7.002601 1.588545 6.300551 7.002601 2.030510 0.199743 -0.612443 -447.896243 -582.749100 526.469661
2.726229 6.315502 6.729900 2.726229 6.315502 6.729900 1.761772 -0.149906 -0.296561 -447.896243 -582.749100 526.469661
3.697674 6.123650 6.653300 3.697674 6.123650 6.653300 1.468048 -0.484622 0.052180 -531.182688 -532.970348 635.999237
4.478336 5.744517 6.803706 4.478336 5.744517 6.803706 1.126570 -0.766529 0.456870 -607.076077 -406.720646 712.968878
5.046265 5.221267 7.204066 5.046265 5.221267 7.204066 0.768627 -0.961178 0.874173 -586.069313 -242.106332 678.040038
5.407607 4.612290 7.843245 5.407607 4.612290 7.843245 0.445276 -1.049898 1.244137 -491.766253 -53.627781 555.173797
5.594368 3.982670 8.679746 5.594368 3.982670 8.679746 0.190780 -1.032216 1.527676 -356.555935 112.567056 389.955624
5.657051 3.393123 9.654383 5.657051 3.393123 9.654383 0.038823 -0.917073 1.700846 -149.966781 271.243968 187.279044
5.666501 2.898968 10.694225 5.666501 2.898968 10.694225 0.014596 -0.718002 1.741336 69.210156 392.324152 -52.312909
5.700034 2.542412 11.716177 5.700034 2.542412 11.716177 0.117710 -0.464474 1.642782 274.505001 452.769708 -276.201067
5.832104 2.344652 12.639741 5.832104 2.344652 12.639741 0.342579 -0.195680 1.415117 475.056215 443.211781 -482.682594
6.132853 2.303829 13.393618 6.132853 2.303829 13.393618 0.676072 0.054280 1.083953 636.587743 389.986485 -621.197811
6.658110 2.400823 13.927348 6.658110 2.400823 13.927348 1.083164 0.259415 0.687109 720.387374 293.797678 -701.615996
7.437780 2.601243 14.212851 7.437780 2.601243 14.212851 1.515904 0.395127 0.263782 722.077580 158.576460 -709.471148
8.473036 2.857699 14.247332 8.473036 2.857699 14.247332 1.927851 0.444453 -0.142322 651.079881 5.842629 -644.209303
9.738818 3.117458 14.053026 9.738818 3.117458 14.053026 2.277882 0.408140 -0.493622 515.691164 -126.887162 -526.790465
11.186656 3.333719 13.672199 11.186656 3.333719 13.672199 2.528715 0.303089 -0.758856 320.418897 -223.281483 -357.322277
12.748609 3.472172 13.163178 12.748609 3.472172 13.163178 2.656209 0.153073 -0.920199 104.560922 -276.771449 -180.488963
14.346300 3.512394 12.588787 14.346300 3.512394 12.588787 2.644668 -0.022007 -0.977408 -143.032634 -306.828909 -10.208550
15.895115 3.446111 12.009717 15.895115 3.446111 12.009717 2.497649 -0.195350 -0.937472 -347.031066 -270.982788 143.330544
17.321353 3.285231 11.480271 17.321353 3.285231 11.480271 2.240001 -0.332407 -0.815286 -511.793354 -185.873524 263.955574
18.565696 3.058269 11.042582 18.565696 3.058269 11.042582 1.895251 -0.414233 -0.637058 -637.373359 -86.877568 330.135658
19.585658 2.800453 10.719817 19.585658 2.800453 10.719817 1.500519 -0.434551 -0.438752 -678.401273 19.148983 330.886072
20.366127 2.548399 10.514117 20.366127 2.548399 10.514117 1.104829 -0.396914 -0.250261 -640.564115 106.309643 297.416750
20.917983 2.334903 10.413709 20.917983 2.334903 10.413709 0.741791 -0.305543 -0.090743 -569.563347 198.258193 234.308263
21.269090 2.189238 10.396140 21.269090 2.189238 10.396140 0.442820 -0.176714 0.023350 -427.006843 231.173294 146.002784
21.467972 2.123309 10.430954 21.467972 2.123309 10.430954 0.236873 -0.045572 0.083567 -259.483926 205.965643 54.720394
21.573280 2.130699 10.486184 21.573280 2.130699 10.486184 0.130638 0.066306 0.092603 -94.633212 166.961259 -24.598143
21.642956 2.195047 10.534675 21.642956 2.195047 10.534675 0.115496 0.139038 0.064626 44.161933 75.480587 -68.660936
21.727424 2.285329 10.559390 21.727424 2.285329 10.559390 0.178095 0.150692 0.014920 164.498710 -36.636043 -97.023587
21.868998 2.361709 10.552234 21.868998 2.361709 10.552234 0.302335 0.091507 -0.036513 249.636481 -160.645636 -74.421311
22.097018 2.382047 10.520445 22.097018 2.382047 10.520445 0.460538 -0.033132 -0.063590 277.705040 -254.818147 -15.835879
22.421220 2.311989 10.483165 22.421220 2.311989 10.483165 0.616623 -0.207584 -0.054472 242.579093 -326.688199 46.230958
22.831718 2.127319 10.461927 22.831718 2.127319 10.461927 0.746471 -0.410174 -0.011115 190.246870 -348.611709 98.290868
23.309657 1.820162 10.476674 23.309657 1.820162 10.476674 0.839679 -0.610854 0.066481 120.446849 -320.321684 160.363380
23.829959 1.400672 10.547566 23.829959 1.400672 10.547566 0.886018 -0.779647 0.173387 34.016553 -242.323164 195.988577
24.363963 0.896607 10.685573 24.363963 0.896607 10.685573 0.887780 -0.888333 0.284466 -28.142633 -119.964452 174.274876
24.888426 0.350874 10.884373 24.888426 0.350874 10.884373 0.855197 -0.916010 0.372788 -80.465684 27.709081 120.131039
25.386101 -0.183695 11.124034 25.386101 -0.183695 11.124034 0.802123 -0.849136 0.416689 -96.450383 195.202841 26.208770
25.850863 -0.648932 11.371721 25.850863 -0.648932 11.371721 0.748499 -0.686471 0.397195 -82.294769 347.013914 -91.191933
26.288090 -0.991269 11.585652 26.288090 -0.991269 11.585652 0.713826 -0.442846 0.302620 -33.281693 465.070364 -224.055629
26.714697 -1.169511 11.719039 26.714697 -1.169511 11.719039 0.715365 -0.145043 0.128914 38.411558 527.607267 -354.966492
27.155043 -1.161369 11.725196 27.155043 -1.161369 11.725196 0.759477 0.172517 -0.120553 108.628975 530.925380 -476.588881
27.633872 -0.966092 11.563355 27.633872 -0.966092 11.563355 0.842603 0.472074 -0.425122 168.457150 467.598817 -538.640698
28.169756 -0.598679 11.211327 28.169756 -0.598679 11.211327 0.943677 0.752633 -0.748306 168.457150 467.598817 -538.640698
