7.602706 -5.126510 -7.062059 7.602706 -5.126510 -7.062059 -1.110290 -0.079656 1.931423 197.573616 252.039415 -341.931301
6.972095 -5.128936 -5.964753 6.972095 -5.128936 -5.964753 -0.991746 0.071568 1.726264 197.573616 252.039415 -341.931301
6.422567 -5.038964 -4.999198 6.422567 -5.038964 -4.999198 -0.823424 0.231112 1.477831 363.499259 279.774056 -486.178288
6.005202 -4.849932 -4.209306 6.005202 -4.849932 -4.209306 -0.549025 0.399005 1.139648 551.163241 279.867905 -641.099225
5.782120 -4.562630 -3.644737 5.782120 -4.562630 -3.644737 -0.182709 0.554536 0.735881 669.891179 238.570337 -704.788875
5.795688 -4.192937 -3.328985 5.795688 -4.192937 -3.328985 0.232293 0.667826 0.318434 713.448883 139.061655 -686.702488
6.061404 -3.774528 -3.256183 6.061404 -3.774528 -3.256183 0.649957 0.714672 -0.066849 678.763097 17.093932 -597.572898
6.566804 -3.350056 -3.394747 6.566804 -3.350056 -3.394747 1.023457 0.687888 -0.379851 566.239108 -106.374999 -445.768167
7.272546 -2.965434 -3.690578 7.272546 -2.965434 -3.690578 1.311922 0.579245 -0.585722 395.310979 -255.768459 -240.466941
8.118105 -2.669443 -4.071327 8.118105 -2.669443 -4.071327 1.485358 0.398199 -0.660163 182.808268 -347.717680 -7.670554
9.028293 -2.496260 -4.455052 9.028293 -2.496260 -4.455052 1.525381 0.173829 -0.595997 -49.398207 -400.183224 221.557778
9.921054 -2.464859 -4.760599 9.921054 -2.464859 -4.760599 1.427865 -0.070595 -0.402209 -275.654458 -414.562514 424.401799
10.716297 -2.579000 -4.915729 10.716297 -2.579000 -4.915729 1.203176 -0.305150 -0.098553 -473.309687 -367.288692 587.785541
11.344343 -2.820791 -4.863456 11.344343 -2.820791 -4.863456 0.875875 -0.488468 0.282134 -617.693227 -243.769160 681.169954
11.754653 -3.149853 -4.570588 11.754653 -3.149853 -4.570588 0.485105 -0.595242 0.695722 -684.875446 -112.147038 697.457660
11.922914 -3.516186 -4.031186 11.922914 -3.516186 -4.031186 0.076558 -0.607536 1.096328 -676.945548 71.166723 637.893391
11.850581 -3.857222 -3.264668 11.850581 -3.857222 -3.264668 -0.311697 -0.511456 1.448564 -617.237435 249.102236 536.226452
11.560124 -4.110670 -2.308156 11.560124 -4.110670 -2.308156 -0.643720 -0.319059 1.724569 -489.508168 392.219659 383.789794
11.097435 -4.223221 -1.216559 11.097435 -4.223221 -1.216559 -0.879152 -0.042305 1.893709 -295.265554 530.293476 180.013271
10.525527 -4.150128 -0.056979 10.525527 -4.150128 -0.056979 -1.012658 0.290988 1.956476 -149.754420 580.684767 29.207094
9.890976 -3.871012 1.122163 9.890976 -3.871012 1.122163 -1.102511 0.639399 1.974000 -149.754420 580.684767 29.207094
