-2.405755 4.008173 -2.786610 -2.405755 4.008173 -2.786610 2.155117 0.015569 -0.054613 260.746620 -167.231614 -3.404019
-1.065751 3.987412 -2.819990 -1.065751 3.987412 -2.819990 2.311565 -0.084770 -0.056655 260.746620 -167.231614 -3.404019
0.358332 3.911491 -2.851330 0.358332 3.911491 -2.851330 2.419059 -0.159897 -0.042365 97.569009 -83.193709 51.038735
1.816000 3.809388 -2.863707 1.816000 3.809388 -2.863707 2.420952 -0.165762 0.007531 -91.260344 63.645548 115.281479
3.243453 3.729407 -2.835911 3.243453 3.729407 -2.835911 2.322739 -0.087473 0.089334 -236.116438 197.316580 157.392639
4.588794 3.718798 -2.752790 4.588794 3.718798 -2.752790 2.152062 0.062705 0.189720 -332.807071 303.277177 177.229765
5.817323 3.816586 -2.607416 5.817323 3.816586 -2.607416 1.938361 0.272548 0.294258 -379.529145 396.199086 171.227890
6.912032 4.052151 -2.403887 6.912032 4.052151 -2.403887 1.710683 0.513870 0.377766 -379.398620 408.208118 107.133453
7.872581 4.432113 -2.163735 7.872581 4.432113 -2.163735 1.495200 0.749605 0.413087 -338.877647 377.574910 10.604582
8.713468 4.945862 -1.920813 8.713468 4.945862 -1.920813 1.315698 0.956264 0.385250 -259.462707 311.289730 -103.396217
9.462203 5.566599 -1.715143 9.462203 5.566599 -1.715143 1.190120 1.097771 0.288870 -159.130529 160.398752 -217.871049
10.152626 6.244042 -1.589014 10.152626 6.244042 -1.589014 1.119614 1.143552 0.118269 -75.888520 -7.793180 -350.799415
10.814544 6.918667 -1.586316 10.814544 6.918667 -1.586316 1.093131 1.088358 -0.117806 -12.389481 -176.187201 -436.115863
11.470799 7.529714 -1.737878 11.470799 7.529714 -1.737878 1.098729 0.931373 -0.391366 31.051706 -347.096587 -475.751013
12.136787 8.018059 -2.058066 12.136787 8.018059 -2.058066 1.123165 0.683111 -0.675480 50.402055 -480.443340 -471.294610
12.817370 8.336579 -2.543401 12.817370 8.336579 -2.543401 1.141465 0.370509 -0.934328 10.595110 -561.564512 -391.533613
13.500545 8.455982 -3.166330 13.500545 8.455982 -3.166330 1.129768 0.024469 -1.128527 -49.583880 -591.902136 -255.794857
14.166500 8.367125 -3.879625 14.166500 8.367125 -3.879625 1.085113 -0.315653 -1.232685 -99.264718 -541.836214 -91.399556
14.795832 8.086421 -4.622873 14.795832 8.086421 -4.622873 1.006215 -0.609667 -1.223451 -163.729726 -438.213208 122.178730
15.366507 7.651870 -5.322121 15.366507 7.651870 -5.322121 0.890063 -0.821954 -1.085990 -223.443076 -269.407415 336.026693
15.860147 7.120540 -5.901899 15.860147 7.120540 -5.901899 0.755108 -0.931920 -0.827720 -226.407798 -97.146308 524.873606
16.273668 6.555322 -6.295112 16.273668 6.555322 -6.295112 0.625312 -0.933106 -0.468084 -206.245920 93.191397 673.911837
16.615039 6.023376 -6.449993 16.615039 6.023376 -6.449993 0.518106 -0.821475 -0.040415 -151.105878 278.911795 751.652416
16.905199 5.588802 -6.337957 16.905199 5.588802 -6.337957 0.459919 -0.613596 0.415515 -42.852974 414.020136 768.114040
17.181365 5.300593 -5.953906 17.181365 5.300593 -5.953906 0.473846 -0.338058 0.858790 89.276437 504.439963 709.468180
17.489611 5.189911 -5.318733 17.489611 5.189911 -5.318733 0.566759 -0.028627 1.245447 220.434769 526.994016 579.389397
17.877320 5.264535 -4.479270 17.877320 5.264535 -4.479270 0.738898 0.272277 1.532601 353.360585 476.020356 377.790700
18.389846 5.507335 -3.505419 18.389846 5.507335 -3.505419 0.978823 0.526640 1.690718 446.391792 371.856152 149.266409
19.060676 5.882473 -2.477734 19.060676 5.882473 -2.477734 1.262588 0.710854 1.712206 499.489217 242.191468 -77.640036
19.907900 6.342545 -1.477525 19.907900 6.342545 -1.477525 1.561097 0.805996 1.599927 495.543380 74.949194 -296.625492
20.929165 6.829328 -0.582591 20.929165 6.829328 -0.582591 1.835468 0.799438 1.363801 419.024626 -96.811229 -490.458264
22.098184 7.282538 0.140461 22.098184 7.282538 0.140461 2.048455 0.696219 1.034797 290.931856 -247.251124 -606.223147
23.369287 7.649742 0.649918 23.369287 7.649742 0.649918 2.171326 0.517756 0.659555 118.638123 -347.625464 -644.582342
24.680431 7.894326 0.930537 24.680431 7.894326 0.930537 2.177474 0.291694 0.277363 -98.145266 -405.913931 -629.391556
25.956010 7.995505 0.989118 25.956010 7.995505 0.989118 2.052394 0.044283 -0.073007 -318.786722 -418.791243 -538.509492
27.118567 7.950730 0.857510 27.118567 7.950730 0.857510 1.803633 -0.186804 -0.350473 -510.416802 -351.498629 -386.375162
28.099404 7.781376 0.589886 28.099404 7.781376 0.589886 1.450045 -0.367709 -0.521262 -668.209998 -251.516623 -182.921597
28.843544 7.521027 0.253473 28.843544 7.521027 0.253473 1.021073 -0.490875 -0.584664 -761.696720 -159.038001 -28.418564
29.319082 7.197875 -0.102440 29.319082 7.197875 -0.102440 0.564055 -0.586298 -0.601715 -761.696720 -159.038001 -28.418564
