3.325757 3.285278 -11.574394 3.325757 3.285278 -11.574394 1.242426 0.672028 0.333755 -440.139164 -517.181697 670.503571
3.991988 3.595401 -11.253450 3.991988 3.595401 -11.253450 0.978342 0.361719 0.736057 -440.139164 -517.181697 670.503571
4.500177 3.721685 -10.698838 4.500177 3.721685 -10.698838 0.716303 0.063137 1.099797 -433.324187 -478.089203 541.961460
4.856404 3.681168 -9.951949 4.856404 3.681168 -9.951949 0.478529 -0.185437 1.372264 -359.257510 -350.492116 366.263835
5.087002 3.517455 -9.074848 5.087002 3.517455 -9.074848 0.303708 -0.342539 1.531095 -223.478397 -173.181309 163.172249
5.238558 3.290786 -8.138329 5.238558 3.290786 -8.138329 0.217406 -0.396315 1.571453 -64.195346 -6.072526 -28.644749
5.369187 3.060560 -7.210055 5.369187 3.060560 -7.210055 0.237594 -0.356678 1.507055 131.489150 138.197581 -186.014910
5.547024 2.879888 -6.346569 5.547024 2.879888 -6.346569 0.374548 -0.231465 1.359127 325.025436 279.178220 -307.079006
5.840328 2.796925 -5.590993 5.840328 2.796925 -5.590993 0.619919 -0.035634 1.151749 492.877694 373.592372 -384.181448
6.307964 2.843806 -4.969810 6.307964 2.843806 -4.969810 0.950477 0.193592 0.917669 608.980618 390.492070 -396.083818
6.992267 3.027956 -4.488162 6.992267 3.027956 -4.488162 1.337869 0.416419 0.691726 682.326145 352.264782 -357.060956
7.916367 3.337330 -4.132905 7.916367 3.337330 -4.132905 1.740065 0.608358 0.499950 658.328006 287.531915 -282.192172
9.073516 3.747551 -3.877550 9.073516 3.747551 -3.877550 2.108114 0.748127 0.361536 568.501333 178.365486 -179.187404
10.440714 4.228533 -3.692882 10.440714 4.228533 -3.692882 2.449215 0.855146 0.254024 568.501333 178.365486 -179.187404
