5.072424 6.140768 6.861893 5.072424 6.140768 6.861893 1.378162 0.801680 0.076044 -523.749859 -569.532723 -509.293969
5.805047 6.519260 6.815846 5.805047 6.519260 6.815846 1.063912 0.459960 -0.229533 -523.749859 -569.532723 -509.293969
6.349642 6.693445 6.597278 6.349642 6.693445 6.597278 0.752278 0.121866 -0.480988 -515.030773 -557.448355 -328.891049
6.712728 6.670392 6.264689 6.712728 6.670392 6.264689 0.465383 -0.191764 -0.602302 -441.286148 -487.984464 -75.487548
6.919422 6.476611 5.903752 6.919422 6.476611 5.903752 0.235092 -0.438980 -0.577435 -326.351071 -336.069890 158.375631
7.012413 6.162229 5.597924 7.012413 6.162229 5.597924 0.092677 -0.593129 -0.421779 -148.363221 -177.760455 360.480051
7.053264 5.784750 5.420726 7.053264 5.784750 5.420726 0.063406 -0.647809 -0.150577 50.791376 -4.505669 543.523780
7.112714 5.405075 5.434578 7.112714 5.405075 5.434578 0.155200 -0.601405 0.207355 255.190355 159.185447 649.582729
7.263198 5.081055 5.678213 7.263198 5.081055 5.678213 0.365462 -0.465045 0.608593 445.681490 295.347943 687.878781
7.572085 4.859410 6.164890 7.572085 4.859410 6.164890 0.679807 -0.266737 1.009837 602.135275 365.681032 649.601096
8.093224 4.767344 6.881416 8.093224 4.767344 6.881416 1.065442 -0.036565 1.368075 683.316106 401.558933 544.525942
8.855823 4.816107 7.789794 8.855823 4.816107 7.789794 1.477114 0.196481 1.642381 688.923684 375.258199 369.828302
9.863053 4.996119 8.830684 9.863053 4.996119 8.830684 1.875248 0.394517 1.808736 638.187032 284.864738 184.688815
11.094793 5.278133 9.937106 11.094793 5.278133 9.937106 2.216745 0.535580 1.859231 500.139136 185.343446 -16.372985
12.503323 5.625283 11.038411 12.503323 5.625283 11.038411 2.459118 0.608983 1.792976 307.770354 59.332538 -204.479354
14.020450 5.992512 12.067857 14.020450 5.992512 12.067857 2.575067 0.600384 1.622625 78.726817 -87.994350 -363.354851
15.565846 6.331028 12.970151 15.565846 6.331028 12.970151 2.553228 0.518208 1.375225 -151.524976 -185.925073 -461.312255
17.057351 6.604576 13.709690 17.057351 6.604576 13.709690 2.396527 0.387101 1.085636 -370.812192 -251.100848 -503.985910
18.416691 6.789530 14.270302 18.416691 6.789530 14.270302 2.114892 0.225901 0.782985 -567.969127 -286.230907 -504.848085
19.575971 6.875645 14.653234 19.575971 6.875645 14.653234 1.737001 0.064640 0.500143 -691.668100 -251.305088 -437.960292
20.490277 6.872260 14.880699 20.490277 6.872260 14.880699 1.305031 -0.070812 0.268430 -748.232076 -200.202416 -334.415781
21.140935 6.799390 14.988352 21.140935 6.799390 14.988352 0.867695 -0.162669 0.101726 -709.555872 -105.987341 -221.264229
21.538705 6.689168 15.015585 21.538705 6.689168 15.015585 0.466331 -0.193976 -0.000906 -628.322363 1.631591 -120.843021
21.713510 6.578965 14.999464 21.713510 6.578965 14.999464 0.129857 -0.163551 -0.042538 -493.257244 99.784347 -17.931273
21.714090 6.503112 14.974875 21.714090 6.503112 14.974875 -0.108838 -0.082097 -0.032490 -302.393930 171.728168 51.426692
21.605340 6.488141 14.966143 21.605340 6.488141 14.966143 -0.235358 0.037817 0.005892 -119.338542 227.985542 76.512959
21.454589 6.551542 14.982385 21.454589 6.551542 14.982385 -0.247238 0.172980 0.046470 79.738333 222.558236 58.748056
21.327948 6.691897 15.019292 21.327948 6.691897 15.019292 -0.162649 0.289047 0.073970 202.224544 164.330163 32.917216
21.266759 6.894905 15.069599 21.266759 6.894905 15.069599 -0.041314 0.387645 0.093720 202.224544 164.330163 32.917216
