-7.033837 2.589602 7.593637 -7.033837 2.589602 7.593637 1.967893 -0.397518 0.097251 -382.550852 135.414874 -1.706324
-5.921961 2.375466 7.651680 -5.921961 2.375466 7.651680 1.738362 -0.316269 0.096227 -382.550852 135.414874 -1.706324
-4.948263 2.214706 7.706673 -4.948263 2.214706 7.706673 1.506532 -0.211887 0.083024 -390.217176 212.523738 -42.303656
-4.113022 2.129299 7.744439 -4.113022 2.129299 7.744439 1.280207 -0.067018 0.035475 -364.199073 270.372317 -116.193303
-3.405169 2.137959 7.738814 -3.405169 2.137959 7.738814 1.088109 0.096223 -0.064218 -276.127482 273.766849 -216.115677
-2.796004 2.242760 7.656295 -2.796004 2.242760 7.656295 0.952447 0.249426 -0.219324 -176.078234 236.908393 -300.903103
-2.249799 2.429637 7.466489 -2.249799 2.429637 7.466489 0.878950 0.364461 -0.420115 -68.911045 146.541637 -368.402920
-1.729139 2.666548 7.147315 -1.729139 2.666548 7.147315 0.866072 0.411671 -0.645116 25.981545 10.824313 -381.600510
-1.201499 2.907941 6.692967 -1.201499 2.907941 6.692967 0.898262 0.380376 -0.867029 81.320760 -115.139554 -358.106652
-0.645587 3.106569 6.112165 -0.645587 3.106569 6.112165 0.958642 0.266930 -1.062519 119.945882 -263.013995 -293.528091
-0.048962 3.212513 5.429184 -0.048962 3.212513 5.429184 1.029853 0.074764 -1.201809 117.424262 -377.538341 -170.772693
0.587987 3.185695 4.686908 0.587987 3.185695 4.686908 1.089815 -0.170355 -1.256527 82.446938 -439.527770 -11.619208
1.253537 3.002645 3.941557 1.253537 3.002645 3.941557 1.123387 -0.442681 -1.210218 29.461618 -468.226033 165.982542
1.928784 2.654745 3.256278 1.928784 2.654745 3.256278 1.120617 -0.713669 -1.055752 -38.694801 -435.067100 348.903431
2.590924 2.154460 2.694737 2.590924 2.154460 2.694737 1.081076 -0.943566 -0.800873 -93.109039 -331.253806 500.693156
3.221211 1.537643 2.311117 3.221211 1.537643 2.311117 1.017216 -1.097579 -0.466563 -119.756964 -182.122598 613.673386
3.809572 0.856720 2.144380 3.809572 0.856720 2.144380 0.943299 -1.154820 -0.084659 -126.635382 -8.682502 659.340607
4.354925 0.173103 2.211156 4.354925 0.173103 2.211156 0.878156 -1.105840 0.305394 -90.505280 171.950937 640.837213
4.870216 -0.449333 2.503909 4.870216 -0.449333 2.503909 0.847296 -0.952086 0.660724 -12.363870 340.561248 543.594501
5.383264 -0.951080 2.989528 5.383264 -0.951080 2.989528 0.874358 -0.706733 0.943571 102.572189 477.282002 399.227957
5.932928 -1.284389 3.614696 5.932928 -1.284389 3.614696 0.968828 -0.396266 1.118928 212.327059 557.607900 185.295588
6.559149 -1.420272 4.306004 6.559149 -1.420272 4.306004 1.129754 -0.054162 1.163097 324.091586 582.737457 -38.064283
7.301780 -1.351416 4.983032 7.301780 -1.351416 4.983032 1.356421 0.277786 1.070365 431.466424 523.755974 -271.041745
8.196875 -1.096735 5.564627 8.196875 -1.096735 5.564627 1.633194 0.560704 0.848556 491.110444 419.304492 -468.321684
9.265332 -0.694674 5.979239 9.265332 -0.694674 5.979239 1.928562 0.763107 0.516446 493.450529 255.371911 -638.711517
10.507579 -0.201909 6.169138 10.507579 -0.201909 6.169138 2.206076 0.861002 0.108213 431.595715 70.945881 -722.067412
11.902376 0.316886 6.104077 11.902376 0.316886 6.104077 2.432353 0.850684 -0.325110 322.659391 -105.338661 -722.339886
13.410053 0.797361 5.782755 13.410053 0.797361 5.782755 2.576883 0.732611 -0.739685 159.107000 -288.236921 -659.578341
14.973437 1.177152 5.227617 14.973437 1.177152 5.227617 2.615420 0.520203 -1.098451 -30.647691 -419.791502 -536.308962
16.524199 1.408672 4.483707 16.524199 1.408672 4.483707 2.532164 0.243128 -1.361754 -246.875150 -503.790742 -341.368538
17.986697 1.463558 3.617818 17.986697 1.463558 3.617818 2.322223 -0.060689 -1.503522 -452.925529 -508.933563 -131.189813
19.289633 1.338759 2.704790 19.289633 1.338759 2.704790 2.006113 -0.349935 -1.518743 -600.774551 -455.219079 80.452569
20.378466 1.052421 1.820432 20.378466 1.052421 1.820432 1.612170 -0.595254 -1.408436 -712.370043 -362.510364 287.237309
21.214978 0.638923 1.036929 21.214978 0.638923 1.036929 1.171932 -0.768233 -1.186817 -755.091145 -214.086427 451.493400
21.785302 0.148613 0.411952 21.785302 0.148613 0.411952 0.734282 -0.850856 -0.886699 -703.739599 -61.326017 548.898414
22.105983 -0.363299 -0.018839 22.105983 -0.363299 -0.018839 0.345963 -0.839451 -0.545223 -590.659037 99.343807 589.356874
22.217599 -0.840422 -0.241468 22.217599 -0.840422 -0.241468 0.043350 -0.736514 -0.199505 -418.049814 243.778689 563.035505
22.181241 -1.232743 -0.264852 22.181241 -1.232743 -0.264852 -0.143073 -0.561711 0.113176 -203.360190 338.897561 479.235329
22.073130 -1.506132 -0.117700 22.073130 -1.506132 -0.117700 -0.193403 -0.345191 0.365637 35.593582 382.838456 362.299919
21.977525 -1.645095 0.158311 21.977525 -1.645095 0.158311 -0.101897 -0.119285 0.540095 269.424754 370.179694 219.226353
21.975510 -1.653137 0.514032 21.975510 -1.653137 0.514032 0.112891 0.087306 0.632647 446.534633 318.456888 89.281882
22.123620 -1.543431 0.909691 22.123620 -1.543431 0.909691 0.380811 0.278380 0.686216 446.534633 318.456888 89.281882
