12.339823 -2.727854 -7.222403 12.339823 -2.727854 -7.222403 1.264324 0.799455 0.937028 -761.317030 227.731900 34.790652
12.961381 -2.207189 -6.653924 12.961381 -2.207189 -6.653924 0.807534 0.936094 0.957902 -761.317030 227.731900 34.790652
13.307424 -1.610174 -6.069356 13.307424 -1.610174 -6.069356 0.343544 1.044565 0.996600 -785.317408 133.836437 94.202732
13.375304 -0.967375 -5.449906 13.375304 -0.967375 -5.449906 -0.112092 1.084713 1.075787 -733.467526 -0.010076 169.752068
13.182910 -0.325489 -4.773288 13.182910 -0.325489 -4.773288 -0.517746 1.040011 1.180595 -618.714231 -148.995322 179.611071
12.772180 0.263840 -4.031614 12.772180 0.263840 -4.031614 -0.832542 0.911319 1.293296 -430.604860 -279.977188 196.056630
12.208396 0.753516 -3.223219 12.208396 0.753516 -3.223219 -1.024657 0.709734 1.396566 -209.777762 -391.975975 148.176575
11.569351 1.104642 -2.362966 11.569351 1.104642 -2.362966 -1.082977 0.453758 1.463680 15.376609 -461.275126 75.538646
10.934658 1.294151 -1.477888 10.934658 1.294151 -1.477888 -1.012123 0.178408 1.475366 220.803115 -456.558455 -36.585945
10.377477 1.321273 -0.607131 10.377477 1.321273 -0.607131 -0.827895 -0.084238 1.414029 393.291057 -418.927118 -167.871034
9.958472 1.202757 0.203186 9.958472 1.202757 0.203186 -0.557226 -0.298429 1.273889 508.938405 -295.044450 -299.263151
9.718586 0.979602 0.907348 9.718586 0.979602 0.907348 -0.237656 -0.430400 1.062812 556.294499 -144.859521 -404.326608
9.675863 0.705418 1.467960 9.675863 0.705418 1.467960 0.094808 -0.466665 0.798734 551.920966 23.977898 -475.933891
9.826554 0.442250 1.859801 9.826554 0.442250 1.859801 0.398260 -0.389705 0.504520 459.586134 232.555980 -504.779525
10.141485 0.257899 2.073796 10.141485 0.257899 2.073796 0.640260 -0.212111 0.212368 347.080298 359.422046 -469.059625
10.588116 0.195328 2.116786 10.588116 0.195328 2.116786 0.848508 0.003542 -0.069068 347.080298 359.422046 -469.059625
