-6.402110 -1.003063 -6.507896 -6.402110 -1.003063 -6.507896 -1.342956 0.401586 -0.277774 300.825211 -123.877667 -432.524303
-7.153734 -0.784409 -6.752415 -7.153734 -0.784409 -6.752415 -1.162460 0.327259 -0.537289 300.825211 -123.877667 -432.524303
-7.787484 -0.605667 -7.143258 -7.787484 -0.605667 -7.143258 -0.934074 0.276356 -0.749881 460.464389 -45.799997 -276.115664
-8.253922 -0.440964 -7.629195 -8.253922 -0.440964 -7.629195 -0.602184 0.284542 -0.847090 645.834784 73.085201 -47.915944
-8.494031 -0.251623 -8.132637 -8.494031 -0.251623 -8.132637 -0.189928 0.355699 -0.808654 728.351398 164.106891 176.034942
-8.476840 -0.005566 -8.572734 -8.476840 -0.005566 -8.572734 0.247308 0.469654 -0.635988 729.100361 215.740620 399.519411
-8.200189 0.316172 -8.871392 -8.200189 0.316172 -8.871392 0.669908 0.604662 -0.341170 679.569027 234.287989 583.206236
-7.683171 0.719697 -8.963187 -7.683171 0.719697 -8.963187 1.041401 0.738011 0.048403 558.740890 210.207421 715.371762
-6.968571 1.195535 -8.800802 -6.968571 1.195535 -8.800802 1.322575 0.840111 0.500509 378.505190 130.125466 791.646392
-6.118021 1.717318 -8.359077 -6.118021 1.717318 -8.359077 1.494048 0.889656 0.970116 193.069403 35.024469 773.710806
-5.198146 2.249742 -7.643382 -5.198146 2.249742 -7.643382 1.553359 0.872299 1.406127 4.636076 -92.878229 679.661407
-4.275083 2.748368 -6.687092 -4.275083 2.748368 -6.687092 1.507209 0.776397 1.765300 -158.468648 -226.797842 517.579968
-3.407061 3.168624 -5.546392 -3.407061 3.168624 -5.546392 1.373232 0.616525 2.017626 -288.121343 -306.107115 323.505920
-2.639817 3.480006 -4.290812 -2.639817 3.480006 -4.290812 1.176189 0.415690 2.145599 -368.689561 -363.343599 103.072384
-2.001136 3.662358 -2.998287 -2.001136 3.662358 -2.998287 0.951635 0.189385 2.140503 -379.825463 -391.004966 -120.058682
-1.496295 3.707998 -1.748078 -1.496295 3.707998 -1.748078 0.734883 -0.033271 2.006059 -342.680699 -351.181912 -328.087931
-1.113373 3.631325 -0.612155 -1.113373 3.631325 -0.612155 0.547649 -0.211469 1.765918 -281.432487 -242.813311 -472.381301
-0.829491 3.468254 0.357919 -0.829491 3.468254 0.357919 0.408541 -0.319574 1.460251 -182.258871 -117.534949 -546.509859
-0.610314 3.264989 1.133973 -0.610314 3.264989 1.133973 0.333479 -0.341917 1.123717 -67.947728 43.058600 -575.269496
-0.417131 3.078037 1.707330 -0.417131 3.078037 1.707330 0.319341 -0.263840 0.791934 20.820923 217.196836 -530.673969
-0.217294 2.966419 2.093089 -0.217294 2.966419 2.093089 0.354256 -0.095571 0.504127 95.561192 343.700216 -428.684951
0.015324 2.978265 2.326838 0.015324 2.978265 2.326838 0.425908 0.147261 0.289099 143.278767 465.738566 -288.074990
0.296188 3.154161 2.457286 0.296188 3.154161 2.457286 0.509519 0.445237 0.160468 135.425136 527.516930 -140.693027
0.624521 3.515350 2.536763 0.624521 3.515350 2.536763 0.582000 0.757215 0.118654 106.179218 512.409112 1.314162
0.990231 4.056898 2.616168 0.990231 4.056898 2.616168 0.632694 1.039587 0.159323 62.800751 428.829955 134.248328
1.377172 4.750581 2.740962 1.377172 4.750581 2.740962 0.650478 1.260594 0.265050 -3.523691 307.861355 218.173223
1.762801 5.552777 2.941718 1.762801 5.552777 2.941718 0.628249 1.397432 0.408226 -70.573193 148.263726 259.082313
2.125258 6.405765 3.234466 2.125258 6.405765 3.234466 0.576956 1.425595 0.569563 -100.400589 -54.387863 278.706555
2.453617 7.239821 3.623631 2.453617 7.239821 3.623631 0.518002 1.335411 0.723088 -96.112669 -246.224322 233.044665
2.749853 7.987288 4.094671 2.749853 7.987288 4.094671 0.474010 1.140381 0.839107 -50.527367 -403.874472 153.684035
3.028275 8.592113 4.621496 3.028275 8.592113 4.621496 0.459247 0.864521 0.909810 1.315530 -515.660199 81.993545
3.304060 9.018006 5.182141 3.304060 9.018006 5.182141 0.460036 0.555125 0.959006 1.315530 -515.660199 81.993545
