3.403527 -1.754454 -5.255627 3.403527 -1.754454 -5.255627 0.167630 -0.229616 -0.140826 -6.853489 -493.599201 366.855395
3.502872 -1.981071 -5.274088 3.502872 -1.981071 -5.274088 0.163518 -0.525776 0.079287 -6.853489 -493.599201 366.855395
3.597656 -2.379459 -5.158533 3.597656 -2.379459 -5.158533 0.148940 -0.792304 0.309144 -41.738717 -394.828037 399.333202
3.678223 -2.916023 -4.903529 3.678223 -2.916023 -4.903529 0.117475 -0.979766 0.536935 -63.147198 -230.045163 359.969588
3.738459 -3.535366 -4.521184 3.738459 -3.535366 -4.521184 0.085177 -1.068172 0.729863 -44.512551 -64.642498 283.124811
3.784572 -4.175895 -4.040223 3.784572 -4.175895 -4.040223 0.073563 -1.046904 0.860142 5.799810 135.537735 151.138376
3.833556 -4.767998 -3.507096 3.833556 -4.767998 -3.507096 0.096056 -0.907373 0.900009 69.176637 329.565665 -18.248492
3.908172 -5.245818 -2.980548 3.908172 -5.245818 -2.980548 0.160215 -0.673222 0.838196 144.687986 450.936306 -187.795052
4.034084 -5.562721 -2.521578 4.034084 -5.562721 -2.521578 0.265720 -0.373353 0.674797 206.994081 548.626942 -356.867073
4.232946 -5.686137 -2.190225 4.232946 -5.686137 -2.190225 0.400776 -0.034959 0.414229 243.192700 579.354168 -511.694177
4.516939 -5.605484 -2.039128 4.516939 -5.605484 -2.039128 0.545451 0.299372 0.080536 239.059049 535.081425 -600.616926
4.884203 -5.336065 -2.101271 4.884203 -5.336065 -2.101271 0.673704 0.587826 -0.291601 188.448918 426.432751 -639.839185
5.317234 -4.914777 -2.389044 5.317234 -4.914777 -2.389044 0.761210 0.802862 -0.663707 103.237365 290.352931 -600.514311
5.785658 -4.390585 -2.888094 5.785658 -4.390585 -2.888094 0.788729 0.928127 -0.987681 -11.504894 127.198759 -479.399416
6.247206 -3.820941 -3.557360 6.247206 -3.820941 -3.557360 0.733734 0.953806 -1.227150 -171.813183 -41.604262 -318.830908
6.647906 -3.265763 -4.338280 6.647906 -3.265763 -4.338280 0.587577 0.880759 -1.354646 -315.375842 -201.884571 -106.154630
6.936480 -2.780427 -5.155626 6.936480 -2.780427 -5.155626 0.362328 0.725728 -1.345593 -435.455633 -314.886586 136.330449
7.069183 -2.404304 -5.924569 7.069183 -2.404304 -5.924569 0.069495 0.523625 -1.194426 -540.653983 -358.789819 367.559286
7.011298 -2.155921 -6.563749 7.011298 -2.155921 -6.563749 -0.266219 0.302303 -0.917318 -578.394187 -378.948047 556.135388
6.749562 -2.040305 -7.005619 6.749562 -2.040305 -7.005619 -0.602724 0.087158 -0.541550 -543.288816 -338.205064 696.424575
6.295189 -2.042290 -7.199851 6.295189 -2.042290 -7.199851 -0.903430 -0.082777 -0.096987 -459.063104 -228.242664 785.451608
5.679469 -2.126199 -7.116835 5.679469 -2.126199 -7.116835 -1.134019 -0.185521 0.373418 -309.567953 -114.237360 782.565622
4.955967 -2.251504 -6.757240 4.955967 -2.251504 -6.757240 -1.256600 -0.221212 0.816370 -99.035653 -4.734447 693.939816
4.197531 -2.378070 -6.150792 4.197531 -2.378070 -6.150792 -1.249270 -0.188984 1.191318 123.469758 112.160661 555.887918
3.483234 -2.464834 -5.347736 3.483234 -2.464834 -5.347736 -1.109985 -0.089501 1.465875 340.813300 219.451361 359.303148
2.890248 -2.476252 -4.416709 2.890248 -2.476252 -4.416709 -0.847206 0.056079 1.615594 535.115793 265.813447 139.759979
2.487102 -2.394764 -3.434183 2.487102 -2.394764 -3.434183 -0.481852 0.215537 1.639514 682.733143 265.713989 -60.025852
2.326618 -2.220348 -2.472810 2.326618 -2.220348 -2.472810 -0.043535 0.361292 1.545843 778.321496 220.135847 -252.213247
2.440261 -1.968569 -1.599416 2.440261 -1.968569 -1.599416 0.421791 0.470272 1.350951 772.765222 143.130081 -397.425463
2.828214 -1.666722 -0.866270 2.828214 -1.666722 -0.866270 0.864355 0.525754 1.083057 702.448024 41.811784 -495.553610
3.465278 -1.349933 -0.307109 3.465278 -1.349933 -0.307109 1.245875 0.519891 0.778352 569.287894 -61.354574 -520.131305
4.302978 -1.054720 0.069344 4.302978 -1.054720 0.069344 1.525964 0.454693 0.481602 364.339238 -155.972454 -469.034306
5.269518 -0.814005 0.280208 5.269518 -0.814005 0.280208 1.671473 0.340976 0.231825 120.693937 -223.084964 -363.557427
6.283445 -0.649970 0.360215 6.283445 -0.649970 0.360215 1.690477 0.205151 0.045454 -57.349688 -229.665643 -257.677939
7.287408 -0.568219 0.341105 7.287408 -0.568219 0.341105 1.656067 0.067351 -0.109153 -57.349688 -229.665643 -257.677939
