-11.526614 6.736717 10.156491 -11.526614 6.736717 10.156491 1.522414 0.638973 0.388059 554.444166 -565.861801 -200.341790
-10.513365 7.018245 10.353265 -10.513365 7.018245 10.353265 1.855081 0.299456 0.267854 554.444166 -565.861801 -200.341790
-9.310812 7.097403 10.474539 -9.310812 7.097403 10.474539 2.136271 -0.033363 0.130766 382.856990 -543.534916 -256.616528
-7.973791 6.984762 10.503488 -7.973791 6.984762 10.503488 2.297704 -0.333419 -0.039805 155.251537 -456.652018 -311.955659
-6.579420 6.711214 10.423077 -6.579420 6.711214 10.423077 2.329873 -0.563906 -0.228858 -48.022342 -311.636192 -318.218952
-5.201032 6.326833 10.231459 -5.201032 6.326833 10.231459 2.246600 -0.700601 -0.404911 -229.554147 -144.015076 -268.625425
-3.903149 5.890091 9.944966 -3.903149 5.890091 9.944966 2.065084 -0.739302 -0.542055 -375.499464 15.013783 -188.521648
-2.736827 5.459183 9.593391 -2.736827 5.459183 9.593391 1.814089 -0.680442 -0.617207 -461.149650 181.185640 -61.984578
-1.732957 5.091168 9.220948 -1.732957 5.091168 9.220948 1.529521 -0.533545 -0.609203 -487.409376 308.469965 88.662856
-0.900680 4.830099 8.881187 -0.900680 4.830099 8.881187 1.248564 -0.330796 -0.507001 -449.115858 367.359444 252.013383
-0.226951 4.698838 8.630525 -0.226951 4.698838 8.630525 1.006255 -0.104922 -0.314912 -358.581060 385.555433 388.282752
0.318864 4.703075 8.518348 0.318864 4.703075 8.518348 0.824138 0.115365 -0.047546 -248.473171 348.733285 502.935052
0.776065 4.829957 8.583974 0.776065 4.829957 8.583974 0.712271 0.299060 0.272342 -124.417792 263.583257 563.360373
1.188600 5.049891 8.848486 1.188600 5.049891 8.848486 0.675459 0.422476 0.608866 1.712938 147.802905 558.386054
1.600372 5.322150 9.309832 1.600372 5.322150 9.309832 0.707424 0.472000 0.921482 104.835094 17.278918 483.666778
2.047202 5.601411 9.941819 2.047202 5.601411 9.941819 0.787854 0.447121 1.171871 163.266207 -100.209728 350.963820
2.550416 5.845416 10.697317 2.550416 5.845416 10.697317 0.891380 0.355848 1.328459 181.820772 -204.034771 170.994691
3.117891 6.018766 11.512136 3.117891 6.018766 11.512136 1.000071 0.216266 1.365882 180.480468 -261.237692 -46.251306
3.747585 6.101599 12.309030 3.747585 6.101599 12.309030 1.094183 0.060007 1.266580 133.226036 -259.624356 -284.756139
4.423924 6.092211 13.005987 4.423924 6.092211 13.005987 1.153363 -0.089070 1.037054 64.040530 -237.299805 -480.330355
5.124086 6.000451 13.531440 5.124086 6.000451 13.531440 1.174872 -0.209467 0.697258 7.656763 -164.023729 -652.322596
5.827354 5.851550 13.826100 5.827354 5.851550 13.826100 1.164298 -0.276363 0.274478 -42.903980 -58.963801 -756.941569
6.516804 5.680691 13.853280 6.516804 5.680691 13.853280 1.131528 -0.283879 -0.185972 -66.328411 33.912085 -777.893466
7.184404 5.522665 13.604542 7.184404 5.522665 13.604542 1.094840 -0.232545 -0.638380 -55.964941 137.199352 -730.134186
7.833335 5.412216 13.097357 7.833335 5.412216 13.097357 1.071768 -0.128318 -1.040122 -20.941488 210.226439 -609.003513
8.476771 5.374380 12.374932 8.476771 5.374380 12.374932 1.079926 0.004389 -1.349180 48.134229 232.130243 -421.192560
9.139467 5.418647 11.502302 9.139467 5.418647 11.502302 1.139187 0.142920 -1.538430 149.402038 229.638459 -209.640129
9.855917 5.542049 10.555356 9.855917 5.542049 10.555356 1.259056 0.262275 -1.594982 250.161872 168.211399 21.135094
10.661367 5.722991 9.615193 10.661367 5.722991 9.615193 1.434087 0.329696 -1.517191 333.276399 56.527210 238.169114
11.585739 5.923755 8.758988 11.585739 5.923755 8.758988 1.653703 0.327474 -1.318092 398.776326 -63.936513 425.491654
12.650251 6.101347 8.052060 12.650251 6.101347 8.052060 1.895521 0.252194 -1.026103 407.282333 -186.996892 547.806478
13.858364 6.211753 7.539128 13.858364 6.211753 7.539128 2.127337 0.103737 -0.676799 365.439448 -307.857189 616.540543
15.194956 6.213307 7.242727 15.194956 6.213307 7.242727 2.318653 -0.107347 -0.313370 272.280255 -395.756486 594.888173
16.626869 6.076029 7.157113 16.626869 6.076029 7.157113 2.440575 -0.352966 0.020203 134.126335 -422.973507 517.022512
18.105609 5.789190 7.256092 18.105609 5.789190 7.256092 2.472310 -0.601375 0.299386 -28.343154 -405.057096 413.588182
19.571302 5.359506 7.500815 19.571302 5.359506 7.500815 2.392351 -0.824152 0.500765 -238.188505 -337.534561 257.675392
20.951713 4.812315 7.836858 20.951713 4.812315 7.836858 2.188811 -0.986392 0.601380 -440.277074 -203.262724 77.707764
22.178855 4.191912 8.203344 22.178855 4.191912 8.203344 1.890172 -1.068249 0.606359 -555.187858 -69.593796 -61.112180
23.213025 3.538436 8.556160 23.213025 3.538436 8.556160 1.557059 -1.110005 0.569692 -555.187858 -69.593796 -61.112180
