-6.152494 5.098851 7.159491 -6.152494 5.098851 7.159491 1.679228 0.158957 0.608471 96.366620 -125.411500 -6.255498
-5.127610 5.171651 7.523448 -5.127610 5.171651 7.523448 1.737048 0.083710 0.604718 96.366620 -125.411500 -6.255498
-4.072421 5.204914 7.882788 -4.072421 5.204914 7.882788 1.772940 0.036522 0.589139 23.271963 -31.882614 -45.674563
-3.011104 5.227369 8.225467 -3.011104 5.227369 8.225467 1.753726 0.048794 0.548820 -87.319929 72.789732 -88.722703
-1.983196 5.275044 8.539210 -1.983196 5.275044 8.539210 1.658285 0.118949 0.497697 -230.815439 161.058630 -81.687959
-1.036943 5.377401 8.825440 -1.036943 5.377401 8.825440 1.483939 0.225572 0.460262 -350.339624 194.354063 -43.092591
-0.214369 5.548192 9.097659 -0.214369 5.548192 9.097659 1.250096 0.344503 0.453495 -429.136781 202.080680 20.536163
0.455731 5.789389 9.378747 0.455731 5.789389 9.378747 0.979049 0.456358 0.492287 -474.351131 170.769457 108.770657
0.958173 6.088427 9.698368 0.958173 6.088427 9.698368 0.696416 0.531240 0.580901 -467.758356 78.838710 186.606740
1.296808 6.414284 10.083272 1.296808 6.414284 10.083272 0.440670 0.543157 0.706735 -384.730284 -39.115672 232.841572
1.499372 6.726460 10.550648 1.499372 6.726460 10.550648 0.246898 0.486300 0.853559 -261.176565 -150.408737 256.569804
1.610484 6.984071 11.108524 1.610484 6.984071 11.108524 0.140120 0.360577 1.005293 -94.750108 -268.667725 249.210354
1.689907 7.147350 11.751669 1.689907 7.147350 11.751669 0.145300 0.175843 1.130377 112.017910 -347.110553 167.736907
1.809257 7.187130 12.453582 1.809257 7.187130 12.453582 0.272544 -0.048658 1.198488 312.126940 -401.228468 59.300925
2.040431 7.085803 13.175457 2.040431 7.085803 13.175457 0.517143 -0.288948 1.194607 503.204973 -399.736702 -72.237857
2.449971 6.844775 13.869021 2.449971 6.844775 13.869021 0.862452 -0.507322 1.100277 647.825512 -328.176887 -242.196058
3.088355 6.488195 14.474828 3.088355 6.488195 14.474828 1.272671 -0.669804 0.901140 719.571885 -213.430459 -421.592497
3.981778 6.055778 14.932674 3.981778 6.055778 14.932674 1.705899 -0.758447 0.613428 724.519465 -82.045771 -537.449244
5.131968 5.596259 15.198172 5.131968 5.596259 15.198172 2.121799 -0.756089 0.261870 661.814352 89.906380 -634.409155
6.515502 5.168909 15.237953 6.515502 5.168909 15.237953 2.475524 -0.651541 -0.134512 517.267364 258.585465 -686.863699
8.081836 4.832212 15.036804 8.081836 4.832212 15.036804 2.725447 -0.457982 -0.530665 315.810306 386.611689 -633.648592
9.760634 4.632148 14.610483 9.760634 4.632148 14.610483 2.848351 -0.200336 -0.880177 93.871282 472.209173 -531.392355
11.471718 4.599591 13.995414 11.471718 4.599591 13.995414 2.830556 0.096223 -1.155577 -153.187476 516.318903 -386.604684
13.128856 4.748509 13.246168 13.128856 4.748509 13.246168 2.670535 0.397251 -1.319095 -380.216345 487.110075 -158.455073
14.652675 5.069042 12.439713 14.652675 5.069042 12.439713 2.392086 0.662026 -1.346550 -547.947127 395.472955 66.935575
15.982584 5.529017 11.657214 15.982584 5.529017 11.657214 2.029756 0.857182 -1.239471 -659.820415 255.047753 289.995015
17.077626 6.078418 10.977184 17.077626 6.078418 10.977184 1.613648 0.956126 -1.008208 -727.207759 74.763429 480.882697
17.917444 6.652341 10.467357 17.917444 6.652341 10.467357 1.189953 0.934933 -0.676983 -685.107485 -145.406199 623.199983
18.514233 7.178724 10.178587 18.514233 7.178724 10.178587 0.809572 0.805673 -0.276844 -582.829745 -285.460741 710.598364
18.895066 7.610745 10.140389 18.895066 7.610745 10.140389 0.459874 0.634396 0.149515 -582.829745 -285.460741 710.598364
