-5.252190 4.611593 -5.022045 -5.252190 4.611593 -5.022045 -0.332092 0.196422 1.212153 736.011660 54.273073 -232.988898
-5.318963 4.739216 -4.336692 -5.318963 4.739216 -4.336692 0.109515 0.228986 1.072359 736.011660 54.273073 -232.988898
-5.121450 4.879852 -3.741140 -5.121450 4.879852 -3.741140 0.547732 0.228927 0.902937 724.713124 -54.467590 -331.751113
-4.668018 5.000701 -3.264961 -4.668018 5.000701 -3.264961 0.954281 0.162733 0.674542 630.450123 -166.180197 -429.568502
-3.993374 5.062983 -2.938732 -3.993374 5.062983 -2.938732 1.275520 0.035795 0.410936 440.344917 -256.948381 -449.115624
-3.161106 5.034680 -2.771201 -3.161106 5.034680 -2.771201 1.478196 -0.136021 0.150515 235.241338 -315.768729 -418.954298
-2.245187 4.895103 -2.751530 -2.245187 4.895103 -2.751530 1.552632 -0.331110 -0.076992 12.880889 -334.528123 -339.403075
-1.326163 4.638603 -2.850206 -1.326163 4.638603 -2.850206 1.485992 -0.519922 -0.237576 -235.016440 -294.847952 -195.876150
-0.488016 4.278481 -3.017558 -0.488016 4.278481 -3.017558 1.289256 -0.672313 -0.302842 -420.768898 -213.121243 -21.678380
0.201843 3.843926 -3.190637 0.201843 3.843926 -3.190637 0.997012 -0.764211 -0.253209 -553.378319 -93.204498 187.120534
0.694888 3.377184 -3.297008 0.694888 3.377184 -3.297008 0.637216 -0.777328 -0.081574 -645.943156 49.480124 384.996008
0.960714 2.929131 -3.267115 0.960714 2.929131 -3.267115 0.248483 -0.700451 0.197118 -649.831265 206.777572 543.978835
0.997737 2.553753 -3.043024 0.997737 2.553753 -3.043024 -0.116904 -0.538020 0.563026 -568.126105 334.659652 675.714267
0.832662 2.297025 -2.580203 0.832662 2.297025 -2.580203 -0.421128 -0.308001 0.985336 -445.952556 432.069978 731.984233
0.509449 2.192839 -1.858458 0.509449 2.192839 -1.858458 -0.640023 -0.034549 1.418460 -283.698503 479.436729 711.762736
0.085812 2.257104 -0.884367 0.085812 2.257104 -0.884367 -0.753031 0.246590 1.820006 -92.994601 457.692726 626.725228
-0.372224 2.483444 0.310127 -0.372224 2.483444 0.310127 -0.756220 0.501216 2.144440 82.362523 391.062145 454.722476
-0.802121 2.846450 1.666823 -0.802121 2.846450 1.666823 -0.661752 0.695274 2.358183 232.532254 255.796977 257.753338
-1.150042 3.299342 3.114021 -1.150042 3.299342 3.114021 -0.485860 0.797176 2.442298 353.776112 83.876617 22.629318
-1.373461 3.782036 4.568464 -1.373461 3.782036 4.568464 -0.251511 0.793952 2.380831 427.386384 -94.623789 -227.517500
-1.447097 4.230638 5.944075 -1.447097 4.230638 5.944075 0.006628 0.683495 2.184646 433.074659 -273.566365 -426.433199
-1.367249 4.582116 7.167845 -1.367249 4.582116 7.167845 0.256059 0.472470 1.877488 398.362013 -429.851010 -597.427857
-1.146763 4.781611 8.181151 -1.146763 4.781611 8.181151 0.470806 0.181492 1.490781 317.462793 -540.075952 -691.595270
-0.812395 4.791289 8.950027 -0.812395 4.791289 8.950027 0.634988 -0.152571 1.070296 229.809042 -573.467300 -710.020351
-0.395236 4.597963 9.466551 -0.395236 4.597963 9.466551 0.746878 -0.489450 0.655031 143.158577 -549.460681 -674.196297
0.072751 4.210037 9.745383 0.072751 4.210037 9.745383 0.803231 -0.795893 0.286359 44.685818 -472.016217 -554.709957
0.560125 3.656722 9.827732 0.560125 3.656722 9.827732 0.817003 -1.033185 0.005439 1.220426 -318.958114 -381.692913
1.049468 2.989401 9.773421 1.049468 2.989401 9.773421 0.812345 -1.174546 -0.167925 -16.747415 -152.245616 -196.185956
1.534471 2.268484 9.648785 1.534471 2.268484 9.648785 0.805347 -1.209821 -0.228476 -6.580296 34.663963 -5.649045
2.018611 1.560444 9.522188 2.018611 1.560444 9.522188 0.811983 -1.130955 -0.174339 28.701043 228.221791 186.103298
2.514642 0.931760 9.459604 2.514642 0.931760 9.459604 0.847579 -0.949979 -0.020072 89.951865 375.032292 328.119917
3.043145 0.434727 9.510979 3.043145 0.434727 9.510979 0.920372 -0.697718 0.198587 152.691986 465.836579 400.743306
3.626482 0.102911 9.703996 3.626482 0.102911 9.703996 1.030135 -0.403392 0.447688 213.186768 515.248496 429.593097
4.284079 -0.047606 10.048688 4.284079 -0.047606 10.048688 1.163756 -0.100374 0.699209 232.216053 494.812367 408.810413
5.022912 -0.023222 10.538102 5.022912 -0.023222 10.538102 1.296988 0.174223 0.926010 211.889206 420.511608 347.195220
5.837298 0.148958 11.150110 5.837298 0.148958 11.150110 1.414390 0.386302 1.103858 179.449928 286.419770 245.629243
6.712800 0.423073 11.849043 6.712800 0.423073 11.849043 1.494892 0.512043 1.213264 88.891706 132.714386 119.056969
7.618201 0.745654 12.592345 7.618201 0.745654 12.592345 1.510552 0.549005 1.254262 -36.690982 -9.507039 17.605271
8.509532 1.065116 13.343011 8.509532 1.065116 13.343011 1.446560 0.502150 1.239525 -176.616519 -146.676063 -66.730739
9.337913 1.333852 14.070972 9.337913 1.333852 14.070972 1.301772 0.383386 1.180776 -306.010430 -249.202893 -129.096516
10.057135 1.514716 14.754912 10.057135 1.514716 14.754912 1.084367 0.212309 1.096878 -418.673763 -321.055006 -150.563788
10.629758 1.584626 15.387833 10.629758 1.584626 15.387833 0.819986 0.021249 1.016014 -462.596515 -315.810591 -118.984790
11.036930 1.543484 15.978471 11.036930 1.543484 15.978471 0.534667 -0.153469 0.956860 -488.465209 -266.584298 -78.192607
11.269807 1.403417 16.538513 11.269807 1.403417 16.538513 0.241588 -0.313420 0.909945 -488.465209 -266.584298 -78.192607
