1.859030 -0.796922 -1.209871 1.859030 -0.796922 -1.209871 2.072922 1.157553 1.522586 -221.453768 183.550187 -239.483537
3.062922 -0.069351 -0.339426 3.062922 -0.069351 -0.339426 1.940050 1.267683 1.378896 -221.453768 183.550187 -239.483537
4.186643 0.716881 0.446438 4.186643 0.716881 0.446438 1.804943 1.340730 1.243376 -228.903107 59.939892 -212.248732
5.228381 1.520596 1.158426 5.228381 1.520596 1.158426 1.667472 1.319136 1.136860 -229.333795 -131.919170 -142.803286
6.191233 2.278103 1.818226 6.191233 2.278103 1.818226 1.548120 1.188836 1.068120 -168.505904 -302.413237 -86.332208
7.093899 2.928958 2.447785 7.093899 2.928958 2.447785 1.467640 0.967327 1.037458 -99.759383 -435.953080 -15.874898
7.960081 3.425723 3.070239 7.960081 3.425723 3.070239 1.425556 0.679958 1.042115 -40.520247 -521.942069 31.400974
8.810812 3.738217 3.701641 8.810812 3.738217 3.701641 1.414698 0.359135 1.063358 4.326825 -547.468082 39.408368
9.662372 3.856650 4.346436 9.662372 3.856650 4.346436 1.427108 0.038137 1.085441 37.038991 -522.524125 34.200461
10.523288 3.791238 5.000543 10.523288 3.791238 5.000543 1.439252 -0.246579 1.089392 3.441549 -426.530363 -21.028874
11.386271 3.575866 5.646274 11.386271 3.575866 5.646274 1.435376 -0.455740 1.056178 -16.362009 -270.673696 -89.684628
12.239666 3.264670 6.257298 12.239666 3.264670 6.257298 1.401131 -0.563299 0.969666 -97.788306 -87.855229 -198.690865
13.056929 2.921875 6.800229 13.056929 2.921875 6.800229 1.313391 -0.561017 0.834931 -194.678061 95.462097 -250.426009
13.805302 2.613588 7.252792 13.805302 2.613588 7.252792 1.173487 -0.448043 0.668083 -271.669812 281.119097 -305.733509
14.456204 2.404435 7.595381 14.456204 2.404435 7.595381 0.989038 -0.234017 0.468499 -343.159259 432.298079 -359.545690
14.987859 2.341838 7.811762 14.987859 2.341838 7.811762 0.783142 0.025361 0.252772 -343.159259 432.298079 -359.545690
