-7.680883 1.489467 10.367550 -7.680883 1.489467 10.367550 0.118301 0.246257 -0.626011 -118.706713 -544.462717 40.538907
-7.631270 1.539218 9.999240 -7.631270 1.539218 9.999240 0.047077 -0.080421 -0.601688 -118.706713 -544.462717 40.538907
-7.616441 1.393922 9.652127 -7.616441 1.393922 9.652127 0.015599 -0.402295 -0.544349 13.779154 -528.451171 150.590055
-7.597282 1.062034 9.358804 -7.597282 1.062034 9.358804 0.060464 -0.696317 -0.423093 135.769934 -451.620271 253.598100
-7.530782 0.572824 9.153948 -7.530782 0.572824 9.153948 0.170842 -0.917932 -0.254171 232.158954 -287.096455 309.475236
-7.384325 -0.019869 9.055979 -7.384325 -0.019869 9.055979 0.320954 -1.041471 -0.074348 268.213743 -124.701790 289.934067
-7.144214 -0.658206 9.060043 -7.144214 -0.658206 9.060043 0.478183 -1.071332 0.082038 255.882158 25.166646 231.353151
-6.812615 -1.284917 9.147594 -6.812615 -1.284917 9.147594 0.624863 -0.998443 0.204273 233.052103 217.796892 176.096716
-6.399485 -1.837167 9.295383 -6.399485 -1.837167 9.295383 0.746010 -0.829702 0.277571 170.770445 344.670949 68.230611
-5.925947 -2.269729 9.469911 -5.925947 -2.269729 9.469911 0.824442 -0.606809 0.297027 90.668937 398.307840 -3.378320
-5.417441 -2.560229 9.644201 -5.417441 -2.560229 9.644201 0.866445 -0.358371 0.278411 49.340940 429.816505 -58.675408
-4.891456 -2.699133 9.799246 -4.891456 -2.699133 9.799246 0.882235 -0.106726 0.236006 3.293479 409.002231 -82.674758
-4.361522 -2.689548 9.925968 -4.361522 -2.689548 9.925968 0.884211 0.138676 0.186401 3.293479 409.002231 -82.674758
