-11.061809 -2.686837 -9.408901 -11.061809 -2.686837 -9.408901 1.815795 -0.589912 0.431068 467.448888 -113.922384 96.443393
-9.888191 -3.061291 -9.132900 -9.888191 -3.061291 -9.132900 2.096265 -0.658266 0.488934 467.448888 -113.922384 96.443393
-8.555745 -3.470304 -8.818434 -8.555745 -3.470304 -8.818434 2.329467 -0.694360 0.565528 309.892098 -6.393043 158.868578
-7.116843 -3.878463 -8.445470 -7.116843 -3.878463 -8.445470 2.442607 -0.650156 0.686104 67.239549 153.739611 243.052357
-5.653739 -4.232917 -7.985365 -5.653739 -4.232917 -7.985365 2.410135 -0.518077 0.855397 -175.478284 286.523555 321.258140
-4.251870 -4.485823 -7.413154 -4.251870 -4.485823 -7.413154 2.241722 -0.314335 1.053883 -385.898280 392.617489 340.360033
-2.986310 -4.599395 -6.718866 -2.986310 -4.599395 -6.718866 1.960125 -0.056976 1.261567 -552.757848 465.247015 351.921314
-1.917005 -4.549191 -5.902483 -1.917005 -4.549191 -5.902483 1.592100 0.225397 1.453205 -673.991673 475.993839 286.870435
-1.085564 -4.331640 -4.985317 -1.085564 -4.331640 -4.985317 1.175202 0.494166 1.593359 -715.669993 419.903324 180.309375
-0.506703 -3.964723 -4.004113 -0.506703 -3.964723 -4.004113 0.758606 0.720283 1.665208 -672.983549 333.819706 59.188813
-0.165531 -3.481262 -3.004468 -0.165531 -3.481262 -3.004468 0.390542 0.876591 1.650056 -553.894638 187.209449 -109.697160
-0.020978 -2.933284 -2.044699 -0.020978 -2.933284 -2.044699 0.107848 0.930545 1.531639 -388.421282 -7.363112 -285.024624
-0.013770 -2.386373 -1.186035 -0.013770 -2.386373 -1.186035 -0.063129 0.875672 1.315550 -181.500811 -175.549368 -435.274085
-0.071203 -1.901865 -0.481521 -0.071203 -1.901865 -0.481521 -0.106458 0.723861 1.022053 37.072009 -330.485409 -543.046141
-0.115461 -1.535118 0.030109 -0.115461 -1.535118 0.030109 -0.019493 0.485161 0.676960 252.809908 -465.182680 -607.266624
-0.071835 -1.332223 0.327579 -0.071835 -1.332223 0.327579 0.181275 0.183708 0.315610 416.417245 -539.658422 -597.233712
0.118666 -1.319127 0.414577 0.118666 -1.319127 0.414577 0.465028 -0.140039 -0.017061 529.426346 -539.500419 -511.667370
0.497281 -1.496951 0.319715 0.497281 -1.496951 0.319715 0.804190 -0.447195 -0.286685 601.115090 -484.352398 -387.079897
1.087621 -1.844857 0.090047 1.087621 -1.844857 0.090047 1.162985 -0.699834 -0.458850 594.866621 -357.775889 -186.802984
1.887524 -2.319626 -0.205560 1.887524 -2.319626 -0.205560 1.495084 -0.866844 -0.504291 512.131469 -198.926685 35.331040
2.870166 -2.864240 -0.487649 2.870166 -2.864240 -0.487649 1.769403 -0.929704 -0.412465 402.265186 -10.605311 270.756716
3.996246 -3.412034 -0.674085 3.996246 -3.412034 -0.674085 1.970912 -0.876381 -0.188477 269.431064 188.348729 475.869380
5.218047 -3.893696 -0.691650 5.218047 -3.893696 -0.691650 2.086353 -0.712054 0.146371 115.370132 359.406455 640.291683
6.482562 -4.249408 -0.483108 6.482562 -4.249408 -0.483108 2.115256 -0.462269 0.557882 -19.024931 473.210452 731.410551
7.741661 -4.437429 -0.014957 7.741661 -4.437429 -0.014957 2.070693 -0.157530 1.005569 -129.519099 542.586616 760.879920
8.956410 -4.433927 0.722227 8.956410 -4.433927 0.722227 1.971212 0.169793 1.446517 -202.082831 548.491828 708.945757
10.101239 -4.236510 1.710213 10.101239 -4.236510 1.710213 1.842347 0.482950 1.834211 -227.468129 495.364128 583.368671
11.167236 -3.863990 2.904453 11.167236 -3.863990 2.904453 1.713529 0.748091 2.127770 -201.925928 388.439780 395.162993
12.162108 -3.354383 4.239714 12.162108 -3.354383 4.239714 1.607879 0.935319 2.302216 -150.241564 235.651887 186.320857
13.102864 -2.760417 5.641372 13.102864 -2.760417 5.641372 1.533099 1.028496 2.347959 -99.024936 74.938273 -33.844355
14.008406 -2.139700 7.030388 14.008406 -2.139700 7.030388 1.491219 1.024111 2.259320 -40.573742 -89.555772 -261.616198
14.899353 -1.548711 8.328614 14.899353 -1.548711 8.328614 1.484470 0.933593 2.050973 18.077278 -212.170803 -432.875361
15.795429 -1.032556 9.474560 15.795429 -1.032556 9.474560 1.506014 0.777239 1.757647 53.734971 -309.006945 -544.876543
16.707922 -0.624867 10.427591 16.707922 -0.624867 10.427591 1.534316 0.576671 1.413324 40.605491 -359.554368 -602.867648
17.633352 -0.341656 11.167729 17.633352 -0.341656 11.167729 1.546339 0.370579 1.054901 -0.530266 -327.419365 -591.875123
18.557101 -0.174779 11.698879 18.557101 -0.174779 11.698879 1.526225 0.191453 0.723510 -66.514176 -269.667626 -512.761620
19.455470 -0.103361 12.047640 19.455470 -0.103361 12.047640 1.459352 0.055084 0.450610 -156.397425 -184.894635 -396.904352
20.297562 -0.095854 12.255706 20.297562 -0.095854 12.255706 1.338674 -0.017163 0.258180 -245.860622 -55.929984 -244.530471
21.052316 -0.108812 12.375077 21.052316 -0.108812 12.375077 1.170180 -0.013688 0.153858 -315.786385 67.513411 -103.210909
21.694977 -0.099841 12.456768 21.694977 -0.099841 12.456768 0.967680 0.051980 0.131702 -359.214158 151.380716 29.360461
22.211365 -0.037288 12.548565 22.211365 -0.037288 12.548565 0.754345 0.163392 0.186772 -351.902323 219.991252 154.205208
22.603456 0.102511 12.692684 22.603456 0.102511 12.692684 0.557334 0.306216 0.300789 -304.801384 256.090886 225.851172
22.888509 0.330911 12.914229 22.888509 0.330911 12.914229 0.402036 0.452740 0.438392 -212.857140 232.320853 232.824361
23.101091 0.639272 13.217398 23.101091 0.639272 13.217398 0.322694 0.566627 0.569212 -51.618372 147.302016 203.244314
23.293463 1.001501 13.594068 23.293463 1.001501 13.594068 0.331959 0.633703 0.683951 82.501267 76.287272 179.218205
23.507488 1.395455 14.036697 23.507488 1.395455 14.036697 0.381459 0.679476 0.791482 82.501267 76.287272 179.218205
