9.977858 -0.046768 2.258961 9.977858 -0.046768 2.258961 -0.170036 -0.057579 -1.323273 177.322785 153.039464 290.667598
9.907754 -0.053768 1.517318 9.907754 -0.053768 1.517318 -0.063643 0.034244 -1.148873 177.322785 153.039464 290.667598
9.900759 -0.012367 0.888513 9.900759 -0.012367 0.888513 0.039112 0.092607 -0.933477 165.192318 41.501727 427.318837
9.952719 0.044000 0.414737 9.952719 0.044000 0.414737 0.132023 0.084168 -0.630125 144.511016 -69.630857 583.854651
10.052932 0.076907 0.146551 10.052932 0.076907 0.146551 0.193665 0.017086 -0.255837 60.963073 -153.974933 663.770683
10.177319 0.056718 0.112712 10.177319 0.056718 0.112712 0.216317 -0.088922 0.143349 14.543656 -199.386013 666.848014
10.305560 -0.033942 0.314467 10.305560 -0.033942 0.314467 0.204209 -0.215643 0.522026 -54.902683 -223.017601 595.410347
10.416017 -0.201206 0.726997 10.416017 -0.201206 0.726997 0.160335 -0.338127 0.839975 -91.344226 -185.262267 464.421058
10.496514 -0.433338 1.304057 10.496514 -0.433338 1.304057 0.109219 -0.428827 1.066021 -79.043850 -117.070474 289.065036
10.548687 -0.704984 1.982155 10.548687 -0.704984 1.982155 0.066142 -0.465457 1.171725 -64.544554 -5.031129 63.282200
10.580260 -0.978542 2.681627 10.580260 -0.978542 2.681627 0.044940 -0.435364 1.134925 -6.127877 105.343687 -185.951729
10.611471 -1.214719 3.316367 10.611471 -1.214719 3.316367 0.068015 -0.341763 0.959641 83.044109 206.659245 -398.328306
10.673202 -1.377427 3.809901 10.673202 -1.377427 3.809901 0.147711 -0.192013 0.667886 182.608711 292.505341 -574.185306
10.799242 -1.437906 4.100348 10.799242 -1.437906 4.100348 0.279994 -0.006117 0.288714 258.334804 327.150001 -689.721599
11.016046 -1.383126 4.146727 11.016046 -1.383126 4.146727 0.446529 0.187989 -0.138616 296.781655 319.869600 -734.713476
11.338288 -1.217741 3.934385 11.338288 -1.217741 3.934385 0.629116 0.354984 -0.564063 311.839622 236.778649 -683.441348
11.770817 -0.966744 3.478691 11.770817 -0.966744 3.478691 0.810865 0.473982 -0.945315 293.992978 159.881516 -587.401695
12.310255 -0.653577 2.805769 12.310255 -0.653577 2.805769 0.987261 0.569911 -1.297756 293.992978 159.881516 -587.401695
