3.805888 5.727382 5.638393 3.805888 5.727382 5.638393 0.548621 0.568320 0.321311 -422.860674 -347.116652 678.016613
4.058945 6.005893 5.953223 4.058945 6.005893 5.953223 0.294904 0.360050 0.728121 -422.860674 -347.116652 678.016613
4.170162 6.154654 6.506949 4.170162 6.154654 6.506949 0.093134 0.127837 1.108981 -249.706209 -426.927247 591.515036
4.196395 6.151735 7.270084 4.196395 6.151735 7.270084 0.019806 -0.142189 1.420260 5.280206 -473.158450 446.082518
4.221802 5.981173 8.191264 4.221802 5.981173 8.191264 0.085837 -0.426484 1.631556 214.821340 -474.491720 258.235833
4.321543 5.644114 9.203206 4.321543 5.644114 9.203206 0.262589 -0.689981 1.719128 374.350629 -403.832922 33.673156
4.554301 5.165489 10.228656 4.554301 5.165489 10.228656 0.526307 -0.892013 1.678893 504.712654 -269.606915 -167.792319
4.964455 4.591332 11.196056 4.964455 4.591332 11.196056 0.846738 -1.005878 1.529551 563.388249 -109.942283 -330.014239
5.573697 3.978371 12.045769 5.573697 3.978371 12.045769 1.183719 -1.020065 1.288470 559.883606 62.650922 -473.588489
6.380502 3.388828 12.728824 6.380502 3.388828 12.728824 1.498623 -0.926380 0.980409 489.793826 249.632644 -553.281427
7.361094 2.886663 13.217350 7.361094 2.886663 13.217350 1.758776 -0.732953 0.647796 377.382786 395.125601 -555.427667
8.475953 2.524551 13.508869 8.475953 2.524551 13.508869 1.943530 -0.463195 0.328631 238.465451 504.067925 -508.454645
9.675431 2.340472 13.619867 9.675431 2.340472 13.619867 2.038792 -0.145226 0.050266 79.074540 555.827467 -419.431387
10.903934 2.352693 13.581465 10.903934 2.352693 13.581465 2.041205 0.184813 -0.166714 -71.031125 544.301186 -303.834994
12.109913 2.555958 13.434232 12.109913 2.555958 13.434232 1.968797 0.483406 -0.311582 -170.327818 451.009695 -179.055817
13.256129 2.918278 13.222557 13.256129 2.918278 13.222557 1.844583 0.709488 -0.381499 -243.721383 302.598525 -54.001406
14.316595 3.388700 12.989805 14.316595 3.388700 12.989805 1.686283 0.842353 -0.384563 -283.945150 140.284900 43.787917
15.278388 3.908428 12.770269 15.278388 3.908428 12.770269 1.521580 0.871847 -0.341691 -265.062866 -41.972546 99.119457
16.146236 4.412236 12.584662 16.146236 4.412236 12.584662 1.375600 0.787939 -0.274390 -221.537763 -237.722439 125.215238
16.935527 4.832870 12.441794 16.935527 4.832870 12.441794 1.261716 0.598609 -0.203121 -158.075793 -393.377528 112.347313
17.668279 5.115016 12.337057 17.668279 5.115016 12.337057 1.187752 0.331529 -0.151146 -88.471467 -496.888503 60.904248
18.368836 5.222030 12.253365 18.368836 5.222030 12.253365 1.153823 0.021079 -0.134441 -24.626097 -537.944647 -5.219571
19.058173 5.139488 12.168395 19.058173 5.139488 12.168395 1.146428 -0.293488 -0.154404 -0.022650 -510.611095 -61.324364
19.746305 4.875718 12.062335 19.746305 4.875718 12.062335 1.147812 -0.578687 -0.203097 4.635211 -440.053569 -100.984956
20.434028 4.457338 11.921658 20.434028 4.457338 11.921658 1.141598 -0.802510 -0.266895 -25.347400 -306.021503 -111.676492
21.110707 3.930212 11.742054 21.110707 3.930212 11.742054 1.107806 -0.938805 -0.330727 -87.291463 -148.295531 -101.096662
21.754955 3.349683 11.528045 21.754955 3.349683 11.528045 1.031812 -0.980546 -0.378262 -166.023876 9.157209 -57.354147
22.338745 2.772142 11.295742 22.338745 2.772142 11.295742 0.905135 -0.929359 -0.387783 -256.231926 161.466994 25.616883
22.831231 2.250679 11.074099 22.831231 2.250679 11.074099 0.729030 -0.797037 -0.340334 -330.783956 279.607144 132.547981
23.206753 1.826815 10.900387 23.206753 1.826815 10.900387 0.518786 -0.609125 -0.227658 -370.031551 346.767763 243.039117
23.451754 1.525092 10.812334 23.451754 1.525092 10.812334 0.298444 -0.394400 -0.057860 -364.440799 368.980352 322.954026
23.567711 1.353073 10.838638 23.567711 1.353073 10.838638 0.092227 -0.181986 0.150350 -322.950440 339.066294 371.079026
23.570385 1.299855 10.996362 23.570385 1.299855 10.996362 -0.074197 -0.003838 0.376598 -231.793079 254.760815 383.081811
23.492613 1.337581 11.288946 23.492613 1.337581 11.288946 -0.170931 0.119874 0.594798 -90.655218 157.613562 344.248847
23.383400 1.430250 11.702155 23.383400 1.430250 11.702155 -0.177004 0.176314 0.773176 70.410666 30.518732 250.346684
23.300318 1.534624 12.201797 23.300318 1.534624 12.201797 -0.082523 0.160086 0.876753 244.527789 -84.611416 94.910349
23.304069 1.611355 12.734548 23.304069 1.611355 12.734548 0.110441 0.088865 0.881774 398.683634 -152.792243 -78.173465
23.449142 1.633487 13.238645 23.449142 1.633487 13.238645 0.384881 -0.021230 0.780389 516.118968 -214.190279 -259.776709
23.777207 1.581719 13.648808 23.777207 1.581719 13.648808 0.715723 -0.152124 0.567968 586.685461 -222.125849 -448.295674
24.312844 1.453253 13.900261 24.312844 1.453253 13.900261 1.070737 -0.271444 0.255817 596.696290 -175.606051 -592.205061
25.058272 1.263598 13.942242 25.058272 1.263598 13.942242 1.406656 -0.352708 -0.124068 523.033314 -95.273405 -674.079167
25.987654 1.040751 13.744342 25.987654 1.040751 13.744342 1.676686 -0.380233 -0.539139 377.067259 3.524009 -709.490313
27.050911 0.819537 13.296739 27.050911 0.819537 13.296739 1.849791 -0.346665 -0.946891 199.949083 108.366659 -649.684873
28.183815 0.636695 12.618812 28.183815 0.636695 12.618812 1.904956 -0.253388 -1.300944 -16.066551 202.559095 -530.492322
29.309449 0.525444 11.752645 29.309449 0.525444 11.752645 1.823078 -0.110247 -1.569801 -256.858688 274.576268 -365.697718
30.344446 0.510969 10.759015 30.344446 0.510969 10.759015 1.605884 0.065746 -1.718837 -467.123035 312.067480 -131.088604
31.212977 0.604038 9.720292 31.212977 0.604038 9.720292 1.271024 0.240233 -1.716616 -649.076197 269.556763 138.492187
31.852654 0.792923 8.726028 31.852654 0.792923 8.726028 0.851060 0.383091 -1.579631 -750.803476 206.635017 318.124774
32.228145 1.059972 7.835512 32.228145 1.059972 7.835512 0.400578 0.507072 -1.388756 -750.803476 206.635017 318.124774
