8.336885 -3.787895 11.190279 8.336885 -3.787895 11.190279 0.489624 0.268584 0.040654 368.318161 -318.230934 -610.199333
8.696957 -3.684026 11.104835 8.696957 -3.684026 11.104835 0.710615 0.077645 -0.325466 368.318161 -318.230934 -610.199333
9.189950 -3.690262 10.803158 9.189950 -3.690262 10.803158 0.933239 -0.091000 -0.674395 373.761883 -243.919410 -552.898370
9.815897 -3.783202 10.305664 9.815897 -3.783202 10.305664 1.151127 -0.209525 -0.972810 352.529326 -151.163454 -441.818583
10.564483 -3.928568 9.652788 10.564483 -3.928568 9.652788 1.334919 -0.262433 -1.186214 260.112721 -25.196472 -269.528992
11.403433 -4.083401 8.906260 11.403433 -4.083401 8.906260 1.446876 -0.241739 -1.279351 113.077326 94.176732 -40.926228
12.281130 -4.206507 8.144406 12.281130 -4.206507 8.144406 1.460811 -0.160303 -1.238290 -66.627350 177.274254 177.796804
13.134371 -4.266330 7.445861 13.134371 -4.266330 7.445861 1.364569 -0.031694 -1.069482 -254.178853 251.422973 384.895715
13.896272 -4.240330 6.883926 13.896272 -4.240330 6.883926 1.156623 0.117962 -0.786179 -438.976747 247.429824 559.446803
14.502126 -4.126771 6.519815 14.502126 -4.126771 6.519815 0.847714 0.257645 -0.416030 -590.720355 218.182986 674.383834
14.898052 -3.936692 6.393586 14.898052 -3.936692 6.393586 0.461423 0.369646 -0.001404 -696.914752 155.153256 707.703091
15.047321 -3.692601 6.518479 15.047321 -3.692601 6.518479 0.032569 0.434617 0.414963 -732.597229 61.417299 680.187486
14.936714 -3.427777 6.883604 14.936714 -3.427777 6.883604 -0.398391 0.436462 0.791645 -703.939073 -55.269867 575.418898
14.577212 -3.182217 7.450891 14.577212 -3.182217 7.450891 -0.789548 0.371456 1.080517 -599.916421 -161.416141 387.486932
14.005798 -2.991957 8.156886 14.005798 -2.991957 8.156886 -1.097998 0.256814 1.252696 -428.251208 -220.723707 186.443779
13.283951 -2.879403 8.928185 13.283951 -2.879403 8.928185 -1.284763 0.115358 1.295170 -194.299133 -250.795620 -44.862628
12.492161 -2.855372 9.683598 12.492161 -2.855372 9.683598 -1.331132 -0.035322 1.200185 39.737594 -251.472276 -271.756388
11.713780 -2.918146 10.343354 11.713780 -2.918146 10.343354 -1.241561 -0.167784 0.979936 258.831362 -190.065977 -462.405380
11.027551 -3.046630 10.840223 11.027551 -3.046630 10.840223 -1.025676 -0.249835 0.663193 460.786005 -83.437351 -593.404071
10.504659 -3.203108 11.127288 10.504659 -3.203108 11.127288 -0.701341 -0.257689 0.286964 620.330296 57.257036 -660.694266
10.200357 -3.340306 11.179647 10.200357 -3.340306 11.179647 -0.304927 -0.187791 -0.113928 701.051011 175.736831 -675.612570
10.144248 -3.412636 10.994350 10.144248 -3.412636 10.994350 0.118994 -0.038788 -0.495943 712.017899 320.938118 -597.770135
10.339492 -3.372052 10.596842 10.339492 -3.372052 10.596842 0.524627 0.184216 -0.816325 640.091066 422.410452 -470.168369
10.759494 -3.183189 10.033305 10.759494 -3.183189 10.033305 0.858728 0.449158 -1.043982 473.578836 460.727323 -288.689140
11.350861 -2.830190 9.363124 11.350861 -2.830190 9.363124 1.097307 0.728464 -1.176336 321.684505 470.291831 -152.489609
12.067148 -2.308459 8.629875 12.067148 -2.308459 8.629875 1.290317 1.010639 -1.267829 321.684505 470.291831 -152.489609
