10.772164 -0.236789 0.942278 10.772164 -0.236789 0.942278 2.210373 0.637482 0.139363 -348.007739 211.599316 219.361057
12.035746 0.183788 1.065381 12.035746 0.183788 1.065381 2.001569 0.764441 0.270980 -348.007739 211.599316 219.361057
13.163877 0.670757 1.260878 13.163877 0.670757 1.260878 1.741919 0.842483 0.369717 -517.491527 48.539608 109.762672
14.105370 1.172428 1.493898 14.105370 1.172428 1.493898 1.378873 0.808827 0.392738 -692.660212 -160.725235 -33.026164
14.802759 1.618583 1.718136 14.802759 1.618583 1.718136 0.936996 0.661341 0.345624 -780.263935 -330.897081 -124.021689
15.224496 1.947757 1.899239 15.224496 1.947757 1.899239 0.468775 0.422458 0.251472 -780.471356 -465.379386 -189.817185
15.369368 2.112974 2.015962 15.369368 2.112974 2.015962 0.020947 0.120782 0.137618 -712.289415 -540.207902 -189.695127
15.261959 2.088147 2.065377 15.261959 2.088147 2.065377 -0.365252 -0.203634 0.028746 -575.042530 -541.178667 -173.212992
14.950921 1.872274 2.054922 14.950921 1.872274 2.054922 -0.652170 -0.509746 -0.057806 -381.350645 -479.192675 -115.294469
14.502916 1.486480 2.002488 14.502916 1.486480 2.002488 -0.821277 -0.765717 -0.111965 -182.339769 -374.046017 -65.233962
13.990425 0.969007 1.928051 13.990425 0.969007 1.928051 -0.865202 -0.943719 -0.128686 35.923209 -219.293502 9.497625
13.489094 0.373454 1.855702 13.489094 0.373454 1.855702 -0.787023 -1.024535 -0.107226 224.675672 -50.093320 62.036032
13.065847 -0.240974 1.803240 13.065847 -0.240974 1.803240 -0.609593 -1.008044 -0.066468 366.757936 105.065706 73.822898
12.771586 -0.817105 1.775820 12.771586 -0.817105 1.775820 -0.362148 -0.896085 -0.026309 458.059026 268.130510 60.038657
12.638850 -1.301099 1.768245 12.638850 -1.301099 1.768245 -0.076805 -0.708243 -0.003268 493.083438 358.009429 16.766784
12.681522 -1.661603 1.769303 12.681522 -1.661603 1.769303 0.219045 -0.493437 0.006792 493.083438 358.009429 16.766784
