-10.387178 -4.678019 1.927564 -10.387178 -4.678019 1.927564 0.342873 -0.909494 -0.250813 757.723628 143.058984 -54.480893
-10.045064 -5.197964 1.767269 -10.045064 -5.197964 1.767269 0.797507 -0.823659 -0.283502 757.723628 143.058984 -54.480893
-9.431494 -5.657353 1.587835 -9.431494 -5.657353 1.587835 1.245518 -0.692543 -0.313823 735.644847 293.994085 -46.591358
-8.554867 -6.009683 1.393675 -8.554867 -6.009683 1.393675 1.671404 -0.464763 -0.329176 683.974973 465.272389 -4.582789
-7.437345 -6.199096 1.199651 -7.437345 -6.199096 1.199651 2.039611 -0.157120 -0.310396 543.381900 560.202719 67.181095
-6.127902 -6.190836 1.029994 -6.127902 -6.190836 1.029994 2.304977 0.187477 -0.247644 341.171164 588.454723 141.992604
-4.695953 -5.974317 0.911653 -4.695953 -5.974317 0.911653 2.447440 0.531106 -0.139015 133.707245 556.973514 220.103102
-3.215496 -5.561052 0.871731 -3.215496 -5.561052 0.871731 2.467291 0.837022 0.012389 -67.539641 462.748741 284.576509
-1.757608 -4.984534 0.931837 -1.757608 -4.984534 0.931837 2.375121 1.069721 0.190381 -239.692721 312.914977 308.733054
-0.384144 -4.296270 1.099612 -0.384144 -4.296270 1.099612 2.188988 1.208000 0.365493 -380.749335 148.013447 274.970451
0.855315 -3.556002 1.364370 0.855315 -3.556002 1.364370 1.933540 1.240937 0.510313 -470.745010 -38.224401 207.764933
1.930557 -2.828147 1.701865 1.930557 -2.828147 1.701865 1.650356 1.168872 0.604518 -473.203444 -201.990052 106.251555
2.837944 -2.170586 2.074566 2.837944 -2.170586 2.074566 1.378183 1.010654 0.622592 -434.038384 -325.403172 -46.006744
3.591409 -1.627353 2.430114 3.591409 -1.627353 2.430114 1.141172 0.792482 0.546359 -356.000038 -401.837495 -208.101796
4.218692 -1.225382 2.711180 4.218692 -1.225382 2.711180 0.960871 0.545440 0.375043 -245.001288 -421.636703 -362.952213
4.758882 -0.972031 2.862959 4.758882 -0.972031 2.862959 0.852708 0.302367 0.117697 -115.542623 -388.606418 -494.867910
5.256177 -0.855678 2.838837 5.256177 -0.855678 2.838837 0.815720 0.093613 -0.207546 -7.748848 -307.241024 -589.273546
5.750284 -0.847273 2.606704 5.750284 -0.847273 2.606704 0.841420 -0.053026 -0.568791 93.413569 -181.555090 -614.878213
6.274685 -0.903799 2.157928 6.274685 -0.903799 2.157928 0.911140 -0.122113 -0.921834 138.988013 -48.733318 -561.931855
6.847421 -0.978260 1.509615 6.847421 -0.978260 1.509615 0.999707 -0.113458 -1.229315 156.232955 77.583070 -463.002307
7.474206 -1.025341 0.698745 7.474206 -1.025341 0.698745 1.087641 -0.031768 -1.456819 136.882640 194.717764 -295.346745
8.148995 -1.005176 -0.215917 8.148995 -1.005176 -0.215917 1.157595 0.105948 -1.571070 96.295327 264.332583 -85.489799
8.857084 -0.893043 -1.159548 8.857084 -0.893043 -1.159548 1.196369 0.269468 -1.550366 32.951801 280.735581 154.503241
9.577320 -0.682109 -2.048177 9.577320 -0.682109 -2.048177 1.198557 0.431516 -1.388766 -25.657373 259.424896 384.162314
10.288432 -0.380030 -2.801714 10.288432 -0.380030 -2.801714 1.166142 0.569535 -1.105397 -82.393570 200.639498 560.404282
10.972158 -0.008034 -3.355784 10.972158 -0.008034 -3.355784 1.111062 0.660717 -0.727678 -101.206699 103.298582 698.658504
11.622019 0.400811 -3.661462 11.622019 0.400811 -3.661462 1.057544 0.691802 -0.282637 -77.184582 0.318097 784.811421
12.245397 0.809106 -3.690785 12.245397 0.809106 -3.690785 1.024958 0.657777 0.183215 -31.435462 -113.734284 768.026521
12.859378 1.178791 -3.447593 12.859378 1.178791 -3.447593 1.029416 0.566990 0.619126 46.293249 -188.888401 685.011608
13.492049 1.483384 -2.961748 13.492049 1.483384 -2.961748 1.090636 0.445650 0.985468 157.774934 -215.579871 536.128137
14.181464 1.711795 -2.285642 14.181464 1.711795 -2.285642 1.218473 0.315431 1.248755 268.347266 -218.484084 341.495818
14.965086 1.863683 -1.488881 14.965086 1.863683 -1.488881 1.400656 0.194122 1.383848 338.928411 -185.876759 108.811788
15.869426 1.952292 -0.652395 15.869426 1.952292 -0.652395 1.618712 0.110567 1.382092 387.926468 -92.640822 -114.664346
16.911869 2.009499 0.144956 16.911869 2.009499 0.144956 1.858415 0.092690 1.256970 411.084823 33.051519 -302.408130
18.098586 2.077757 0.835651 18.098586 2.077757 0.835651 2.093425 0.145994 1.030257 372.279663 144.627935 -453.302843
19.415371 2.197630 1.366432 19.415371 2.197630 1.366432 2.285396 0.263992 0.729384 267.623195 248.697458 -549.605863
20.825151 2.406587 1.704272 20.825151 2.406587 1.704272 2.397821 0.442193 0.395310 107.127721 345.305506 -563.973889
22.272383 2.736968 1.842811 22.272383 2.736968 1.842811 2.408380 0.663926 0.071266 -71.929363 393.805204 -516.171749
23.693736 3.204549 1.797871 23.693736 3.204549 1.797871 2.311583 0.891914 -0.212381 -250.727540 366.155193 -429.320153
25.023081 3.800816 1.602229 25.023081 3.800816 1.602229 2.098775 1.087659 -0.424650 -458.635137 286.329940 -278.242094
26.191898 4.499705 1.306155 26.191898 4.499705 1.306155 1.784128 1.233224 -0.547598 -590.188150 198.886845 -131.586740
27.156141 5.275439 0.953910 27.156141 5.275439 0.953910 1.430015 1.352557 -0.626550 -590.188150 198.886845 -131.586740
