12.008296 2.897990 4.100951 12.008296 2.897990 4.100951 0.645784 -0.381838 0.388600 -284.147548 292.902751 -9.038257
12.344619 2.721609 4.332484 12.344619 2.721609 4.332484 0.475295 -0.206097 0.383177 -284.147548 292.902751 -9.038257
12.584516 2.647445 4.556361 12.584516 2.647445 4.556361 0.334134 -0.046499 0.355741 -186.389834 239.089328 -82.415026
12.757128 2.656592 4.750574 12.757128 2.656592 4.750574 0.250712 0.067007 0.284311 -91.683260 139.264165 -155.685108
12.896342 2.715715 4.892300 12.896342 2.715715 4.892300 0.222149 0.119820 0.186716 -3.526880 36.779447 -169.628696
13.031292 2.787209 4.974586 13.031292 2.787209 4.974586 0.231511 0.106800 0.088884 34.732587 -80.180264 -156.480946
13.176201 2.831613 5.002295 13.176201 2.831613 5.002295 0.251104 0.032475 0.007723 30.577033 -167.569511 -114.054927
13.331613 2.818169 4.989797 13.331613 2.818169 4.989797 0.265678 -0.081901 -0.043718 18.004397 -213.683334 -57.412787
13.490582 2.729806 4.958110 13.490582 2.729806 4.958110 0.258088 -0.213910 -0.053776 -43.305932 -226.346235 23.884873
13.634325 2.562641 4.932362 13.634325 2.562641 4.932362 0.215530 -0.340101 -0.028358 -98.552249 -194.289549 60.842295
13.741700 2.326673 4.927308 13.741700 2.326673 4.927308 0.135379 -0.441349 0.013194 -168.617548 -143.203474 77.664527
13.791870 2.042975 4.948609 13.791870 2.042975 4.948609 0.030675 -0.492833 0.056819 -180.397267 -28.410065 67.751112
13.776894 1.750060 4.990991 13.776894 1.750060 4.990991 -0.082107 -0.470388 0.077948 -195.542708 103.225991 2.678064
13.692432 1.486408 5.038242 13.692432 1.486408 5.038242 -0.199433 -0.408452 0.079555 -195.542708 103.225991 2.678064
