-3.143160 -3.757659 -4.732316 -3.143160 -3.757659 -4.732316 1.628833 0.318736 1.448958 141.879474 -363.188450 -146.619571
-2.140322 -3.631791 -3.889333 -2.140322 -3.631791 -3.889333 1.713960 0.100823 1.360986 141.879474 -363.188450 -146.619571
-1.087612 -3.637425 -3.098933 -1.087612 -3.637425 -3.098933 1.793070 -0.120857 1.274012 121.818679 -375.744735 -143.293327
0.005914 -3.775823 -2.358412 0.005914 -3.775823 -2.358412 1.844943 -0.337553 1.197566 51.092296 -346.576397 -111.526261
1.116837 -4.035717 -1.657017 1.116837 -4.035717 -1.657017 1.849398 -0.520391 1.145301 -36.243318 -262.881607 -62.691035
2.212874 -4.387570 -0.976589 2.212874 -4.387570 -0.976589 1.792265 -0.639616 1.130342 -154.200485 -134.536411 12.827220
3.253941 -4.785943 -0.293965 3.253941 -4.785943 -0.293965 1.667064 -0.672273 1.148592 -263.136211 25.679179 48.006765
4.199750 -5.173964 0.405563 4.199750 -5.173964 0.405563 1.473860 -0.603262 1.186050 -380.877233 204.360180 76.851576
5.011542 -5.489389 1.131986 5.011542 -5.489389 1.131986 1.225505 -0.431910 1.236963 -446.971979 366.810962 92.858465
5.665161 -5.675263 1.888019 5.665161 -5.675263 1.888019 0.951174 -0.175595 1.278379 -467.463439 487.574547 45.196753
6.153155 -5.689028 2.659164 6.153155 -5.689028 2.659164 0.677863 0.136092 1.285410 -443.575479 551.381332 -21.760584
6.485188 -5.507074 3.421013 6.485188 -5.507074 3.421013 0.437510 0.472173 1.244949 -357.598538 568.886812 -113.109285
6.692123 -5.123922 4.140895 6.692123 -5.123922 4.140895 0.266936 0.800747 1.143445 -210.981816 526.360146 -225.237456
6.825126 -4.556489 4.781330 6.825126 -4.556489 4.781330 0.194436 1.077766 0.982858 -30.687511 397.036077 -310.052388
6.947831 -3.847662 5.310375 6.947831 -3.847662 5.310375 0.233860 1.269494 0.772524 162.101477 242.058197 -391.062697
7.129022 -3.053672 5.702461 7.129022 -3.053672 5.702461 0.389606 1.358345 0.532701 357.051709 54.113453 -408.345897
7.437874 -2.240931 5.949935 7.437874 -2.240931 5.949935 0.657930 1.330778 0.294472 537.364201 -146.003465 -385.752490
7.936222 -1.478559 6.060931 7.936222 -1.478559 6.060931 1.014674 1.194104 0.081761 651.781559 -309.578706 -323.284645
8.664843 -0.826310 6.059710 8.664843 -0.826310 6.059710 1.418219 0.965913 -0.072639 693.367735 -451.057916 -191.381887
9.640119 -0.332361 5.991895 9.640119 -0.332361 5.991895 1.831935 0.673238 -0.136382 685.685426 -524.524756 -21.094889
10.856685 -0.023654 5.917309 10.856685 -0.023654 5.917309 2.213253 0.354414 -0.093838 585.375450 -538.220813 162.909057
12.279490 0.095234 5.900246 12.279490 0.095234 5.900246 2.511906 0.047081 0.053488 410.134632 -486.222978 328.177818
13.848292 0.042755 6.002000 13.848292 0.042755 6.002000 2.697156 -0.210689 0.303344 207.364217 -373.011323 504.674864
15.489970 -0.142293 6.281974 15.489970 -0.142293 6.281974 2.751870 -0.391961 0.641781 -24.982703 -231.229147 623.450416
17.121508 -0.407574 6.781905 17.121508 -0.407574 6.781905 2.661445 -0.473111 1.029056 -276.433384 -39.268356 667.467014
18.657719 -0.688987 7.517734 18.657719 -0.688987 7.517734 2.441090 -0.449065 1.420793 -458.085197 119.420640 638.322336
20.039917 -0.936930 8.485108 20.039917 -0.936930 8.485108 2.166239 -0.377413 1.803787 -458.085197 119.420640 638.322336
