-1.361184 -1.709861 9.326831 -1.361184 -1.709861 9.326831 0.515428 0.520243 -0.528745 91.273084 -370.480219 -219.779460
-1.035498 -1.464401 8.970024 -1.035498 -1.464401 8.970024 0.570192 0.297955 -0.660613 91.273084 -370.480219 -219.779460
-0.668900 -1.358171 8.541265 -0.668900 -1.358171 8.541265 0.665224 0.046386 -0.756633 225.502329 -468.085506 -100.288341
-0.219853 -1.417226 8.079554 -0.219853 -1.417226 8.079554 0.847135 -0.247623 -0.765204 380.867845 -511.944370 71.721055
0.364706 -1.655129 7.643127 0.364706 -1.655129 7.643127 1.114264 -0.540683 -0.673243 509.561584 -464.922145 234.814508
1.130000 -2.057807 7.290879 1.130000 -2.057807 7.290879 1.445071 -0.792547 -0.485199 593.126417 -374.624687 391.999971
2.104723 -2.593022 7.078104 2.104723 -2.593022 7.078104 1.805534 -0.978590 -0.211078 608.417963 -245.518636 521.734297
3.294290 -3.213541 7.049793 3.294290 -3.213541 7.049793 2.154243 -1.071760 0.124082 553.946026 -65.048346 595.466362
4.679235 -3.856060 7.231691 4.679235 -3.856060 7.231691 2.450058 -1.049560 0.482686 432.102748 139.048873 599.880471
6.216320 -4.450497 7.625415 6.216320 -4.450497 7.625415 2.655676 -0.914777 0.823285 253.292528 310.229298 535.450264
7.842385 -4.934745 8.207736 7.842385 -4.934745 8.207736 2.742986 -0.684755 1.104399 37.739041 456.509227 401.596251
9.482338 -5.257092 8.932218 9.482338 -5.257092 8.932218 2.702472 -0.379178 1.293136 -172.784102 562.082157 227.527710
11.059507 -5.381021 9.734988 11.059507 -5.381021 9.734988 2.532735 -0.029913 1.359316 -393.007448 602.133671 -6.928464
12.496145 -5.293144 10.536393 12.496145 -5.293144 10.536393 2.235618 0.318571 1.290474 -597.380543 559.481500 -222.545915
13.722760 -5.006988 11.257585 13.722760 -5.006988 11.257585 1.841054 0.625790 1.091778 -717.835617 464.579743 -439.771384
14.694574 -4.555410 11.821909 14.694574 -4.555410 11.821909 1.392313 0.866939 0.769992 -777.967157 339.251603 -632.851055
15.391643 -3.985360 12.163907 15.391643 -3.985360 12.163907 0.934113 1.014597 0.359863 -749.366124 152.941764 -734.245136
15.822996 -3.360994 12.245167 15.822996 -3.360994 12.245167 0.513346 1.046748 -0.093154 -653.189071 -45.770754 -775.811830
16.022271 -2.750936 12.051674 16.022271 -2.750936 12.051674 0.165640 0.970526 -0.548411 -505.831700 -208.304638 -741.712548
16.043243 -2.213339 11.595913 16.043243 -2.213339 11.595913 -0.074669 0.809424 -0.959468 -295.199712 -328.702970 -628.476231
15.959439 -1.792899 10.917189 15.959439 -1.792899 10.917189 -0.181122 0.581968 -1.286139 -59.641904 -429.483857 -460.426020
15.853316 -1.522640 10.075289 15.853316 -1.522640 10.075289 -0.150479 0.316205 -1.499094 161.786451 -456.392734 -249.425712
15.802845 -1.412613 9.144788 15.802845 -1.412613 9.144788 0.000063 0.054642 -1.579492 340.019759 -415.483982 -18.567270
15.873013 -1.449770 8.205995 15.873013 -1.449770 8.205995 0.248709 -0.170422 -1.529411 488.798660 -334.726445 185.503684
16.115826 -1.604855 7.332920 16.115826 -1.604855 7.332920 0.570010 -0.334165 -1.362204 582.206380 -211.084319 371.854663
16.562383 -1.834460 6.591052 16.562383 -1.834460 6.591052 0.918100 -0.416368 -1.096484 578.093541 -62.926224 513.876435
17.213850 -2.087655 6.028979 17.213850 -2.087655 6.028979 1.247704 -0.414362 -0.771560 520.585650 69.614021 569.204728
18.050266 -2.316040 5.668360 18.050266 -2.316040 5.668360 1.530498 -0.334089 -0.430739 422.059798 197.960762 566.864453
19.035608 -2.475410 5.509213 19.035608 -2.475410 5.509213 1.739099 -0.188058 -0.104314 273.278447 288.810623 521.220919
20.118227 -2.534271 5.534011 20.118227 -2.534271 5.534011 1.852909 -0.004834 0.176254 106.089111 321.934390 414.004246
21.239448 -2.479845 5.704546 21.239448 -2.479845 5.704546 1.868463 0.185218 0.375965 -54.245755 311.571986 251.699684
22.342863 -2.315970 5.966603 22.342863 -2.315970 5.966603 1.796424 0.355467 0.482845 -185.884215 255.927286 104.568513
23.381446 -2.061735 6.267465 23.381446 -2.061735 6.267465 1.655829 0.483465 0.507246 -282.764160 170.730145 -23.234806
24.320628 -1.747848 6.561140 24.320628 -1.747848 6.561140 1.469086 0.551287 0.460854 -339.712706 55.344149 -131.402232
25.141960 -1.413828 6.808838 25.141960 -1.413828 6.808838 1.270399 0.550922 0.356203 -322.577362 -56.561011 -217.435219
25.847125 -1.097599 6.981351 25.847125 -1.097599 6.981351 1.081802 0.496268 0.215389 -306.080085 -125.617611 -251.945332
26.441112 -0.822449 7.065234 26.441112 -0.822449 7.065234 0.898154 0.420898 0.064222 -306.080085 -125.617611 -251.945332
