12.547699 3.921060 -10.916238 12.547699 3.921060 -10.916238 1.187930 -0.212489 0.673963 -610.448365 228.232535 388.558187
13.150576 3.834648 -10.441920 13.150576 3.834648 -10.441920 0.821661 -0.075549 0.907098 -610.448365 228.232535 388.558187
13.537015 3.827006 -9.836143 13.537015 3.827006 -9.836143 0.472009 0.044415 1.098122 -555.056514 171.648887 248.189715
13.727190 3.878173 -9.143471 13.727190 3.878173 -9.143471 0.173370 0.115510 1.192654 -440.409273 65.332926 66.917915
13.760445 3.953210 -8.424478 13.760445 3.953210 -8.424478 -0.048341 0.124565 1.189582 -298.625158 -35.149079 -77.159007
13.687104 4.015854 -7.730676 13.687104 4.015854 -7.730676 -0.180438 0.074637 1.112995 -141.698174 -131.277546 -178.132431
13.561940 4.032466 -7.098666 13.561940 4.032466 -7.098666 -0.222435 -0.026831 0.987501 1.706079 -206.950407 -240.178658
13.434867 3.976702 -6.550648 13.434867 3.976702 -6.550648 -0.191002 -0.163072 0.837139 103.072641 -247.184602 -261.030075
13.343351 3.834840 -6.093334 13.343351 3.834840 -6.093334 -0.106501 -0.309011 0.690602 178.596286 -239.278474 -227.425188
13.313263 3.608787 -5.716807 13.313263 3.608787 -5.716807 0.008985 -0.440463 0.569659 206.358436 -198.896714 -175.719486
13.354569 3.314397 -5.401645 13.354569 3.314397 -5.401645 0.126648 -0.531354 0.489208 185.849679 -104.074083 -92.450974
13.460936 2.983964 -5.119607 13.460936 2.983964 -5.119607 0.222785 -0.558235 0.459511 134.608960 14.473340 -6.537811
13.615286 2.659384 -4.841836 13.615286 2.659384 -4.841836 0.285798 -0.510769 0.471792 75.433368 143.744243 47.472839
13.795726 2.384947 -4.548595 13.795726 2.384947 -4.548595 0.307975 -0.393768 0.508380 -1.509132 246.260364 74.489671
13.976628 2.197954 -4.229128 13.976628 2.197954 -4.229128 0.289012 -0.221312 0.558229 -61.702445 328.594268 91.674109
14.137779 2.127274 -3.879905 14.137779 2.127274 -3.879905 0.246238 -0.009352 0.602152 -80.877302 377.937564 54.735792
14.270894 2.189255 -3.512613 14.270894 2.189255 -3.512613 0.197363 0.215229 0.615736 -82.040585 370.666585 -9.456243
14.376395 2.380924 -3.148981 14.376395 2.380924 -3.148981 0.157395 0.416687 0.589523 -51.183219 300.860764 -77.921759
14.465499 2.677366 -2.813470 14.465499 2.677366 -2.813470 0.146083 0.558575 0.521888 13.475489 172.099722 -147.528493
14.559955 3.035742 -2.530419 14.559955 3.035742 -2.530419 0.176070 0.623096 0.415739 86.480036 42.968834 -206.301733
14.686868 3.407516 -2.319632 14.686868 3.407516 -2.319632 0.256483 0.599787 0.284348 181.562619 -120.664210 -231.667655
14.877689 3.734891 -2.190061 14.877689 3.734891 -2.190061 0.386670 0.473502 0.148660 252.393990 -300.286502 -220.626622
15.157260 3.957125 -2.137258 15.157260 3.957125 -2.137258 0.548797 0.254253 0.032883 288.029973 -430.543086 -165.296759
15.538357 4.027727 -2.141351 15.538357 4.027727 -2.141351 0.721481 -0.026336 -0.036643 287.585408 -504.753816 -66.454074
16.020147 3.919101 -2.166473 16.020147 3.919101 -2.166473 0.879712 -0.339034 -0.032388 239.848529 -537.573521 80.635598
16.584826 3.621001 -2.162369 16.584826 3.621001 -2.162369 0.992020 -0.651161 0.061109 134.511247 -502.848457 231.020128
17.196456 3.145059 -2.074983 17.196456 3.145059 -2.074983 1.033757 -0.926531 0.245407 4.613280 -415.053327 383.308588
17.808154 2.524105 -1.851003 17.808154 2.524105 -1.851003 0.989594 -1.127195 0.514090 -151.821739 -253.827504 512.299406
18.364040 1.813554 -1.444843 18.364040 1.813554 -1.444843 0.845788 -1.222213 0.848934 -327.531239 -62.896504 603.850175
18.803558 1.079330 -0.825370 18.803558 1.079330 -0.825370 0.604273 -1.207828 1.218339 -477.521499 110.846293 627.499858
19.073329 0.385431 0.016578 19.073329 0.385431 0.016578 0.283565 -1.087092 1.584810 -591.503190 291.606515 594.069314
19.133074 -0.204330 1.068256 19.133074 -0.204330 1.068256 -0.090955 -0.862105 1.910551 -656.898537 458.349214 491.731940
18.960802 -0.633543 2.293635 18.960802 -0.633543 2.293635 -0.482378 -0.559362 2.158273 -647.844907 550.795441 334.008739
18.559547 -0.868911 3.636463 18.559547 -0.868911 3.636463 -0.847166 -0.223354 2.297395 -568.114064 569.228784 129.730495
17.957257 -0.902376 5.024145 17.957257 -0.902376 5.024145 -1.146682 0.108615 2.304702 -430.273098 537.337239 -105.372690
17.203882 -0.746052 6.374745 17.203882 -0.746052 6.374745 -1.344431 0.403189 2.175206 -228.888695 444.573442 -326.279089
16.369673 -0.432126 7.609394 16.369673 -0.432126 7.609394 -1.413518 0.629881 1.920717 -1.401117 311.067236 -522.017002
15.534918 -0.008653 8.659374 15.534918 -0.008653 8.659374 -1.346321 0.764281 1.565072 225.390701 136.933399 -663.468093
14.780576 0.463073 9.474914 14.780576 0.463073 9.474914 -1.146681 0.788990 1.146595 440.073697 -54.570474 -731.456331
14.182258 0.917127 10.030869 14.182258 0.917127 10.030869 -0.830250 0.708659 0.706022 614.696425 -213.197637 -737.119942
13.801081 1.296524 10.327126 13.801081 1.296524 10.327126 -0.429793 0.543623 0.290380 720.161229 -336.922753 -648.352783
13.674617 1.558205 10.393430 13.674617 1.558205 10.393430 0.011217 0.322236 -0.054736 749.873085 -401.033766 -502.033429
13.813895 1.677513 10.281556 13.813895 1.677513 10.281556 0.448992 0.072376 -0.299290 709.375678 -431.834076 -313.145874
14.204493 1.645651 10.058822 14.204493 1.645651 10.058822 0.842196 -0.174512 -0.421145 601.304203 -391.124760 -93.039962
14.807371 1.476113 9.803838 14.807371 1.476113 9.803838 1.149605 -0.381326 -0.404718 423.393863 -298.257050 147.797073
15.559154 1.201705 9.600687 15.559154 1.201705 9.600687 1.332688 -0.519912 -0.250654 186.882200 -163.695998 365.752227
16.381273 0.867235 9.522909 16.381273 0.867235 9.522909 1.389154 -0.583418 0.002689 1.339479 -47.991387 478.722749
17.215007 0.508545 9.610692 17.215007 0.508545 9.610692 1.389958 -0.612213 0.289923 1.339479 -47.991387 478.722749
