-7.941649 -4.511809 -1.740135 -7.941649 -4.511809 -1.740135 0.157601 1.064261 0.214735 660.465343 17.906782 -168.271439
-7.728205 -3.870029 -1.641583 -7.728205 -3.870029 -1.641583 0.553880 1.075005 0.113772 660.465343 17.906782 -168.271439
-7.271758 -3.228776 -1.601067 -7.271758 -3.228776 -1.601067 0.976336 1.050886 0.025519 747.720734 -98.302386 -125.906893
-6.549488 -2.622962 -1.605619 -6.549488 -2.622962 -1.605619 1.434364 0.956787 -0.036026 779.038936 -215.360118 -79.241380
-5.552553 -2.092222 -1.637653 -5.552553 -2.092222 -1.637653 1.882232 0.804735 -0.064347 713.855970 -291.482438 -15.163208
-4.303220 -1.662584 -1.675407 -4.303220 -1.662584 -1.675407 2.268046 0.626161 -0.055524 572.190313 -303.762528 44.573302
-2.850414 -1.339716 -1.698521 -2.850414 -1.339716 -1.698521 2.556280 0.453151 -0.017894 388.588249 -272.936803 80.860545
-1.260062 -1.113131 -1.693702 -1.260062 -1.113131 -1.693702 2.722625 0.308502 0.035623 165.897072 -209.229174 97.530562
0.389954 -0.959176 -1.655954 0.389954 -0.959176 -1.655954 2.755062 0.215542 0.088238 -57.774944 -100.637392 77.852597
2.018878 -0.841688 -1.593045 2.018878 -0.841688 -1.593045 2.651830 0.186546 0.114710 -286.332622 3.985476 10.386111
3.547964 -0.722237 -1.528188 3.547964 -0.722237 -1.528188 2.427670 0.222968 0.091753 -460.865283 117.420773 -86.908797
4.915361 -0.562963 -1.493522 4.915361 -0.562963 -1.493522 2.119904 0.315209 0.015892 -565.022971 190.049196 -165.959628
6.082935 -0.337831 -1.519370 6.082935 -0.337831 -1.519370 1.767567 0.438224 -0.111237 -609.434269 220.000107 -257.804816
7.033960 -0.035760 -1.637466 7.033960 -0.035760 -1.637466 1.402822 0.567908 -0.290664 -606.380717 212.279346 -340.287123
7.771583 0.341503 -1.875027 7.771583 0.341503 -1.875027 1.064385 0.686820 -0.504387 -521.743264 184.096724 -372.119949
8.324269 0.781320 -2.243348 8.324269 0.781320 -2.243348 0.791186 0.770213 -0.721200 -388.919234 93.879036 -350.591789
8.738045 1.252805 -2.734590 8.738045 1.252805 -2.734590 0.603184 0.788837 -0.908632 -237.754726 -31.799323 -274.181605
9.067599 1.714233 -3.322263 9.067599 1.714233 -3.322263 0.512727 0.739006 -1.038846 -63.767416 -134.303882 -159.865747
9.372219 2.128128 -3.965326 9.372219 2.128128 -3.965326 0.516778 0.631751 -1.089661 77.270439 -223.214361 -9.515769
9.702955 2.461818 -4.609567 9.702955 2.461818 -4.609567 0.596940 0.471916 -1.039027 189.936746 -309.566331 178.294448
10.099979 2.687355 -5.189157 10.099979 2.687355 -5.189157 0.734259 0.276720 -0.873385 267.793285 -341.087688 373.845092
10.589668 2.794388 -5.636029 10.589668 2.794388 -5.636029 0.899586 0.084050 -0.599743 283.296147 -301.144539 538.294971
11.179916 2.795200 -5.891532 11.179916 2.795200 -5.891532 1.067079 -0.073698 -0.239515 275.012356 -224.684571 662.467496
11.866530 2.716760 -5.912420 11.866530 2.716760 -5.912420 1.216409 -0.177398 0.175846 222.755851 -120.981279 722.068733
12.631596 2.597506 -5.677788 12.631596 2.597506 -5.677788 1.325685 -0.205175 0.604850 141.497975 28.390900 707.942566
13.447199 2.488888 -5.191989 13.447199 2.488888 -5.191989 1.384195 -0.141259 1.006913 53.535635 184.664399 632.267056
14.284139 2.445692 -4.483998 14.284139 2.445692 -4.483998 1.400247 0.011137 1.336449 -0.030578 323.319304 466.186768
15.120890 2.516212 -3.607985 15.120890 2.516212 -3.607985 1.383273 0.233329 1.567313 -56.549219 417.321567 303.360071
15.940675 2.731327 -2.612992 15.940675 2.731327 -2.612992 1.349343 0.483722 1.749329 -56.549219 417.321567 303.360071
