-5.345483 0.041683 -3.381742 -5.345483 0.041683 -3.381742 2.344889 -0.414028 -0.445766 -438.828702 299.341522 38.956155
-4.017538 -0.152852 -3.642189 -4.017538 -0.152852 -3.642189 2.081592 -0.234423 -0.422393 -438.828702 299.341522 38.956155
-2.850424 -0.233944 -3.891916 -2.850424 -0.233944 -3.891916 1.804037 -0.026413 -0.415535 -486.353894 394.023497 -16.097541
-1.856157 -0.174908 -4.147595 -1.856157 -0.174908 -4.147595 1.509166 0.229796 -0.442494 -496.549799 460.007739 -73.764940
-1.036863 0.043489 -4.428130 -1.036863 0.043489 -4.428130 1.227104 0.494394 -0.495558 -443.657550 421.985258 -103.114767
-0.374328 0.411510 -4.743398 -0.374328 0.411510 -4.743398 0.991566 0.724721 -0.554292 -341.468500 345.770301 -92.666868
0.166807 0.902925 -5.089632 0.166807 0.902925 -5.089632 0.824984 0.903903 -0.594783 -213.803562 251.504339 -42.302879
0.630623 1.482056 -5.448736 0.630623 1.482056 -5.448736 0.733255 1.012400 -0.593265 -91.960735 110.150833 47.364382
1.061674 2.100232 -5.790318 1.061674 2.100232 -5.790318 0.716332 1.033032 -0.535587 35.549474 -41.375692 144.893765
1.503664 2.705829 -6.078548 1.503664 2.705829 -6.078548 0.766623 0.974335 -0.413444 132.090392 -154.280399 262.252196
1.990180 3.257708 -6.272488 1.990180 3.257708 -6.272488 0.859705 0.857007 -0.221489 178.180031 -236.812243 377.597885
2.538978 3.726622 -6.332270 2.538978 3.726622 -6.332270 0.971129 0.701598 0.030784 193.234406 -281.217832 463.311493
3.155124 4.097267 -6.228390 3.155124 4.097267 -6.228390 1.080498 0.534397 0.318840 171.330779 -276.119166 496.875766
3.830611 4.370632 -5.947144 3.830611 4.370632 -5.947144 1.165041 0.380864 0.619485 110.476191 -235.656876 505.271103
4.546362 4.561735 -5.488729 4.546362 4.561735 -5.488729 1.215531 0.264483 0.901528 57.824509 -152.282172 434.873484
5.282209 4.699828 -4.877888 5.282209 4.699828 -4.877888 1.230825 0.207184 1.120683 -6.842416 -38.712411 295.644214
6.015996 4.822698 -4.161720 6.015996 4.822698 -4.161720 1.209336 0.211595 1.250784 -64.789821 53.415941 138.024294
6.729440 4.964527 -3.398063 6.729440 4.964527 -3.398063 1.167988 0.269930 1.275310 -73.035657 141.031746 -56.270997
7.418417 5.156150 -2.655703 7.418417 5.156150 -2.655703 1.130818 0.375945 1.178062 -50.866226 212.352357 -267.888825
8.090073 5.420258 -2.007465 8.090073 5.420258 -2.007465 1.111906 0.504943 0.965433 -12.173340 217.642100 -440.875345
8.760012 5.759681 -1.515580 8.760012 5.759681 -1.515580 1.129536 0.621934 0.660823 70.939889 172.325670 -574.489598
9.456480 6.160165 -1.227875 9.456480 6.160165 -1.227875 1.201990 0.706859 0.289226 170.573579 110.759955 -664.166761
10.213781 6.598178 -1.174771 10.213781 6.598178 -1.174771 1.331353 0.743119 -0.113684 260.636084 10.104302 -678.867722
11.063803 7.037961 -1.360719 11.063803 7.037961 -1.360719 1.509216 0.709642 -0.498712 332.240501 -121.693235 -604.559238
12.032001 7.435062 -1.760404 12.032001 7.435062 -1.760404 1.722883 0.602730 -0.819633 379.983300 -234.678733 -465.177452
13.133954 7.748933 -2.324519 13.133954 7.748933 -2.324519 1.950009 0.434297 -1.041751 377.103166 -326.765424 -275.214876
14.367573 7.946314 -2.984893 14.367573 7.946314 -2.984893 2.154946 0.216343 -1.135805 306.021777 -399.748295 -38.297283
15.709485 8.004054 -3.659147 15.709485 8.004054 -3.659147 2.307862 -0.024061 -1.088171 203.698371 -401.597045 197.077072
17.122160 7.920639 -4.263502 17.122160 7.920639 -4.263502 2.386540 -0.248475 -0.904558 58.560960 -346.451079 414.964765
18.553532 7.714219 -4.720771 18.553532 7.714219 -4.720771 2.366209 -0.431216 -0.601718 -126.330337 -262.684966 594.502302
19.938949 7.416343 -4.968132 19.938949 7.416343 -4.968132 2.232570 -0.548143 -0.211722 -319.133966 -127.072876 705.484035
21.210657 7.075359 -4.965046 21.210657 7.075359 -4.965046 1.989140 -0.570512 0.227232 -492.300061 52.511511 757.696634
22.307621 6.751849 -4.693584 22.307621 6.751849 -4.693584 1.654228 -0.492279 0.675537 -624.073085 208.263300 736.652573
23.183333 6.502120 -4.161932 23.183333 6.502120 -4.161932 1.257330 -0.326569 1.086186 -698.920033 344.104199 632.179425
23.810859 6.374955 -3.406469 23.810859 6.374955 -3.406469 0.832645 -0.085918 1.415291 -716.696337 458.064713 464.835292
24.186895 6.408878 -2.485598 24.186895 6.408878 -2.485598 0.429899 0.204034 1.634320 -625.789972 508.444405 265.262756
24.338676 6.622513 -1.466995 24.338676 6.622513 -1.466995 0.086844 0.507574 1.744799 -517.725208 503.354929 102.999969
24.297592 7.017662 -0.401575 24.297592 7.017662 -0.401575 -0.223791 0.809587 1.806599 -517.725208 503.354929 102.999969
