-10.882805 -3.817348 -8.299116 -10.882805 -3.817348 -8.299116 0.522547 0.166352 0.346006 525.250058 -90.539679 513.107766
-10.474732 -3.733834 -7.999153 -10.474732 -3.733834 -7.999153 0.837697 0.112028 0.653871 525.250058 -90.539679 513.107766
-9.883145 -3.687780 -7.520053 -9.883145 -3.687780 -7.520053 1.124968 0.033373 0.933825 432.321988 -171.646052 420.073532
-9.136387 -3.701015 -6.892541 -9.136387 -3.701015 -6.892541 1.354157 -0.081427 1.143888 331.639613 -211.019810 280.135448
-8.272509 -3.788071 -6.166515 -8.272509 -3.788071 -6.166515 1.511581 -0.209119 1.258315 193.108807 -214.619944 101.288772
-7.338476 -3.950363 -5.406042 -7.338476 -3.950363 -5.406042 1.589073 -0.328836 1.255345 65.197227 -184.435378 -111.190837
-6.377547 -4.174953 -4.685368 -6.377547 -4.174953 -4.685368 1.606939 -0.409948 1.126040 -5.644795 -85.938052 -319.824275
-5.419109 -4.430032 -4.077658 -5.419109 -4.430032 -4.077658 1.580008 -0.429722 0.882418 -84.126143 20.023977 -492.250154
-4.488386 -4.676667 -3.644487 -4.488386 -4.676667 -3.644487 1.518834 -0.379738 0.548695 -119.785216 146.588979 -620.157424
-3.597471 -4.870047 -3.430770 -3.597471 -4.870047 -3.430770 1.452846 -0.251403 0.157240 -100.176775 281.195122 -684.692345
-2.740724 -4.965447 -3.459133 -2.740724 -4.965447 -3.459133 1.408094 -0.058549 -0.250888 -48.993962 361.648747 -675.735109
-1.901950 -4.931734 -3.726105 -1.901950 -4.931734 -3.726105 1.392381 0.177168 -0.630366 -3.382628 424.077080 -589.191094
-1.063258 -4.749167 -4.200883 -1.063258 -4.749167 -4.200883 1.409710 0.431274 -0.936399 61.143734 422.940803 -430.918574
-0.203887 -4.418487 -4.826815 -0.203887 -4.418487 -4.826815 1.459093 0.663972 -1.127590 103.466269 352.719713 -206.386401
0.690684 -3.961414 -5.528905 0.690684 -3.961414 -5.528905 1.523630 0.851606 -1.193355 111.658479 272.727827 -12.830379
1.624960 -3.401359 -6.247228 1.624960 -3.401359 -6.247228 1.590625 1.015243 -1.201053 111.658479 272.727827 -12.830379
