2.161865 1.789635 -7.012493 2.161865 1.789635 -7.012493 0.760062 -0.189834 -0.828339 -704.192572 -244.701969 -20.875505
2.491148 1.631689 -7.513254 2.491148 1.631689 -7.513254 0.337547 -0.336655 -0.840865 -704.192572 -244.701969 -20.875505
2.564913 1.388154 -8.009930 2.564913 1.388154 -8.009930 -0.095012 -0.470954 -0.795390 -737.668684 -202.961957 172.457483
2.377487 1.073519 -8.441915 2.377487 1.073519 -8.441915 -0.525805 -0.570377 -0.620880 -698.309330 -128.446328 409.243037
1.944445 0.714111 -8.729990 1.944445 0.714111 -8.729990 -0.904108 -0.617757 -0.321391 -562.699402 -29.487476 589.053065
1.312214 0.346041 -8.809339 1.312214 0.346041 -8.809339 -1.184130 -0.595990 0.069324 -370.707501 102.044353 713.332128
0.546544 0.013736 -8.636349 0.546544 0.013736 -8.636349 -1.348877 -0.500158 0.512303 -178.448164 217.395285 763.261781
-0.279686 -0.240696 -8.193622 -0.279686 -0.240696 -8.193622 -1.379861 -0.337062 0.960050 75.168100 326.256604 729.229097
-1.079984 -0.380660 -7.492114 -1.079984 -0.380660 -7.492114 -1.264321 -0.123576 1.368669 309.962590 385.365043 632.833249
-1.772649 -0.385165 -6.566566 -1.772649 -0.385165 -6.566566 -1.027668 0.109017 1.700554 478.882665 389.945417 473.449860
-2.295791 -0.251560 -5.472548 -2.295791 -0.251560 -5.472548 -0.704041 0.333010 1.926948 599.872900 356.696081 281.198254
-2.605073 0.006113 -4.278327 -2.605073 0.006113 -4.278327 -0.318288 0.515336 2.032853 685.971356 251.058211 71.819505
-2.673255 0.352315 -3.057243 -2.673255 0.352315 -3.057243 0.089871 0.625019 2.018165 674.556814 114.552382 -120.779053
-2.503581 0.737864 -1.877717 -2.503581 0.737864 -1.877717 0.466266 0.643340 1.897534 580.093042 -53.482753 -281.325702
-2.125866 1.104520 -0.797085 -2.125866 1.104520 -0.797085 0.782013 0.562645 1.692486 472.399436 -215.500833 -402.166454
-1.581389 1.394771 0.142284 -1.581389 1.394771 0.142284 1.016639 0.390614 1.432523 309.685955 -357.935574 -464.376593
-0.926320 1.557605 0.918663 -0.926320 1.557605 0.918663 1.149161 0.140322 1.156161 132.052721 -476.373213 -456.831842
-0.222987 1.552501 1.533826 -0.222987 1.552501 1.533826 1.178731 -0.163252 0.900544 -33.485437 -535.539441 -395.224564
0.470298 1.358793 2.008179 0.470298 1.358793 2.008179 1.119006 -0.481373 0.689244 -165.596530 -524.862212 -309.107437
1.106554 0.980687 2.373190 1.106554 0.980687 2.373190 0.992947 -0.770327 0.539298 -254.600301 -438.317367 -190.714674
1.653843 0.447084 2.668904 1.653843 0.447084 2.668904 0.826933 -0.995869 0.457188 -298.780387 -313.490831 -82.984086
2.096222 -0.206866 2.928279 2.096222 -0.206866 2.928279 0.647665 -1.183963 0.407398 -298.780387 -313.490831 -82.984086
