-7.025874 -3.502286 -2.426383 -7.025874 -3.502286 -2.426383 -1.259770 -0.030877 0.257942 369.829949 -397.790473 560.525726
-7.715166 -3.592415 -2.170723 -7.715166 -3.592415 -2.170723 -1.037872 -0.269551 0.594258 369.829949 -397.790473 560.525726
-8.262542 -3.821553 -1.716609 -8.262542 -3.821553 -1.716609 -0.772081 -0.487250 0.913898 516.141094 -327.871463 504.943598
-8.624932 -4.164573 -1.082426 -8.624932 -4.164573 -1.082426 -0.422633 -0.642242 1.191634 648.685211 -188.767807 420.841182
-8.758588 -4.573862 -0.297553 -8.758588 -4.573862 -0.297553 -0.017621 -0.705330 1.414846 701.356755 -21.526243 323.200267
-8.643749 -4.990082 0.600228 -8.643749 -4.990082 0.600228 0.399029 -0.663985 1.562251 687.475218 159.342826 168.149130
-8.286877 -5.349825 1.560419 -8.286877 -5.349825 1.560419 0.780064 -0.518547 1.626007 582.640149 325.450934 44.371677
-7.722211 -5.593231 2.536214 -7.722211 -5.593231 2.536214 1.088407 -0.277571 1.613649 445.169955 477.800586 -85.567242
-6.998543 -5.668382 3.485171 -6.998543 -5.668382 3.485171 1.307976 0.036048 1.543158 286.726292 567.597033 -149.403139
-6.172706 -5.543510 4.381096 -6.172706 -5.543510 4.381096 1.427220 0.381984 1.438132 110.754652 585.524032 -200.683179
-5.306671 -5.210578 5.207346 -5.306671 -5.210578 5.207346 1.442509 0.725035 1.315195 -59.789610 557.979792 -209.104246
-4.459456 -4.682397 5.961675 -4.459456 -4.682397 5.961675 1.368991 1.023438 1.203982 -185.271801 436.695643 -161.606720
-3.676322 -3.997476 6.657937 -3.676322 -3.997476 6.657937 1.233270 1.246721 1.121827 -267.132309 307.582063 -112.242530
-2.984444 -3.194079 7.310830 -2.984444 -3.194079 7.310830 1.072990 1.431271 1.054482 -267.132309 307.582063 -112.242530
