-6.050099 0.376810 -9.602924 -6.050099 0.376810 -9.602924 0.499245 0.052657 0.032546 -433.438044 24.333178 493.738740
-5.828571 0.412785 -9.494523 -5.828571 0.412785 -9.494523 0.239182 0.067257 0.328789 -433.438044 24.333178 493.738740
-5.756740 0.451308 -9.212404 -5.756740 0.451308 -9.212404 0.010822 0.050802 0.604896 -327.764162 -79.185598 426.615804
-5.799504 0.461241 -8.777497 -5.799504 0.461241 -8.777497 -0.137132 -0.028182 0.836759 -165.415939 -184.092693 346.261776
-5.904461 0.405800 -8.219136 -5.904461 0.405800 -8.219136 -0.200895 -0.165611 1.014406 -47.127718 -274.004784 245.896733
-6.026449 0.254228 -7.574429 -6.026449 0.254228 -7.574429 -0.194010 -0.344438 1.120956 70.078587 -322.084595 109.268695
-6.123876 -0.009062 -6.887013 -6.123876 -0.009062 -6.887013 -0.120141 -0.530947 1.162385 176.152527 -299.613532 28.827615
-6.159845 -0.377880 -6.189287 -6.159845 -0.377880 -6.189287 0.007590 -0.692314 1.155214 249.616876 -238.275953 -52.730196
-6.111734 -0.829364 -5.506478 -6.111734 -0.829364 -5.506478 0.150490 -0.801308 1.119434 226.717540 -125.034947 -66.536723
-5.981459 -1.325493 -4.847905 -5.981459 -1.325493 -4.847905 0.282383 -0.840519 1.073959 212.925007 -5.670705 -85.045478
-5.773702 -1.830825 -4.218837 -5.773702 -1.830825 -4.218837 0.410138 -0.843922 1.022932 212.925007 -5.670705 -85.045478
