7.606005 5.015764 6.048984 7.606005 5.015764 6.048984 0.955189 0.954835 0.379534 -0.732389 -414.669763 630.573333
8.178987 5.514024 6.390207 8.178987 5.514024 6.390207 0.954749 0.706033 0.757878 -0.732389 -414.669763 630.573333
8.748246 5.862258 6.953913 8.748246 5.862258 6.953913 0.937019 0.453502 1.113602 -58.369726 -427.100661 555.173072
9.296657 6.059111 7.710936 9.296657 6.059111 7.710936 0.885528 0.205390 1.391363 -113.266205 -399.939155 370.699372
9.806840 6.117044 8.600854 9.806840 6.117044 8.600854 0.813838 -0.001135 1.555653 -125.700195 -288.478140 176.932289
10.274312 6.071014 9.554401 10.274312 6.071014 9.554401 0.747392 -0.141334 1.603346 -95.786514 -178.853614 -17.953453
10.709250 5.961427 10.500695 10.709250 5.961427 10.500695 0.708641 -0.211615 1.530165 -33.385329 -55.413896 -225.984574
11.133211 5.832601 11.368696 11.133211 5.832601 11.368696 0.712540 -0.204272 1.347472 46.382842 79.887976 -382.991971
11.574853 5.729521 12.102326 11.574853 5.729521 12.102326 0.769217 -0.130825 1.088102 142.542045 164.938074 -481.575362
12.068134 5.684016 12.665111 12.068134 5.684016 12.665111 0.885209 -0.015358 0.782194 244.097428 219.950683 -538.116547
12.647439 5.714400 13.038882 12.647439 5.714400 13.038882 1.052874 0.116652 0.465901 314.784158 220.081593 -516.193765
13.338326 5.822105 13.228559 13.338326 5.822105 13.228559 1.254256 0.239197 0.171440 356.488864 188.403307 -465.344488
14.154337 5.995143 13.254000 14.154337 5.995143 13.254000 1.464596 0.330275 -0.076070 344.647475 115.190661 -359.686897
15.092250 6.207644 13.150884 15.092250 6.207644 13.150884 1.656979 0.367395 -0.255533 296.629048 8.540928 -238.522683
16.131934 6.423941 12.961265 16.131934 6.423941 12.961265 1.795469 0.344134 -0.365477 165.004022 -86.076609 -127.957103
17.229326 6.609189 12.725846 17.229326 6.609189 12.725846 1.846519 0.263796 -0.407756 5.163222 -181.717940 -12.973670
18.328276 6.730069 12.483405 18.328276 6.730069 12.483405 1.800166 0.131325 -0.392798 -159.674157 -259.851036 62.833458
19.367891 6.761560 12.261432 19.367891 6.761560 12.261432 1.645641 -0.027240 -0.343121 -355.410072 -268.700834 102.755376
20.281141 6.698065 12.073589 20.281141 6.698065 12.073589 1.381595 -0.182388 -0.283798 -524.743866 -248.458276 94.987431
21.008000 6.547025 11.918455 21.008000 6.547025 11.918455 1.028529 -0.315882 -0.236571 -652.142037 -196.520423 62.436793
21.502562 6.328826 11.784839 21.502562 6.328826 11.784839 0.611393 -0.400277 -0.213667 -738.311578 -84.795395 13.911345
21.736888 6.081365 11.655306 21.736888 6.081365 11.655306 0.170335 -0.411313 -0.224508 -731.880355 48.005854 -50.047868
21.712150 5.849998 11.508945 21.712150 5.849998 11.508945 -0.244794 -0.348613 -0.267774 -651.883305 160.995110 -94.174634
21.455775 5.676989 11.328900 21.455775 5.676989 11.328900 -0.596724 -0.216113 -0.336425 -521.215866 280.673318 -134.661412
21.015854 5.603233 11.102945 21.015854 5.603233 11.102945 -0.849794 -0.020760 -0.416528 -322.352574 370.501500 -132.347011
20.461288 5.658962 10.832537 20.461288 5.658962 10.832537 -0.976533 0.209016 -0.479280 -100.109224 395.418726 -76.828454
19.872348 5.853763 10.534959 19.872348 5.853763 10.534959 -0.961605 0.437347 -0.506279 149.869165 365.685644 -13.166943
19.335134 6.177027 10.234096 19.335134 6.177027 10.234096 -0.807822 0.631918 -0.487807 362.740325 282.884621 74.739991
18.925741 6.600074 9.962373 18.925741 6.600074 9.962373 -0.540142 0.766535 -0.405425 529.525149 165.836561 199.867281
18.704803 7.080422 9.760819 18.704803 7.080422 9.760819 -0.183262 0.818918 -0.256880 660.076063 8.773905 295.280660
18.716445 7.562885 9.664908 18.716445 7.562885 9.664908 0.226711 0.771847 -0.054375 706.498261 -165.677349 379.738397
18.975353 7.984945 9.702236 18.975353 7.984945 9.702236 0.629168 0.616311 0.181467 635.025204 -352.775852 406.400223
19.462064 8.284675 9.883878 19.462064 8.284675 9.883878 0.984714 0.371862 0.423353 550.129237 -462.052182 399.887013
20.151916 8.424623 10.209869 20.151916 8.424623 10.209869 1.314791 0.094631 0.663285 550.129237 -462.052182 399.887013
