9.354109 -3.919858 7.993473 9.354109 -3.919858 7.993473 0.635247 0.226321 0.416741 -89.524579 451.837195 -449.211659
9.719143 -3.702735 8.162660 9.719143 -3.702735 8.162660 0.581532 0.497423 0.147214 -89.524579 451.837195 -449.211659
10.052365 -3.330491 8.174199 10.052365 -3.330491 8.174199 0.529904 0.730820 -0.101967 -82.566778 326.151729 -381.391344
10.359414 -2.844166 8.051138 10.359414 -2.844166 8.051138 0.500210 0.872140 -0.296952 -16.415598 144.913853 -268.558883
10.661393 -2.306346 7.834360 10.661393 -2.306346 7.834360 0.514396 0.901345 -0.409417 63.704056 -47.561499 -106.322488
10.986086 -1.784712 7.581374 10.986086 -1.784712 7.581374 0.575564 0.819747 -0.414201 140.189538 -224.434451 90.373370
11.359584 -1.342461 7.360335 11.359584 -1.342461 7.360335 0.674304 0.639096 -0.303905 188.942172 -377.734580 277.281890
11.800530 -1.033834 7.238007 11.800530 -1.033834 7.238007 0.799439 0.378264 -0.087014 228.173555 -491.705617 445.687450
12.322654 -0.899348 7.274535 12.322654 -0.899348 7.274535 0.943292 0.063412 0.222962 251.338414 -557.798917 587.566370
12.930910 -0.960959 7.518357 12.930910 -0.960959 7.518357 1.079294 -0.267539 0.596916 202.001067 -545.372568 658.946985
13.608608 -1.214064 7.994839 13.608608 -1.214064 7.994839 1.169300 -0.566836 0.990893 98.020447 -452.283288 654.307659
14.320455 -1.627757 8.702728 14.320455 -1.627757 8.702728 1.191231 -0.799111 1.361367 -24.920099 -321.967807 580.607056
15.020968 -2.154363 9.614051 15.020968 -2.154363 9.614051 1.127580 -0.938217 1.659698 -187.247427 -141.717602 413.829707
15.654971 -2.733237 10.674182 15.654971 -2.733237 10.674182 0.971028 -0.975418 1.857113 -334.592924 17.712751 244.220434
16.177361 -3.315299 11.832410 16.177361 -3.315299 11.832410 0.770272 -0.964791 2.003645 -334.592924 17.712751 244.220434
