2.139059 -4.199138 1.842951 2.139059 -4.199138 1.842951 1.367179 -0.116060 0.058124 -558.480068 -61.303599 209.007718
2.858840 -4.279809 1.915447 2.858840 -4.279809 1.915447 1.032091 -0.152842 0.183528 -558.480068 -61.303599 209.007718
3.379025 -4.375361 2.067171 3.379025 -4.375361 2.067171 0.704289 -0.153689 0.328861 -534.192243 58.479026 275.434414
3.710999 -4.451390 2.315579 3.710999 -4.451390 2.315579 0.411547 -0.090310 0.501687 -441.615800 152.784578 300.650882
3.886834 -4.474311 2.670147 3.886834 -4.474311 2.670147 0.188568 0.020180 0.679272 -301.647410 215.516292 291.301030
3.957552 -4.421062 3.125387 3.957552 -4.421062 3.125387 0.066949 0.161229 0.830266 -103.750073 254.644586 212.012205
3.992845 -4.280295 3.657149 3.992845 -4.280295 3.657149 0.073690 0.304989 0.934675 126.219385 224.556364 136.016041
4.072367 -4.060100 4.237477 4.072367 -4.060100 4.237477 0.212367 0.423629 0.991486 336.038840 170.911151 53.355460
4.270910 -3.780962 4.838389 4.270910 -3.780962 4.838389 0.467168 0.497158 1.005582 513.298483 74.183901 -6.369315
4.651793 -3.475938 5.436863 4.651793 -3.475938 5.436863 0.816087 0.508549 0.983115 649.763921 -36.212340 -68.521848
5.262380 -3.183678 6.014415 5.262380 -3.183678 6.014415 1.225834 0.455068 0.942089 716.060823 -142.059022 -68.229489
6.126934 -2.941218 6.569046 6.126934 -2.941218 6.569046 1.656283 0.344780 0.909446 718.769137 -225.567800 -40.582195
7.245603 -2.778660 7.109499 7.245603 -2.778660 7.109499 2.065144 0.190900 0.895545 644.100453 -287.363478 -5.752477
8.590376 -2.715989 7.650349 8.590376 -2.715989 7.650349 2.400346 0.017765 0.914889 473.238523 -289.752856 70.230905
10.102118 -2.753717 8.216412 10.102118 -2.753717 8.216412 2.616048 -0.137245 0.979467 245.768547 -226.947486 145.029514
11.704456 -2.872960 8.833161 11.704456 -2.872960 8.833161 2.705862 -0.253641 1.081300 53.611107 -161.041430 194.412823
13.337623 -3.054133 9.516935 13.337623 -3.054133 9.516935 2.738029 -0.350266 1.197947 53.611107 -161.041430 194.412823
