11.125700 2.574652 6.465266 11.125700 2.574652 6.465266 0.692808 -0.457298 -0.846398 -391.460536 169.483006 230.927713
11.470922 2.330780 5.998994 11.470922 2.330780 5.998994 0.457931 -0.355608 -0.707841 -391.460536 169.483006 230.927713
11.670971 2.154740 5.624130 11.670971 2.154740 5.624130 0.201820 -0.219831 -0.527914 -462.243201 283.106763 368.829996
11.707007 2.079920 5.381630 11.707007 2.079920 5.381630 -0.084786 -0.019365 -0.267321 -493.109384 385.112056 499.814963
11.568286 2.139392 5.315181 11.568286 2.139392 5.315181 -0.376101 0.220555 0.052453 -477.940622 414.621369 566.097221
11.262186 2.344362 5.448426 11.262186 2.344362 5.448426 -0.634917 0.459357 0.391486 -384.779988 381.385501 564.012577
10.819636 2.683748 5.782215 10.819636 2.683748 5.782215 -0.827484 0.663799 0.716773 -257.111297 300.087544 520.276741
10.287444 3.128341 6.298063 10.287444 3.128341 6.298063 -0.928857 0.805343 0.989610 -80.799039 171.726238 389.180334
9.727235 3.634923 6.950307 9.727235 3.634923 6.950307 -0.919090 0.870707 1.165248 113.357319 46.155179 196.280612
9.208638 4.158484 7.672181 9.208638 4.158484 7.672181 -0.788814 0.862546 1.219987 320.895769 -73.358270 -13.818190
8.803664 4.656835 8.388964 8.803664 4.656835 8.388964 -0.543511 0.788668 1.148087 496.781305 -172.901605 -225.848457
8.573670 5.093980 9.023865 8.573670 5.093980 9.023865 -0.211981 0.660259 0.946084 608.319296 -255.129262 -447.492738
8.559640 5.442504 9.500580 8.559640 5.442504 9.500580 0.171314 0.498639 0.625655 669.329203 -283.602991 -620.605139
8.783348 5.692686 9.757728 8.783348 5.692686 9.757728 0.575112 0.338715 0.220613 676.664388 -249.476849 -729.534542
9.245314 5.854760 9.756281 9.245314 5.854760 9.756281 0.956609 0.207779 -0.229602 594.991985 -186.976642 -771.184132
9.916267 5.951486 9.482060 9.916267 5.951486 9.482060 1.263050 0.124167 -0.680543 426.478988 -91.732085 -731.952541
10.738845 6.015003 8.949250 10.738845 6.015003 8.949250 1.458843 0.096772 -1.083379 226.165003 0.416496 -610.831370
11.641924 6.079506 8.199601 11.641924 6.079506 8.199601 1.529863 0.128847 -1.398239 10.565308 106.500027 -438.702503
12.546482 6.180907 7.293929 12.546482 6.180907 7.293929 1.459891 0.217360 -1.600273 -243.802569 188.544265 -234.743757
13.366692 6.347451 6.305380 13.366692 6.347451 6.305380 1.254410 0.341435 -1.671775 -441.134699 225.037415 -3.597659
14.029913 6.592145 5.315868 14.029913 6.592145 5.315868 0.939625 0.473092 -1.602932 -608.150144 213.820624 233.075137
14.478271 6.910818 4.407334 14.478271 6.910818 4.407334 0.544986 0.583032 -1.406729 -707.310842 152.644725 420.933743
14.676507 7.283265 3.646162 14.676507 7.283265 3.646162 0.113402 0.650380 -1.118680 -731.304969 71.848123 539.229139
14.612913 7.686425 3.072015 14.612913 7.686425 3.072015 -0.325381 0.693488 -0.795143 -731.304969 71.848123 539.229139
