-9.773174 -2.528678 -8.636960 -9.773174 -2.528678 -8.636960 -0.350341 -0.343457 -0.513237 544.346317 207.588043 -83.535820
-9.885396 -2.697386 -8.959939 -9.885396 -2.697386 -8.959939 -0.023733 -0.218904 -0.563358 544.346317 207.588043 -83.535820
-9.803445 -2.788380 -9.305249 -9.803445 -2.788380 -9.305249 0.293913 -0.079440 -0.574775 514.472775 257.292184 45.480794
-9.539030 -2.790116 -9.631927 -9.539030 -2.790116 -9.631927 0.579910 0.073011 -0.497482 438.849291 250.878339 212.162113
-9.117893 -2.703311 -9.881449 -9.117893 -2.703311 -9.881449 0.814210 0.212740 -0.316294 342.150871 214.882951 391.797850
-8.575182 -2.541339 -9.992287 -8.575182 -2.541339 -9.992287 0.982493 0.319917 -0.039141 218.792134 142.373853 532.044751
-7.953891 -2.331623 -9.913394 -7.953891 -2.331623 -9.913394 1.075834 0.366034 0.313130 92.344377 11.349288 642.192582
-7.298274 -2.117788 -9.607947 -7.298274 -2.117788 -9.607947 1.098712 0.333706 0.708321 -16.082253 -119.108921 675.108871
-6.645578 -1.945537 -9.062611 -6.645578 -1.945537 -9.062611 1.070881 0.229575 1.107505 -76.688370 -227.992349 655.505635
-6.018346 -1.854523 -8.284669 -6.018346 -1.854523 -8.284669 1.017402 0.064316 1.478046 -101.574576 -322.873095 579.631740
-5.425204 -1.877944 -7.303629 -5.425204 -1.877944 -7.303629 0.961381 -0.148874 1.775221 -85.161742 -387.757870 410.951844
-4.861532 -2.037272 -6.176826 -4.861532 -2.037272 -6.176826 0.921145 -0.382565 1.960289 -48.958409 -391.212838 205.940616
-4.314663 -2.333669 -4.976616 -4.314663 -2.333669 -4.976616 0.906742 -0.599492 2.018690 0.948695 -331.879611 -11.271179
-3.766466 -2.746631 -3.781291 -3.766466 -2.746631 -3.781291 0.927213 -0.766263 1.942622 67.288661 -224.023487 -242.286522
-3.195296 -3.237851 -2.671875 -3.195296 -3.237851 -2.671875 0.981241 -0.856364 1.734521 112.802212 -76.310546 -451.383289
-2.584743 -3.755599 -1.722086 -2.584743 -3.755599 -1.722086 1.056443 -0.853123 1.415319 137.870538 87.112912 -612.625463
-1.926093 -4.241437 -0.988462 -1.926093 -4.241437 -0.988462 1.139004 -0.749078 1.021271 137.334310 259.702017 -700.866745
-1.221471 -4.634740 -0.501876 -1.221471 -4.634740 -0.501876 1.203899 -0.546264 0.600645 78.983248 416.344471 -701.221555
-0.489163 -4.881002 -0.264519 -0.489163 -4.881002 -0.264519 1.230046 -0.263686 0.195862 8.172873 525.583027 -648.052740
0.244368 -4.941435 -0.256019 0.244368 -4.941435 -0.256019 1.205112 0.067531 -0.154808 -91.287570 578.475115 -520.849718
0.944732 -4.798347 -0.431110 0.944732 -4.798347 -0.431110 1.118984 0.406838 -0.409584 -195.803717 552.546682 -328.402056
1.574817 -4.458712 -0.722777 1.574817 -4.458712 -0.722777 0.971198 0.718735 -0.540644 -296.817833 487.110124 -108.463640
2.100209 -3.947574 -1.053246 2.100209 -3.947574 -1.053246 0.773607 0.972085 -0.538520 -361.817019 357.391905 115.543325
2.497592 -3.310876 -1.343869 2.497592 -3.310876 -1.343869 0.548245 1.132102 -0.410740 -389.389959 175.995996 310.387565
2.758738 -2.611186 -1.524601 2.758738 -2.611186 -1.524601 0.326058 1.181446 -0.175294 -351.233981 -11.514125 474.432249
2.895660 -1.915989 -1.537935 2.895660 -1.915989 -1.537935 0.137863 1.116549 0.141592 -276.083886 -204.809716 581.855211
2.937184 -1.292562 -1.346119 2.937184 -1.292562 -1.346119 0.014719 0.945481 0.501336 -134.393882 -365.416289 617.291247
2.931900 -0.797267 -0.936154 2.931900 -0.797267 -0.936154 -0.015538 0.695135 0.861968 33.536118 -469.070549 584.814939
2.939814 -0.468561 -0.318281 2.939814 -0.468561 -0.318281 0.060584 0.393982 1.189985 220.204774 -534.773112 508.576713
3.027695 -0.327547 0.479812 3.027695 -0.327547 0.479812 0.252171 0.077536 1.457925 418.418291 -520.047911 384.555229
3.263646 -0.369646 1.414019 3.263646 -0.369646 1.414019 0.549891 -0.209551 1.639818 573.979215 -436.909558 221.755656
3.703794 -0.566642 2.428814 3.703794 -0.566642 2.428814 0.928763 -0.434808 1.727812 688.928893 -313.947228 71.558665
4.387971 -0.874786 3.470396 4.387971 -0.874786 3.470396 1.356681 -0.576917 1.730817 737.466203 -159.749632 -61.541742
5.332261 -1.238903 4.491122 5.332261 -1.238903 4.491122 1.786847 -0.618823 1.660456 696.418338 20.064600 -172.996327
6.524042 -1.597287 5.453466 6.524042 -1.597287 5.453466 2.176286 -0.560294 1.542710 601.712921 175.031544 -219.489887
7.929295 -1.893052 6.338362 7.929295 -1.893052 6.338362 2.493177 -0.410749 1.404906 454.591141 323.452825 -239.857470
9.493653 -2.075931 7.139112 9.493653 -2.075931 7.139112 2.699061 -0.189934 1.265896 231.686562 412.596253 -223.507710
11.140368 -2.114010 7.861238 11.140368 -2.114010 7.861238 2.765948 0.065696 1.145888 -8.729487 439.502908 -176.520037
12.784651 -1.996551 8.521330 12.784651 -1.996551 8.521330 2.692135 0.324053 1.061641 -237.314420 421.689196 -104.303305
14.344407 -1.730709 9.144283 14.344407 -1.730709 9.144283 2.485708 0.554595 1.022777 -450.773576 346.784090 -25.242130
15.745320 -1.342506 9.756692 15.745320 -1.342506 9.756692 2.168378 0.727789 1.024059 -606.993917 230.529259 29.515095
16.931702 -0.871305 10.376840 16.931702 -0.871305 10.376840 1.777252 0.831266 1.043770 -696.760203 114.393643 36.187397
17.871637 -0.359914 11.008976 17.871637 -0.359914 11.008976 1.354201 0.860106 1.062285 -713.407635 -18.260615 25.529389
18.560441 0.145755 11.649119 18.560441 0.145755 11.649119 0.949638 0.813611 1.068482 -635.136421 -136.722585 -4.871457
19.022288 0.604867 12.286277 19.022288 0.604867 12.286277 0.600501 0.709352 1.050289 -528.655641 -210.806731 -55.773513
19.287431 0.992533 12.906411 19.287431 0.992533 12.906411 0.283307 0.582868 1.016825 -528.655641 -210.806731 -55.773513
