3.342765 -2.313304 -3.537926 3.342765 -2.313304 -3.537926 2.895074 0.562364 -0.810428 -259.519264 -269.152491 -249.116597
5.033096 -2.024333 -4.069024 5.033096 -2.024333 -4.069024 2.739362 0.400873 -0.959898 -259.519264 -269.152491 -249.116597
6.619662 -1.827283 -4.681187 6.619662 -1.827283 -4.681187 2.531961 0.264252 -1.066283 -431.817101 -186.249221 -105.500084
8.049404 -1.696536 -5.328267 8.049404 -1.696536 -5.328267 2.214334 0.181103 -1.071184 -626.941218 -90.913011 89.165849
9.258765 -1.596956 -5.945899 9.258765 -1.596956 -5.945899 1.806219 0.162968 -0.972544 -733.440745 30.460680 239.633929
10.209342 -1.487366 -6.480125 10.209342 -1.487366 -6.480125 1.360478 0.212879 -0.797931 -752.361658 135.911691 342.408502
10.892878 -1.331493 -6.894582 10.892878 -1.331493 -6.894582 0.922433 0.312828 -0.579146 -707.788377 197.251884 386.874449
11.326372 -1.106548 -7.172210 11.326372 -1.106548 -7.172210 0.534940 0.439894 -0.345907 -583.855749 226.300146 390.588144
11.552156 -0.802430 -7.310789 11.552156 -0.802430 -7.310789 0.234195 0.572909 -0.118260 -418.628622 217.083757 368.235083
11.629792 -0.423148 -7.320219 11.629792 -0.423148 -7.320219 0.045378 0.685469 0.078903 -210.761094 158.115388 288.976296
11.631719 0.011307 -7.227138 11.631719 0.011307 -7.227138 -0.017890 0.753903 0.220903 -0.131482 69.996735 184.355191
11.631700 0.470457 -7.066415 11.631700 0.470457 -7.066415 0.035725 0.766944 0.306505 178.847394 -26.524880 100.987919
11.694472 0.918392 -6.867710 11.694472 0.918392 -6.867710 0.188755 0.713745 0.350220 331.254010 -150.806367 44.726197
11.873779 1.313200 -6.652257 11.873779 1.313200 -6.652257 0.419644 0.591790 0.363407 438.375083 -255.708659 -0.768584
12.206773 1.619899 -6.435813 12.206773 1.619899 -6.435813 0.694171 0.426627 0.355634 476.715635 -294.835006 -25.140821
12.706773 1.821868 -6.225491 12.706773 1.821868 -6.225491 0.968644 0.245042 0.347883 438.193437 -310.448658 -0.695473
13.363126 1.913982 -6.013027 13.363126 1.913982 -6.013027 1.213017 0.063623 0.366765 376.381833 -294.283428 63.632857
14.152938 1.904531 -5.777691 14.152938 1.904531 -5.777691 1.410112 -0.086219 0.424058 280.601251 -205.187075 127.345357
15.041366 1.823363 -5.497129 15.041366 1.823363 -5.497129 1.537739 -0.171843 0.516492 144.821927 -80.228571 180.768671
15.981842 1.714661 -5.151482 15.981842 1.714661 -5.151482 1.583456 -0.175755 0.641020 7.569623 67.189010 234.323258
16.927453 1.630151 -4.723973 16.927453 1.630151 -4.723973 1.558872 -0.091198 0.785210 -89.517053 214.668136 246.312216
17.842568 1.622099 -4.209194 17.842568 1.622099 -4.209194 1.484687 0.077737 0.929580 -157.765786 348.448089 234.919374
18.702291 1.736792 -3.612297 18.702291 1.736792 -3.612297 1.376572 0.313458 1.054848 -202.616601 437.288201 182.641594
19.492350 2.006963 -2.952945 19.492350 2.006963 -2.952945 1.257935 0.592752 1.132269 -192.840306 493.693901 75.429499
20.214934 2.450034 -2.269496 20.214934 2.450034 -2.269496 1.154897 0.881740 1.130079 -150.619070 469.598351 -82.731311
20.882775 3.058942 -1.613110 20.882775 3.058942 -1.613110 1.074598 1.140183 1.046590 -117.044291 391.877252 -195.565088
21.506466 3.813590 -1.020358 21.506466 3.813590 -1.020358 1.004372 1.375309 0.929251 -117.044291 391.877252 -195.565088
