-4.300997 4.020364 4.835730 -4.300997 4.020364 4.835730 1.443125 0.302375 0.020330 59.921160 185.013186 242.345982
-3.424336 4.235091 4.891550 -3.424336 4.235091 4.891550 1.479077 0.413383 0.165738 59.921160 185.013186 242.345982
-2.525352 4.509460 5.037186 -2.525352 4.509460 5.037186 1.518789 0.489572 0.324001 72.450778 68.949234 285.198651
-1.599999 4.807172 5.282609 -1.599999 4.807172 5.282609 1.567453 0.488734 0.493555 89.764740 -71.742920 279.979795
-0.645863 5.082185 5.626208 -0.645863 5.082185 5.626208 1.608841 0.419119 0.646891 48.193623 -160.307730 231.141264
0.325211 5.300049 6.052312 0.325211 5.300049 6.052312 1.623232 0.299177 0.767397 -0.223632 -239.496344 170.546631
1.293509 5.434714 6.538392 1.293509 5.434714 6.538392 1.595091 0.146820 0.844439 -93.580445 -268.362940 86.260881
2.226677 5.475845 7.056103 2.226677 5.475845 7.056103 1.503737 -0.007474 0.873797 -210.931399 -245.948590 11.598106
3.086180 5.431560 7.578726 3.086180 5.431560 7.578726 1.353319 -0.132694 0.862043 -290.461404 -171.450012 -50.779835
3.842807 5.326028 8.084339 3.842807 5.326028 8.084339 1.163633 -0.210842 0.819211 -341.826995 -89.044494 -91.991489
4.476273 5.189614 8.560526 4.476273 5.189614 8.560526 0.942614 -0.233671 0.770110 -394.901693 12.947989 -71.679092
4.972024 5.058663 9.011498 4.972024 5.058663 9.011498 0.711996 -0.191297 0.736147 -373.826157 128.296963 -41.532348
5.338078 4.971234 9.450186 5.338078 4.971234 9.450186 0.518424 -0.093040 0.733607 -271.412163 199.227529 33.065609
5.606960 4.953317 9.899916 5.606960 4.953317 9.899916 0.388984 0.036726 0.771516 -160.056392 233.324770 93.300382
5.820817 5.017628 10.382999 5.820817 5.017628 10.382999 0.339335 0.178108 0.844391 -5.439098 237.949671 149.614286
6.033970 5.165101 10.919337 6.033970 5.165101 10.919337 0.388730 0.309766 0.948024 170.087434 200.911124 195.829771
6.310117 5.381542 11.525406 6.310117 5.381542 11.525406 0.552249 0.402394 1.075550 374.977951 107.849202 229.257573
6.717662 5.634502 12.210004 6.717662 5.634502 12.210004 0.820733 0.427659 1.203110 519.967110 -23.633009 195.942090
7.309315 5.879225 12.961133 7.309315 5.879225 12.961133 1.160809 0.375384 1.290645 613.619435 -150.616381 95.842516
8.118899 6.069164 13.745232 8.118899 6.069164 13.745232 1.542216 0.244113 1.310451 657.739037 -286.954868 -29.823664
9.162108 6.158197 14.519428 9.162108 6.158197 14.519428 1.934291 0.043026 1.259024 649.177496 -383.334210 -141.599510
10.439535 6.115013 15.249355 10.439535 6.115013 15.249355 2.323798 -0.186974 1.174064 649.177496 -383.334210 -141.599510
