-8.717368 3.586270 8.086767 -8.717368 3.586270 8.086767 1.654713 0.673649 -0.036226 63.729140 -450.929854 -757.143983
-7.713069 3.909292 7.928746 -7.713069 3.909292 7.928746 1.692951 0.403092 -0.490512 63.729140 -450.929854 -757.143983
-6.691210 4.066784 7.502959 -6.691210 4.066784 7.502959 1.704273 0.116554 -0.920764 -25.989310 -504.193904 -677.030308
-5.676621 4.046303 6.838068 -5.676621 4.046303 6.838068 1.672194 -0.184255 -1.279819 -80.940301 -498.503991 -519.819387
-4.689493 3.850561 5.988171 -4.689493 3.850561 5.988171 1.615535 -0.460650 -1.533899 -107.923597 -422.812128 -327.112781
-3.739260 3.505518 5.022940 -3.739260 3.505518 5.022940 1.552474 -0.677072 -1.660226 -102.277431 -298.595666 -93.978594
-2.823192 3.053539 4.024474 -2.823192 3.053539 4.024474 1.506075 -0.816172 -1.643684 -52.386149 -165.070064 149.120427
-1.925744 2.542603 3.076828 -1.925744 2.542603 3.076828 1.490805 -0.872811 -1.495598 1.484986 -23.728359 344.499947
-1.027175 2.024452 2.251289 -1.027175 2.024452 2.251289 1.510785 -0.838016 -1.239853 65.113545 139.712921 507.983409
-0.107144 1.553155 1.604959 -0.107144 1.553155 1.604959 1.559057 -0.722366 -0.904339 95.792997 245.788061 610.394533
0.847062 1.166707 1.175081 0.847062 1.166707 1.175081 1.624177 -0.561243 -0.523830 121.276033 291.286169 657.970876
1.842582 0.884383 0.976375 1.842582 0.884383 0.976375 1.692864 -0.376520 -0.143263 107.680363 324.459797 610.582784
2.874259 0.714565 0.994214 2.874259 0.714565 0.994214 1.740349 -0.193389 0.192548 50.602472 285.976283 508.790208
3.922676 0.645684 1.192384 3.922676 0.645684 1.192384 1.746209 -0.043422 0.453116 -31.070288 213.912042 359.769565
4.957793 0.651971 1.519226 4.957793 0.651971 1.519226 1.692488 0.054108 0.620046 -148.000290 111.188751 196.663125
5.940437 0.697009 1.917116 5.940437 0.697009 1.917116 1.572644 0.083618 0.690360 -251.477491 -12.820751 37.716838
6.832507 0.739748 2.328674 6.832507 0.739748 2.328674 1.390507 0.050305 0.665752 -355.645720 -98.222508 -119.743046
7.599450 0.747908 2.698545 7.599450 0.747908 2.698545 1.160393 -0.030345 0.553773 -411.400605 -170.612898 -253.521914
8.220821 0.696007 2.981706 8.220821 0.696007 2.981706 0.909488 -0.147632 0.384315 -424.949970 -220.341757 -311.337173
8.690997 0.568729 3.155826 8.690997 0.568729 3.155826 0.659389 -0.275021 0.195371 -408.713489 -204.288979 -318.476544
9.019124 0.369607 3.215827 9.019124 0.369607 3.215827 0.444472 -0.384284 0.004809 -307.677294 -159.920606 -316.729565
9.239137 0.115368 3.166133 9.239137 0.115368 3.166133 0.303423 -0.454651 -0.163071 -162.485601 -74.637066 -242.872372
9.402053 -0.163972 3.029761 9.402053 -0.163972 3.029761 0.256477 -0.465009 -0.282857 5.997669 40.112073 -156.411334
9.568185 -0.428756 2.837315 9.568185 -0.428756 2.837315 0.315908 -0.405936 -0.349591 192.107081 156.797374 -66.036827
9.804437 -0.638652 2.619407 9.804437 -0.638652 2.619407 0.491812 -0.284646 -0.370548 394.239849 247.503274 -3.819348
10.179582 -0.760596 2.400340 10.179582 -0.760596 2.400340 0.773830 -0.114681 -0.353094 545.820229 319.043742 61.998261
10.748107 -0.771014 2.199848 10.748107 -0.771014 2.199848 1.131219 0.081563 -0.314870 645.476362 335.104947 65.414061
11.545712 -0.663514 2.021892 11.545712 -0.663514 2.021892 1.531945 0.273843 -0.279662 690.275906 305.827185 51.946673
12.589129 -0.444159 1.863445 12.589129 -0.444159 1.863445 1.946110 0.457339 -0.248494 690.275906 305.827185 51.946673
