8.381171 5.945097 0.493979 8.381171 5.945097 0.493979 0.784450 -0.667064 1.152552 313.209059 -156.848531 -395.168211
8.908218 5.516626 1.114380 8.908218 5.516626 1.114380 0.972375 -0.761173 0.915451 313.209059 -156.848531 -395.168211
9.541511 5.041417 1.590396 9.541511 5.041417 1.590396 1.127749 -0.806644 0.667728 204.701444 5.277683 -430.575621
10.245984 4.571007 1.912883 10.245984 4.571007 1.912883 1.205460 -0.740349 0.406154 54.337014 215.705403 -441.339664
10.972226 4.175131 2.079963 10.972226 4.175131 2.079963 1.203989 -0.563391 0.155495 -59.240406 374.152982 -394.190354
11.678594 3.910390 2.108781 11.678594 3.910390 2.108781 1.141633 -0.309169 -0.048642 -148.611658 473.254013 -286.266358
12.333588 3.812396 2.038200 12.333588 3.812396 2.038200 1.036288 -0.013606 -0.169741 -202.539555 511.955604 -117.394864
12.917622 3.895519 1.926103 12.917622 3.895519 1.926103 0.908351 0.289243 -0.185785 -223.915798 497.542536 63.914474
13.424391 4.153965 1.838133 13.424391 4.153965 1.838133 0.784321 0.564478 -0.087453 -189.519561 419.909261 263.857185
13.863863 4.560128 1.843844 13.863863 4.560128 1.843844 0.685571 0.775886 0.124306 -139.647314 284.783323 442.008855
14.253070 5.067550 2.006998 14.253070 5.067550 2.006998 0.616791 0.899902 0.434550 -89.618363 128.602042 592.138319
14.611296 5.620364 2.379442 14.611296 5.620364 2.379442 0.584433 0.925689 0.815481 -18.241097 -42.646456 677.630035
14.961010 6.158696 2.991333 14.961010 6.158696 2.991333 0.585175 0.853075 1.225202 20.714376 -199.397207 688.105365
15.316575 6.627697 3.847593 15.316575 6.627697 3.847593 0.601260 0.698674 1.624468 32.900275 -315.273208 642.783743
15.682745 6.985791 4.930624 15.682745 6.985791 4.930624 0.618460 0.487704 1.973383 24.434378 -387.962616 520.265734
16.054345 7.206720 6.196129 16.054345 7.206720 6.196129 0.613749 0.245624 2.224676 -40.139287 -418.970585 317.375849
16.410375 7.281546 7.573043 16.410375 7.281546 7.573043 0.564697 0.008576 2.340008 -123.367298 -371.189207 67.065330
16.721813 7.224088 8.977798 16.721813 7.224088 8.977798 0.464808 -0.193085 2.323638 -209.594144 -301.013075 -121.630660
16.962971 7.054055 10.350088 16.962971 7.054055 10.350088 0.339052 -0.373693 2.250660 -209.594144 -301.013075 -121.630660
