11.146986 -1.251163 -0.704724 11.146986 -1.251163 -0.704724 0.079695 0.703414 -1.189139 -426.163302 -260.761620 640.199827
11.118093 -0.876052 -1.302971 11.118093 -0.876052 -1.302971 -0.176003 0.546957 -0.805019 -426.163302 -260.761620 640.199827
10.938137 -0.596911 -1.671248 10.938137 -0.596911 -1.671248 -0.419923 0.380019 -0.423407 -386.902107 -295.699329 631.839163
10.623680 -0.422668 -1.814711 10.623680 -0.422668 -1.814711 -0.616368 0.199888 -0.060048 -267.912965 -304.736527 579.360250
10.215550 -0.355860 -1.752905 10.215550 -0.355860 -1.752905 -0.727544 0.025684 0.255315 -102.675875 -275.945038 471.847874
9.770994 -0.385053 -1.523483 9.770994 -0.385053 -1.523483 -0.736887 -0.114551 0.494925 71.531680 -191.505179 326.853381
9.352829 -0.479644 -1.177413 9.352829 -0.479644 -1.177413 -0.638510 -0.186401 0.642445 256.392836 -47.992840 164.877953
9.026874 -0.590904 -0.773332 9.026874 -0.590904 -0.773332 -0.429671 -0.169100 0.686054 439.737597 105.662763 -19.513168
8.856125 -0.665227 -0.373769 8.856125 -0.665227 -0.373769 -0.126326 -0.065115 0.631561 571.411359 240.954591 -162.130575
8.887180 -0.653560 -0.028925 8.887180 -0.653560 -0.028925 0.236503 0.116277 0.509736 638.020550 363.685312 -243.953378
9.144994 -0.512352 0.229495 9.144994 -0.512352 0.229495 0.624659 0.364379 0.345812 655.832146 463.318295 -302.457922
9.632704 -0.208075 0.380977 9.632704 -0.208075 0.380977 0.992483 0.653633 0.156526 570.246108 500.863572 -328.495626
10.323041 0.272217 0.419463 10.323041 0.272217 0.419463 1.295646 0.943935 -0.022076 440.298287 466.809987 -266.843826
11.168625 0.917151 0.362186 11.168625 0.917151 0.362186 1.504535 1.196755 -0.162183 255.999326 375.923543 -200.182403
12.103789 1.695273 0.233665 12.103789 1.695273 0.233665 1.589953 1.384324 -0.258182 28.727027 249.306683 -119.811425
13.048339 2.560487 0.061824 13.048339 2.560487 0.061824 1.534225 1.482629 -0.306900 -214.488493 78.374773 -42.583294
13.917085 3.452107 -0.125873 13.917085 3.452107 -0.125873 1.339629 1.469331 -0.311909 -434.162509 -122.699982 25.884887
14.633307 4.300740 -0.305561 14.633307 4.300740 -0.305561 1.032100 1.341313 -0.282384 -590.933756 -304.026733 72.532410
15.138216 5.042343 -0.461999 15.138216 5.042343 -0.461999 0.637620 1.116594 -0.239184 -724.000677 -445.038078 71.467936
15.387908 5.626324 -0.594181 15.387908 5.626324 -0.594181 0.190423 0.820229 -0.203980 -766.656644 -542.844896 45.880201
15.367410 6.017837 -0.710965 15.367410 6.017837 -0.710965 -0.253338 0.479962 -0.189725 -712.545743 -591.377498 1.635953
15.093720 6.201528 -0.828844 15.093720 6.201528 -0.828844 -0.648015 0.135945 -0.210437 -603.046264 -555.347696 -70.677016
14.605499 6.188712 -0.971994 14.605499 6.188712 -0.971994 -0.964159 -0.169365 -0.273669 -450.764327 -462.351141 -140.095219
13.958164 6.011861 -1.164318 13.958164 6.011861 -1.164318 -1.173130 -0.406817 -0.372255 -245.808527 -329.156758 -188.524595
13.222697 5.720246 -1.423410 13.222697 5.720246 -1.423410 -1.257328 -0.545693 -0.494393 -34.850226 -133.761095 -218.602303
12.474146 5.379668 -1.757456 12.474146 5.379668 -1.757456 -1.217646 -0.571376 -0.615866 167.122731 48.150412 -186.307643
11.784912 5.055972 -2.156007 11.784912 5.055972 -2.156007 -1.061015 -0.490176 -0.705128 354.982216 222.515962 -111.231645
11.218301 4.810746 -2.593103 11.218301 4.810746 -2.593103 -0.817516 -0.312530 -0.741859 456.679565 369.636697 -11.205967
10.813665 4.694140 -3.033192 10.813665 4.694140 -3.033192 -0.525153 -0.068862 -0.713365 517.864460 442.590953 106.186885
10.591925 4.734715 -3.431765 10.591925 4.734715 -3.431765 -0.213754 0.207819 -0.597992 520.131402 479.680175 278.388388
10.553538 4.944605 -3.731977 10.553538 4.944605 -3.731977 0.079537 0.489911 -0.388589 457.505427 460.627094 419.623559
10.677081 5.315738 -3.883100 10.677081 5.315738 -3.883100 0.321388 0.737653 -0.104328 348.664996 365.176837 527.911841
10.925345 5.816373 -3.845436 10.925345 5.816373 -3.845436 0.493946 0.918315 0.238605 226.527645 237.032093 615.199349
11.255858 6.400984 -3.590337 11.255858 6.400984 -3.590337 0.596716 1.015315 0.613720 116.039810 86.301698 635.183259
11.627069 7.017020 -3.111818 11.627069 7.017020 -3.111818 0.627810 1.023657 0.974601 -12.391246 -58.497826 567.753881
11.996120 7.611984 -2.431565 11.996120 7.611984 -2.431565 0.593352 0.945058 1.281736 -102.471854 -203.496682 456.029188
12.330829 8.136637 -1.590020 12.330829 8.136637 -1.590020 0.517586 0.794197 1.507444 -150.081410 -299.374290 296.328460
12.614384 8.557127 -0.644933 12.614384 8.557127 -0.644933 0.427626 0.603867 1.621650 -149.785197 -335.057412 84.358806
12.845329 8.858489 0.329963 12.845329 8.858489 0.329963 0.344408 0.399592 1.605873 -127.606374 -345.862211 -136.948887
13.031692 9.039126 1.256111 13.031692 9.039126 1.256111 0.281283 0.207762 1.460081 -82.809577 -293.569189 -349.023088
13.189887 9.115904 2.058016 13.189887 9.115904 2.058016 0.253252 0.056434 1.194065 -10.627052 -210.859181 -537.696308
13.343937 9.118782 2.670781 13.343937 9.118782 2.670781 0.266933 -0.035217 0.837006 56.227825 -94.643503 -652.502375
13.516360 9.086353 3.052632 13.516360 9.086353 3.052632 0.311380 -0.063316 0.430994 91.930983 0.979814 -700.870496
13.719736 9.048540 3.185072 13.719736 9.048540 3.185072 0.366539 -0.062728 0.010472 91.930983 0.979814 -700.870496
