-5.475873 4.409352 6.016921 -5.475873 4.409352 6.016921 1.465908 -1.084808 0.669456 43.068828 -80.176087 -440.692124
-4.588576 3.744035 6.339270 -4.588576 3.744035 6.339270 1.491749 -1.132913 0.405041 43.068828 -80.176087 -440.692124
-3.696216 3.059241 6.503364 -3.696216 3.059241 6.503364 1.465381 -1.134090 0.142592 -130.961729 76.253703 -434.137722
-2.853647 2.404747 6.513379 -2.853647 2.404747 6.513379 1.321369 -1.027164 -0.104865 -349.077793 280.166448 -390.719943
-2.132538 1.847551 6.385652 -2.132538 1.847551 6.385652 1.067533 -0.815702 -0.311689 -497.043318 424.707388 -298.692408
-1.586071 1.438473 6.150471 -1.586071 1.438473 6.150471 0.746380 -0.541401 -0.462918 -573.466370 489.628443 -205.404693
-1.242883 1.202744 5.841691 -1.242883 1.202744 5.841691 0.395222 -0.242730 -0.556440 -597.060710 505.941060 -106.333395
-1.110449 1.146299 5.494402 -1.110449 1.146299 5.494402 0.050840 0.051454 -0.591669 -550.877970 474.674024 -11.098597
-1.172273 1.256698 5.141185 -1.172273 1.256698 5.141185 -0.245534 0.306685 -0.579418 -437.037696 376.097256 51.937124
-1.389628 1.499306 4.804357 -1.389628 1.499306 4.804357 -0.464598 0.486839 -0.540884 -293.174948 224.415720 76.507132
-1.710876 1.822486 4.493501 -1.710876 1.822486 4.493501 -0.589092 0.574897 -0.495462 -121.805237 69.108196 74.900780
-2.076578 2.170879 4.206669 -2.076578 2.170879 4.206669 -0.613784 0.571440 -0.465707 39.498543 -80.629347 24.284073
-2.429483 2.490780 3.928068 -2.429483 2.490780 3.928068 -0.548807 0.480810 -0.468875 177.091568 -221.472766 -34.845468
-2.720782 2.734134 3.637761 -2.720782 2.734134 3.637761 -0.412005 0.321596 -0.503332 278.915040 -309.239507 -80.012677
-2.914471 2.868634 3.318267 -2.914471 2.868634 3.318267 -0.228111 0.122078 -0.566804 334.065397 -355.820089 -131.558690
-2.990606 2.877489 2.952831 -2.990606 2.877489 2.952831 -0.024671 -0.093134 -0.654104 344.069395 -361.552591 -159.440248
-2.945264 2.760157 2.532534 -2.945264 2.760157 2.532534 0.172827 -0.291927 -0.745444 314.255433 -301.091887 -145.027298
-2.789109 2.536805 2.062479 -2.789109 2.536805 2.062479 0.340848 -0.442576 -0.815883 245.814633 -201.071544 -89.769628
-2.544554 2.241520 1.561624 -2.544554 2.241520 1.561624 0.467331 -0.530953 -0.845575 175.794648 -93.519065 -9.202692
-2.236750 1.913536 1.059901 -2.236750 1.913536 1.059901 0.551623 -0.549957 -0.814708 105.180714 30.174701 112.092807
-1.891042 1.595024 0.599011 -1.891042 1.595024 0.599011 0.593739 -0.501701 -0.708664 35.204290 130.676629 241.387204
-1.530989 1.321677 0.224481 -1.530989 1.321677 0.224481 0.602223 -0.402532 -0.527737 -6.922202 199.887036 361.700101
-1.170087 1.118510 -0.020642 -1.170087 1.118510 -0.020642 0.602140 -0.270736 -0.278651 6.644894 239.431990 468.588782
-0.805240 0.997939 -0.100179 -0.805240 0.997939 -0.100179 0.617963 -0.133213 0.019042 46.096019 218.979488 523.721379
-0.423025 0.953186 0.005341 -0.423025 0.953186 0.005341 0.661319 -0.023035 0.332398 98.424178 148.279308 520.798241
-0.004305 0.961434 0.294765 -0.004305 0.961434 0.294765 0.741436 0.042828 0.626080 168.634227 71.266347 458.140933
0.475198 0.993924 0.746495 0.475198 0.993924 0.746495 0.864053 0.055412 0.869049 240.088956 -29.321207 351.754332
1.040516 1.015262 1.321034 1.040516 1.015262 1.321034 1.026460 0.004664 1.029071 301.266102 -139.839148 181.653107
1.711678 0.987671 1.958851 1.711678 0.987671 1.958851 1.212508 -0.105330 1.076450 318.896066 -226.807807 -23.722248
2.494693 0.881034 2.588263 2.494693 0.881034 2.588263 1.394391 -0.254484 1.001275 287.378992 -270.370926 -226.860535
3.379571 0.679051 3.136364 3.379571 0.679051 3.136364 1.549394 -0.419832 0.806015 229.297885 -280.789848 -424.006497
4.344264 0.379934 3.534400 4.344264 0.379934 3.534400 1.655890 -0.571686 0.505348 125.689020 -225.389942 -578.215804
5.351789 0.001363 3.727905 5.351789 0.001363 3.727905 1.688136 -0.681864 0.130294 -18.201943 -141.870481 -671.965354
6.351866 -0.425835 3.683272 6.351866 -0.425835 3.683272 1.629573 -0.729700 -0.282164 -177.006499 -17.583367 -702.895238
7.288521 -0.858645 3.390488 7.288521 -0.858645 3.390488 1.477231 -0.699375 -0.688724 -330.800389 118.668119 -652.304599
8.107714 -1.248037 2.867389 8.107714 -1.248037 2.867389 1.240745 -0.583810 -1.042355 -457.487855 266.548814 -526.465975
8.764625 -1.542520 2.157749 8.764625 -1.542520 2.157749 0.940312 -0.384760 -1.305551 -543.956842 396.951643 -350.852160
9.229600 -1.697520 1.325229 9.229600 -1.697520 1.325229 0.607438 -0.124565 -1.446241 -565.622190 470.364242 -118.117282
9.496733 -1.687756 0.451391 9.496733 -1.687756 0.451391 0.290477 0.156838 -1.441270 -490.914193 467.646856 134.688544
9.587720 -1.510954 -0.377115 9.587720 -1.510954 -0.377115 0.021251 0.430040 -1.300400 -406.504774 443.025714 334.879605
9.527299 -1.173185 -1.097077 9.527299 -1.173185 -1.097077 -0.222652 0.695856 -1.099472 -406.504774 443.025714 334.879605
