0.148163 -2.650468 -9.524355 0.148163 -2.650468 -9.524355 1.003054 0.984817 0.150015 -228.042031 -295.028271 -35.291430
0.708948 -2.112683 -9.440698 0.708948 -2.112683 -9.440698 0.866229 0.807800 0.128840 -228.042031 -295.028271 -35.291430
1.182596 -1.681530 -9.366462 1.182596 -1.681530 -9.366462 0.704196 0.628671 0.124087 -312.067396 -302.067041 19.447739
1.547380 -1.357569 -9.284625 1.547380 -1.357569 -9.284625 0.509150 0.453083 0.155177 -338.086471 -283.225573 84.185071
1.792250 -1.132046 -9.170532 1.792250 -1.132046 -9.170532 0.307478 0.306416 0.234853 -334.153918 -205.664391 181.399812
1.920582 -0.979465 -8.991584 1.920582 -0.979465 -8.991584 0.126950 0.211771 0.370613 -267.605437 -109.821172 271.135336
1.953500 -0.864891 -8.715216 1.953500 -0.864891 -8.715216 -0.009028 0.182277 0.559277 -185.654888 11.509009 357.742915
1.919931 -0.747150 -8.311559 1.919931 -0.747150 -8.311559 -0.094090 0.220699 0.792406 -97.884591 116.563603 419.356426
1.850602 -0.589430 -7.759824 1.850602 -0.589430 -7.759824 -0.129100 0.312232 1.048056 -18.816705 188.545561 432.810342
1.773291 -0.366572 -7.054797 1.773291 -0.366572 -7.054797 -0.122712 0.433263 1.299181 40.111648 214.890613 404.270077
1.709269 -0.067295 -6.207518 1.709269 -0.067295 -6.207518 -0.086717 0.565391 1.516752 79.872251 225.536752 320.969410
1.670741 0.309258 -5.247613 1.670741 0.309258 -5.247613 -0.043169 0.684324 1.669730 65.288009 170.907865 188.956579
1.654246 0.745982 -4.222788 1.654246 0.745982 -4.222788 -0.015724 0.763697 1.727974 26.194263 93.669077 5.189852
1.646340 1.213268 -3.196570 1.646340 1.213268 -3.196570 -0.015941 0.780937 1.673587 -26.916916 -36.202724 -186.479181
1.628051 1.668497 -2.235622 1.628051 1.668497 -2.235622 -0.051486 0.725131 1.513508 -91.567127 -149.817098 -347.119405
1.580677 2.076609 -1.389999 1.580677 2.076609 -1.389999 -0.106426 0.635241 1.305236 -91.567127 -149.817098 -347.119405
