-1.644624 0.634555 4.264629 -1.644624 0.634555 4.264629 2.611307 -0.038712 1.957171 -164.557867 -249.877556 -378.490414
-0.107460 0.566350 5.370804 -0.107460 0.566350 5.370804 2.512572 -0.188639 1.730077 -164.557867 -249.877556 -378.490414
1.360082 0.412380 6.332874 1.360082 0.412380 6.332874 2.361934 -0.317607 1.463746 -337.570429 -180.017472 -509.278450
2.704111 0.195168 7.110985 2.704111 0.195168 7.110985 2.097549 -0.396843 1.115843 -543.713123 -84.100929 -650.398101
3.857539 -0.051359 7.660795 3.857539 -0.051359 7.660795 1.735153 -0.413719 0.712486 -664.274698 27.845827 -694.125585
4.776876 -0.289197 7.965465 4.776876 -0.289197 7.965465 1.325666 -0.370103 0.306614 -700.679393 117.541323 -658.782422
5.446663 -0.485242 8.036126 5.446663 -0.485242 8.036126 0.907802 -0.275283 -0.062285 -692.202013 198.525455 -570.881756
5.871732 -0.611769 7.905198 5.871732 -0.611769 7.905198 0.517405 -0.141628 -0.358807 -609.121039 246.991858 -417.524339
6.082197 -0.652902 7.627837 6.082197 -0.652902 7.627837 0.200252 0.003497 -0.543932 -448.056084 236.756406 -199.558177
6.134484 -0.612009 7.279576 6.134484 -0.612009 7.279576 -0.004654 0.126442 -0.593575 -234.962526 173.061668 34.081403
6.103244 -0.509595 6.942354 6.103244 -0.509595 6.942354 -0.076402 0.207267 -0.509180 -4.199372 96.353943 247.235237
6.070754 -0.374880 6.693531 6.070754 -0.374880 6.693531 -0.008389 0.230135 -0.299927 230.908873 -20.127358 450.276787
6.119485 -0.248156 6.604512 6.119485 -0.248156 6.604512 0.191164 0.179392 0.019676 434.267729 -149.014061 615.066185
6.321272 -0.172995 6.732419 6.321272 -0.172995 6.732419 0.496328 0.061725 0.415660 582.947775 -243.210756 704.878661
6.730353 -0.185542 7.108512 6.730353 -0.185542 7.108512 0.877862 -0.113223 0.837683 688.831521 -339.949580 701.864267
7.382010 -0.316956 7.733328 7.382010 -0.316956 7.733328 1.295912 -0.328640 1.238153 704.667178 -378.105206 633.035920
8.282118 -0.580147 8.582622 8.282118 -0.580147 8.582622 1.697319 -0.545243 1.580256 633.358978 -343.906234 507.307272
9.407383 -0.964925 9.611032 9.407383 -0.964925 9.611032 2.041680 -0.730233 1.829347 514.508167 -272.727560 322.997133
10.714903 -1.446461 10.753536 10.714903 -1.446461 10.753536 2.299888 -0.865393 1.956923 346.185394 -177.806352 102.257706
12.145424 -1.988328 11.933158 12.145424 -1.988328 11.933158 2.448974 -0.925206 1.953590 150.770265 -21.569069 -113.367796
13.629502 -2.536282 13.073078 13.629502 -2.536282 13.073078 2.477207 -0.882891 1.826425 -56.661412 162.617908 -310.517490
15.094680 -3.027301 14.103556 15.094680 -3.027301 14.103556 2.388475 -0.738097 1.592696 -239.112644 320.030375 -468.578446
16.476207 -3.404979 14.969203 16.476207 -3.404979 14.969203 2.202423 -0.508206 1.283416 -381.060870 446.273959 -562.355212
17.723644 -3.624240 15.636079 17.723644 -3.624240 15.636079 1.946658 -0.213772 0.936255 -471.489430 535.171097 -594.848329
18.805220 -3.655105 16.092187 18.805220 -3.655105 16.092187 1.656010 0.112664 0.586486 -497.336594 552.949045 -571.047092
19.710718 -3.489788 16.345621 19.710718 -3.489788 16.345621 1.364670 0.435372 0.265513 -473.794796 522.743350 -498.863144
20.448110 -3.140269 16.423163 20.448110 -3.140269 16.423163 1.099756 0.720029 0.006338 -409.252661 426.112830 -365.053948
21.040258 -2.641060 16.369249 21.040258 -2.641060 16.369249 0.884004 0.928155 -0.172728 -309.922669 267.642819 -231.834388
21.522032 -2.046301 16.232112 21.522032 -2.046301 16.232112 0.733842 1.037192 -0.270679 -190.614645 95.813419 -94.667023
21.934412 -1.419005 16.059911 21.934412 -1.419005 16.059911 0.651400 1.033352 -0.291248 -84.193492 -108.613906 26.102580
22.315789 -0.829306 15.895213 22.315789 -0.829306 15.895213 0.629340 0.914374 -0.248823 10.659436 -287.978343 115.313290
22.698626 -0.340571 15.768744 22.698626 -0.340571 15.768744 0.652311 0.701321 -0.169292 65.912574 -422.200083 149.792063
23.101976 -0.002079 15.694850 23.101976 -0.002079 15.694850 0.692351 0.416479 -0.075823 67.554299 -527.271955 161.772145
23.528167 0.152799 15.675990 23.528167 0.152799 15.675990 0.725986 0.099614 0.008815 44.560733 -528.943717 120.352583
23.970965 0.119580 15.700814 23.970965 0.119580 15.700814 0.748651 -0.206644 0.070380 30.991145 -491.918181 84.865513
24.425734 -0.092952 15.758318 24.425734 -0.092952 15.758318 0.767246 -0.501795 0.121300 30.991145 -491.918181 84.865513
