10.287166 3.652382 6.987289 10.287166 3.652382 6.987289 1.033145 0.664985 1.339282 -272.607506 -431.939216 -328.557978
10.857984 3.973624 7.731718 10.857984 3.973624 7.731718 0.869581 0.405821 1.142147 -272.607506 -431.939216 -328.557978
11.333830 4.137596 8.350024 11.333830 4.137596 8.350024 0.721852 0.137799 0.905806 -219.822516 -461.470487 -459.246232
11.730525 4.137983 8.802631 11.730525 4.137983 8.802631 0.605717 -0.135221 0.589196 -167.294446 -448.594681 -596.118706
12.068165 3.979563 9.046942 12.068165 3.979563 9.046942 0.526954 -0.387081 0.221998 -95.246436 -390.939057 -627.876811
12.371464 3.683843 9.070023 12.371464 3.683843 9.070023 0.491163 -0.587154 -0.140230 -24.058417 -275.971697 -579.549254
12.663086 3.290207 8.886906 12.663086 3.290207 8.886906 0.483001 -0.711081 -0.461258 -3.147384 -137.118008 -490.542531
12.953421 2.846566 8.529288 12.953421 2.846566 8.529288 0.486618 -0.754907 -0.718415 15.202756 -8.966108 -366.648289
13.245917 2.400302 8.041020 13.245917 2.400302 8.041020 0.484681 -0.718820 -0.894515 -21.659256 129.255863 -220.351379
13.529807 1.997961 7.473923 13.529807 1.997961 7.473923 0.456588 -0.612841 -0.980352 -71.984949 224.006403 -65.773060
13.785992 1.673084 6.881896 13.785992 1.673084 6.881896 0.389346 -0.465902 -0.979696 -152.154260 265.790451 67.959114
13.986427 1.441283 6.311690 13.986427 1.441283 6.311690 0.269128 -0.306939 -0.912026 -248.573071 264.086137 157.609057
14.099562 1.303072 5.796422 14.099562 1.303072 5.796422 0.101993 -0.156404 -0.799572 -308.541377 237.697684 217.235821
14.102259 1.247144 5.356744 14.102259 1.247144 5.356744 -0.097941 -0.038142 -0.664418 -357.905842 156.508094 233.278961
13.977102 1.245478 4.998473 13.977102 1.245478 4.998473 -0.322530 0.020999 -0.532504 -390.725062 40.628747 206.433384
13.715798 1.260233 4.712775 13.715798 1.260233 4.712775 -0.544243 0.019591 -0.425411 -348.316404 -45.321622 150.543439
13.332876 1.257507 4.480323 13.332876 1.257507 4.480323 -0.721632 -0.039215 -0.356599 -242.981222 -150.699770 78.828947
12.863317 1.202802 4.276641 12.863317 1.202802 4.276641 -0.831635 -0.149884 -0.328861 -123.694742 -218.197711 13.633861
12.352336 1.073402 4.078844 12.352336 1.073402 4.078844 -0.854526 -0.281774 -0.335352 47.389346 -221.432702 -35.272992
11.858214 0.865862 3.870189 11.858214 0.865862 3.870189 -0.775776 -0.407721 -0.361989 215.112723 -198.390738 -53.514860
11.441675 0.589226 3.644273 11.441675 0.589226 3.644273 -0.595677 -0.508225 -0.389549 385.215515 -136.625308 -38.352006
11.162421 0.266225 3.406789 11.162421 0.266225 3.406789 -0.320482 -0.557566 -0.396816 532.102055 -27.843285 14.127887
11.070627 -0.067000 3.175206 11.070627 -0.067000 3.175206 0.022364 -0.542641 -0.368524 610.715938 77.594521 80.177528
11.193974 -0.378618 2.968523 11.193974 -0.378618 2.968523 0.388793 -0.496084 -0.320418 610.715938 77.594521 80.177528
