8.110199 1.887547 11.013003 8.110199 1.887547 11.013003 1.099322 0.225044 1.058013 182.867656 -141.975566 -767.167842
8.802708 1.997017 11.509721 8.802708 1.997017 11.509721 1.209043 0.139859 0.597712 182.867656 -141.975566 -767.167842
9.563327 2.049423 11.733567 9.563327 2.049423 11.733567 1.330149 0.024905 0.153959 220.820841 -241.202793 -712.007905
10.401951 2.015302 11.706691 10.401951 2.015302 11.706691 1.466573 -0.148055 -0.228697 233.926212 -335.329720 -563.512125
11.322440 1.863804 11.477291 11.322440 1.863804 11.477291 1.599119 -0.360785 -0.520555 207.893238 -373.770623 -409.349040
12.314237 1.580811 11.104126 12.314237 1.580811 11.104126 1.698378 -0.581262 -0.701911 122.969719 -361.152768 -195.170250
13.348124 1.170511 10.660984 13.348124 1.170511 10.660984 1.735787 -0.780634 -0.753335 1.726469 -303.421576 23.754889
14.381328 0.654539 10.223454 14.381328 0.654539 10.223454 1.693928 -0.927563 -0.688105 -141.256374 -186.342374 193.678994
15.362413 0.073433 9.854029 15.362413 0.073433 9.854029 1.559948 -0.994503 -0.529020 -305.342519 -36.788970 336.604988
16.234146 -0.520009 9.603428 16.234146 -0.520009 9.603428 1.330370 -0.967167 -0.295945 -459.917920 127.907714 440.310994
16.942555 -1.067591 9.506443 16.942555 -1.067591 9.506443 1.019279 -0.841950 -0.025129 -577.053337 289.483232 462.408542
17.445927 -1.513106 9.572468 17.445927 -1.513106 9.572468 0.651418 -0.630520 0.241660 -649.150505 415.283298 426.889832
17.719381 -1.810937 9.790199 17.719381 -1.810937 9.790199 0.259182 -0.352698 0.477268 -658.302544 510.789269 358.469461
17.759403 -1.928653 10.134711 17.759403 -1.928653 10.134711 -0.120765 -0.036422 0.660483 -608.187463 543.463095 252.248972
17.585587 -1.854910 10.568423 17.585587 -1.854910 10.568423 -0.445092 0.278523 0.771921 -472.903261 506.354687 119.211088
17.243788 -1.602206 11.045817 17.243788 -1.602206 11.045817 -0.676939 0.554564 0.807361 -299.917282 413.782247 -1.077976
16.796254 -1.203593 11.524227 16.796254 -1.203593 11.524227 -0.793818 0.759803 0.777652 -89.679493 270.345684 -97.952907
16.317897 -0.710019 11.969234 16.317897 -0.710019 11.969234 -0.777246 0.867162 0.699115 144.919295 87.519695 -163.836538
15.890234 -0.185772 12.357202 15.890234 -0.185772 12.357202 -0.627300 0.860656 0.590760 354.897913 -109.205478 -197.348290
15.588994 0.300272 12.676392 15.588994 0.300272 12.676392 -0.358070 0.741669 0.473636 542.537447 -287.418475 -193.065397
15.479049 0.685148 12.928991 15.479049 0.685148 12.928991 0.003657 0.527267 0.373643 663.217081 -427.255696 -140.243383
15.602898 0.918883 13.131692 15.602898 0.918883 13.131692 0.412962 0.242317 0.308290 701.135420 -522.577890 -77.600234
15.975384 0.968114 13.305548 15.975384 0.968114 13.305548 0.826165 -0.081706 0.275981 676.207523 -557.497352 -30.095034
16.586862 0.820934 13.468548 16.586862 0.820934 13.468548 1.202198 -0.405238 0.272065 577.234372 -520.944116 17.040645
17.401549 0.489866 13.637546 17.401549 0.489866 13.637546 1.495869 -0.688582 0.295749 401.670691 -423.536748 61.904146
18.357378 0.010866 13.825062 18.357378 0.010866 13.825062 1.666907 -0.890773 0.327513 168.454284 -250.431811 43.977931
19.376458 -0.560473 14.026302 19.376458 -0.560473 14.026302 1.711052 -1.000024 0.337980 -21.302980 -113.736806 -9.090167
20.399255 -1.180960 14.227454 20.399255 -1.180960 14.227454 1.698270 -1.068266 0.332525 -21.302980 -113.736806 -9.090167
