2.664270 4.393503 11.319412 2.664270 4.393503 11.319412 -0.915909 -0.312561 -0.279787 -151.469847 180.354238 -607.251872
2.087460 4.238430 11.042234 2.087460 4.238430 11.042234 -1.006791 -0.204348 -0.644138 -151.469847 180.354238 -607.251872
1.465286 4.153809 10.553716 1.465286 4.153809 10.553716 -1.051848 -0.068518 -0.972136 1.279049 272.413101 -486.074134
0.846629 4.165982 9.893994 0.846629 4.165982 9.893994 -0.989970 0.116178 -1.208517 204.982042 343.239337 -301.860244
0.300497 4.298366 9.128084 0.300497 4.298366 9.128084 -0.812216 0.326592 -1.321960 387.530697 358.140227 -76.283821
-0.108715 4.556897 8.335522 -0.108715 4.556897 8.335522 -0.537889 0.532033 -1.296003 526.893202 326.662602 162.808057
-0.329178 4.929908 7.599918 -0.329178 4.929908 7.599918 -0.184603 0.702990 -1.134861 650.724986 243.194223 374.329917
-0.320245 5.387176 6.996531 -0.320245 5.387176 6.996531 0.218656 0.807405 -0.859509 693.473271 104.858919 543.509218
-0.066930 5.880310 6.585869 -0.066930 5.880310 6.585869 0.621217 0.819398 -0.497344 648.397503 -64.883437 663.707926
0.417101 6.350824 6.410907 0.417101 6.350824 6.410907 0.983203 0.733241 -0.079233 558.220262 -222.307099 729.997079
1.097863 6.741556 6.491519 1.097863 6.741556 6.491519 1.269937 0.553869 0.342523 397.562589 -375.599234 675.855383
1.918171 6.999415 6.812578 1.918171 6.999415 6.812578 1.442401 0.294235 0.717493 177.314423 -489.848814 574.045752
2.801795 7.084070 7.336967 2.801795 7.084070 7.336967 1.480124 -0.018240 1.014747 -51.570798 -551.734308 416.799250
3.667625 6.973884 8.007366 3.667625 6.973884 8.007366 1.384374 -0.348925 1.197463 -267.594085 -550.547724 192.253840
4.437371 6.668948 8.747148 4.437371 6.668948 8.747148 1.160261 -0.661667 1.246305 -479.450828 -491.925402 -29.447612
5.037765 6.190854 9.477515 5.037765 6.190854 9.477515 0.825279 -0.919558 1.168059 -637.153466 -367.713517 -231.370627
5.414126 5.584182 10.125584 5.414126 5.584182 10.125584 0.422396 -1.083929 0.973642 -705.791263 -180.189585 -416.687437
5.541455 4.911302 10.627866 5.541455 4.911302 10.627866 0.003590 -1.142486 0.689132 -690.227313 -14.999581 -531.677729
5.419369 4.223110 10.945644 5.419369 4.223110 10.945644 -0.410546 -1.151486 0.370126 -690.227313 -14.999581 -531.677729
