7.947024 -4.960049 0.329447 7.947024 -4.960049 0.329447 0.965219 0.045677 -0.511844 270.655782 252.990243 319.313389
8.574873 -4.887105 0.079817 8.574873 -4.887105 0.079817 1.127613 0.197471 -0.320256 270.655782 252.990243 319.313389
9.302219 -4.723608 -0.044920 9.302219 -4.723608 -0.044920 1.300306 0.346645 -0.078967 304.987868 244.254470 484.985127
10.138059 -4.474911 0.004682 10.138059 -4.474911 0.004682 1.487094 0.476917 0.260451 317.638393 189.985154 646.409291
11.084831 -4.161291 0.281914 11.084831 -4.161291 0.281914 1.664378 0.557270 0.671332 273.308372 77.859248 723.192348
12.126056 -3.819660 0.815482 12.126056 -3.819660 0.815482 1.795381 0.570257 1.108217 163.369403 -34.568284 733.091633
13.224732 -3.490576 1.607914 13.224732 -3.490576 1.607914 1.853604 0.515276 1.525799 30.706526 -148.702906 658.849374
14.333405 -3.214882 2.632858 14.333405 -3.214882 2.632858 1.826947 0.392533 1.875469 -119.561239 -260.439640 506.714531
15.396690 -3.031338 3.837899 15.396690 -3.031338 3.837899 1.698395 0.210785 2.122252 -308.945796 -345.387320 315.897496
16.348803 -2.968564 5.155097 16.348803 -2.968564 5.155097 1.456461 -0.004087 2.246717 -497.500710 -370.852257 98.986450
17.126633 -3.035335 6.507524 17.126633 -3.035335 6.507524 1.125475 -0.214423 2.239003 -605.788594 -330.268339 -124.700785
17.687307 -3.219161 7.816187 17.687307 -3.219161 7.816187 0.734158 -0.391204 2.102720 -698.600437 -259.001424 -329.576280
18.001083 -3.492968 9.009568 18.001083 -3.492968 9.009568 0.310146 -0.508926 1.860339 -714.773568 -133.406557 -478.359596
18.061756 -3.812827 10.034222 18.061756 -3.812827 10.034222 -0.102495 -0.541420 1.546099 -660.695436 25.095793 -569.106325
17.889148 -4.122836 10.856979 17.889148 -4.122836 10.856979 -0.459842 -0.474736 1.192316 -530.460627 197.181395 -610.172106
17.528787 -4.363038 11.464130 17.528787 -4.363038 11.464130 -0.722980 -0.310691 0.834173 -346.668182 349.637362 -583.636845
17.045101 -4.479669 11.865577 17.045101 -4.479669 11.865577 -0.868471 -0.066668 0.513981 -138.300518 463.771359 -483.671799
16.514458 -4.431069 12.094556 16.514458 -4.431069 12.094556 -0.874781 0.237208 0.262035 117.267677 549.148412 -356.147900
16.023846 -4.188757 12.195811 16.023846 -4.188757 12.195811 -0.738677 0.572397 0.089049 336.410651 568.147921 -220.470249
15.651567 -3.746905 12.218405 15.651567 -3.746905 12.218405 -0.484964 0.894023 0.001017 509.300256 503.939001 -72.970715
15.460116 -3.126520 12.213211 15.460116 -3.126520 12.213211 -0.140119 1.162700 -0.006115 640.183231 391.650424 49.198919
15.494886 -2.367816 12.223765 15.494886 -2.367816 12.223765 0.262036 1.350625 0.050241 700.332412 234.765922 138.652008
15.776757 -1.526592 12.282292 15.776757 -1.526592 12.282292 0.675181 1.434444 0.150556 676.818167 44.631655 195.731147
16.298073 -0.669154 12.407966 16.298073 -0.669154 12.407966 1.053177 1.404909 0.268541 583.168334 -143.079944 197.554269
17.025346 0.137521 12.602201 17.025346 0.137521 12.602201 1.355058 1.266481 0.374825 423.101790 -318.347498 156.723530
17.902772 0.831857 12.852432 17.902772 0.831857 12.852432 1.550086 1.034223 0.454489 226.990935 -455.846325 108.824225
18.860435 1.365569 13.140512 18.860435 1.365569 13.140512 1.620046 0.736871 0.498775 6.211007 -535.328013 38.797534
19.820720 1.710242 13.442164 19.820720 1.710242 13.442164 1.559469 0.410220 0.499067 -208.135792 -553.506628 -37.824637
20.708607 1.860507 13.732214 20.708607 1.860507 13.732214 1.382938 0.096937 0.463467 -380.298936 -490.771959 -80.844518
21.462028 1.836199 13.995240 21.462028 1.836199 13.995240 1.115318 -0.168180 0.412448 -511.769176 -392.948602 -89.218724
22.034694 1.673285 14.227289 22.034694 1.673285 14.227289 0.786225 -0.360331 0.362116 -585.207470 -247.555036 -78.553942
22.401699 1.424855 14.433663 22.401699 1.424855 14.433663 0.438138 -0.447220 0.331205 -575.083053 -42.075382 -24.482759
22.563036 1.158720 14.632086 22.563036 1.158720 14.632086 0.102933 -0.423615 0.337047 -542.264694 120.757979 43.957780
22.527188 0.926287 14.842226 22.527188 0.926287 14.842226 -0.222425 -0.351160 0.363422 -542.264694 120.757979 43.957780
