-7.662303 4.306273 9.695738 -7.662303 4.306273 9.695738 -0.896304 -0.752378 0.415152 -34.750095 216.980961 -551.950833
-8.206340 3.893902 9.845478 -8.206340 3.893902 9.845478 -0.917154 -0.622190 0.083982 -34.750095 216.980961 -551.950833
-8.751986 3.568024 9.799987 -8.751986 3.568024 9.799987 -0.883493 -0.450104 -0.229834 146.952941 356.638095 -494.100404
-9.240951 3.369562 9.580534 -9.240951 3.369562 9.580534 -0.721925 -0.199096 -0.489367 391.608890 480.057153 -371.009782
-9.591996 3.338648 9.231120 -9.591996 3.338648 9.231120 -0.428859 0.099606 -0.657032 585.278899 515.614405 -187.876001
-9.736219 3.489804 8.816160 -9.736219 3.489804 8.816160 -0.038980 0.401881 -0.704375 714.318024 491.970735 30.066582
-9.627468 3.814349 8.411250 -9.627468 3.814349 8.411250 0.407419 0.671376 -0.624817 773.675766 406.343752 235.128252
-9.243772 4.282129 8.090399 -9.243772 4.282129 8.090399 0.871538 0.874242 -0.425160 773.388218 269.877757 430.394679
-8.585631 4.845644 7.922099 -8.585631 4.845644 7.922099 1.315614 0.988126 -0.120300 706.865796 109.733987 585.804501
-7.678767 5.448574 7.961272 -7.678767 5.448574 7.961272 1.691031 1.005481 0.260723 544.523619 -51.882601 684.272992
-6.578581 6.033801 8.240934 -6.578581 6.033801 8.240934 1.955514 0.930738 0.671580 337.085347 -197.262548 685.249935
-5.357720 6.549573 8.765012 -5.357720 6.549573 8.765012 2.092153 0.776563 1.071656 118.379360 -316.651863 648.337816
-4.095230 6.954756 9.516317 -4.095230 6.954756 9.516317 2.092630 0.567783 1.418711 -116.788861 -379.283685 508.512363
-2.873659 7.225858 10.447095 -2.873659 7.225858 10.447095 1.957631 0.333730 1.663915 -333.207998 -400.890300 308.834034
-1.768530 7.355533 11.487929 -1.768530 7.355533 11.487929 1.710344 0.101181 1.783689 -491.082901 -374.273961 90.413191
-0.837178 7.354310 12.560076 -0.837178 7.354310 12.560076 1.383400 -0.096194 1.766229 -598.731099 -283.643479 -148.613261
-0.116878 7.252532 13.580386 -0.116878 7.252532 13.580386 1.014317 -0.231408 1.613677 -631.544945 -167.070570 -359.894082
0.380755 7.090630 14.472795 0.380755 7.090630 14.472795 0.648998 -0.296576 1.342656 -586.184604 -50.154772 -543.509599
0.671280 6.910284 15.173386 0.671280 6.910284 15.173386 0.330486 -0.293531 0.980696 -475.522845 60.304749 -663.024716
0.792921 6.750548 15.639190 0.792921 6.750548 15.639190 0.089888 -0.229707 0.566536 -326.467660 152.440306 -717.509315
0.797827 6.642837 15.850326 0.797827 6.642837 15.850326 -0.057305 -0.124875 0.137860 -164.176894 197.001030 -711.408386
0.745366 6.604190 15.810368 0.745366 6.604190 15.810368 -0.098444 -0.002585 -0.262087 27.048012 210.631460 -621.750928
0.701222 6.638035 15.550567 0.701222 6.638035 15.550567 -0.031946 0.111208 -0.588302 194.610454 168.679744 -465.632468
0.724153 6.730337 15.124253 0.724153 6.730337 15.124253 0.120164 0.188487 -0.815275 312.423006 88.917671 -290.942927
0.857161 6.853452 14.593264 0.857161 6.853452 14.593264 0.330981 0.211929 -0.937115 390.300174 -10.779887 -115.190853
1.128056 6.972632 14.020058 1.128056 6.972632 14.020058 0.575426 0.175272 -0.957240 424.515263 -111.408797 48.108890
1.548222 7.052318 13.464166 1.548222 7.052318 13.464166 0.822622 0.081313 -0.879412 399.472489 -201.789336 211.316987
2.109493 7.060604 12.979841 2.109493 7.060604 12.979841 1.041272 -0.060662 -0.726199 329.362356 -271.460068 299.393360
2.788347 6.973488 12.600599 2.788347 6.973488 12.600599 1.212915 -0.232816 -0.533628 242.780485 -302.385730 342.508187
3.554628 6.780710 12.341684 3.554628 6.780710 12.341684 1.332740 -0.407541 -0.330071 156.635441 -280.031157 336.015745
4.376902 6.490224 12.201619 4.376902 6.490224 12.201619 1.398898 -0.553342 -0.140988 63.892719 -205.971629 294.261911
5.223418 6.128790 12.164432 5.223418 6.128790 12.164432 1.415614 -0.638691 0.007762 -8.173178 -78.526166 201.571937
6.070464 5.737978 12.200802 6.070464 5.737978 12.200802 1.406454 -0.653123 0.105856 -22.360234 30.420139 125.408924
6.910312 5.351580 12.286889 6.910312 5.351580 12.286889 1.393038 -0.634871 0.181102 -22.360234 30.420139 125.408924
