2.496608 3.695223 9.746567 2.496608 3.695223 9.746567 -0.842288 0.619597 0.520507 593.478520 -186.719935 2.885603
2.098061 4.033371 10.059391 2.098061 4.033371 10.059391 -0.486201 0.507565 0.522238 593.478520 -186.719935 2.885603
1.913768 4.301112 10.369566 1.913768 4.301112 10.369566 -0.127108 0.379590 0.505534 603.498752 -239.862435 -58.567369
1.941721 4.483522 10.657487 1.941721 4.483522 10.657487 0.212933 0.224829 0.446108 529.970472 -276.010114 -139.519092
2.159770 4.570214 10.893101 2.159770 4.570214 10.893101 0.505388 0.066607 0.327709 444.880664 -251.395017 -255.145237
2.534149 4.568256 11.037671 2.534149 4.568256 11.037671 0.727653 -0.067586 0.143978 296.001735 -195.915251 -357.289415
3.013521 4.499785 11.055857 3.013521 4.499785 11.055857 0.852755 -0.148411 -0.089840 121.007258 -73.501116 -422.105415
3.537811 4.405001 10.924225 3.537811 4.405001 10.924225 0.879638 -0.155047 -0.351847 -31.399909 51.380569 -451.249349
4.052841 4.328395 10.632608 4.052841 4.328395 10.632608 0.825296 -0.088351 -0.619017 -149.738510 170.940780 -439.317597
4.516153 4.313038 10.185641 4.516153 4.313038 10.185641 0.710888 0.048637 -0.865004 -231.620452 285.686301 -380.640456
4.897170 4.398510 9.605465 4.897170 4.398510 9.605465 0.552791 0.244376 -1.056679 -295.370135 366.775176 -258.276666
5.176425 4.613304 8.935831 5.176425 4.613304 8.935831 0.379303 0.475186 -1.157328 -282.923972 402.591057 -77.218369
5.355781 4.968967 8.238946 5.355781 4.968967 8.238946 0.223054 0.707169 -1.146606 -237.904521 370.687506 112.956817
5.450484 5.454510 7.581515 5.450484 5.454510 7.581515 0.098775 0.902167 -1.027827 -176.358987 279.305033 282.975224
5.478004 6.046085 7.015755 5.478004 6.046085 7.015755 -0.007040 1.069750 -0.858042 -176.358987 279.305033 282.975224
