9.096849 -5.040785 5.856816 9.096849 -5.040785 5.856816 -0.028040 0.360939 0.271269 436.943075 -155.770176 631.833527
9.158675 -4.852261 6.133307 9.158675 -4.852261 6.133307 0.234126 0.267476 0.650369 436.943075 -155.770176 631.833527
9.377751 -4.722443 6.637727 9.377751 -4.722443 6.637727 0.496040 0.160867 1.031810 436.104301 -199.593534 639.636080
9.751000 -4.660732 7.366146 9.751000 -4.660732 7.366146 0.743334 0.046699 1.386585 388.207579 -180.967112 542.948633
10.260542 -4.661599 8.286888 10.260542 -4.661599 8.286888 0.944579 -0.043447 1.667656 282.609860 -119.520737 393.954781
10.871768 -4.704887 9.346935 10.871768 -4.704887 9.346935 1.082192 -0.093688 1.846739 176.099812 -47.949277 202.988953
11.545531 -4.762224 10.477676 11.545531 -4.762224 10.477676 1.151601 -0.084922 1.899326 55.261921 77.169915 -27.698305
12.239372 -4.792797 11.597348 12.239372 -4.792797 11.597348 1.149425 -0.006174 1.808019 -62.512540 185.323766 -276.657652
12.912807 -4.758267 12.619902 12.912807 -4.758267 12.619902 1.087075 0.129402 1.579727 -145.321381 266.597738 -484.317843
13.536322 -4.628504 13.470551 13.536322 -4.628504 13.470551 0.987024 0.310032 1.239090 -188.182360 335.500126 -651.137160
14.094930 -4.381392 14.090601 14.094930 -4.381392 14.090601 0.875446 0.514846 0.817406 -183.745521 347.213680 -754.476380
14.588340 -4.012848 14.443591 14.588340 -4.012848 14.443591 0.771280 0.708864 0.356481 -163.474833 299.512823 -781.939538
15.024922 -3.539102 14.520048 15.024922 -3.539102 14.520048 0.689395 0.861149 -0.096096 -109.475122 208.102780 -726.653213
15.422469 -2.991513 14.337855 15.422469 -2.991513 14.337855 0.641788 0.953217 -0.500774 -49.213304 98.792842 -622.273675
15.802301 -2.410642 13.936399 15.802301 -2.410642 13.936399 0.630345 0.968282 -0.819051 11.068440 -48.578012 -438.648448
16.184911 -1.848309 13.378743 16.184911 -1.848309 13.378743 0.649042 0.889673 -1.018584 51.256800 -213.451471 -226.460545
16.583574 -1.360298 12.739199 16.583574 -1.360298 12.739199 0.679855 0.724747 -1.092614 51.453336 -336.300234 -20.307073
16.999155 -0.991751 12.090884 16.999155 -0.991751 12.090884 0.702756 0.494129 -1.050254 24.882573 -432.429259 161.507198
17.421088 -0.775626 11.500410 17.421088 -0.775626 11.500410 0.696691 0.222097 -0.900313 -45.100019 -474.340990 338.297429
17.825339 -0.726955 11.027710 17.825339 -0.726955 11.027710 0.641403 -0.058538 -0.664366 -139.191528 -461.112064 448.190747
18.179511 -0.839772 10.711846 18.179511 -0.839772 10.711846 0.529807 -0.308676 -0.385043 -232.795823 -372.680026 482.885996
18.449055 -1.084377 10.566539 18.449055 -1.084377 10.566539 0.357947 -0.493868 -0.101314 -340.071309 -244.626387 462.878541
18.597224 -1.414269 10.585758 18.597224 -1.414269 10.585758 0.126969 -0.588334 0.159857 -429.854563 -70.260253 407.690191
18.594097 -1.769311 10.748373 18.594097 -1.769311 10.748373 -0.140615 -0.577467 0.371055 -462.091542 106.483158 296.302159
18.426939 -2.085599 11.015842 18.426939 -2.085599 11.015842 -0.415935 -0.458448 0.506348 -455.643462 290.247469 154.674902
18.098284 -2.299021 11.340760 18.098284 -2.299021 11.340760 -0.674709 -0.237288 0.565491 -406.936643 446.953296 42.469362
17.628758 -2.354373 11.680483 17.628758 -2.354373 11.680483 -0.876133 0.063730 0.554889 -264.476672 556.438059 -77.808204
17.063984 -2.214488 11.995020 17.063984 -2.214488 11.995020 -0.992263 0.405033 0.486252 -122.622787 581.238653 -150.982726
16.446554 -1.866845 12.259594 16.446554 -1.866845 12.259594 -1.065837 0.753776 0.395662 -122.622787 581.238653 -150.982726
