3.381402 -4.909022 -2.534365 3.381402 -4.909022 -2.534365 1.094132 -0.429031 0.729309 -411.895428 451.338134 -26.925079
3.963740 -5.085200 -2.101626 3.963740 -5.085200 -2.101626 0.846995 -0.158228 0.713154 -411.895428 451.338134 -26.925079
4.400980 -5.093583 -1.685751 4.400980 -5.093583 -1.685751 0.615780 0.139142 0.661147 -358.821537 539.896513 -146.430273
4.710846 -4.910643 -1.322583 4.710846 -4.910643 -1.322583 0.425417 0.474444 0.537476 -275.719285 577.776958 -265.809122
4.924648 -4.524035 -1.051868 4.924648 -4.524035 -1.051868 0.300889 0.810818 0.358367 -139.375778 543.470241 -331.218890
5.091135 -3.944836 -0.896626 5.091135 -3.944836 -0.896626 0.272471 1.111317 0.158841 44.651111 458.191388 -333.867732
5.273949 -3.204500 -0.858998 5.273949 -3.204500 -0.858998 0.355733 1.341592 -0.029382 232.885755 309.391375 -293.544133
5.539884 -2.355285 -0.925258 5.539884 -2.355285 -0.925258 0.548345 1.470074 -0.184474 409.155066 118.882246 -223.429400
5.950257 -1.463098 -1.070814 5.950257 -1.463098 -1.070814 0.832431 1.485123 -0.291799 537.799511 -68.718913 -134.320572
6.552613 -0.595076 -1.264667 6.552613 -0.595076 -1.264667 1.185575 1.390483 -0.345372 639.347516 -246.747561 -44.255595
7.380494 0.185222 -1.475201 7.380494 0.185222 -1.475201 1.576450 1.194549 -0.348649 663.567838 -406.364158 33.334355
8.442475 0.823073 -1.676186 8.442475 0.823073 -1.676186 1.957935 0.922062 -0.317625 608.048272 -501.928052 70.076430
9.719723 1.283994 -1.854043 9.719723 1.283994 -1.854043 2.287955 0.611060 -0.275061 492.019456 -534.742518 71.805104
11.170868 1.556153 -2.007140 11.170868 1.556153 -2.007140 2.532213 0.299097 -0.236901 322.172340 -505.134234 55.393310
12.733932 1.649766 -2.141409 12.733932 1.649766 -2.141409 2.654243 0.021414 -0.214159 84.594733 -420.475514 20.415047
14.327568 1.595016 -2.270589 14.327568 1.595016 -2.270589 2.634315 -0.190436 -0.223707 -151.019827 -285.693608 -52.240831
15.867931 1.438568 -2.418713 15.867931 1.438568 -2.418713 2.478488 -0.315659 -0.277536 -368.402383 -131.715874 -127.189833
17.276427 1.236248 -2.610406 17.276427 1.236248 -2.610406 2.196024 -0.340767 -0.365237 -573.145181 48.021760 -165.147071
18.482234 1.049467 -2.860673 18.482234 1.049467 -2.860673 1.808933 -0.266778 -0.471317 -717.157873 198.609573 -188.451769
19.435934 0.932086 -3.176671 19.435934 0.932086 -3.176671 1.365782 -0.112931 -0.580821 -760.014290 314.214018 -176.564409
20.118484 0.924717 -3.552792 20.118484 0.924717 -3.552792 0.909187 0.094752 -0.665994 -761.968830 378.062560 -107.343033
20.531405 1.050269 -3.965613 20.531405 1.050269 -3.965613 0.474827 0.324835 -0.699912 -685.898432 388.880377 -5.716438
20.702405 1.312827 -4.378785 20.702405 1.312827 -4.378785 0.111115 0.546456 -0.664324 -526.474185 349.857532 124.341497
20.686080 1.698592 -4.746169 20.686080 1.698592 -4.746169 -0.145913 0.730954 -0.545571 -330.284934 265.133823 271.501440
20.550697 2.178194 -5.016234 20.550697 2.178194 -5.016234 -0.286005 0.856565 -0.340634 -136.689451 153.570194 411.622102
20.367594 2.712637 -5.139852 20.367594 2.712637 -5.139852 -0.302496 0.913015 -0.060311 81.719430 34.597039 522.787006
20.211237 3.258564 -5.077842 20.211237 3.258564 -5.077842 -0.201305 0.893224 0.273837 255.583992 -100.568026 591.041505
20.144649 3.771197 -4.805574 20.144649 3.771197 -4.805574 -0.007006 0.806888 0.636352 392.078843 -187.216999 617.341559
20.215520 4.218919 -4.315621 20.215520 4.218919 -4.315621 0.250743 0.680998 0.991861 467.086411 -232.417539 567.688126
20.450377 4.585069 -3.626171 20.450377 4.585069 -3.626171 0.532674 0.538480 1.293219 472.684645 -242.641672 436.838738
20.851632 4.866774 -2.782485 20.851632 4.866774 -2.782485 0.799120 0.404356 1.500943 415.466990 -204.437426 255.573636
21.401463 5.076614 -1.845525 21.401463 5.076614 -1.845525 1.026276 0.301818 1.606241 341.720330 -137.357682 95.421060
22.078739 5.232980 -0.864605 22.078739 5.232980 -0.864605 1.231308 0.219403 1.663494 341.720330 -137.357682 95.421060
