-5.138657 -0.387435 6.235829 -5.138657 -0.387435 6.235829 0.316675 0.901251 -0.547664 -75.762351 -228.440730 217.739522
-4.962289 0.112197 5.946424 -4.962289 0.112197 5.946424 0.271218 0.764186 -0.417020 -75.762351 -228.440730 217.739522
-4.805362 0.528963 5.745744 -4.805362 0.528963 5.745744 0.264932 0.623989 -0.234685 54.811111 -238.882841 390.043825
-4.624536 0.861226 5.685834 -4.624536 0.861226 5.685834 0.357818 0.485002 0.052809 254.806924 -224.407121 568.267440
-4.352807 1.115267 5.825426 -4.352807 1.115267 5.825426 0.566568 0.367524 0.421864 441.025598 -167.186668 661.916092
-3.925765 1.311796 6.199240 -3.925765 1.311796 6.199240 0.869770 0.297751 0.826764 569.649455 -65.390182 687.752172
-3.295446 1.484898 6.817090 -3.295446 1.484898 6.817090 1.241160 0.289625 1.229401 668.317775 38.301689 654.369821
-2.428645 1.671030 7.665132 -2.428645 1.671030 7.665132 1.651190 0.339922 1.585094 698.447409 129.356543 531.274207
-1.315455 1.902535 8.700481 -1.315455 1.902535 8.700481 2.054034 0.438870 1.847176 644.366202 200.470583 342.332544
0.025880 2.205015 9.857394 0.025880 2.205015 9.857394 2.405299 0.574518 1.987515 526.517165 251.689525 125.464817
1.553442 2.594375 11.058528 1.553442 2.594375 11.058528 2.669255 0.722258 1.992998 353.336597 240.776508 -107.187535
3.205930 3.067436 12.221335 3.205930 3.067436 12.221335 2.817933 0.848557 1.860196 142.255711 180.218116 -335.487648
4.907640 3.603058 13.264788 4.907640 3.603058 13.264788 2.830006 0.926930 1.597518 -102.010371 81.028452 -540.106034
6.573436 4.166066 14.118340 6.573436 4.166066 14.118340 2.699570 0.936870 1.234758 -332.777990 -47.895101 -669.093517
8.121232 4.712283 14.734983 8.121232 4.712283 14.734983 2.439675 0.871710 0.814428 -533.538900 -169.306078 -732.007325
9.481192 5.197838 15.092287 9.481192 5.197838 15.092287 2.080510 0.735150 0.377267 -663.675723 -285.892994 -725.194187
10.605924 5.581816 15.192543 10.605924 5.581816 15.192543 1.661743 0.535355 -0.035697 -732.213743 -380.092246 -651.351893
11.470666 5.831399 15.061725 11.470666 5.831399 15.061725 1.219887 0.291231 -0.387290 -740.642474 -433.652728 -520.624636
12.074708 5.928357 14.746421 12.074708 5.928357 14.746421 0.802629 0.032425 -0.645750 -650.216599 -429.033836 -340.910049
12.448163 5.875062 14.309505 12.448163 5.875062 14.309505 0.457086 -0.202614 -0.790807 -501.594392 -354.430077 -142.614375
12.642873 5.696211 13.820035 12.642873 5.696211 13.820035 0.209855 -0.382699 -0.822953 -322.508383 -245.854310 35.463686
12.724006 5.431720 13.341912 12.724006 5.431720 13.341912 0.082711 -0.483304 -0.755348 -101.304943 -89.494939 189.884658
12.768101 5.136370 12.930374 12.768101 5.136370 12.930374 0.085442 -0.483293 -0.603957 110.408622 89.530915 314.752978
12.849708 4.871588 12.627664 12.849708 4.871588 12.627664 0.204031 -0.384181 -0.400062 284.889366 240.841239 364.895186
13.032029 4.693018 12.453499 13.032029 4.693018 12.453499 0.418076 -0.196739 -0.180171 428.593316 383.966557 368.076074
13.364505 4.651292 12.409877 13.364505 4.651292 12.409877 0.697649 0.069656 0.031808 503.314895 504.017615 338.519834
13.874807 4.785974 12.485113 13.874807 4.785974 12.485113 1.005218 0.382894 0.211009 521.916879 540.107983 258.817826
14.569731 5.110810 12.652252 14.569731 5.110810 12.652252 1.307609 0.696360 0.336031 486.053804 504.778198 157.922211
15.435096 5.614469 12.875587 15.435096 5.614469 12.875587 1.565789 0.974143 0.397239 374.546926 421.166726 46.102724
16.434519 6.266834 13.117212 16.434519 6.266834 13.117212 1.753171 1.187189 0.399817 250.059593 288.986223 -37.507833
17.524212 7.020148 13.346940 17.524212 7.020148 13.346940 1.867104 1.305496 0.360260 129.715778 105.370669 -94.349754
18.658653 7.809684 13.544557 18.658653 7.809684 13.544557 1.899084 1.305077 0.295871 -23.117501 -106.766211 -120.277844
19.787982 8.563379 13.700772 19.787982 8.563379 13.700772 1.855412 1.190346 0.225414 -122.454099 -275.672071 -114.579103
20.879187 9.227965 13.815397 20.879187 9.227965 13.815397 1.781940 1.024943 0.156667 -122.454099 -275.672071 -114.579103
