11.203689 5.693679 -5.975963 11.203689 5.693679 -5.975963 1.183033 -0.255836 0.624504 -349.585673 -136.123998 -87.813586
11.850583 5.515675 -5.617067 11.850583 5.515675 -5.617067 0.973281 -0.337510 0.571816 -349.585673 -136.123998 -87.813586
12.364755 5.294414 -5.293105 12.364755 5.294414 -5.293105 0.729173 -0.390448 0.502519 -464.107258 -40.334509 -143.175702
12.712624 5.059697 -5.018992 12.712624 5.059697 -5.018992 0.420228 -0.380591 0.408483 -565.709769 73.190785 -170.276807
12.859918 4.850162 -4.803414 12.859918 4.850162 -4.803414 0.065727 -0.308448 0.312004 -615.959240 167.286091 -151.319832
12.789209 4.697975 -4.639936 12.789209 4.697975 -4.639936 -0.300214 -0.194228 0.238777 -603.844185 213.445943 -92.772471
12.505226 4.619696 -4.508450 12.505226 4.619696 -4.508450 -0.638333 -0.066971 0.207708 -523.219239 210.743973 -10.790968
12.037188 4.614299 -4.377833 12.037188 4.614299 -4.377833 -0.906561 0.043732 0.240909 -370.876110 158.267555 121.462146
11.438411 4.664225 -4.203694 11.438411 4.664225 -4.203694 -1.069499 0.114687 0.352440 -172.251187 78.247538 250.308474
10.778355 4.741650 -3.938954 10.778355 4.741650 -3.938954 -1.109605 0.134277 0.543724 38.564309 -12.948733 387.304324
10.131944 4.813088 -3.536665 10.131944 4.813088 -3.536665 -1.024413 0.092519 0.807807 245.410651 -126.244371 492.973914
9.574016 4.840512 -2.960294 9.574016 4.840512 -2.960294 -0.814438 -0.010043 1.118349 454.505935 -215.628626 542.164288
9.177428 4.792218 -2.190795 9.177428 4.792218 -2.190795 -0.490418 -0.156694 1.448147 625.560274 -273.206802 557.161128
9.000003 4.648026 -1.224872 9.000003 4.648026 -1.224872 -0.093956 -0.325611 1.766176 695.979832 -289.851129 502.935740
9.069685 4.402180 -0.081690 9.069685 4.402180 -0.081690 0.327529 -0.491052 2.032676 708.969321 -261.616551 385.398491
9.390861 4.065529 1.196539 9.390861 4.065529 1.196539 0.738134 -0.622666 2.210173 659.715474 -177.098980 206.259179
9.944414 3.666638 2.547371 9.944414 3.666638 2.547371 1.093578 -0.695993 2.271937 525.096635 -67.324463 -0.380506
10.682765 3.244712 3.897610 10.682765 3.244712 3.897610 1.347074 -0.697445 2.207437 319.891399 62.484893 -214.618642
11.536175 2.845620 5.171844 11.536175 2.845620 5.171844 1.476931 -0.619316 2.020679 112.966169 197.944436 -407.908130
12.428830 2.517293 6.299428 12.428830 2.517293 6.299428 1.475522 -0.462387 1.718939 -117.664689 325.152065 -597.893374
13.279556 2.303128 7.216387 13.279556 2.303128 7.216387 1.337886 -0.243593 1.326285 -341.120770 404.162612 -710.951671
14.010829 2.232270 7.882457 14.010829 2.232270 7.882457 1.082930 0.011647 0.891065 -508.732542 446.637284 -739.780842
14.562452 2.318200 8.285799 14.562452 2.318200 8.285799 0.744876 0.272362 0.456515 -618.115896 422.413703 -708.720950
14.894745 2.552622 8.438871 14.894745 2.552622 8.438871 0.357149 0.500664 0.064943 -674.308100 338.591214 -596.518874
14.989886 2.905819 8.380699 14.989886 2.905819 8.380699 -0.036300 0.663080 -0.241789 -637.186426 202.795078 -425.920907
14.858907 3.330174 8.172060 14.858907 3.330174 8.172060 -0.391142 0.734777 -0.431838 -545.621400 36.194903 -207.574954
14.534188 3.767255 7.889692 14.534188 3.767255 7.889692 -0.677622 0.704993 -0.485890 -409.310295 -135.473908 27.401107
14.063917 4.155749 7.616411 14.063917 4.155749 7.616411 -0.873320 0.573127 -0.402845 -243.016805 -304.080638 249.415044
13.506713 4.436499 7.430842 13.506713 4.436499 7.430842 -0.966475 0.348721 -0.196980 -67.500663 -443.938283 436.800788
12.925139 4.559675 7.399745 12.925139 4.559675 7.399745 -0.954669 0.051619 0.107435 106.853041 -546.402652 577.917365
12.378798 4.491133 7.572527 12.378798 4.491133 7.572527 -0.854424 -0.282025 0.475663 227.299554 -565.742466 649.510400
11.911740 4.222835 7.974743 11.911740 4.222835 7.974743 -0.694633 -0.607716 0.864903 305.334725 -519.895481 647.955141
11.552279 3.770327 8.606079 11.552279 3.770327 8.606079 -0.499636 -0.891139 1.232487 344.657104 -424.847631 577.323827
11.314536 3.159171 9.449489 11.314536 3.159171 9.449489 -0.292841 -1.146048 1.578881 344.657104 -424.847631 577.323827
