7.506534 -1.776623 -0.266848 7.506534 -1.776623 -0.266848 1.057355 -0.713837 0.795657 588.247473 265.676478 393.525337
8.246832 -2.157104 0.281381 8.246832 -2.157104 0.281381 1.410304 -0.554431 1.031772 588.247473 265.676478 393.525337
9.190754 -2.437498 0.965937 9.190754 -2.437498 0.965937 1.722528 -0.372811 1.241179 452.499363 339.722948 304.498914
10.293387 -2.594793 1.758329 10.293387 -2.594793 1.758329 1.932362 -0.142773 1.388248 246.948335 427.069783 185.729811
11.483401 -2.602380 2.616640 11.483401 -2.602380 2.616640 2.011262 0.119492 1.459342 16.050628 447.148352 51.248599
12.678846 -2.452741 3.494886 12.678846 -2.452741 3.494886 1.949888 0.375066 1.457171 -220.629613 404.763958 -58.484925
13.797144 -2.161344 4.355486 13.797144 -2.161344 4.355486 1.757900 0.585425 1.406206 -419.331005 296.432864 -111.397023
14.766372 -1.765341 5.176745 14.766372 -1.765341 5.176745 1.456141 0.720231 1.327300 -586.531167 152.920569 -151.622138
15.529154 -1.315437 5.945236 15.529154 -1.315437 5.945236 1.077587 0.763182 1.233341 -675.315870 -9.750179 -161.576802
16.052656 -0.870300 6.658194 16.052656 -0.870300 6.658194 0.664933 0.702245 1.146583 -700.198432 -193.373676 -127.615698
16.327717 -0.493724 7.326575 16.327717 -0.493724 7.326575 0.255498 0.536404 1.087022 -664.583461 -359.430173 -70.921871
16.368303 -0.243402 7.970021 16.368303 -0.243402 7.970021 -0.108691 0.286630 1.064463 -549.380470 -473.150337 -4.273975
16.212883 -0.159994 8.611275 16.212883 -0.159994 8.611275 -0.394902 -0.014275 1.078627 -404.656473 -529.866603 51.488229
15.912867 -0.264169 9.268609 15.912867 -0.264169 9.268609 -0.588881 -0.333363 1.113970 -241.938357 -533.760319 66.322553
15.527501 -0.557348 9.948268 15.527501 -0.557348 9.948268 -0.676485 -0.639039 1.150455 -50.075529 -485.159336 55.293599
15.122012 -1.020579 10.646841 15.122012 -1.020579 10.646841 -0.659456 -0.892526 1.175366 106.836831 -359.796538 27.740626
14.751929 -1.610030 11.352475 14.751929 -1.610030 11.352475 -0.563552 -1.054267 1.169120 212.843478 -179.338855 -48.558820
14.456695 -2.263376 12.038169 14.456695 -2.263376 12.038169 -0.412916 -1.104396 1.104796 289.278411 12.241132 -165.853865
14.262777 -2.912690 12.665768 14.262777 -2.912690 12.665768 -0.230544 -1.041450 0.978158 318.627685 197.580205 -256.273996
14.179703 -3.492533 13.200511 14.179703 -3.492533 13.200511 -0.049871 -0.875587 0.794281 283.616471 355.293765 -356.650600
14.197468 -3.946075 13.607020 14.197468 -3.946075 13.607020 0.103482 -0.623123 0.550983 227.560319 486.255494 -454.342803
14.295938 -4.227528 13.854116 14.295938 -4.227528 13.854116 0.217115 -0.306900 0.269813 151.214854 567.819767 -482.887715
14.448012 -4.309810 13.930912 14.448012 -4.309810 13.930912 0.280776 0.032045 -0.010777 60.988704 561.998532 -452.414808
14.623209 -4.193038 13.847059 14.623209 -4.193038 13.847059 0.296138 0.351168 -0.261986 -9.780442 501.743714 -384.948398
14.795707 -3.899501 13.627719 14.795707 -3.899501 13.627719 0.273147 0.614829 -0.457242 -66.858812 377.125894 -265.904434
14.946570 -3.470897 13.316016 14.946570 -3.470897 13.316016 0.228077 0.800220 -0.564261 -83.374427 240.845735 -90.826178
15.070068 -2.957944 12.972675 15.070068 -2.957944 12.972675 0.186349 0.892070 -0.560932 -55.719201 65.320560 101.924233
15.174123 -2.420627 12.665706 15.174123 -2.420627 12.665706 0.164294 0.882848 -0.443559 -17.794689 -96.062802 289.318944
15.273161 -1.916046 12.461827 15.273161 -1.916046 12.461827 0.171942 0.786032 -0.219074 43.287103 -226.654929 458.962957
15.388806 -1.491367 12.421001 15.388806 -1.491367 12.421001 0.221355 0.619325 0.096331 121.421757 -329.035920 592.388035
15.547040 -1.181985 12.589442 15.547040 -1.181985 12.589442 0.312031 0.406969 0.471829 180.830766 -378.816836 659.272228
15.768555 -1.004504 12.990597 15.768555 -1.004504 12.990597 0.429266 0.187112 0.864336 209.954044 -354.041971 649.084181
16.063429 -0.952361 13.620999 16.063429 -0.952361 13.620999 0.552850 -0.007296 1.228611 201.991397 -293.982903 565.167817
16.428755 -1.003490 14.451691 16.428755 -1.003490 14.451691 0.660334 -0.152856 1.526688 156.288503 -191.218134 428.420795
16.847788 -1.122530 15.431913 16.847788 -1.122530 15.431913 0.727614 -0.232123 1.719208 67.979412 -73.005551 213.310963
17.289571 -1.267547 16.488314 17.289571 -1.267547 16.488314 0.733291 -0.238937 1.779596 -49.054576 50.291759 -12.016571
17.712032 -1.395021 17.540191 17.712032 -1.395021 17.540191 0.660441 -0.174580 1.703798 -193.780585 164.231652 -240.643049
18.064689 -1.465890 18.505687 18.064689 -1.465890 18.505687 0.500533 -0.054457 1.492077 -339.245897 236.177994 -465.093903
18.296827 -1.454721 19.307147 18.296827 -1.454721 19.307147 0.261402 0.093908 1.162675 -457.858861 258.372660 -632.912333
18.366425 -1.352487 19.884190 18.366425 -1.352487 19.884190 -0.037455 0.245844 0.749736 -538.330317 248.082314 -743.550983
18.245238 -1.163874 20.198529 18.245238 -1.163874 20.198529 -0.369529 0.376952 0.295291 -568.581268 188.944745 -771.266411
17.924580 -0.909039 20.241245 17.924580 -0.909039 20.241245 -0.693660 0.463586 -0.145623 -511.855580 99.834965 -698.445977
17.420882 -0.618893 20.032995 17.420882 -0.618893 20.032995 -0.977611 0.493606 -0.540473 -434.650192 0.230129 -617.721948
16.756078 -0.322688 19.597521 16.756078 -0.322688 19.597521 -1.238402 0.493744 -0.911106 -434.650192 0.230129 -617.721948
