-4.533206 3.842350 11.343327 -4.533206 3.842350 11.343327 1.990080 0.274333 -0.780912 209.541122 -424.740042 -399.950168
-3.301441 3.930496 10.802789 -3.301441 3.930496 10.802789 2.115805 0.019489 -1.020882 209.541122 -424.740042 -399.950168
-2.001992 3.869870 10.130141 -2.001992 3.869870 10.130141 2.202775 -0.214689 -1.201491 80.360518 -355.852816 -202.080885
-0.675230 3.684710 9.387422 -0.675230 3.684710 9.387422 2.204149 -0.389666 -1.249987 -75.780875 -227.404021 40.429782
0.626923 3.419901 8.657610 0.626923 3.419901 8.657610 2.125201 -0.476492 -1.161214 -187.380175 -62.017007 255.478917
1.864793 3.132693 8.017227 1.864793 3.132693 8.017227 1.995163 -0.464454 -0.956132 -246.079325 102.145301 428.127383
3.016523 2.882479 7.527810 3.016523 2.882479 7.527810 1.842147 -0.352805 -0.663261 -263.973541 270.017977 548.109239
4.074948 2.727752 7.231195 4.074948 2.727752 7.231195 1.687025 -0.149033 -0.320983 -253.099079 409.220982 592.818082
5.045537 2.717896 7.144215 5.045537 2.717896 7.144215 1.554825 0.126021 0.029221 -187.568507 507.626919 574.527226
5.948975 2.887514 7.260297 5.948975 2.887514 7.260297 1.463808 0.443759 0.349608 -115.822093 551.498350 493.432235
6.810029 3.250795 7.550971 6.810029 3.250795 7.550971 1.412404 0.763440 0.606123 -55.524707 514.103867 361.616344
7.650741 3.794624 7.970384 7.650741 3.794624 7.970384 1.395410 1.038031 0.776336 -1.121156 401.201072 205.761866
8.490186 4.481839 8.462688 8.490186 4.481839 8.462688 1.406742 1.239655 0.847119 38.894317 270.877933 30.178633
9.340266 5.263753 8.967566 9.340266 5.263753 8.967566 1.425246 1.348996 0.821099 22.786367 93.591585 -116.912186
10.198038 6.077549 9.432453 10.198038 6.077549 9.432453 1.431535 1.342912 0.717311 -1.822519 -113.870445 -229.045089
11.052922 6.851342 9.817207 11.052922 6.851342 9.817207 1.411896 1.217299 0.557862 -63.642913 -304.840219 -302.453849
11.883269 7.519073 10.095139 11.883269 7.519073 10.095139 1.347036 0.995511 0.364674 -152.556430 -434.453571 -341.506501
12.659171 8.032353 10.253356 12.659171 8.032353 10.253356 1.231204 0.705714 0.164189 -233.548142 -531.533987 -326.776151
13.352507 8.357462 10.296570 13.352507 8.357462 10.296570 1.074336 0.373578 -0.014272 -289.346588 -575.587611 -268.093102
13.942501 8.479720 10.244791 13.942501 8.479720 10.244791 0.888102 0.036811 -0.149923 -331.432237 -546.968246 -184.075463
14.417069 8.409895 10.126623 14.417069 8.409895 10.126623 0.696065 -0.258661 -0.235774 -308.691000 -437.939079 -102.096271
14.782443 8.183603 9.970439 14.782443 8.183603 9.970439 0.527344 -0.482753 -0.278743 -253.712425 -309.032745 -41.133953
15.053181 7.838326 9.795789 15.053181 7.838326 9.795789 0.375117 -0.668172 -0.303424 -253.712425 -309.032745 -41.133953
