-0.929127 -4.199142 -2.790619 -0.929127 -4.199142 -2.790619 1.729546 0.197680 -0.388182 409.321767 258.931829 162.381400
0.182278 -4.033926 -2.994300 0.182278 -4.033926 -2.994300 1.975139 0.353039 -0.290754 409.321767 258.931829 162.381400
1.432180 -3.772618 -3.130301 1.432180 -3.772618 -3.130301 2.176439 0.522783 -0.147213 261.678821 306.880694 316.086474
2.774907 -3.403258 -3.153816 2.774907 -3.403258 -3.153816 2.282255 0.709171 0.082027 91.040369 314.412326 448.048736
4.150411 -2.925644 -3.020004 4.150411 -2.925644 -3.020004 2.285699 0.875405 0.370592 -79.559495 239.701454 513.833276
5.500693 -2.363225 -2.704481 5.500693 -2.363225 -2.704481 2.203877 0.989378 0.682279 -193.179829 140.209204 525.124582
6.782531 -1.751347 -2.204360 6.782531 -1.751347 -2.204360 2.059393 1.038567 0.978510 -288.432421 23.753370 462.310651
7.963095 -1.132453 -1.539590 7.963095 -1.132453 -1.539590 1.870559 1.010215 1.228136 -341.013854 -118.259871 369.777408
9.024821 -0.555878 -0.743638 9.024821 -0.555878 -0.743638 1.669814 0.897921 1.412555 -328.136041 -256.053421 244.950777
9.970788 -0.070696 0.140116 9.970788 -0.070696 0.140116 1.488648 0.706886 1.520176 -275.750783 -380.727912 113.785614
10.818319 0.280632 1.065820 10.818319 0.280632 1.065820 1.343085 0.457082 1.554035 -209.459884 -451.952040 -0.921458
11.590882 0.473120 1.992968 11.590882 0.473120 1.992968 1.239479 0.183861 1.527946 -135.894149 -458.786901 -86.041079
12.315000 0.503537 2.890230 12.315000 0.503537 2.890230 1.182405 -0.077997 1.456228 -54.353891 -414.071608 -153.018895
13.017183 0.389595 3.735530 13.017183 0.389595 3.735530 1.162412 -0.289499 1.359948 -12.288872 -290.934544 -167.913608
13.713981 0.171394 4.522963 13.713981 0.171394 4.522963 1.162852 -0.424725 1.267647 13.755737 -159.820902 -139.758416
14.414168 -0.112209 5.258395 14.414168 -0.112209 5.258395 1.171105 -0.520618 1.183792 13.755737 -159.820902 -139.758416
