12.225542 -5.423687 -1.743637 12.225542 -5.423687 -1.743637 -0.597106 0.821458 -0.594282 -241.793240 136.738789 333.042905
11.823755 -4.906199 -2.040258 11.823755 -4.906199 -2.040258 -0.742182 0.903501 -0.394456 -241.793240 136.738789 333.042905
11.346601 -4.348906 -2.221527 11.346601 -4.348906 -2.221527 -0.828870 0.938441 -0.217343 -47.168372 -20.272264 257.332360
10.855042 -3.800206 -2.310976 10.855042 -3.800206 -2.310976 -0.785903 0.872703 -0.089758 190.392568 -198.854641 167.951028
10.428329 -3.320298 -2.339965 10.428329 -3.320298 -2.339965 -0.618878 0.713787 -0.015817 366.358014 -330.865834 78.521623
10.131042 -2.956401 -2.340436 10.131042 -2.956401 -2.340436 -0.358584 0.491172 0.005723 501.289633 -411.184117 -6.723852
10.010086 -2.737431 -2.340398 10.010086 -2.737431 -2.340398 -0.037998 0.235862 -0.009239 567.329761 -439.848475 -43.148206
10.088551 -2.673235 -2.354331 10.088551 -2.673235 -2.354331 0.298122 -0.018788 -0.038240 553.070880 -408.985478 -53.522756
10.363016 -2.752720 -2.385222 10.363016 -2.752720 -2.385222 0.610157 -0.237154 -0.061920 487.043826 -318.900706 -25.410956
10.809665 -2.944935 -2.423795 10.809665 -2.944935 -2.423795 0.866818 -0.391096 -0.061399 368.494901 -194.238252 27.147680
11.387297 -3.206641 -2.452660 11.387297 -3.206641 -2.452660 1.043973 -0.468066 -0.029671 222.020669 -62.329187 78.612168
12.044746 -3.490054 -2.452074 12.044746 -3.490054 -2.452074 1.132695 -0.462232 0.038689 73.720641 81.775625 149.256620
12.728376 -3.745506 -2.398659 12.728376 -3.745506 -2.398659 1.130644 -0.377332 0.144918 -80.557100 201.224048 204.839895
13.384961 -3.931113 -2.274077 13.384961 -3.931113 -2.274077 1.045801 -0.233736 0.271623 -202.255536 277.428407 217.509611
13.971624 -4.019652 -2.073943 13.971624 -4.019652 -2.073943 0.902391 -0.058452 0.392173 -275.775199 306.853215 184.322718
14.461255 -4.000024 -1.808081 14.461255 -4.000024 -1.808081 0.726107 0.122988 0.489666 -311.840163 297.947591 140.653499
14.841456 -3.876635 -1.495144 14.841456 -3.876635 -1.495144 0.542340 0.281588 0.543158 -300.714189 230.719034 37.653513
15.115974 -3.671003 -1.170385 15.115974 -3.671003 -1.170385 0.378126 0.395766 0.526184 -246.667375 149.872779 -94.233058
15.302301 -3.412853 -0.879582 15.302301 -3.412853 -0.879582 0.249380 0.454257 0.429915 -182.484697 45.097890 -226.661765
15.423578 -3.138986 -0.670500 15.423578 -3.138986 -0.670500 0.162371 0.447291 0.253577 -107.546289 -68.316274 -361.132829
15.505851 -2.888058 -0.588278 15.505851 -2.888058 -0.588278 0.118887 0.380554 0.012297 -37.399066 -154.143361 -443.133552
15.573075 -2.689944 -0.663534 15.573075 -2.689944 -0.663534 0.109561 0.275704 -0.267934 6.311547 -195.354067 -490.968622
15.640890 -2.560061 -0.913288 15.640890 -2.560061 -0.913288 0.118061 0.156612 -0.565611 22.021499 -201.618893 -501.290146
15.714598 -2.500123 -1.338587 15.714598 -2.500123 -1.338587 0.125810 0.046948 -0.844885 3.809565 -163.928317 -429.623627
15.787881 -2.496712 -1.915059 15.787881 -2.496712 -1.915059 0.113651 -0.027663 -1.063704 -44.340293 -84.776598 -299.771976
15.843582 -2.522388 -2.596030 15.843582 -2.522388 -2.596030 0.064505 -0.047616 -1.187516 -119.481204 18.265822 -112.935608
15.856136 -2.540025 -3.316439 15.856136 -2.540025 -3.316439 -0.030392 0.001565 -1.193133 -196.842603 145.673564 94.212339
15.798846 -2.506845 -4.002586 15.798846 -2.506845 -4.002586 -0.166614 0.119066 -1.072731 -257.230196 245.996224 307.129471
15.650218 -2.385982 -4.579218 15.650218 -2.385982 -4.579218 -0.332745 0.292386 -0.829836 -296.540183 331.734313 502.519682
15.396585 -2.147410 -4.977443 15.396585 -2.147410 -4.977443 -0.513712 0.508570 -0.482211 -306.680898 388.881826 656.231237
15.035858 -1.772773 -5.141875 15.035858 -1.772773 -5.141875 -0.684207 0.739377 -0.054606 -261.636937 380.472970 769.117033
14.583602 -1.264691 -5.035511 14.583602 -1.264691 -5.035511 -0.814374 0.947516 0.410295 -172.254345 313.325915 780.553294
14.072175 -0.645847 -4.651674 14.072175 -0.645847 -4.651674 -0.876710 1.105186 0.864429 -35.531536 212.240692 733.228052
13.549071 0.046816 -4.008989 13.549071 0.046816 -4.008989 -0.851439 1.189273 1.264598 119.769972 68.048383 600.667252
13.069094 0.762654 -3.153540 13.069094 0.762654 -3.153540 -0.732940 1.180226 1.567848 275.223932 -98.206872 410.166636
12.688556 1.443938 -2.152002 12.688556 1.443938 -2.152002 -0.519378 1.075435 1.748946 436.651813 -251.095246 193.492196
12.463144 2.035471 -1.081274 12.463144 2.035471 -1.081274 -0.219297 0.882121 1.797702 563.618455 -393.283075 -30.971267
12.436908 2.488364 -0.022541 12.436908 2.488364 -0.022541 0.138324 0.618209 1.707551 628.451403 -486.426390 -269.533742
12.632234 2.769597 0.942717 12.632234 2.769597 0.942717 0.511449 0.315672 1.492051 615.296550 -522.027566 -448.798526
13.044772 2.868143 1.749655 13.044772 2.868143 1.749655 0.855203 0.017996 1.185227 530.552135 -470.226936 -573.947965
13.648262 2.798651 2.354046 13.648262 2.798651 2.354046 1.147874 -0.242385 0.823684 445.018270 -397.710780 -631.195436
14.417090 2.581632 2.734641 14.417090 2.581632 2.734641 1.414885 -0.481012 0.444967 445.018270 -397.710780 -631.195436
