-12.248188 3.693376 8.194313 -12.248188 3.693376 8.194313 0.429246 0.011711 -0.034529 728.640448 215.854032 -107.322383
-11.859485 3.739256 8.154278 -11.859485 3.739256 8.154278 0.866430 0.141223 -0.098922 728.640448 215.854032 -107.322383
-11.214135 3.863002 8.077399 -11.214135 3.863002 8.077399 1.275296 0.271529 -0.154354 634.245205 218.498638 -77.452008
-10.343145 4.064373 7.976381 -10.343145 4.064373 7.976381 1.614084 0.398248 -0.173143 495.048092 203.897960 14.824192
-9.295833 4.335972 7.880610 -9.295833 4.335972 7.880610 1.859877 0.500330 -0.137021 324.261819 136.375769 105.581931
-8.132947 4.654050 7.822747 -8.132947 4.654050 7.822747 1.997400 0.548818 -0.046947 134.148547 25.250252 194.665586
-6.922061 4.982223 7.835518 -6.922061 4.982223 7.835518 2.019383 0.535653 0.099347 -60.873195 -69.133187 292.980366
-5.730421 5.285030 7.951485 -5.730421 5.285030 7.951485 1.937700 0.463469 0.293248 -211.402656 -171.479735 353.356318
-4.612438 5.528215 8.191200 -4.612438 5.528215 8.191200 1.777934 0.340434 0.506073 -321.151886 -238.636644 356.058687
-3.606865 5.686849 8.557510 -3.606865 5.686849 8.557510 1.568342 0.183893 0.712584 -377.486353 -283.167606 332.312878
-2.732750 5.747509 9.039418 -2.732750 5.747509 9.039418 1.347136 0.020464 0.884680 -359.867187 -261.595238 241.338493
-1.986788 5.716014 9.604794 -1.986788 5.716014 9.604794 1.143502 -0.119928 0.985117 -318.912926 -206.376790 93.454227
-1.353998 5.612008 10.203193 -1.353998 5.612008 10.203193 0.972617 -0.218258 0.993726 -250.702745 -121.390766 -64.757873
-0.808565 5.466906 10.776642 -0.808565 5.466906 10.776642 0.857142 -0.252580 0.899220 -134.214696 6.983027 -250.262536
-0.313255 5.325182 11.259820 -0.313255 5.325182 11.259820 0.802527 -0.205556 0.692524 -47.835348 149.765547 -438.723373
0.165083 5.235422 11.587717 0.165083 5.235422 11.587717 0.800986 -0.082616 0.386052 42.698865 260.031872 -582.849936
0.657612 5.237987 11.708953 0.657612 5.237987 11.708953 0.847863 0.100046 0.008931 113.557897 348.842765 -674.222770
1.187269 5.364029 11.590597 1.187269 5.364029 11.590597 0.918494 0.325467 -0.407374 121.877102 402.562004 -713.460432
1.758786 5.630886 11.219645 1.758786 5.630886 11.219645 0.984033 0.562581 -0.825974 96.587303 387.816877 -681.870338
2.364617 6.034473 10.608741 2.364617 6.034473 10.608741 1.032112 0.776429 -1.198009 63.675271 325.008804 -558.246950
2.992369 6.551319 9.800015 2.992369 6.551319 9.800015 1.055434 0.933871 -1.480139 14.065575 199.797987 -382.188258
3.624268 7.138147 8.855915 3.624268 7.138147 8.855915 1.044408 1.006457 -1.645567 -50.819184 42.154629 -169.236742
4.237915 7.739634 7.852154 4.237915 7.739634 7.852154 0.994664 0.981879 -1.676898 -114.995558 -124.081403 64.798450
4.812654 8.296713 6.872052 4.812654 8.296713 6.872052 0.918870 0.858858 -1.566154 -137.649598 -285.986752 304.349609
5.339958 8.751035 5.998648 5.339958 8.751035 5.998648 0.840073 0.639690 -1.326015 -125.007347 -444.572884 496.113050
5.825116 9.048593 5.301485 5.825116 9.048593 5.301485 0.783150 0.341783 -0.982620 -64.736842 -548.451052 648.538130
6.288267 9.153244 4.832785 6.288267 9.153244 4.832785 0.768875 0.004223 -0.572825 17.156032 -576.747796 717.444618
6.759366 9.052924 4.618149 6.759366 9.052924 4.618149 0.812595 -0.337023 -0.142763 128.576211 -560.740311 716.095947
7.277538 8.755548 4.657374 7.277538 8.755548 4.657374 0.927096 -0.644611 0.266825 253.093793 -464.554115 649.195826
7.886919 8.293828 4.925531 7.886919 8.293828 4.925531 1.116789 -0.880013 0.612373 379.214429 -320.117456 502.632419
8.630643 7.718324 5.371911 8.630643 7.718324 5.371911 1.371279 -1.021454 0.856367 469.087902 -151.354649 310.678357
9.540291 7.089494 5.929534 9.540291 7.089494 5.929534 1.664951 -1.055836 0.982178 509.819075 36.748880 108.694287
10.631427 6.474483 6.525960 10.631427 6.474483 6.525960 1.972835 -0.974406 0.985164 516.460868 234.684900 -98.743301
11.903413 5.941990 7.088045 11.903413 5.941990 7.088045 2.259320 -0.784058 0.869720 438.488688 399.807684 -286.067144
13.330421 5.548743 7.550681 13.330421 5.548743 7.550681 2.484851 -0.518064 0.659558 313.281567 486.839635 -414.475245
14.867188 5.327575 7.866745 14.867188 5.327575 7.866745 2.620148 -0.215763 0.385551 137.706222 520.830935 -498.882032
16.452784 5.291136 8.006440 16.452784 5.291136 8.006440 2.646375 0.093080 0.077038 -50.283112 508.644970 -529.491564
18.018066 5.434155 7.960783 18.018066 5.434155 7.960783 2.548747 0.376346 -0.223517 -275.140789 435.574110 -472.360734
19.485882 5.729756 7.747139 19.485882 5.729756 7.747139 2.324125 0.594640 -0.479476 -473.600453 292.074421 -380.835492
20.785925 6.129224 7.397331 20.785925 6.129224 7.397331 1.994046 0.720438 -0.675837 -626.662134 127.253229 -273.701700
21.864240 6.573212 6.951146 21.864240 6.573212 6.951146 1.591482 0.740887 -0.797140 -715.216944 -59.092966 -130.641092
22.689449 6.999469 6.456300 22.689449 6.999469 6.456300 1.157645 0.667240 -0.840757 -730.906460 -186.395480 -14.747688
23.252474 7.366262 5.949192 23.252474 7.366262 5.949192 0.719102 0.555403 -0.849605 -730.906460 -186.395480 -14.747688
