3.360990 -1.168704 -5.927367 3.360990 -1.168704 -5.927367 0.382748 0.704063 1.081943 -578.880939 -188.059150 -586.696017
3.486440 -0.780117 -5.383806 3.486440 -0.780117 -5.383806 0.035420 0.591227 0.729925 -578.880939 -188.059150 -586.696017
3.407182 -0.461563 -5.055574 3.407182 -0.461563 -5.055574 -0.293466 0.466733 0.357318 -517.402708 -226.923299 -655.328812
3.146039 -0.220898 -4.961191 3.146039 -0.220898 -4.961191 -0.563561 0.337937 -0.046122 -382.913923 -202.396894 -689.470466
2.748568 -0.050031 -5.109501 2.748568 -0.050031 -5.109501 -0.745361 0.239180 -0.442464 -223.088034 -126.791879 -631.670322
2.270205 0.076420 -5.480500 2.270205 0.076420 -5.480500 -0.834168 0.191931 -0.780569 -72.936568 -30.703595 -495.346462
1.765698 0.191892 -6.027567 1.765698 0.191892 -6.027567 -0.832315 0.202710 -1.025591 79.115787 66.632474 -321.392155
1.288085 0.332504 -6.686904 1.288085 0.332504 -6.686904 -0.747171 0.277650 -1.149085 204.695470 183.168678 -90.254131
0.880329 0.537878 -7.378232 0.880329 0.537878 -7.378232 -0.605845 0.416618 -1.131394 266.390880 280.055187 149.224155
0.566827 0.840596 -8.016694 0.566827 0.840596 -8.016694 -0.435735 0.596340 -0.974291 300.642539 319.018792 374.452683
0.357951 1.256655 -8.523128 0.357951 1.256655 -8.523128 -0.263102 0.791913 -0.695928 274.801514 332.891226 553.422138
0.246661 1.789679 -8.833011 0.246661 1.789679 -8.833011 -0.112689 0.981423 -0.323584 226.577291 298.808938 687.724166
0.216104 2.425516 -8.900258 0.216104 2.425516 -8.900258 0.004621 1.126700 0.104618 164.455979 185.449228 739.616167
0.243826 3.126807 -8.706164 0.243826 3.126807 -8.706164 0.080029 1.197417 0.539348 86.900926 50.274096 709.482853
0.303847 3.845824 -8.259664 0.303847 3.845824 -8.259664 0.113978 1.185172 0.940958 26.262931 -91.090017 629.217768
0.374418 4.531197 -7.589697 0.374418 4.531197 -7.589697 0.117020 1.083843 1.279155 -16.120732 -246.675443 498.105410
0.442133 5.129055 -6.743817 0.442133 5.129055 -6.743817 0.109371 0.895608 1.521660 -9.377974 -380.773001 310.244712
0.507089 5.591655 -5.787199 0.507089 5.591655 -5.787199 0.108855 0.636015 1.646696 7.660281 -484.536231 106.542850
0.577262 5.883235 -4.790235 0.577262 5.883235 -4.790235 0.130852 0.331231 1.659469 65.663037 -531.410645 -63.967449
0.672485 5.988633 -3.814797 0.672485 5.988633 -3.814797 0.194713 0.023952 1.577442 147.206393 -492.854344 -209.455882
0.820070 5.918629 -2.912900 0.820070 5.918629 -2.912900 0.304335 -0.250068 1.417435 218.199355 -420.545528 -323.901107
1.045994 5.700700 -2.123578 1.045994 5.700700 -2.123578 0.455494 -0.463349 1.208915 285.664509 -290.390061 -371.165417
1.373284 5.381250 -1.465198 1.373284 5.381250 -1.465198 0.639761 -0.583435 0.985421 328.559803 -109.896930 -373.813976
1.815995 5.022353 -0.938026 1.815995 5.022353 -0.938026 0.835461 -0.594647 0.777159 323.772816 72.524287 -320.392543
2.372067 4.689834 -0.524506 2.372067 4.689834 -0.524506 1.012308 -0.495056 0.609400 265.715590 259.443848 -238.803248
3.021766 4.449055 -0.196624 3.021766 4.449055 -0.196624 1.144163 -0.291617 0.492251 173.802728 418.686240 -151.694150
3.731828 4.354930 0.078210 3.731828 4.354930 0.078210 1.209845 -0.012997 0.435176 45.135788 510.046789 -38.556220
4.456259 4.441805 0.337644 4.456259 4.441805 0.337644 1.188925 0.307354 0.438389 -114.869452 557.791069 49.268551
5.139712 4.724499 0.612080 5.139712 4.724499 0.612080 1.073877 0.631425 0.480620 -268.623200 522.445964 91.499798
5.726548 5.192432 0.918341 5.726548 5.192432 0.918341 0.867013 0.920084 0.542613 -420.923086 439.748680 115.144292
6.164984 5.815614 1.264074 6.164984 5.815614 1.264074 0.584429 1.143818 0.608895 -521.021891 306.030911 105.794130
6.418469 6.546349 1.645068 6.418469 6.546349 1.645068 0.254875 1.274227 0.655441 -577.491671 128.668873 49.361271
6.468885 7.322120 2.044319 6.468885 7.322120 2.044319 -0.084426 1.291799 0.670567 -553.512500 -70.095558 1.058495
6.323522 8.074488 2.442685 6.323522 8.074488 2.442685 -0.391910 1.199272 0.650375 -471.433350 -238.328215 -68.367615
6.011981 8.742483 2.817120 6.011981 8.742483 2.817120 -0.632453 1.012929 0.591938 -330.376529 -382.814653 -126.419645
5.584373 9.275581 3.148416 5.584373 9.275581 3.148416 -0.774024 0.754474 0.510528 -141.527916 -478.702347 -144.948945
5.108829 9.640299 3.430299 5.108829 9.640299 3.430299 -0.787214 0.458253 0.431845 97.559830 -508.701385 -117.328164
4.668066 9.825741 3.670923 4.668066 9.825741 3.670923 -0.658654 0.163314 0.374630 330.974881 -474.428994 -73.387852
4.343838 9.842611 3.887501 4.343838 9.842611 3.887501 -0.403126 -0.099952 0.355647 520.784321 -403.123422 10.110425
4.205145 9.717286 4.110319 4.205145 9.717286 4.110319 -0.043446 -0.305783 0.399762 678.149862 -282.982621 136.940520
4.307547 9.491360 4.382260 4.307547 9.491360 4.382260 0.395455 -0.433168 0.519098 784.853779 -141.631783 260.846978
4.686902 9.215070 4.746915 4.686902 9.215070 4.746915 0.870410 -0.472626 0.706824 798.327448 10.103329 364.906697
5.347916 8.942034 5.243116 5.347916 8.942034 5.243116 1.324751 -0.422958 0.957887 716.143341 155.458286 471.968025
6.265785 8.720153 5.905773 6.265785 8.720153 5.905773 1.725001 -0.310127 1.255921 618.024006 220.642761 521.479189
7.412030 8.573792 6.753192 7.412030 8.573792 6.753192 2.095815 -0.177742 1.568808 618.024006 220.642761 521.479189
