-2.421856 4.494740 8.724002 -2.421856 4.494740 8.724002 1.475419 -0.757358 1.020276 -464.961697 192.298093 157.673981
-1.620298 4.074939 9.364549 -1.620298 4.074939 9.364549 1.196442 -0.641979 1.114880 -464.961697 192.298093 157.673981
-0.993854 3.732129 10.055584 -0.993854 3.732129 10.055584 0.878821 -0.487783 1.178115 -593.775274 321.687285 53.109649
-0.579297 3.505487 10.760838 -0.579297 3.505487 10.760838 0.493276 -0.254150 1.154106 -691.376258 457.088139 -133.140032
-0.408781 3.438408 11.418599 -0.408781 3.438408 11.418599 0.073444 0.035783 1.020538 -708.063398 509.355888 -312.086523
-0.487966 3.549708 11.965688 -0.487966 3.549708 11.965688 -0.330394 0.332124 0.787993 -638.062010 478.447089 -463.063083
-0.792912 3.830846 12.347806 -0.792912 3.830846 12.347806 -0.672523 0.597909 0.473525 -502.368771 407.502680 -585.165339
-1.275843 4.256548 12.520976 -1.275843 4.256548 12.520976 -0.918899 0.810445 0.094347 -318.883133 300.953669 -678.761259
-1.871410 4.786980 12.454864 -1.871410 4.786980 12.454864 -1.044373 0.940979 -0.315623 -99.365219 134.159595 -687.803644
-2.503972 5.365834 12.144764 -2.503972 5.365834 12.144764 -1.044256 0.972067 -0.712915 99.755724 -30.534203 -636.504281
-3.101892 5.935134 11.610498 -3.101892 5.935134 11.610498 -0.931012 0.911522 -1.054549 277.725872 -171.281528 -502.275676
-3.600835 6.443804 10.897540 -3.600835 6.443804 10.897540 -0.716011 0.771693 -1.305008 438.941946 -294.814736 -332.588242
-3.945934 6.849121 10.067772 -3.945934 6.849121 10.067772 -0.425156 0.571643 -1.439046 530.574319 -372.020556 -114.202374
-4.104453 7.124275 9.198734 -4.104453 7.124275 9.198734 -0.101453 0.344091 -1.432835 548.437106 -386.486798 134.904008
-4.068070 7.263593 8.376553 -4.068070 7.263593 8.376553 0.220289 0.124351 -1.285706 524.036296 -345.979583 355.526706
-3.845878 7.279527 7.679581 -3.845878 7.279527 7.679581 0.513171 -0.065234 -1.020111 452.236932 -285.970868 529.789462
-3.463523 7.195712 7.170525 -3.463523 7.195712 7.170525 0.749764 -0.202815 -0.663991 336.405043 -172.629943 657.275716
-2.961077 7.050399 6.894187 -2.961077 7.050399 6.894187 0.911777 -0.269148 -0.250890 203.640135 -48.481457 719.728779
-2.384778 6.886298 6.871954 -2.384778 6.886298 6.871954 0.996850 -0.267664 0.174696 79.934357 53.428451 698.892789
-1.777987 6.740761 7.096318 -1.777987 6.740761 7.096318 1.016277 -0.208386 0.562759 -15.176643 144.164464 594.650521
-1.174848 6.644759 7.532143 -1.174848 6.644759 7.532143 0.987692 -0.106489 0.875211 -80.106555 195.491754 446.856488
-0.598539 6.616592 8.125133 -0.598539 6.616592 8.125133 0.930196 0.013497 1.080470 -111.546745 204.462202 237.339113
-0.060258 6.659151 8.802620 -0.060258 6.659151 8.802620 0.864477 0.124464 1.155294 -107.515922 165.427174 12.075092
0.441638 6.758858 9.485931 0.441638 6.758858 9.485931 0.812777 0.199979 1.102341 -64.818362 86.291075 -188.584885
0.921371 6.888378 10.102091 0.921371 6.888378 10.102091 0.792556 0.221752 0.932694 -2.584658 -13.715986 -376.905614
1.399501 7.013177 10.585302 1.399501 7.013177 10.585302 0.806314 0.184607 0.663737 48.443454 -110.098841 -519.619135
1.895444 7.097394 10.886227 1.895444 7.097394 10.886227 0.852556 0.084901 0.333035 105.696940 -222.254241 -582.719662
2.427994 7.104254 10.980757 2.427994 7.104254 10.980757 0.925930 -0.068829 -0.018602 138.883377 -290.180404 -589.404578
3.007914 7.010098 10.866765 3.007914 7.010098 10.866765 1.006076 -0.246067 -0.355936 128.271978 -300.614046 -535.042389
3.631780 6.809466 10.563770 3.631780 6.809466 10.563770 1.068697 -0.420839 -0.642592 80.461912 -281.956608 -420.476745
4.282813 6.509536 10.110099 4.282813 6.509536 10.110099 1.093632 -0.573386 -0.857028 2.655185 -226.535205 -294.309343
4.933659 6.131183 9.551462 4.933659 6.131183 9.551462 1.066169 -0.677036 -0.990835 -94.197074 -118.963885 -151.714661
5.550952 5.712132 8.938809 5.550952 5.712132 8.938809 0.982385 -0.705494 -1.036080 -185.082955 24.104113 0.897044
6.101574 5.301960 8.324927 6.101574 5.301960 8.324927 0.843864 -0.647102 -0.997522 -276.654136 170.533363 127.630602
6.553435 4.951971 7.753818 6.553435 4.951971 7.753818 0.654574 -0.506901 -0.898791 -354.314035 296.804140 201.473443
6.880967 4.707553 7.252476 6.880967 4.707553 7.252476 0.434809 -0.297327 -0.769569 -378.234790 401.775469 229.265821
7.076461 4.604274 6.831880 7.076461 4.604274 6.831880 0.221321 -0.042275 -0.632621 -333.390492 448.398486 227.226756
7.153958 4.659383 6.490962 7.153958 4.659383 6.490962 0.044860 0.225580 -0.507515 -254.815593 444.452800 189.792128
7.143027 4.870670 6.216557 7.143027 4.870670 6.216557 -0.067927 0.471937 -0.413932 -121.138607 376.735977 122.152538
7.090918 5.214671 5.986492 7.090918 5.214671 5.986492 -0.088350 0.663111 -0.359107 53.059658 260.512018 60.598481
7.058415 5.649687 5.778578 7.058415 5.649687 5.778578 -0.001735 0.770701 -0.339538 235.656982 98.120556 4.631663
7.111170 6.119119 5.573352 7.111170 6.119119 5.573352 0.196551 0.776326 -0.348444 425.299326 -79.372058 -34.318281
7.315270 6.559647 5.358115 7.315270 6.559647 5.358115 0.499806 0.673798 -0.369002 585.548266 -262.386271 -34.210775
7.726796 6.907759 5.131700 7.726796 6.907759 5.131700 0.882355 0.471678 -0.383805 689.616267 -411.348655 -15.130524
8.382476 7.110193 4.903361 8.382476 7.110193 4.903361 1.306807 0.192222 -0.369548 725.223801 -520.170662 62.652557
9.295419 7.128769 4.697566 9.295419 7.128769 4.697566 1.733531 -0.135510 -0.308671 697.189448 -572.269117 140.271745
10.461032 6.944455 4.537613 10.461032 6.944455 4.537613 2.151845 -0.478872 -0.224508 697.189448 -572.269117 140.271745
