9.252882 1.839845 2.042054 9.252882 1.839845 2.042054 2.327714 -1.159334 1.690480 -708.232164 51.830015 -636.394819
10.522029 1.153574 2.941791 10.522029 1.153574 2.941791 1.902775 -1.128236 1.308643 -708.232164 51.830015 -636.394819
11.533184 0.494011 3.609977 11.533184 0.494011 3.609977 1.462695 -1.056892 0.914559 -758.701462 185.983341 -677.219051
12.273937 -0.097430 4.036133 12.273937 -0.097430 4.036133 1.005989 -0.899217 0.504831 -763.651490 339.598562 -688.539921
12.743737 -0.570116 4.219562 12.743737 -0.570116 4.219562 0.566114 -0.666876 0.114046 -702.597965 434.873359 -614.078783
12.966000 -0.890336 4.186897 12.966000 -0.890336 4.186897 0.189868 -0.397812 -0.207193 -551.553999 462.006219 -456.717415
12.991514 -1.048324 3.993231 12.991514 -1.048324 3.993231 -0.086700 -0.132920 -0.416931 -370.339153 420.968060 -242.408678
12.886005 -1.057384 3.712414 12.886005 -1.057384 3.712414 -0.243043 0.094250 -0.497496 -150.804160 336.262245 -26.139770
12.726347 -0.946617 3.422928 12.726347 -0.946617 3.422928 -0.266964 0.264459 -0.444599 71.067251 231.103318 202.461013
12.589544 -0.754609 3.205700 12.589544 -0.754609 3.205700 -0.171408 0.361790 -0.257678 247.451103 93.333417 420.610495
12.539789 -0.529530 3.137234 12.539789 -0.529530 3.137234 0.019804 0.373812 0.046842 389.922563 -53.260523 594.455296
12.627767 -0.321012 3.277924 12.627767 -0.321012 3.277924 0.283303 0.310946 0.431428 488.407732 -156.294230 687.496829
12.886859 -0.167279 3.661678 12.886859 -0.167279 3.661678 0.582333 0.193660 0.849666 508.357127 -234.657147 706.630246
13.324991 -0.095999 4.296562 13.324991 -0.095999 4.296562 0.873490 0.039480 1.263100 462.167293 -279.277945 671.483041
13.927576 -0.121207 5.167224 13.927576 -0.121207 5.167224 1.127295 -0.121216 1.625667 383.849004 -256.375486 537.076524
14.665462 -0.236438 6.228726 14.665462 -0.236438 6.228726 1.319687 -0.256811 1.895051 257.457512 -195.607004 360.866894
15.494916 -0.420248 7.419599 15.494916 -0.420248 7.419599 1.430656 -0.346747 2.056007 112.439043 -104.179776 175.653921
16.365470 -0.640645 8.671909 16.365470 -0.640645 8.671909 1.457729 -0.377238 2.096841 -22.195628 2.543243 -39.539868
17.229685 -0.860668 9.910920 17.229685 -0.860668 9.910920 1.412276 -0.346401 2.013233 -129.313204 100.245318 -239.152955
18.049293 -1.045243 11.066733 18.049293 -1.045243 11.066733 1.312283 -0.260145 1.824343 -203.996282 187.275184 -390.482358
18.797002 -1.164675 12.085251 18.797002 -1.164675 12.085251 1.175178 -0.133053 1.561051 -253.020960 236.367444 -487.156659
19.457180 -1.201457 12.930470 19.457180 -1.201457 12.930470 1.026437 0.011287 1.250141 -242.781749 244.762839 -549.207875
20.031440 -1.153089 13.583579 20.031440 -1.153089 13.583579 0.891261 0.145838 0.930022 -207.804183 203.741130 -517.857583
20.532298 -1.033382 14.052459 20.532298 -1.033382 14.052459 0.784112 0.245735 0.639715 -149.361308 129.249077 -449.831784
20.980059 -0.869442 14.361480 20.980059 -0.869442 14.361480 0.715389 0.289459 0.400626 -79.715607 16.497533 -347.130639
21.398430 -0.700085 14.546370 21.398430 -0.700085 14.546370 0.684989 0.262917 0.227333 -21.615388 -104.971019 -230.512047
21.807461 -0.567434 14.649088 21.807461 -0.567434 14.649088 0.681664 0.168911 0.128077 10.531185 -208.381547 -100.343647
22.218647 -0.509216 14.714174 22.218647 -0.509216 14.714174 0.689441 0.015785 0.099380 15.390415 -302.037423 4.688032
22.632707 -0.557389 14.778441 22.632707 -0.557389 14.778441 0.686802 -0.181824 0.121169 -24.184318 -356.659027 67.943208
23.037668 -0.729947 14.865628 23.037668 -0.729947 14.865628 0.658456 -0.392145 0.173215 -70.302935 -344.411825 105.541882
23.414567 -1.024032 14.989130 23.414567 -1.024032 14.989130 0.588671 -0.582812 0.239416 -162.313709 -291.144618 115.129146
23.732540 -1.419523 15.150550 23.732540 -1.419523 15.150550 0.461217 -0.724492 0.293728 -262.534877 -181.121633 65.911270
23.957263 -1.877758 15.335989 23.957263 -1.877758 15.335989 0.279940 -0.787853 0.319967 -341.719909 -30.081322 21.549840
24.060872 -2.346465 15.528042 24.060872 -2.346465 15.528042 0.060683 -0.758809 0.313866 -389.137101 126.893848 -41.885474
24.025993 -2.769699 15.704707 24.025993 -2.769699 15.704707 -0.179023 -0.636620 0.268155 -409.881988 280.403408 -110.483746
23.846553 -3.092397 15.844220 23.846553 -3.092397 15.844220 -0.416186 -0.424369 0.194400 -380.663955 427.098124 -135.368840
23.532824 -3.264081 15.937311 23.532824 -3.264081 15.937311 -0.622073 -0.137812 0.117269 -305.626461 528.092561 -121.734533
23.113668 -3.250265 15.988020 23.113668 -3.250265 15.988020 -0.759949 0.186278 0.055528 -153.959689 552.206247 -84.067187
22.639160 -3.040759 16.009790 22.639160 -3.040759 16.009790 -0.806453 0.509309 0.023012 -1.052010 524.566423 -24.320810
22.165595 -2.645112 16.024495 22.165595 -2.645112 16.024495 -0.754603 0.802248 0.034803 173.884888 451.893704 63.624920
21.755287 -2.091309 16.064079 21.755287 -2.091309 16.064079 -0.594498 1.028953 0.109223 359.796987 303.791661 184.443838
21.472730 -1.431554 16.168706 21.472730 -1.431554 16.168706 -0.331729 1.149729 0.249355 516.101784 98.793954 282.659622
21.371843 -0.732954 16.373110 21.371843 -0.732954 16.373110 0.004191 1.163906 0.438516 603.629878 -51.536479 347.878365
21.483010 -0.043887 16.698838 21.483010 -0.043887 16.698838 0.366369 1.132984 0.647243 603.629878 -51.536479 347.878365
