9.782539 -1.308162 -10.543977 9.782539 -1.308162 -10.543977 -1.044298 1.474296 0.027791 169.757697 -264.155679 525.260609
9.186517 -0.471132 -10.432755 9.186517 -0.471132 -10.432755 -0.942443 1.315802 0.342947 169.757697 -264.155679 525.260609
8.662148 0.264855 -10.128686 8.662148 0.264855 -10.128686 -0.787889 1.127577 0.676873 345.424263 -363.263100 587.823509
8.263471 0.870115 -9.615078 8.263471 0.870115 -9.615078 -0.521231 0.880125 1.037945 543.435166 -461.577234 615.751885
8.056503 1.314172 -8.885138 8.056503 1.314172 -8.885138 -0.155413 0.598511 1.389084 675.956327 -477.136123 554.709352
8.086800 1.591570 -7.958589 8.086800 1.591570 -7.958589 0.259527 0.333107 1.688166 707.178310 -407.541862 442.231229
8.366944 1.723500 -6.875535 8.366944 1.723500 -6.875535 0.669512 0.115702 1.906271 659.436353 -317.142741 284.785241
8.881228 1.742766 -5.693905 8.881228 1.742766 -5.693905 1.034566 -0.039934 2.010174 557.410728 -201.645003 61.557863
9.592479 1.691874 -4.490547 9.592479 1.691874 -4.490547 1.319899 -0.114098 1.977974 393.699760 -45.565416 -168.890959
10.442958 1.623799 -3.345510 10.442958 1.623799 -3.345510 1.494491 -0.098509 1.819905 188.272681 97.528509 -358.006192
11.360278 1.588048 -2.328669 11.360278 1.588048 -2.328669 1.541139 -0.010998 1.551797 -32.778510 194.174450 -535.686728
12.266946 1.620560 -1.502250 12.266946 1.620560 -1.502250 1.460894 0.126302 1.189206 -234.703584 263.491421 -672.950451
13.090841 1.745565 -0.912745 13.090841 1.745565 -0.912745 1.268097 0.293375 0.771000 -407.953808 293.418192 -721.069197
13.771156 1.972857 -0.577550 13.771156 1.972857 -0.577550 0.987769 0.461686 0.350296 -526.472119 267.619574 -681.276728
14.265549 2.294115 -0.484108 14.265549 2.294115 -0.484108 0.654365 0.602632 -0.028999 -584.873675 202.199301 -583.039484
14.553181 2.686141 -0.596607 14.553181 2.686141 -0.596607 0.304895 0.694203 -0.329582 -580.028389 103.037632 -418.903410
14.636167 3.113873 -0.857265 14.636167 3.113873 -0.857265 -0.020851 0.719342 -0.518457 -505.789988 -19.239557 -210.679315
14.539477 3.536196 -1.191763 14.539477 3.536196 -1.191763 -0.290011 0.678705 -0.572375 -391.411883 -116.219691 30.951391
14.302283 3.918355 -1.516907 14.302283 3.918355 -1.516907 -0.488524 0.588253 -0.490255 -270.298765 -185.286422 242.782753
13.969055 4.235243 -1.754772 13.969055 4.235243 -1.754772 -0.608005 0.463520 -0.281650 -127.968668 -230.490639 452.566446
13.589981 4.471868 -1.834245 13.589981 4.471868 -1.834245 -0.640971 0.325234 0.030165 18.081867 -230.461672 586.818130
13.214231 4.628193 -1.706152 13.214231 4.628193 -1.706152 -0.602229 0.200293 0.404087 111.058733 -186.006804 659.586731
12.876529 4.719500 -1.344276 12.876529 4.719500 -1.344276 -0.517372 0.111748 0.803332 171.795504 -109.145966 671.228813
12.598530 4.773589 -0.745010 12.598530 4.773589 -0.745010 -0.406789 0.079697 1.188298 196.815412 2.309837 611.991917
12.388728 4.829661 0.070557 12.388728 4.829661 0.070557 -0.294479 0.120270 1.517639 177.550485 132.935087 485.812906
12.241193 4.931465 1.059260 12.241193 4.931465 1.059260 -0.201977 0.228602 1.762494 130.789604 228.169183 330.370490
12.139681 5.113816 2.165672 12.139681 5.113816 2.165672 -0.142842 0.386102 1.907961 66.326574 296.832254 154.518155
12.062424 5.401484 3.328215 12.062424 5.401484 3.328215 -0.120498 0.577086 1.950440 8.153938 339.782495 -12.920612
11.988604 5.807939 4.486737 11.988604 5.807939 4.486737 -0.130553 0.776168 1.895605 -41.670619 323.822925 -169.863824
11.901943 6.327400 5.587026 11.901943 6.327400 5.587026 -0.159696 0.947821 1.761194 -55.472715 248.353023 -278.173538
11.796305 6.933637 6.590226 11.796305 6.933637 6.590226 -0.192156 1.061038 1.577064 -52.726599 129.038618 -335.591544
11.674340 7.585279 7.475397 11.674340 7.585279 7.475397 -0.209696 1.097420 1.372406 -5.740662 -7.767004 -346.602135
11.552742 8.232326 8.238924 11.552742 8.232326 8.238924 -0.186875 1.042725 1.176803 81.812961 -174.547691 -305.408179
11.460286 8.816785 8.893637 11.460286 8.816785 8.893637 -0.113074 0.889206 1.011582 164.189371 -337.183941 -245.326659
11.427034 9.283060 9.461423 11.427034 9.283060 9.461423 0.010632 0.654121 0.889362 248.164668 -446.431198 -162.075670
11.483279 9.590408 9.971543 11.483279 9.590408 9.971543 0.185508 0.362428 0.820502 334.754571 -525.879818 -67.457242
11.657345 9.712397 10.456262 11.657345 9.712397 10.456262 0.398886 0.042853 0.802827 376.505163 -539.369341 8.542165
11.963953 9.643656 10.940473 11.963953 9.643656 10.940473 0.622316 -0.267604 0.812840 368.260470 -495.488324 24.833175
12.403629 9.393906 11.432647 12.403629 9.393906 11.432647 0.843272 -0.564897 0.827740 368.260470 -495.488324 24.833175
