9.518829 -3.225840 -8.560097 9.518829 -3.225840 -8.560097 0.734877 0.591424 -0.222964 -73.673946 -231.407146 209.609473
9.946495 -2.912639 -8.656145 9.946495 -2.912639 -8.656145 0.690673 0.452580 -0.097198 -73.673946 -231.407146 209.609473
10.344842 -2.686108 -8.679455 10.344842 -2.686108 -8.679455 0.632491 0.296914 0.014969 -120.265957 -287.477497 164.280833
10.703411 -2.561374 -8.645343 10.703411 -2.561374 -8.645343 0.563943 0.116084 0.091335 -108.227657 -315.291571 90.272518
11.023726 -2.544898 -8.578189 11.023726 -2.544898 -8.578189 0.506161 -0.055200 0.126023 -84.377575 -255.652897 25.354735
11.315690 -2.619117 -8.500135 11.315690 -2.619117 -8.500135 0.472809 -0.183998 0.130614 -26.798770 -173.675314 -10.049247
11.600675 -2.753329 -8.423665 11.600675 -2.753329 -8.423665 0.487346 -0.250961 0.124137 75.255766 -49.532957 -11.541837
11.912436 -2.903509 -8.349728 11.912436 -2.903509 -8.349728 0.561539 -0.234119 0.124873 172.054752 105.671655 13.993461
12.285771 -3.016195 -8.268685 12.285771 -3.016195 -8.268685 0.691979 -0.126895 0.151271 262.747561 251.742912 73.999569
12.751589 -3.039398 -8.159468 12.751589 -3.039398 -8.159468 0.866307 0.062249 0.221349 318.345302 378.735611 159.593810
13.329949 -2.927818 -7.992777 13.329949 -2.927818 -7.992777 1.063685 0.319781 0.342875 339.578736 479.703774 245.494149
14.027726 -2.648485 -7.738254 14.027726 -2.648485 -7.738254 1.259641 0.613192 0.513221 313.611063 498.331863 322.324746
14.836188 -2.191743 -7.368687 14.836188 -2.191743 -7.368687 1.428940 0.907831 0.724694 250.717326 483.799379 382.586408
15.729691 -1.564206 -6.863923 15.729691 -1.564206 -6.863923 1.534420 1.176881 0.959658 100.882816 413.033037 400.628574
16.659224 -0.793434 -6.217637 16.659224 -0.793434 -6.217637 1.548564 1.376188 1.191923 -53.735927 251.323271 373.585944
17.567594 0.067384 -5.439727 17.567594 0.067384 -5.439727 1.460842 1.476319 1.393631 -238.672730 82.449209 298.775391
18.390404 0.957329 -4.558186 18.390404 0.957329 -4.558186 1.263967 1.472352 1.530810 -417.575727 -95.672249 158.487223
19.064455 1.812156 -3.620386 19.064455 1.812156 -3.620386 0.967597 1.358131 1.579834 -570.325131 -285.066684 4.927592
19.535635 2.566933 -2.683333 19.535635 2.566933 -2.683333 0.591803 1.143147 1.524117 -682.320165 -431.545596 -190.650918
19.765359 3.169251 -1.812633 19.765359 3.169251 -1.812633 0.169707 0.854761 1.362458 -724.665314 -529.742572 -348.214081
19.736744 3.586754 -1.057837 19.736744 3.586754 -1.057837 -0.265092 0.536915 1.153529 -724.665314 -529.742572 -348.214081
