-10.856272 5.672393 -0.636238 -10.856272 5.672393 -0.636238 1.385304 -0.747052 0.831130 675.684975 -102.320970 -77.038930
-9.903466 5.205745 -0.151427 -9.903466 5.205745 -0.151427 1.790715 -0.808444 0.784906 675.684975 -102.320970 -77.038930
-8.713954 4.712344 0.303473 -8.713954 4.712344 0.303473 2.163426 -0.819418 0.727798 566.685538 65.742623 -113.324085
-7.325103 4.245189 0.716864 -7.325103 4.245189 0.716864 2.447395 -0.716662 0.645357 379.877921 276.774988 -161.476281
-5.802309 3.873964 1.073743 -5.802309 3.873964 1.073743 2.605217 -0.505834 0.542123 146.195730 425.984872 -182.637068
-4.226600 3.652478 1.367720 -4.226600 3.652478 1.367720 2.624253 -0.223558 0.440429 -82.743368 514.937139 -156.345285
-2.681100 3.613211 1.608182 -2.681100 3.613211 1.608182 2.503814 0.096302 0.368357 -318.721336 551.262053 -83.894163
-1.247885 3.768087 1.819635 -1.247885 3.768087 1.819635 2.254068 0.416394 0.345722 -513.763210 515.712441 8.443166
0.005146 4.105642 2.036301 0.005146 4.105642 2.036301 1.911143 0.700275 0.389353 -629.321411 430.555081 136.996607
1.034805 4.594049 2.302643 1.034805 4.594049 2.302643 1.514808 0.912317 0.511903 -691.795083 276.251939 271.501474
1.819534 5.180370 2.665431 1.819534 5.180370 2.665431 1.101567 1.024101 0.708684 -685.674690 96.361199 384.434914
2.362768 5.800934 3.165687 2.362768 5.800934 3.165687 0.718741 1.025709 0.968584 -590.412101 -91.000743 481.899396
2.696204 6.389837 3.835444 2.696204 6.389837 3.835444 0.406819 0.920396 1.267046 -449.327634 -260.041003 512.973252
2.871307 6.887668 4.687351 2.871307 6.887668 4.687351 0.196677 0.726376 1.571551 -251.144549 -386.693249 502.044628
2.955783 7.247894 5.715790 2.955783 7.247894 5.715790 0.104366 0.464384 1.848478 -56.561678 -486.614614 421.045628
3.021460 7.438059 6.890498 3.021460 7.438059 6.890498 0.136623 0.168047 2.050269 164.085077 -501.175160 251.588840
3.141423 7.450467 8.156676 3.141423 7.450467 8.156676 0.277345 -0.123702 2.154876 304.989318 -471.319332 97.102670
3.362728 7.291409 9.467080 3.362728 7.291409 9.467080 0.460338 -0.406493 2.213138 304.989318 -471.319332 97.102670
