-0.822014 2.480037 11.509717 -0.822014 2.480037 11.509717 0.466019 -0.522406 0.612745 -141.345404 398.542169 -592.451625
-0.567845 2.238331 11.770723 -0.567845 2.238331 11.770723 0.381212 -0.283281 0.257274 -141.345404 398.542169 -592.451625
-0.363088 2.143235 11.823007 -0.363088 2.143235 11.823007 0.303765 -0.028483 -0.075394 -116.808790 450.783996 -516.444871
-0.199035 2.210204 11.693080 -0.199035 2.210204 11.693080 0.247775 0.256578 -0.343912 -69.824947 499.421068 -378.611922
-0.059671 2.452564 11.428139 -0.059671 2.452564 11.428139 0.222216 0.548818 -0.523299 -15.371841 474.709700 -219.346301
0.075157 2.860730 11.083856 0.075157 2.860730 11.083856 0.234320 0.800779 -0.609013 55.718880 365.162979 -66.367107
0.228431 3.399305 10.714243 0.228431 3.399305 10.714243 0.281015 0.981767 -0.610130 99.930754 238.129634 62.642175
0.415462 4.021795 10.365155 0.415462 4.021795 10.365155 0.343143 1.077478 -0.543971 107.163074 80.907708 157.890043
0.640044 4.673078 10.070813 0.640044 4.673078 10.070813 0.404473 1.077185 -0.431134 97.270380 -81.884446 218.232395
0.896743 5.297052 9.851513 0.896743 5.297052 9.851513 0.445370 0.990066 -0.299703 39.051146 -208.513833 219.870764
1.165251 5.847360 9.709461 1.165251 5.847360 9.709461 0.440081 0.833963 -0.176816 -56.679979 -311.827665 189.753180
1.413478 6.288303 9.633820 1.413478 6.288303 9.633820 0.377976 0.630335 -0.081499 -150.338202 -366.933840 127.971514
1.607011 6.600564 9.603953 1.607011 6.600564 9.603953 0.256819 0.410718 -0.024731 -253.518862 -365.121355 61.255201
1.710386 6.784004 9.596016 1.710386 6.784004 9.596016 0.079291 0.205299 -0.008600 -338.241791 -319.609051 -7.488214
1.693634 6.855446 9.585992 1.693634 6.855446 9.585992 -0.140868 0.042494 -0.030672 -395.619316 -223.074148 -66.084367
1.538110 6.847186 9.554826 1.538110 6.847186 9.554826 -0.377198 -0.059368 -0.074660 -392.146452 -116.466882 -80.540925
1.244171 6.796998 9.496039 1.244171 6.796998 9.496039 -0.597660 -0.097267 -0.120453 -342.727221 -9.861546 -72.102208
0.829587 6.743193 9.413721 0.829587 6.743193 9.413721 -0.774778 -0.071532 -0.149056 -247.666992 95.642018 -23.242548
0.329593 6.722479 9.324476 0.329593 6.722479 9.324476 -0.876116 0.010803 -0.141137 -90.127725 178.808041 49.638108
-0.200887 6.762393 9.252913 -0.200887 6.762393 9.252913 -0.873127 0.124324 -0.090433 100.090716 199.595764 119.376757
-0.695707 6.872045 9.224635 -0.695707 6.872045 9.224635 -0.757872 0.239731 0.003663 284.094240 185.093903 194.275603
-1.088198 7.045911 9.265902 -1.088198 7.045911 9.265902 -0.531939 0.334345 0.140730 469.014853 130.286191 262.615551
-1.313103 7.264024 9.398974 -1.313103 7.264024 9.398974 -0.201352 0.382787 0.305112 632.941226 31.187449 285.324412
-1.314894 7.493637 9.632275 -1.314894 7.493637 9.632275 0.203864 0.373135 0.470685 717.779817 -63.361238 266.584390
-1.062288 7.699676 9.958324 -1.062288 7.699676 9.958324 0.639971 0.302937 0.608901 735.910095 -170.630099 194.135808
-0.547835 7.845356 10.351513 -0.547835 7.845356 10.351513 1.071552 0.173714 0.689904 702.694042 -260.114030 75.875992
0.214401 7.899382 10.770712 0.214401 7.899382 10.770712 1.457266 0.000733 0.693422 583.019865 -316.490998 -64.148601
1.182088 7.842546 11.164927 1.182088 7.842546 11.164927 1.748996 -0.190693 0.603473 389.411984 -321.595628 -235.684116
2.288672 7.672274 11.475249 2.288672 7.672274 11.475249 1.918105 -0.373495 0.415372 174.286503 -287.742662 -391.317605
3.457313 7.402083 11.646420 3.457313 7.402083 11.646420 1.954705 -0.517642 0.142506 -52.289555 -192.745928 -518.235268
4.606783 7.064268 11.632474 4.606783 7.064268 11.632474 1.853628 -0.595971 -0.199270 -284.631911 -68.350663 -621.019440
5.655549 6.702793 11.399316 5.655549 6.702793 11.399316 1.621966 -0.594930 -0.580944 -487.575444 71.819710 -651.225627
6.533547 6.367383 10.936455 6.533547 6.367383 10.936455 1.292328 -0.508735 -0.957054 -611.216025 215.495600 -602.476049
7.195398 6.108543 10.260018 7.195398 6.108543 10.260018 0.907964 -0.341378 -1.287331 -669.999885 342.361110 -498.448349
7.620214 5.970596 9.408388 7.620214 5.970596 9.408388 0.509153 -0.109688 -1.533951 -659.370314 429.938007 -323.618218
7.810912 5.984085 8.442110 7.810912 5.984085 8.442110 0.132999 0.157844 -1.666405 -594.474563 461.835855 -117.894380
7.792933 6.159777 7.434236 7.792933 6.159777 7.434236 -0.177553 0.424220 -1.671187 -440.697988 426.085889 101.955286
7.620805 6.485031 6.464605 7.620805 6.485031 6.464605 -0.373325 0.650006 -1.536370 -211.875235 326.532406 347.435275
7.368774 6.926767 5.616409 7.368774 6.926767 5.616409 -0.449946 0.810709 -1.272469 -43.529998 209.144594 532.233978
7.090970 7.450839 4.948730 7.090970 7.450839 4.948730 -0.476064 0.936196 -0.953129 -43.529998 209.144594 532.233978
