-11.477006 4.225935 5.802020 -11.477006 4.225935 5.802020 0.534979 -1.068895 2.247313 719.689481 212.104788 -408.382929
-11.026474 3.622776 7.076899 -11.026474 3.622776 7.076899 0.966793 -0.941632 2.002283 719.689481 212.104788 -408.382929
-10.320856 3.102489 8.197730 -10.320856 3.102489 8.197730 1.378597 -0.781803 1.722101 652.990159 320.661144 -525.559472
-9.384116 2.697431 9.129852 -9.384116 2.697431 9.129852 1.730608 -0.557887 1.374079 520.378809 425.725474 -634.512159
-8.262124 2.441545 9.839227 -8.262124 2.441545 9.839227 1.992633 -0.291372 0.989067 353.039008 462.657453 -648.862607
-7.014643 2.347828 10.319548 -7.014643 2.347828 10.319548 2.146230 -0.024640 0.618133 158.950549 426.449659 -587.583040
-5.709559 2.404636 10.591563 -5.709559 2.404636 10.591563 2.185273 0.205384 0.300084 -28.807980 340.295350 -472.581783
-4.412443 2.581369 10.694730 -4.412443 2.581369 10.694730 2.123677 0.370807 0.057442 -176.509903 211.115391 -336.222756
-3.176810 2.833513 10.677971 -3.176810 2.833513 10.677971 1.983763 0.455771 -0.097816 -289.870353 72.097792 -181.304691
-2.043098 3.112070 10.595986 -2.043098 3.112070 10.595986 1.787996 0.459613 -0.159899 -362.685172 -59.290868 -25.639652
-1.035673 3.369983 10.503213 -1.035673 3.369983 10.503213 1.569936 0.388128 -0.136373 -364.184238 -178.994615 104.059088
-0.156574 3.564702 10.444990 -0.156574 3.564702 10.444990 1.364881 0.251038 -0.049589 -319.332574 -277.970022 185.222734
0.608794 3.663785 10.451515 0.608794 3.663785 10.451515 1.192878 0.076732 0.076239 -254.009428 -303.051088 234.204713
1.284040 3.656082 10.539534 1.284040 3.656082 10.539534 1.066679 -0.101067 0.217351 -166.655200 -289.610006 236.168962
1.900459 3.546733 10.709719 1.900459 3.546733 10.709719 0.998731 -0.257725 0.345374 -59.835354 -232.586095 190.572434
2.494263 3.355683 10.947074 2.494263 3.355683 10.947074 0.989507 -0.370025 0.438854 29.085538 -141.745156 121.029309
3.095834 3.114163 11.228195 3.095834 3.114163 11.228195 1.020116 -0.425030 0.491589 72.945945 -41.605387 54.753565
3.722657 2.857909 11.529055 3.722657 2.857909 11.529055 1.072001 -0.418725 0.504693 100.004426 62.620526 -11.075675
4.383228 2.623942 11.826466 4.383228 2.623942 11.826466 1.128854 -0.351171 0.480993 89.506217 162.560952 -67.923620
5.073815 2.445520 12.101042 5.073815 2.445520 12.101042 1.168372 -0.238535 0.431273 42.219306 212.893026 -97.807399
5.778941 2.340906 12.343457 5.778941 2.340906 12.343457 1.176223 -0.109871 0.378872 -16.049906 215.985902 -76.864608
6.477968 2.312529 12.559822 6.477968 2.312529 12.559822 1.147505 0.013062 0.347139 -79.677069 193.791721 -28.913171
7.148516 2.350448 12.767026 7.148516 2.350448 12.767026 1.081633 0.105334 0.350417 -139.894611 113.781002 39.840243
7.770604 2.428115 12.989112 7.770604 2.428115 12.989112 0.989141 0.143531 0.397644 -168.414143 13.542691 117.584546
8.334950 2.509829 13.252399 8.334950 2.509829 13.252399 0.893972 0.117447 0.485874 -148.813615 -100.490432 176.513780
8.847529 2.555072 13.579006 8.847529 2.555072 13.579006 0.819595 0.021468 0.608334 -99.108972 -219.438840 231.687290
9.326132 2.523797 13.987345 9.326132 2.523797 13.987345 0.783555 -0.133480 0.755519 -21.024554 -297.054983 258.930388
9.799083 2.387690 14.484667 9.799083 2.387690 14.484667 0.803953 -0.324460 0.897892 89.015818 -339.545752 215.646916
10.305774 2.131556 15.057540 10.305774 2.131556 15.057540 0.898843 -0.529887 1.003884 227.286458 -345.209676 137.657671
10.893597 1.754762 15.677934 10.893597 1.754762 15.677934 1.073242 -0.720631 1.052906 354.042724 -290.602699 25.750497
11.606722 1.276171 16.305440 11.606722 1.276171 16.305440 1.312927 -0.864512 1.023994 444.908299 -189.000517 -122.124382
12.478519 0.732385 16.888100 12.478519 0.732385 16.888100 1.599660 -0.933206 0.901950 510.867556 -39.982257 -284.690078
13.530926 0.174567 17.368197 13.530926 0.174567 17.368197 1.909452 -0.910683 0.681991 521.772802 115.060871 -448.506443
14.766822 -0.341313 17.689253 14.766822 -0.341313 17.689253 2.204043 -0.792557 0.375848 460.194690 278.692581 -571.969035
16.164598 -0.759021 17.807780 16.164598 -0.759021 17.807780 2.442738 -0.587033 0.012530 335.456368 406.388384 -639.090058
17.681066 -1.032256 17.698957 17.681066 -1.032256 17.698957 2.596226 -0.314027 -0.377449 176.171545 503.631594 -660.839910
19.258424 -1.128274 17.356704 19.258424 -1.128274 17.356704 2.641490 -0.003127 -0.758116 -25.293280 532.700874 -608.050834
20.825547 -1.036083 16.799970 20.825547 -1.036083 16.799970 2.560222 0.307401 -1.085025 -245.598254 502.391498 -481.645535
22.305401 -0.766120 16.072623 22.305401 -0.766120 16.072623 2.352504 0.584295 -1.322190 -446.794570 420.589714 -308.906254
23.626272 -0.348005 15.236466 23.626272 -0.348005 15.236466 2.033384 0.795805 -1.443733 -616.941191 284.443534 -96.235581
24.729157 0.169878 14.366727 24.729157 0.169878 14.366727 1.632742 0.912474 -1.432356 -718.531067 104.453103 134.157783
25.576971 0.724513 13.545193 25.576971 0.724513 13.545193 1.189141 0.916887 -1.283206 -760.140106 -89.742652 363.010513
26.155493 1.247138 12.851207 26.155493 1.247138 12.851207 0.742372 0.806276 -1.012422 -729.090086 -278.960454 539.600370
26.476413 1.672584 12.348541 26.476413 1.672584 12.348541 0.338584 0.598364 -0.650364 -616.867203 -414.082529 667.260074
26.579117 1.950744 12.082042 26.579117 1.950744 12.082042 0.021410 0.318295 -0.231948 -440.380738 -519.479335 727.460409
26.527609 2.046723 12.071175 26.527609 2.046723 12.071175 -0.168243 -0.000851 0.191326 -191.797082 -544.340918 683.454459
26.403398 1.949260 12.304285 26.403398 1.949260 12.304285 -0.227032 -0.322308 0.577861 -4.166723 -527.181469 604.993631
26.266428 1.660983 12.759901 26.266428 1.660983 12.759901 -0.229532 -0.638617 0.940857 -4.166723 -527.181469 604.993631
