7.522321 1.565650 -3.617199 7.522321 1.565650 -3.617199 2.492038 0.678094 1.262864 -480.404403 430.041970 667.564162
8.931071 2.049914 -2.739320 8.931071 2.049914 -2.739320 2.203795 0.936119 1.663402 -480.404403 430.041970 667.564162
10.159408 2.684826 -1.629413 10.159408 2.684826 -1.629413 1.878217 1.173314 2.022460 -604.854717 360.607442 529.295932
11.169973 3.442835 -0.331888 11.169973 3.442835 -0.331888 1.477847 1.335235 2.283916 -729.711813 179.132094 342.222259
11.922759 4.266073 1.087054 11.922759 4.266073 1.087054 1.027149 1.391979 2.424213 -772.615823 10.012831 125.435101
12.402889 5.091469 2.549338 12.402889 5.091469 2.549338 0.578139 1.340019 2.425362 -724.085257 -183.212540 -121.602736
12.627095 5.852577 3.968744 12.627095 5.852577 3.968744 0.181975 1.180465 2.282788 -596.460966 -348.633536 -353.645663
12.641053 6.489517 5.264130 12.641053 6.489517 5.264130 -0.115219 0.928356 2.017450 -394.185909 -491.730623 -530.814524
12.511180 6.952907 6.371140 12.511180 6.952907 6.371140 -0.300670 0.607762 1.659394 -223.985198 -576.917276 -662.705476
12.290461 7.213719 7.247490 12.290461 7.213719 7.247490 -0.435062 0.261611 1.261771 -223.985198 -576.917276 -662.705476
