-9.627233 3.242223 7.315292 -9.627233 3.242223 7.315292 0.220526 -0.265373 1.411323 -72.742367 544.491634 -125.538010
-9.508011 3.181008 8.139489 -9.508011 3.181008 8.139489 0.176881 0.061322 1.336000 -72.742367 544.491634 -125.538010
-9.412929 3.314270 8.907743 -9.412929 3.314270 8.907743 0.143472 0.380318 1.206930 -38.620139 518.826681 -304.695097
-9.328817 3.630699 9.563493 -9.328817 3.630699 9.563493 0.145203 0.665861 0.956300 44.388707 432.984253 -530.738439
-9.227710 4.101256 10.032727 -9.227710 4.101256 10.032727 0.201814 0.891165 0.592793 144.316627 318.029636 -680.954474
-9.074615 4.682469 10.261263 -9.074615 4.682469 10.261263 0.318550 1.028329 0.161379 244.801672 139.184133 -757.088913
-8.831692 5.313792 10.220815 -8.831692 5.313792 10.220815 0.504075 1.058200 -0.297871 373.616494 -39.614347 -773.745839
-8.456010 5.931569 9.906558 -8.456010 5.931569 9.906558 0.758175 0.984370 -0.743422 473.381812 -206.488269 -711.425331
-7.913469 6.476724 9.340728 -7.913469 6.476724 9.340728 1.054341 0.818981 -1.128876 513.838254 -344.807397 -573.418964
-7.188109 6.900236 8.571863 -7.188109 6.900236 8.571863 1.363971 0.583039 -1.414550 518.261835 -441.666747 -378.830041
-6.280094 7.169238 7.668745 -6.280094 7.169238 7.668745 1.656653 0.311434 -1.572837 457.344670 -463.680591 -148.791958
-5.209899 7.274170 6.711711 -5.209899 7.274170 6.711711 1.900468 0.040893 -1.594859 355.373288 -438.123276 75.384041
-4.015883 7.223660 5.780752 -4.015883 7.223660 5.780752 2.062530 -0.202899 -1.487692 184.832593 -374.518329 281.840561
-2.756479 7.041769 4.949454 -2.756479 7.041769 4.949454 2.116509 -0.391303 -1.265658 -4.901181 -253.492983 458.270911
-1.499546 6.769394 4.279681 -1.499546 6.769394 4.279681 2.053121 -0.503219 -0.955029 -206.394092 -119.560555 577.159753
-0.316157 6.454302 3.812232 -0.316157 6.454302 3.812232 1.872622 -0.533158 -0.600339 -395.267390 19.762895 605.142013
0.726350 6.144668 3.559574 0.726350 6.144668 3.559574 1.585866 -0.487781 -0.244154 -560.585412 131.493204 582.138839
1.571374 5.880351 3.513564 1.571374 5.880351 3.513564 1.221563 -0.385468 0.083620 -653.759322 209.550100 510.442409
2.185182 5.688966 3.647613 2.185182 5.688966 3.647613 0.822046 -0.248857 0.349869 -677.963042 245.821296 377.054233
2.559320 5.583618 3.915562 2.559320 5.583618 3.915562 0.429983 -0.102774 0.526894 -628.914494 241.120212 213.030106
2.711492 5.562277 4.260488 2.711492 5.562277 4.260488 0.089571 0.026509 0.606934 -505.792270 189.825022 53.768418
2.684554 5.606563 4.625726 2.684554 5.606563 4.625726 -0.162097 0.111463 0.596191 -333.102510 93.354612 -89.579256
2.541332 5.684113 4.960466 2.541332 5.684113 4.960466 -0.291980 0.136816 0.508193 -99.839707 -8.844691 -203.746314
2.361446 5.758314 5.224361 2.361446 5.758314 5.224361 -0.285518 0.100027 0.364213 121.381059 -113.786510 -276.184927
2.226539 5.793485 5.392097 2.226539 5.793485 5.392097 -0.139917 0.009938 0.193108 363.956211 -186.508822 -294.167949
2.218897 5.762718 5.455900 2.218897 5.762718 5.455900 0.132436 -0.117761 0.021052 543.884859 -239.154378 -279.351958
2.404282 5.647982 5.422228 2.404282 5.647982 5.422228 0.498888 -0.266409 -0.126661 677.621360 -256.340937 -213.025128
2.829283 5.444749 5.312555 2.829283 5.444749 5.312555 0.923947 -0.406443 -0.231131 739.243967 -210.437139 -135.206063
3.515955 5.168133 5.153366 3.515955 5.168133 5.153366 1.363688 -0.507065 -0.293124 726.557570 -124.969716 -71.437056
4.459947 4.847474 4.969146 4.459947 4.847474 4.969146 1.774619 -0.551674 -0.313422 643.212107 -23.726203 3.776567
5.631467 4.519977 4.785131 5.631467 4.519977 4.785131 2.115401 -0.527021 -0.294365 492.730815 105.900895 59.745238
6.978572 4.229634 4.619270 6.978572 4.229634 4.619270 2.356901 -0.429443 -0.258494 312.266597 219.360241 59.826204
8.436947 4.017159 4.473375 8.436947 4.017159 4.473375 2.484395 -0.269299 -0.230438 112.715908 314.452615 33.693739
9.936023 3.915520 4.338459 9.936023 3.915520 4.338459 2.492776 -0.063929 -0.223812 -84.780434 370.112953 -11.608848
11.407015 3.944200 4.197929 11.407015 3.944200 4.197929 2.394838 0.160221 -0.251543 -241.680533 377.055053 -80.825655
12.792520 4.104494 4.028133 12.792520 4.104494 4.028133 2.210355 0.367911 -0.321644 -373.260540 315.243159 -152.845815
14.048048 4.375556 3.803747 14.048048 4.375556 3.803747 1.968910 0.524916 -0.432786 -431.558872 208.108330 -217.626476
15.152040 4.720911 3.503584 15.152040 4.720911 3.503584 1.711604 0.614514 -0.569957 -426.126208 90.553009 -239.610259
16.102299 5.105919 3.118480 16.102299 5.105919 3.118480 1.455928 0.668846 -0.713723 -426.126208 90.553009 -239.610259
