-11.490321 -3.619814 -5.337319 -11.490321 -3.619814 -5.337319 0.487144 1.184364 2.284122 769.381009 244.354028 -362.607377
-11.059546 -2.865212 -4.032116 -11.059546 -2.865212 -4.032116 0.948773 1.330977 2.066557 769.381009 244.354028 -362.607377
-10.354078 -2.031996 -2.866288 -10.354078 -2.031996 -2.866288 1.398979 1.430819 1.804806 731.307426 88.452567 -509.894886
-9.390823 -1.169689 -1.882758 -9.390823 -1.169689 -1.882758 1.798922 1.423360 1.461006 601.833046 -113.316732 -636.106111
-8.213640 -0.346162 -1.122055 -8.213640 -0.346162 -1.122055 2.107520 1.304912 1.072335 426.829355 -281.509302 -659.465003
-6.884524 0.379267 -0.595135 -6.884524 0.379267 -0.595135 2.302494 1.101777 0.687767 223.084251 -395.607363 -622.427950
-5.474268 0.965641 -0.288371 -5.474268 0.965641 -0.288371 2.379365 0.846999 0.345015 33.149993 -453.652580 -520.079717
-4.053476 1.392306 -0.165384 -4.053476 1.392306 -0.165384 2.335284 0.575422 0.080930 -180.084702 -451.602459 -360.203332
-2.694361 1.659026 -0.171361 -2.694361 1.659026 -0.171361 2.179032 0.318233 -0.083680 -340.755620 -405.694053 -188.496695
-1.453231 1.782460 -0.244171 -1.453231 1.782460 -0.244171 1.949812 0.102413 -0.140143 -423.311286 -313.705461 0.287412
-0.362321 1.796365 -0.318238 -0.362321 1.796365 -0.318238 1.681920 -0.041190 -0.090133 -469.663349 -164.973922 166.413819
0.562731 1.750310 -0.333976 0.562731 1.750310 -0.333976 1.402320 -0.098401 0.051651 -462.336925 -25.729743 306.199520
1.325413 1.693447 -0.243699 1.325413 1.693447 -0.243699 1.147474 -0.079794 0.256221 -387.148859 87.755927 375.700166
1.944211 1.661367 -0.022340 1.944211 1.661367 -0.022340 0.915185 -0.027140 0.481641 -387.148859 87.755927 375.700166
