-5.338936 -4.620261 10.270863 -5.338936 -4.620261 10.270863 0.522306 0.995607 -0.731203 -185.792962 77.988397 -534.798792
-5.058996 -4.008859 9.735877 -5.058996 -4.008859 9.735877 0.410830 1.042400 -1.052082 -185.792962 77.988397 -534.798792
-4.850193 -3.378052 9.017437 -4.850193 -3.378052 9.017437 0.278092 1.045838 -1.327593 -256.668338 -66.528967 -383.571705
-4.734779 -2.772605 8.167214 -4.734779 -2.772605 8.167214 0.097887 0.955515 -1.480860 -344.015006 -234.547346 -127.315049
-4.740484 -2.249448 7.270166 -4.740484 -2.249448 7.270166 -0.121092 0.775121 -1.485327 -385.912387 -366.764587 112.424135
-4.880758 -1.856417 6.411047 -4.880758 -1.856417 6.411047 -0.343416 0.524942 -1.358668 -355.168012 -467.167504 309.771476
-5.145578 -1.627478 5.661085 -5.145578 -1.627478 5.661085 -0.530717 0.234962 -1.125404 -269.168104 -499.430343 467.776244
-5.505846 -1.575109 5.076636 -5.505846 -1.575109 5.076636 -0.659157 -0.058252 -0.811771 -158.966058 -477.952010 577.667565
-5.919232 -1.690502 4.696355 -5.919232 -1.690502 4.696355 -0.700925 -0.317073 -0.451163 19.739789 -384.783212 624.358815
-6.325635 -1.941702 4.535460 -6.325635 -1.941702 4.535460 -0.636091 -0.506421 -0.089458 196.372532 -246.375748 581.322834
-6.659764 -2.280081 4.580514 -6.659764 -2.280081 4.580514 -0.457372 -0.605140 0.229787 399.357489 -82.689656 482.829241
-6.852837 -2.646549 4.797702 -6.852837 -2.646549 4.797702 -0.170431 -0.597256 0.481517 557.112974 108.969251 356.269678
-6.847905 -2.974197 5.140520 -6.847905 -2.974197 5.140520 0.198391 -0.476419 0.644178 672.294553 293.821549 185.933338
-6.603623 -3.198003 5.550163 -6.603623 -3.198003 5.550163 0.622936 -0.254339 0.704076 742.854725 446.445564 13.726676
-6.096732 -3.263750 5.966536 -6.096732 -3.263750 5.966536 1.065726 0.046013 0.669595 733.110629 554.727059 -128.662110
-5.331045 -3.134181 6.338825 -5.331045 -3.134181 6.338825 1.477051 0.389400 0.560854 637.973778 589.895102 -233.810397
-4.339476 -2.796683 6.628672 -4.339476 -2.796683 6.628672 1.812350 0.731723 0.397671 479.689302 551.182432 -310.130494
-3.177517 -2.263772 6.809626 -3.177517 -2.263772 6.809626 2.041187 1.035755 0.202469 283.099773 462.256718 -340.544865
-1.915517 -1.567366 6.871522 -1.915517 -1.567366 6.871522 2.142700 1.271844 0.006703 55.276661 324.707701 -312.008263
-0.634481 -0.756606 6.823888 -0.634481 -0.756606 6.823888 2.103198 1.412698 -0.157975 -186.949899 144.804572 -236.916282
0.581600 0.106665 6.690957 0.581600 0.106665 6.690957 1.930093 1.447518 -0.277630 -390.065551 -28.735029 -161.935629
1.658901 0.959087 6.499539 1.658901 0.959087 6.499539 1.643337 1.375696 -0.353246 -565.786984 -210.673830 -90.117414
2.537520 1.737937 6.275800 2.537520 1.737937 6.275800 1.276159 1.206058 -0.385171 -658.142267 -354.783789 -16.299648
3.182873 2.392755 6.045507 3.182873 2.392755 6.045507 0.871889 0.968411 -0.376231 -689.422553 -437.375349 46.100533
3.584833 2.892845 5.828348 3.584833 2.892845 5.828348 0.472849 0.694842 -0.347163 -640.710528 -474.520247 50.794102
3.761127 3.225833 5.627624 3.761127 3.225833 5.627624 0.127986 0.417609 -0.324535 -508.831663 -449.588663 24.629842
3.756594 3.401129 5.435190 3.756594 3.401129 5.435190 -0.125990 0.176141 -0.320485 -337.755089 -355.307349 -11.128963
3.631821 3.450204 5.236759 3.631821 3.450204 5.236759 -0.270557 -0.000315 -0.347849 -144.137272 -232.879015 -80.085210
3.456213 3.415718 5.009283 3.456213 3.415718 5.009283 -0.293685 -0.101937 -0.417655 67.043397 -105.860444 -152.600448
3.304337 3.344500 4.727775 3.304337 3.344500 4.727775 -0.192123 -0.120456 -0.526451 271.496431 44.130999 -210.052410
3.246648 3.287829 4.372739 3.246648 3.287829 4.372739 0.014356 -0.055684 -0.659258 416.766950 171.775007 -232.636975
3.336013 3.290194 3.935631 3.336013 3.290194 3.935631 0.293084 0.071662 -0.797235 512.329362 252.711208 -227.288124
3.606777 3.380901 3.419053 3.606777 3.380901 3.419053 0.613950 0.234399 -0.920235 557.221126 289.747959 -182.712247
4.074337 3.573369 2.840521 4.074337 3.573369 2.840521 0.942735 0.406617 -0.997373 538.730063 284.309431 -74.413613
4.732302 3.864910 2.236723 4.732302 3.864910 2.236723 1.242734 0.559177 -1.001921 461.266715 224.226475 59.254817
5.554796 4.235521 1.654553 5.554796 4.235521 1.654553 1.488624 0.667433 -0.924783 358.368246 136.626163 197.870556
6.504295 4.654579 1.144667 6.504295 4.654579 1.144667 1.662736 0.719434 -0.759228 222.002744 36.710671 353.979253
7.534093 5.086228 0.761217 7.534093 5.086228 0.761217 1.756915 0.708363 -0.504987 91.928522 -73.614283 493.491756
8.599205 5.492307 0.552241 8.599205 5.492307 0.552241 1.784153 0.635757 -0.182953 -1.136469 -168.407657 579.955166
9.664644 5.840366 0.549181 9.664644 5.840366 0.549181 1.759229 0.519302 0.176621 -81.943016 -219.774203 618.623213
10.702303 6.111734 0.765311 10.702303 6.111734 0.765311 1.694422 0.384170 0.541819 -134.080644 -230.665679 598.703152
11.695027 6.302244 1.192007 11.695027 6.302244 1.192007 1.615002 0.253405 0.870231 -130.650600 -205.216808 496.006347
12.642103 6.421167 1.794788 12.642103 6.421167 1.794788 1.544568 0.149371 1.124644 -104.132174 -141.564000 352.036482
13.554149 6.491504 2.521598 13.554149 6.491504 2.521598 1.502334 0.095411 1.279150 -36.646803 -38.303124 162.982483
14.452715 6.548819 3.304323 14.452715 6.548819 3.304323 1.499156 0.107248 1.306430 26.052413 77.759459 -72.049744
15.359207 6.634673 4.060688 15.359207 6.634673 4.060688 1.526337 0.191444 1.190578 64.551089 202.894937 -314.122989
16.287790 6.790291 4.709523 16.287790 6.790291 4.709523 1.570872 0.334333 0.957257 83.901137 273.399992 -463.613373
17.245415 7.040103 5.200427 17.245415 7.040103 5.200427 1.621213 0.498373 0.679089 83.901137 273.399992 -463.613373
