-0.486999 3.358142 -6.163004 -0.486999 3.358142 -6.163004 0.775169 0.721122 0.108572 -16.339150 55.434772 -245.588604
-0.024839 3.800793 -6.142067 -0.024839 3.800793 -6.142067 0.765366 0.754383 -0.038781 -16.339150 55.434772 -245.588604
0.437230 4.258127 -6.212920 0.437230 4.258127 -6.212920 0.784515 0.761276 -0.203023 80.169122 -32.457217 -301.884746
0.931107 4.700809 -6.389918 0.931107 4.700809 -6.389918 0.876300 0.700592 -0.388381 225.782320 -169.824242 -315.973412
1.504879 5.084038 -6.678012 1.504879 5.084038 -6.678012 1.048528 0.565911 -0.568918 348.310484 -279.111803 -285.816875
2.203599 5.369105 -7.066701 2.203599 5.369105 -7.066701 1.292051 0.377245 -0.719867 463.432525 -349.773837 -217.346617
3.065257 5.529976 -7.529395 3.065257 5.529976 -7.529395 1.585156 0.154797 -0.808532 513.584783 -391.721280 -78.204852
4.108910 5.553504 -8.019084 4.108910 5.553504 -8.019084 1.893875 -0.074434 -0.807919 515.477416 -372.379810 80.247707
5.334597 5.446885 -8.478780 5.334597 5.446885 -8.478780 2.186046 -0.272515 -0.706716 458.426210 -287.889909 257.096555
6.722415 5.238426 -8.846470 6.722415 5.238426 -8.846470 2.429467 -0.410897 -0.502143 352.975684 -173.385994 424.812653
8.232568 4.969139 -9.061895 8.232568 4.969139 -9.061895 2.585942 -0.472625 -0.200285 168.609870 -32.372951 581.382454
9.801770 4.689987 -9.071845 9.801770 4.689987 -9.071845 2.623542 -0.440797 0.176405 -43.277607 138.467730 674.250291
11.356157 4.459469 -8.842648 11.356157 4.459469 -8.842648 2.537832 -0.312537 0.590899 -242.423561 289.065562 707.397487
12.822976 4.331393 -8.362786 12.822976 4.331393 -8.362786 2.331159 -0.102028 1.005292 -446.484941 412.630694 673.912128
14.130435 4.348562 -7.644667 14.130435 4.348562 -7.644667 2.008926 0.166114 1.377835 -627.625535 481.174705 567.895550
15.216317 4.536217 -6.726057 15.216317 4.536217 -6.726057 1.599845 0.461691 1.667015 -735.976745 504.084193 396.039050
16.041781 4.901600 -5.666716 16.041781 4.901600 -5.666716 1.148424 0.752309 1.843859 -768.759630 464.639578 193.441887
16.595320 5.429748 -4.540213 16.595320 5.429748 -4.540213 0.701473 0.996732 1.886764 -721.076526 350.105960 -50.424823
16.892358 6.080674 -3.431000 16.892358 6.080674 -3.431000 0.298566 1.156131 1.787667 -621.946965 181.221539 -279.900156
16.970057 6.796821 -2.420370 16.970057 6.796821 -2.420370 -0.022058 1.214107 1.561782 -446.800977 12.034053 -473.049037
16.889631 7.515860 -1.577189 16.889631 7.515860 -1.577189 -0.223969 1.163369 1.234258 -226.235867 -181.159803 -618.699448
16.728908 8.170347 -0.952725 16.728908 8.170347 -0.952725 -0.287806 1.000049 0.839412 13.444681 -363.242482 -697.452262
16.571583 8.697431 -0.574310 16.571583 8.697431 -0.574310 -0.215049 0.744291 0.422490 229.080971 -489.283319 -692.289470
16.495584 9.050508 -0.440833 16.495584 9.050508 -0.440833 -0.018621 0.423591 0.030091 425.678578 -579.716860 -615.704797
16.569523 9.199468 -0.525784 16.569523 9.199468 -0.525784 0.279232 0.071533 -0.300229 567.165362 -593.811118 -485.363536
16.842888 9.138452 -0.781281 16.842888 9.138452 -0.781281 0.638212 -0.270001 -0.531413 629.434214 -544.633408 -285.250035
17.339638 8.884902 -1.138148 17.339638 8.884902 -1.138148 1.018493 -0.564360 -0.635935 638.167217 -436.565224 -63.155053
18.060416 8.476760 -1.518494 18.060416 8.476760 -1.518494 1.375456 -0.781018 -0.610914 551.709598 -285.625272 146.556263
18.977569 7.968437 -1.847518 18.977569 7.968437 -1.847518 1.669344 -0.893892 -0.467259 427.917668 -90.622879 332.296537
20.046406 7.426768 -2.058883 20.046406 7.426768 -2.058883 1.877119 -0.893376 -0.221999 264.667413 92.342137 485.234298
21.208573 6.915599 -2.099332 21.208573 6.915599 -2.099332 1.977197 -0.796796 0.096184 68.925274 229.593227 575.375638
22.397050 6.486451 -1.937006 22.397050 6.486451 -1.937006 1.967311 -0.621029 0.446650 -101.878455 356.296538 592.844033
23.549558 6.182877 -1.564527 23.549558 6.182877 -1.564527 1.858481 -0.382701 0.791247 -260.888925 438.129791 555.814082
24.610833 6.031743 -0.995744 24.610833 6.031743 -0.995744 1.667683 -0.121707 1.094672 -375.105112 431.850999 455.603631
25.540458 6.033306 -0.264005 25.540458 6.033306 -0.264005 1.425291 0.121671 1.332671 -432.868873 379.407818 337.724016
26.317716 6.174602 0.596387 26.317716 6.174602 0.596387 1.165569 0.349316 1.535305 -432.868873 379.407818 337.724016
