1.459911 2.839920 4.458326 1.459911 2.839920 4.458326 0.699745 0.094292 -0.082886 -721.468904 429.570867 -708.300003
1.749894 2.973818 4.281100 1.749894 2.973818 4.281100 0.266863 0.352035 -0.507866 -721.468904 429.570867 -708.300003
1.781056 3.258563 3.851432 1.781056 3.258563 3.851432 -0.161472 0.590782 -0.920118 -706.316203 366.252047 -665.874894
1.562812 3.671516 3.186142 1.562812 3.671516 3.186142 -0.556382 0.773328 -1.286452 -610.051810 242.236198 -555.237448
1.128276 4.169180 2.325326 1.128276 4.169180 2.325326 -0.876902 0.868993 -1.564608 -458.347449 76.645196 -371.949254
0.530825 4.693601 1.333589 0.530825 4.693601 1.333589 -1.095944 0.861125 -1.717883 -271.790203 -102.870749 -138.966453
-0.162951 5.180483 0.292265 -0.162951 5.180483 0.292265 -1.195458 0.743018 -1.729167 -59.924421 -290.818333 101.350338
-0.878515 5.565300 -0.713981 -0.878515 5.565300 -0.713981 -1.168925 0.525294 -1.603299 148.368346 -434.929468 318.212167
-1.542262 5.796229 -1.606801 -1.542262 5.796229 -1.606801 -1.025396 0.234538 -1.352967 330.060532 -534.256551 516.226552
-2.090419 5.837397 -2.316781 -2.090419 5.837397 -2.316781 -0.789010 -0.102959 -0.998834 457.894559 -590.733561 664.217848
-2.477065 5.670850 -2.792946 -2.477065 5.670850 -2.792946 -0.492579 -0.449597 -0.582422 530.208742 -564.725339 723.820067
-2.676373 5.304763 -3.012685 -2.676373 5.304763 -3.012685 -0.170446 -0.761829 -0.150997 543.566118 -476.048242 714.264830
-2.683094 4.770239 -2.979088 -2.683094 4.770239 -2.979088 0.144216 -1.006146 0.255703 505.308393 -338.342161 641.402662
-2.511744 4.116370 -2.719181 -2.511744 4.116370 -2.719181 0.416723 -1.155549 0.595703 403.046320 -159.670183 491.929012
-2.196465 3.405460 -2.283979 -2.196465 3.405460 -2.283979 0.622036 -1.195552 0.837028 281.330276 26.326614 312.487484
-1.779803 2.704663 -1.737322 -1.779803 2.704663 -1.737322 0.754844 -1.120780 0.965483 161.364540 222.916355 115.695148
-1.305100 2.080686 -1.149248 -1.305100 2.080686 -1.149248 0.815417 -0.945196 0.974697 40.546197 362.360767 -84.981279
-0.813683 1.585201 -0.589056 -0.813683 1.585201 -0.589056 0.814082 -0.695743 0.877060 -44.995962 469.150808 -240.473199
-0.336868 1.255672 -0.113487 -0.336868 1.255672 -0.113487 0.769413 -0.396903 0.695866 -103.902934 526.982878 -363.508324
0.104378 1.110877 0.234532 0.104378 1.110877 0.234532 0.698575 -0.088263 0.457417 -132.221280 501.817002 -431.320532
0.501175 1.142698 0.431302 0.501175 1.142698 0.431302 0.626499 0.185084 0.198411 -108.034479 409.339686 -432.033149
0.860587 1.320195 0.474618 0.860587 1.320195 0.474618 0.576471 0.394516 -0.050632 -58.723296 288.767575 -398.111921
1.199632 1.600441 0.378157 1.199632 1.600441 0.378157 0.559903 0.525567 -0.261606 3.494348 148.066970 -305.134799
1.540235 1.932633 0.173041 1.540235 1.932633 0.173041 0.582160 0.565406 -0.410826 70.697784 -15.268117 -192.262539
1.904411 2.260216 -0.101216 1.904411 2.260216 -0.101216 0.635351 0.511680 -0.491955 106.604160 -163.820358 -78.168672
2.306028 2.530866 -0.404446 2.306028 2.530866 -0.404446 0.705402 0.379040 -0.508790 126.899738 -278.312814 22.051754
2.751431 2.704514 -0.700661 2.751431 2.704514 -0.700661 0.778141 0.193654 -0.470113 115.562484 -339.638875 106.870708
3.236011 2.758701 -0.960735 3.236011 2.758701 -0.960735 0.831946 -0.014483 -0.392206 63.788913 -354.153546 152.820615
3.741265 2.688351 -1.168415 3.741265 2.688351 -1.168415 0.843245 -0.216538 -0.299833 -26.126896 -319.360047 155.090019
4.237065 2.506447 -1.322081 4.237065 2.506447 -1.322081 0.800346 -0.380635 -0.215192 -116.868661 -227.630507 127.045659
4.690459 2.243107 -1.431506 4.690459 2.243107 -1.431506 0.701337 -0.487144 -0.154854 -213.160409 -127.401542 74.079801
5.066908 1.935067 -1.513864 5.066908 1.935067 -1.513864 0.543519 -0.527689 -0.124303 -312.899898 -7.746310 27.759178
5.334157 1.623176 -1.587489 5.334157 1.623176 -1.587489 0.343075 -0.501753 -0.127848 -355.246817 94.198043 -39.578460
5.476228 1.344575 -1.673554 5.476228 1.344575 -1.673554 0.130779 -0.417759 -0.162755 -352.406832 185.781920 -76.776004
5.493562 1.130652 -1.784865 5.493562 1.130652 -1.784865 -0.069163 -0.289833 -0.208016 -314.066887 240.638696 -74.093245
5.401339 0.999065 -1.920691 5.401339 0.999065 -1.920691 -0.228569 -0.150460 -0.240871 -217.287904 223.937014 -35.423844
5.234250 0.946965 -2.067550 5.234250 0.946965 -2.067550 -0.313123 -0.026759 -0.241925 -64.555986 188.401987 31.910337
5.045725 0.960288 -2.201517 5.045725 0.960288 -2.201517 -0.297010 0.063607 -0.195561 118.264639 112.815734 122.636117
4.899526 1.012783 -2.289771 4.899526 1.012783 -2.289771 -0.172457 0.101418 -0.086939 296.912319 13.223260 239.437410
4.860933 1.069118 -2.291887 4.860933 1.069118 -2.291887 0.062875 0.074869 0.091465 487.525950 -101.721251 355.240628
4.995366 1.089895 -2.167212 4.995366 1.089895 -2.167212 0.400161 -0.015333 0.333877 636.760683 -198.952927 452.800397
5.354604 1.041822 -1.882702 5.354604 1.041822 -1.882702 0.804841 -0.150016 0.618956 712.174044 -249.990122 497.464002
5.967032 0.904722 -1.421647 5.967032 0.904722 -1.421647 1.238804 -0.310470 0.918123 734.368693 -284.856996 499.759909
6.838504 0.669656 -0.784186 6.838504 0.669656 -0.784186 1.659440 -0.468928 1.201127 667.751903 -243.337063 443.585044
7.948102 0.348768 0.010502 7.948102 0.348768 0.010502 2.028787 -0.593586 1.438110 563.405366 -172.186856 346.357133
9.266788 -0.038377 0.935712 9.266788 -0.038377 0.935712 2.366830 -0.696898 1.645924 563.405366 -172.186856 346.357133
