10.513723 5.972927 7.689463 10.513723 5.972927 7.689463 1.414256 0.152737 0.424502 -164.721151 -372.426879 -352.905105
11.332626 5.997533 7.880642 11.332626 5.997533 7.880642 1.315423 -0.070719 0.212759 -164.721151 -372.426879 -352.905105
12.087268 5.889153 7.938767 12.087268 5.889153 7.938767 1.191780 -0.288735 -0.029020 -247.421913 -354.292461 -453.024953
12.750727 5.655128 7.835491 12.750727 5.655128 7.835491 1.007960 -0.486364 -0.322431 -365.310889 -304.470057 -525.011074
13.284879 5.315602 7.546416 13.284879 5.315602 7.546416 0.764432 -0.633562 -0.643014 -446.450369 -186.192400 -543.600770
13.661792 4.911386 7.065482 13.661792 4.911386 7.065482 0.489639 -0.698100 -0.955561 -469.524270 -28.933642 -498.220705
13.871184 4.496494 6.408306 13.871184 4.496494 6.408306 0.208540 -0.669577 -1.225290 -467.474980 124.012219 -400.875683
13.916577 4.126036 5.610647 13.916577 4.126036 5.610647 -0.049872 -0.550341 -1.417456 -393.896450 273.438471 -239.680378
13.823197 3.852315 4.728753 13.823197 3.852315 4.728753 -0.248992 -0.349957 -1.502653 -269.837263 394.510913 -44.309444
13.634747 3.718224 3.831981 13.634747 3.718224 3.831981 -0.363312 -0.088893 -1.465257 -111.228342 475.701827 168.962294
13.408091 3.752277 2.995887 13.408091 3.752277 2.995887 -0.373290 0.205338 -1.300644 77.965838 505.067923 379.749088
13.210279 3.963940 2.293618 13.210279 3.963940 2.293618 -0.265868 0.496117 -1.023981 280.109302 464.194220 542.462638
13.111592 4.338152 1.784829 13.111592 4.338152 1.784829 -0.045732 0.739569 -0.658725 453.676964 347.311373 675.056634
13.172690 4.835287 1.514548 13.172690 4.835287 1.514548 0.260848 0.902348 -0.236473 568.255618 195.287176 732.449061
13.436185 5.401162 1.503102 13.436185 5.401162 1.503102 0.625305 0.966088 0.195982 646.602210 17.179862 709.069328
13.927914 5.972841 1.742422 13.927914 5.972841 1.742422 1.014052 0.921067 0.591916 649.221459 -167.249870 610.710160
14.647766 6.484300 2.197255 14.647766 6.484300 2.197255 1.376391 0.765336 0.907118 558.574833 -351.855036 439.962297
15.566206 6.872618 2.808236 15.566206 6.872618 2.808236 1.671842 0.516474 1.108677 426.260035 -477.682676 231.902280
16.633934 7.090746 3.501344 16.633934 7.090746 3.501344 1.867079 0.200994 1.178614 224.530798 -573.918356 1.221156
17.780996 7.106964 4.194894 17.780996 7.106964 4.194894 1.933793 -0.148719 1.110158 -2.151471 -591.791067 -229.408961
18.926868 6.914537 4.807929 18.926868 6.914537 4.807929 1.862423 -0.487160 0.913681 -235.746988 -536.347087 -425.514721
19.988459 6.531450 5.270278 19.988459 6.531450 5.270278 1.653829 -0.780211 0.612035 -459.566624 -440.487429 -579.972453
20.887455 5.994096 5.528062 20.887455 5.994096 5.528062 1.325193 -0.994207 0.238841 -635.885748 -272.834510 -664.005804
21.562286 5.359627 5.551132 21.562286 5.359627 5.551132 0.914535 -1.102076 -0.163127 -732.975708 -86.729548 -675.889618
21.976650 4.692597 5.335245 21.976650 4.692597 5.335245 0.462642 -1.104982 -0.550417 -773.334990 77.043035 -615.075567
22.117579 4.053574 4.900978 22.117579 4.053574 4.900978 0.011360 -1.008261 -0.885975 -730.937420 245.360264 -503.451145
21.999670 3.501273 4.289323 21.999670 3.501273 4.289323 -0.392979 -0.818592 -1.135294 -616.859215 386.870056 -327.613004
21.662420 3.083717 3.560422 21.662420 3.083717 3.560422 -0.715239 -0.566655 -1.275632 -457.339841 452.921563 -140.178545
21.163480 2.825284 2.780828 21.163480 2.825284 2.780828 -0.927016 -0.294731 -1.304655 -248.585761 453.490617 43.432012
20.574995 2.728214 2.016430 20.574995 2.728214 2.016430 -1.013818 -0.031934 -1.225707 -40.754367 422.498958 219.729967
19.970750 2.779287 1.327265 19.970750 2.779287 1.327265 -0.981364 0.192483 -1.060330 148.934398 325.559759 331.526293
19.418488 2.945000 0.755552 19.418488 2.945000 0.755552 -0.843259 0.345925 -0.837361 311.416983 185.913398 411.702828
18.975297 3.177658 0.328839 18.975297 3.177658 0.328839 -0.622863 0.415666 -0.582356 423.235228 46.555702 438.315175
18.680290 3.427794 0.056548 18.680290 3.427794 0.056548 -0.356281 0.405382 -0.328236 465.373955 -80.835946 408.750844
18.549640 3.648962 -0.071192 18.549640 3.648962 -0.071192 -0.080297 0.319329 -0.104856 454.572559 -206.007460 335.850874
18.580201 3.799774 -0.079705 18.580201 3.799774 -0.079705 0.177024 0.177200 0.066395 403.161863 -267.755626 234.984996
18.752435 3.856076 -0.002567 18.752435 3.856076 -0.002567 0.386174 0.007437 0.182402 294.006328 -298.120579 151.705120
19.030528 3.808020 0.128240 19.030528 3.808020 0.128240 0.529917 -0.165716 0.243717 185.135204 -279.056738 52.678518
19.373733 3.663342 0.279820 19.373733 3.663342 0.279820 0.600649 -0.308240 0.254661 50.640591 -196.024220 -16.199913
19.736744 3.447855 0.428478 19.736744 3.447855 0.428478 0.598562 -0.402147 0.238829 -57.596936 -116.998669 -36.574724
20.082240 3.192000 0.565377 20.082240 3.192000 0.565377 0.547636 -0.439883 0.217812 -112.156734 -8.786635 -33.479260
20.387934 2.933659 0.691673 20.387934 2.933659 0.691673 0.466842 -0.409305 0.205901 -157.158677 110.713170 -6.224254
20.639265 2.711957 0.817068 20.639265 2.711957 0.817068 0.370122 -0.323114 0.217037 -165.240287 176.587972 43.344657
20.834564 2.552510 0.959433 20.834564 2.552510 0.959433 0.285820 -0.203980 0.264749 -115.767729 220.526795 115.695376
20.988528 2.470730 1.142535 20.988528 2.470730 1.142535 0.232913 -0.067099 0.351301 -60.588414 235.742326 172.808457
21.117370 2.472904 1.384421 21.117370 2.472904 1.384421 0.196560 0.074346 0.454986 -60.588414 235.742326 172.808457
