-1.306476 -0.991134 -5.442155 -1.306476 -0.991134 -5.442155 0.146267 1.286488 -1.032075 296.459932 57.395543 488.910242
-1.165353 -0.208910 -5.973396 -1.165353 -0.208910 -5.973396 0.324143 1.320925 -0.738728 296.459932 57.395543 488.910242
-0.909091 0.585231 -6.328589 -0.909091 0.585231 -6.328589 0.544084 1.311635 -0.445181 436.675147 -88.362578 489.581447
-0.493587 1.347244 -6.511341 -0.493587 1.347244 -6.511341 0.858350 1.213305 -0.170272 610.879961 -239.403812 426.781601
0.137286 2.026276 -6.540531 0.137286 2.026276 -6.540531 1.254403 1.040368 0.066560 709.297429 -337.054890 362.657346
1.017431 2.586069 -6.443370 1.017431 2.586069 -6.443370 1.679126 0.819346 0.243889 706.442946 -399.682178 228.440422
2.148162 3.006095 -6.262281 2.148162 3.006095 -6.262281 2.083473 0.581347 0.349135 641.381661 -393.650653 122.379803
3.506876 3.287356 -6.036800 3.506876 3.287356 -6.036800 2.434211 0.361705 0.392423 527.746381 -338.489161 21.913642
5.050596 3.449727 -5.801988 5.050596 3.449727 -5.801988 2.691853 0.189991 0.382639 331.059141 -233.889749 -54.528928
6.709625 3.529214 -5.583145 6.709625 3.529214 -5.583145 2.812118 0.087620 0.345294 69.823217 -107.345199 -69.954061
8.398090 3.567903 -5.389298 8.398090 3.567903 -5.389298 2.797143 0.050410 0.299638 -119.739312 -16.689949 -82.231528
10.054823 3.595145 -5.224317 10.054823 3.595145 -5.224317 2.725299 0.040396 0.250299 -119.739312 -16.689949 -82.231528
