-9.524070 -0.624498 -5.808287 -9.524070 -0.624498 -5.808287 0.483304 -0.445703 1.265125 -98.285412 -103.482236 -501.161325
-9.251779 -0.910546 -5.139421 -9.251779 -0.910546 -5.139421 0.424333 -0.507792 0.964428 -98.285412 -103.482236 -501.161325
-9.012818 -1.228351 -4.658434 -9.012818 -1.228351 -4.658434 0.375622 -0.542395 0.626429 -64.081886 -11.861947 -625.502567
-8.794438 -1.548237 -4.399854 -8.794438 -1.548237 -4.399854 0.359883 -0.511084 0.227690 11.616787 116.233293 -703.628252
-8.569648 -1.826528 -4.389450 -8.569648 -1.826528 -4.389450 0.400699 -0.404157 -0.192268 124.437138 240.189711 -696.230783
-8.299303 -2.021067 -4.625189 -8.299303 -2.021067 -4.625189 0.512997 -0.236438 -0.585289 249.888967 318.873323 -613.840806
-7.939887 -2.102956 -5.077157 -7.939887 -2.102956 -5.077157 0.696116 -0.032226 -0.905113 360.509144 361.833859 -452.237975
-7.451135 -2.057004 -5.689517 -7.451135 -2.057004 -5.689517 0.943376 0.185657 -1.115898 463.688558 364.442061 -250.379542
-6.797330 -1.883588 -6.390565 -6.797330 -1.883588 -6.390565 1.243167 0.386434 -1.198334 535.614460 304.816668 -24.405117
-5.954111 -1.602252 -7.100474 -5.954111 -1.602252 -7.100474 1.569079 0.542370 -1.145552 550.759806 214.969466 200.342539
-4.916790 -1.247976 -7.738960 -4.916790 -1.247976 -7.738960 1.883219 0.622145 -0.961430 496.374623 50.945531 413.399234
-3.703943 -0.875048 -8.231791 -3.703943 -0.875048 -8.231791 2.148884 0.605068 -0.665312 389.173737 -107.869027 573.659901
-2.354011 -0.539709 -8.522403 -2.354011 -0.539709 -8.522403 2.335142 0.498923 -0.294538 231.688501 -245.948012 662.255467
-0.923270 -0.293076 -8.577898 -0.923270 -0.293076 -8.577898 2.413912 0.309101 0.112923 30.878600 -386.789873 695.948008
0.517816 -0.182490 -8.388135 0.517816 -0.182490 -8.388135 2.368340 0.050763 0.514185 -182.787516 -474.337185 641.590473
1.894601 -0.239762 -7.969637 1.894601 -0.239762 -7.969637 2.202082 -0.245585 0.871645 -371.404660 -513.491455 549.944301
3.138858 -0.477459 -7.356484 3.138858 -0.477459 -7.356484 1.928546 -0.543267 1.157490 -540.380924 -478.778901 402.872056
4.191485 -0.884193 -6.600076 4.191485 -0.884193 -6.600076 1.568154 -0.803501 1.346194 -660.926084 -388.669909 226.140537
5.010788 -1.427022 -5.761792 5.010788 -1.427022 -5.761792 1.158486 -0.990540 1.431191 -704.635309 -234.792318 57.183299
5.581388 -2.053613 -4.901374 5.581388 -2.053613 -4.901374 0.747415 -1.081437 1.422552 -665.599995 -68.197209 -85.979449
5.916345 -2.702826 -4.070201 5.916345 -2.702826 -4.070201 0.379635 -1.062737 1.336552 -560.335756 130.529710 -200.688711
6.052226 -3.305422 -3.309075 6.052226 -3.305422 -3.309075 0.088239 -0.926664 1.192734 -410.984472 323.047870 -278.704969
6.045103 -3.795680 -2.644222 6.045103 -3.795680 -2.644222 -0.088799 -0.694875 1.022408 -179.140688 449.580707 -289.046391
5.975042 -4.125397 -2.080495 5.975042 -4.125397 -2.080495 -0.118961 -0.393709 0.860532 78.599921 554.306878 -250.542273
5.929510 -4.259014 -1.606734 5.929510 -4.259014 -1.606734 -0.013319 -0.046958 0.722908 273.541972 601.529036 -208.204128
5.970756 -4.178913 -1.210466 5.970756 -4.178913 -1.210466 0.150806 0.313959 0.597985 273.541972 601.529036 -208.204128
