6.495058 1.754496 -0.135009 6.495058 1.754496 -0.135009 1.288721 -0.931890 2.417339 -81.029362 283.955282 -12.086731
7.253706 1.246474 1.313219 7.253706 1.246474 1.313219 1.240104 -0.761516 2.410087 -81.029362 283.955282 -12.086731
7.984177 0.844024 2.745130 7.984177 0.844024 2.745130 1.196460 -0.574403 2.343006 -64.449590 339.755471 -211.516324
8.694713 0.561988 4.097972 8.694713 0.561988 4.097972 1.179096 -0.363303 2.141654 6.568548 363.913536 -459.659733
9.407364 0.407793 5.290179 9.407364 0.407793 5.290179 1.203091 -0.153540 1.815625 73.415475 335.294597 -627.101619
10.146425 0.370691 6.260959 10.146425 0.370691 6.260959 1.267101 0.020979 1.410779 139.951240 246.435631 -722.384239
10.934046 0.420762 6.975425 10.934046 0.420762 6.975425 1.361916 0.134465 0.967491 176.098632 131.850728 -755.244207
11.784815 0.518370 7.422416 11.784815 0.518370 7.422416 1.477186 0.179558 0.526544 208.136460 18.458510 -714.578789
12.707453 0.622752 7.617192 12.707453 0.622752 7.617192 1.596378 0.157259 0.135167 189.168794 -92.786850 -590.009818
13.695349 0.694988 7.602470 13.695349 0.694988 7.602470 1.689973 0.074494 -0.166944 122.814788 -183.098232 -417.028597
14.725179 0.703879 7.439526 14.725179 0.703879 7.439526 1.732356 -0.049603 -0.355721 18.463799 -230.555809 -212.227553
15.759106 0.633355 7.201311 15.759106 0.633355 7.201311 1.699387 -0.184247 -0.415965 -128.362491 -218.258542 11.414741
16.747301 0.486021 6.965494 16.747301 0.486021 6.965494 1.580708 -0.302700 -0.350579 -267.232235 -176.584726 206.536786
17.638134 0.277221 6.801984 17.638134 0.277221 6.801984 1.372916 -0.385624 -0.178352 -425.408857 -99.827690 367.554726
18.378018 0.033753 6.767814 18.378018 0.033753 6.767814 1.081213 -0.416145 0.075584 -546.934070 -1.908963 478.897772
18.924030 -0.209860 6.902597 18.924030 -0.209860 6.902597 0.731711 -0.385202 0.379080 -618.073997 105.049461 532.757341
19.250633 -0.415696 7.225019 19.250633 -0.415696 7.225019 0.355018 -0.290289 0.694120 -637.569721 211.328071 517.375087
19.351316 -0.548159 7.730259 19.351316 -0.548159 7.730259 -0.015351 -0.145137 0.982750 -596.991560 272.513162 444.724867
19.242102 -0.585048 8.392747 19.242102 -0.585048 8.392747 -0.336271 0.024074 1.213523 -472.742639 291.524524 324.519538
18.965212 -0.520129 9.171187 18.965212 -0.520129 9.171187 -0.570086 0.188991 1.367794 -306.639669 258.197816 189.714851
18.579502 -0.363964 10.017569 18.579502 -0.363964 10.017569 -0.696387 0.325384 1.439408 -114.363312 196.444167 48.999700
18.155300 -0.140312 10.881950 18.155300 -0.140312 10.881950 -0.693925 0.408558 1.428390 122.567169 80.801742 -85.727024
17.773919 0.112151 11.717903 17.773919 0.112151 11.717903 -0.555829 0.420958 1.348707 337.755084 -39.467029 -179.883308
17.512308 0.347937 12.492232 17.512308 0.347937 12.492232 -0.297722 0.348855 1.228192 522.599014 -200.875536 -221.831484
17.435445 0.513989 13.187975 17.435445 0.513989 13.187975 0.054353 0.192815 1.088883 650.986172 -319.259527 -242.531518
17.585235 0.572211 13.797650 17.585235 0.572211 13.797650 0.444945 0.001259 0.943365 650.986172 -319.259527 -242.531518
