6.471259 -2.112096 -3.188281 6.471259 -2.112096 -3.188281 1.404808 -0.088834 0.503909 -571.903491 -217.942618 -455.086546
7.211202 -2.204626 -2.967851 7.211202 -2.204626 -2.967851 1.061666 -0.219599 0.230857 -571.903491 -217.942618 -455.086546
7.745486 -2.367025 -2.906610 7.745486 -2.367025 -2.906610 0.719657 -0.307414 -0.018984 -568.126015 -74.771654 -377.717174
8.079449 -2.554906 -2.977914 8.079449 -2.554906 -2.977914 0.400939 -0.302147 -0.205239 -494.270416 92.327743 -243.133452
8.239584 -2.712474 -3.134520 8.239584 -2.712474 -3.134520 0.147082 -0.211242 -0.299612 -351.917222 210.687444 -71.444367
8.274677 -2.795716 -3.315761 8.274677 -2.795716 -3.315761 -0.013126 -0.056935 -0.285544 -182.110343 303.669719 118.338026
8.246667 -2.771909 -3.453263 8.246667 -2.771909 -3.453263 -0.059165 0.141805 -0.151921 28.646496 358.797234 327.072919
8.229849 -2.623338 -3.473921 8.229849 -2.623338 -3.473921 0.025647 0.351604 0.102427 254.060192 340.534231 520.754235
8.302680 -2.354206 -3.310970 8.302680 -2.354206 -3.310970 0.236642 0.540292 0.453673 449.256873 288.424145 650.066654
8.534635 -1.983450 -2.917195 8.534635 -1.983450 -2.917195 0.551715 0.686670 0.866512 600.987362 199.501669 726.062545
8.978819 -1.542148 -2.265710 8.978819 -1.542148 -2.265710 0.937196 0.773319 1.306579 683.947827 89.328454 740.825856
9.665144 -1.069421 -1.353957 9.665144 -1.069421 -1.353957 1.352046 0.790200 1.723364 698.887145 -33.057579 648.459364
10.599373 -0.607229 -0.211887 10.599373 -0.607229 -0.211887 1.757385 0.740475 2.069081 652.241724 -132.691200 503.930561
11.762732 -0.190757 1.108865 11.762732 -0.190757 1.108865 2.106355 0.641220 2.314421 510.991236 -198.158795 313.869410
13.106792 0.157063 2.540393 13.106792 0.157063 2.540393 2.354292 0.516103 2.434635 315.467159 -218.899851 86.844588
14.563355 0.429108 4.001979 14.563355 0.429108 4.001979 2.479589 0.393691 2.412605 102.189105 -189.139565 -160.278729
16.055471 0.634618 5.407366 16.055471 0.634618 5.407366 2.470746 0.296911 2.249809 -131.667456 -133.461061 -382.374300
17.499906 0.793690 6.677870 17.499906 0.793690 6.677870 2.320182 0.241578 1.967612 -370.210065 -50.983058 -558.283285
18.814897 0.936715 7.751224 18.814897 0.936715 7.751224 2.045655 0.247262 1.599032 -544.880681 69.932199 -670.314887
19.937745 1.103809 8.587518 19.937745 1.103809 8.587518 1.686392 0.319966 1.184501 -652.662325 172.414615 -711.457009
20.828159 1.331192 9.172095 20.828159 1.331192 9.172095 1.275087 0.445260 0.767318 -718.356005 245.232578 -679.151113
21.465618 1.646101 9.516567 21.465618 1.646101 9.516567 0.852625 0.610454 0.391470 -689.851692 305.412885 -573.675608
21.857781 2.067477 9.656524 21.857781 2.067477 9.656524 0.462525 0.794344 0.088942 -610.479705 307.552156 -434.751287
22.033476 2.595871 9.642616 22.033476 2.595871 9.642616 0.136565 0.961020 -0.116998 -476.053546 248.035553 -251.718208
22.040358 3.211568 9.539412 22.040358 3.211568 9.539412 -0.095905 1.082035 -0.206508 -298.846225 155.348777 -46.646677
21.939840 3.881149 9.417799 21.939840 3.881149 9.417799 -0.221122 1.137227 -0.181053 -118.544982 28.625303 131.495310
21.796010 4.559856 9.341314 21.796010 4.559856 9.341314 -0.241342 1.110495 -0.059769 51.146108 -117.734868 272.785093
21.668015 5.196100 9.360081 21.668015 5.196100 9.360081 -0.172639 0.995548 0.131538 177.862920 -265.420270 364.907131
21.601848 5.738182 9.507516 21.601848 5.738182 9.507516 -0.038915 0.798943 0.364628 267.882681 -389.929749 412.056475
21.629983 6.142655 9.799730 21.629983 6.142655 9.799730 0.138143 0.541458 0.608198 322.312168 -468.354261 399.844840
21.770238 6.381431 10.232650 21.770238 6.381431 10.232650 0.328293 0.251472 0.828248 311.519774 -498.266344 333.654709
22.020024 6.444954 10.784658 22.020024 6.444954 10.784658 0.498893 -0.035850 1.003451 257.147123 -459.471578 250.356492
22.360441 6.346202 11.425343 22.360441 6.346202 11.425343 0.627155 -0.284219 1.121413 170.395348 -368.427193 142.848675
22.762414 6.118273 12.117043 22.762414 6.118273 12.117043 0.704434 -0.460681 1.172822 87.200853 -219.779608 28.517217
23.195596 5.812709 12.821077 23.195596 5.812709 12.821077 0.730879 -0.540523 1.165967 0.948750 -46.359043 -51.368033
23.629974 5.490368 13.507482 23.629974 5.490368 13.507482 0.709851 -0.516750 1.115501 -71.042916 125.603255 -116.851853
24.041492 5.213638 14.155008 24.041492 5.213638 14.155008 0.659198 -0.387832 1.041685 -97.801686 304.121070 -129.203976
24.419012 5.044641 14.757661 24.419012 5.044641 14.757661 0.598545 -0.160556 0.968656 -104.373559 453.468259 -114.222796
24.761316 5.034588 15.320623 24.761316 5.034588 15.320623 0.545742 0.134808 0.911767 -71.635917 531.075540 -75.408851
25.079289 5.212226 15.857775 25.079289 5.212226 15.857775 0.519876 0.459252 0.884848 -14.585762 550.405303 -14.321454
25.392166 5.585071 16.388709 25.392166 5.585071 16.388709 0.529010 0.780600 0.889271 45.034017 520.755084 29.065968
25.721551 6.140630 16.931202 25.721551 6.140630 16.931202 0.575395 1.060367 0.925203 109.581230 411.800540 90.705275
26.089851 6.841115 17.504235 26.089851 6.841115 17.504235 0.657836 1.258153 0.987548 165.222709 247.485886 117.111107
26.514550 7.629933 18.115933 26.514550 7.629933 18.115933 0.758256 1.353541 1.048259 169.510158 70.476449 85.260684
26.997686 8.442898 18.756378 26.997686 8.442898 18.756378 0.848316 1.336600 1.080127 130.692537 -126.946549 20.965470
27.525937 9.211276 19.402552 27.525937 9.211276 19.402552 0.905412 1.206772 1.064330 59.625495 -305.814002 -73.620704
28.073999 9.873977 20.022266 28.073999 9.873977 20.022266 0.911599 0.991702 0.991995 -39.000353 -411.085483 -167.496594
28.613939 10.395002 20.587314 28.613939 10.395002 20.587314 0.888199 0.745051 0.891497 -39.000353 -411.085483 -167.496594
