9.093239 2.629351 -9.723074 9.093239 2.629351 -9.723074 1.606874 -0.292661 1.658558 -259.199704 214.284492 239.311561
10.010707 2.492325 -8.684863 10.010707 2.492325 -8.684863 1.451354 -0.164091 1.802145 -259.199704 214.284492 239.311561
10.836391 2.429669 -7.571262 10.836391 2.429669 -7.571262 1.303471 -0.049382 1.891921 -233.746284 168.078322 59.942450
11.578102 2.424302 -6.440221 11.578102 2.424302 -6.440221 1.171737 0.021502 1.853382 -205.364437 68.200588 -188.406568
12.248561 2.444277 -5.375125 12.248561 2.444277 -5.375125 1.070430 0.036415 1.675239 -132.327367 -18.490967 -405.402212
12.870868 2.456484 -4.452836 12.870868 2.456484 -4.452836 1.010372 -0.006248 1.382589 -67.866102 -123.717800 -570.098183
13.467482 2.424489 -3.732481 13.467482 2.424489 -3.732481 0.982685 -0.110367 1.007627 -24.421466 -223.346924 -679.775422
14.054199 2.316431 -3.252281 14.054199 2.316431 -3.252281 0.975543 -0.252551 0.589677 0.611975 -250.599556 -713.389278
14.639906 2.119260 -3.023588 14.639906 2.119260 -3.023588 0.977266 -0.405571 0.178129 5.133405 -259.465602 -658.438468
15.225413 1.831738 -3.029242 15.225413 1.831738 -3.029242 0.971462 -0.548631 -0.186994 -24.481828 -217.401441 -558.639583
15.799827 1.468335 -3.231654 15.799827 1.468335 -3.231654 0.936495 -0.654532 -0.470481 -92.074749 -135.602638 -386.314635
16.338532 1.059337 -3.569633 16.338532 1.059337 -3.569633 0.848154 -0.695242 -0.633038 -202.392881 -0.098037 -155.543775
16.806981 0.649333 -3.963814 16.806981 0.649333 -3.963814 0.706657 -0.659507 -0.658167 -269.264785 119.215338 71.780487
17.177626 0.283034 -4.332359 17.177626 0.283034 -4.332359 0.520688 -0.548246 -0.547922 -350.633038 251.654703 295.704666
17.423491 0.005025 -4.597176 17.423491 0.005025 -4.597176 0.293140 -0.369047 -0.316954 -407.860601 345.675281 474.188613
17.526894 -0.149718 -4.695543 17.526894 -0.149718 -4.695543 0.053092 -0.139325 -0.000185 -392.297759 420.065488 581.708462
17.488135 -0.157701 -4.590946 17.488135 -0.157701 -4.590946 -0.182286 0.112714 0.348840 -392.297759 420.065488 581.708462
