4.508906 -4.611732 6.012665 4.508906 -4.611732 6.012665 2.646184 0.912645 -0.473231 -95.564888 90.213076 258.571952
6.079415 -4.047906 5.775269 6.079415 -4.047906 5.775269 2.588845 0.966773 -0.318088 -95.564888 90.213076 258.571952
7.605470 -3.462054 5.635562 7.605470 -3.462054 5.635562 2.481253 0.968651 -0.139931 -263.073641 -83.953280 335.286106
9.036439 -2.907310 5.618025 9.036439 -2.907310 5.618025 2.271260 0.861602 0.091593 -436.903965 -272.877717 436.460590
10.313625 -2.447714 5.752489 10.313625 -2.447714 5.752489 1.974482 0.656639 0.358194 -552.355358 -410.330318 452.210456
11.396709 -2.132876 6.047022 11.396709 -2.132876 6.047022 1.632165 0.384015 0.620611 -588.703081 -498.418585 422.512094
12.271140 -1.994166 6.489589 12.271140 -1.994166 6.489589 1.284435 0.075045 0.844858 -570.395021 -531.479092 324.976593
12.943441 -2.042100 7.046217 12.943441 -2.042100 7.046217 0.963754 -0.230318 0.995931 -498.541767 -486.399962 178.601596
13.439462 -2.261303 7.665182 13.439462 -2.261303 7.665182 0.702159 -0.489457 1.049384 -373.442091 -377.395074 -0.426142
13.801697 -2.615078 8.282909 13.801697 -2.615078 8.282909 0.518890 -0.676744 0.989996 -237.454063 -246.897161 -197.534666
14.077913 -3.055901 8.828644 14.077913 -3.055901 8.828644 0.414533 -0.776556 0.807943 -110.401856 -85.808504 -409.306658
14.314397 -3.526277 9.230153 14.314397 -3.526277 9.230153 0.386476 -0.773026 0.514452 16.875458 97.577229 -568.996061
14.554388 -3.963661 9.428977 14.554388 -3.963661 9.428977 0.421941 -0.670143 0.135911 101.343865 245.363940 -692.808500
14.829280 -4.315717 9.383220 14.829280 -4.315717 9.383220 0.500173 -0.493602 -0.292761 159.426816 343.106534 -736.097134
15.157846 -4.546400 9.077250 15.157846 -4.546400 9.077250 0.594657 -0.269142 -0.723502 155.521211 405.092457 -699.706225
15.541335 -4.634057 8.522152 15.541335 -4.634057 8.522152 0.681477 -0.021529 -1.118577 133.878749 420.284800 -617.212523
15.974320 -4.571323 7.739907 15.974320 -4.571323 7.739907 0.761804 0.230642 -1.488905 133.878749 420.284800 -617.212523
