-2.901854 4.922904 1.568671 -2.901854 4.922904 1.568671 2.128687 -0.158213 -0.505343 471.459807 -122.256507 -95.965181
-1.539779 4.805970 1.248191 -1.539779 4.805970 1.248191 2.411563 -0.231567 -0.562922 471.459807 -122.256507 -95.965181
-0.016557 4.650946 0.892288 -0.016557 4.650946 0.892288 2.651547 -0.275306 -0.624883 328.485375 -23.540120 -110.574101
1.620588 4.489781 0.499955 1.620588 4.489781 0.499955 2.784084 -0.248153 -0.678728 113.304516 114.051128 -68.907463
3.297237 4.367173 0.085119 3.297237 4.367173 0.085119 2.781089 -0.150949 -0.696051 -123.286945 209.961176 11.164514
4.930256 4.318889 -0.324184 4.930256 4.318889 -0.324184 2.639902 -0.002508 -0.657763 -347.337893 284.842765 116.461347
6.440116 4.371775 -0.691449 6.440116 4.371775 -0.691449 2.373698 0.183993 -0.555735 -540.006431 336.825489 223.632065
7.758679 4.541824 -0.978137 7.758679 4.541824 -0.978137 2.007419 0.381210 -0.389060 -680.922982 320.566619 331.950126
8.835914 4.823901 -1.147120 8.835914 4.823901 -1.147120 1.575615 0.551796 -0.166379 -758.425259 248.054172 410.322177
9.644663 5.193356 -1.169977 9.644663 5.193356 -1.169977 1.120045 0.669267 0.095373 -760.140764 143.513442 462.184836
10.185921 5.612329 -1.030058 10.185921 5.612329 -1.030058 0.694242 0.713279 0.370193 -659.202335 3.192896 453.880585
10.492495 6.030240 -0.731003 10.492495 6.030240 -0.731003 0.342145 0.662036 0.618728 -514.453320 -174.001248 374.570082
10.616259 6.388104 -0.299706 10.616259 6.388104 -0.299706 0.088863 0.517452 0.806656 -329.821218 -307.945812 251.855027
10.624156 6.635949 0.220050 10.624156 6.635949 0.220050 -0.039293 0.296706 0.909911 -97.366242 -427.873841 92.330315
10.596056 6.731383 0.771642 10.596056 6.731383 0.771642 -0.032707 0.012116 0.910440 119.319543 -520.759650 -90.567956
10.609427 6.643443 1.289416 10.609427 6.643443 1.289416 0.096474 -0.307702 0.795159 311.285408 -545.301350 -293.702396
10.733236 6.364274 1.703116 10.733236 6.364274 1.703116 0.332713 -0.616853 0.566293 476.175081 -485.200050 -469.182710
11.024020 5.912257 1.950424 11.024020 5.912257 1.950424 0.645640 -0.880816 0.244706 566.917775 -394.677074 -602.775557
11.514179 5.321568 1.984587 11.514179 5.321568 1.984587 0.989440 -1.073413 -0.137764 579.081823 -247.313140 -672.125454
12.209403 4.644842 1.780309 12.209403 4.644842 1.780309 1.323513 -1.162610 -0.544221 534.494542 -50.009136 -682.729469
13.094020 3.949514 1.335061 13.094020 3.949514 1.335061 1.615713 -1.136419 -0.932982 439.506205 137.310541 -613.141222
14.134379 3.303156 0.674438 14.134379 3.303156 0.674438 1.838514 -1.000142 -1.253205 303.164092 316.948251 -454.267930
15.281881 2.767885 -0.146253 15.281881 2.767885 -0.146253 1.969534 -0.771156 -1.460768 133.565999 446.335882 -237.609909
16.479026 2.391277 -1.054478 16.479026 2.391277 -1.054478 2.006587 -0.474629 -1.548303 -10.055792 542.087797 -54.173000
17.681168 2.204075 -1.993211 17.681168 2.204075 -1.993211 2.000553 -0.149377 -1.580807 -10.055792 542.087797 -54.173000
