7.481277 2.653019 -9.186549 7.481277 2.653019 -9.186549 -0.375521 0.710422 0.442013 -30.863651 218.341748 -18.758311
7.250409 3.118573 -8.924717 7.250409 3.118573 -8.924717 -0.394040 0.841427 0.430758 -30.863651 218.341748 -18.758311
7.012616 3.658919 -8.670809 7.012616 3.658919 -8.670809 -0.391624 0.953375 0.413654 38.914536 154.819057 -38.254999
6.788363 4.251438 -8.428444 6.788363 4.251438 -8.428444 -0.349689 1.009398 0.395994 100.870447 31.926447 -20.613268
6.597714 4.853222 -8.192169 6.597714 4.853222 -8.192169 -0.284131 0.980548 0.395569 117.656617 -128.095018 19.197956
6.446896 5.409971 -7.947882 6.446896 5.409971 -7.947882 -0.221128 0.861073 0.424537 92.351374 -270.153803 77.362646
6.327953 5.871742 -7.675117 6.327953 5.871742 -7.675117 -0.180162 0.667755 0.491540 44.202354 -374.241268 145.979746
6.224016 6.200026 -7.351585 6.224016 6.200026 -7.351585 -0.172620 0.418185 0.590790 -19.062354 -457.656207 184.852932
6.114080 6.366650 -6.962433 6.114080 6.366650 -6.962433 -0.198719 0.134046 0.708723 -67.933507 -489.476120 208.257395
5.980699 6.360918 -6.500099 5.980699 6.360918 -6.500099 -0.249091 -0.149912 0.831747 -99.972217 -457.048199 201.823303
5.812115 6.193649 -5.968837 5.812115 6.193649 -5.968837 -0.314748 -0.399404 0.932271 -118.885113 -374.594960 133.254795
5.603847 5.895610 -5.391034 5.603847 5.895610 -5.391034 -0.376175 -0.579006 0.984496 -85.873441 -224.077108 40.829698
5.367132 5.517904 -4.799767 5.367132 5.517904 -4.799767 -0.405464 -0.663298 0.975096 -11.754525 -56.896049 -72.163725
5.127031 5.120219 -4.235889 5.127031 5.120219 -4.235889 -0.386052 -0.644761 0.890845 76.460554 118.687261 -208.672456
4.915444 4.765743 -3.746023 4.915444 4.765743 -3.746023 -0.308767 -0.518465 0.730244 181.157038 302.297228 -326.665225
4.769615 4.517262 -3.372219 4.769615 4.517262 -3.372219 -0.165961 -0.296164 0.506530 294.861068 438.708441 -419.047754
4.728624 4.423554 -3.147304 4.728624 4.423554 -3.147304 0.038510 -0.007824 0.237231 386.709779 522.422527 -478.613870
4.824665 4.514907 -3.090319 4.824665 4.514907 -3.090319 0.287172 0.315687 -0.045953 442.162159 555.947318 -465.334423
5.077194 4.801037 -3.197513 5.077194 4.801037 -3.197513 0.555652 0.632492 -0.304462 452.773737 500.071371 -396.359971
5.489414 5.264506 -3.444094 5.489414 5.264506 -3.444094 0.813967 0.902340 -0.505076 408.275953 399.422522 -272.353765
6.044520 5.868417 -3.785696 6.044520 5.868417 -3.785696 1.025111 1.095048 -0.616149 295.536732 242.936783 -97.890940
6.703576 6.558486 -4.160879 6.703576 6.558486 -4.160879 1.156397 1.187365 -0.614249 142.084767 64.784573 104.226364
7.412181 7.271365 -4.498410 7.412181 7.271365 -4.498410 1.187603 1.170232 -0.490426 -38.065693 -121.893863 308.513902
8.106143 7.940457 -4.725344 8.106143 7.940457 -4.725344 1.106026 1.041568 -0.246374 -233.859856 -306.985798 504.993383
8.716954 8.501559 -4.772949 8.716954 8.501559 -4.772949 0.912158 0.814469 0.103228 -412.366035 -450.011306 660.348152
9.180940 8.904563 -4.586862 9.180940 8.904563 -4.586862 0.619327 0.521085 0.525872 -563.737265 -527.934170 748.464324
9.445414 9.121455 -4.135518 9.445414 9.121455 -4.135518 0.252839 0.200670 0.980436 -657.887038 -540.117455 766.749735
9.476808 9.146919 -3.412629 9.476808 9.146919 -3.412629 -0.151343 -0.111983 1.423548 -689.387670 -502.057809 710.288538
9.265101 8.994340 -2.438650 9.265101 8.994340 -2.438650 -0.549033 -0.388313 1.809717 -636.247271 -419.043311 576.942019
8.828787 8.694548 -1.260381 8.828787 8.694548 -1.260381 -0.892630 -0.596621 2.098828 -509.076102 -275.315730 386.763444
8.212208 8.297002 0.055240 8.212208 8.297002 0.055240 -1.144913 -0.711892 2.264418 -331.865142 -108.921093 165.202572
7.480150 7.859635 1.428346 7.480150 7.859635 1.428346 -1.270905 -0.730376 2.287132 -88.107847 47.307401 -89.490810
6.713907 7.438062 2.772440 6.713907 7.438062 2.772440 -1.262970 -0.661303 2.173055 114.557032 182.936291 -290.764235
5.976746 7.074209 4.023936 5.976746 7.074209 4.023936 -1.194236 -0.551541 1.998597 114.557032 182.936291 -290.764235
