-9.392174 -5.733681 6.472237 -9.392174 -5.733681 6.472237 -0.384353 0.038166 0.862933 776.426104 387.793731 438.927239
-9.483029 -5.640978 7.069003 -9.483029 -5.640978 7.069003 0.081503 0.270842 1.126289 776.426104 387.793731 438.927239
-9.296385 -5.409805 7.814835 -9.296385 -5.409805 7.814835 0.537287 0.497841 1.344901 742.855056 368.870299 289.776876
-8.845972 -5.047792 8.660449 -8.845972 -5.047792 8.660449 0.954634 0.703722 1.451335 648.299003 317.397628 65.003769
-8.165974 -4.575542 9.530825 -8.165974 -4.575542 9.530825 1.296236 0.858589 1.429712 490.375028 198.826472 -137.078209
-7.311936 -4.034569 10.353443 -7.311936 -4.034569 10.353443 1.530606 0.928038 1.294788 290.860276 32.669555 -312.669969
-6.354323 -3.480383 11.065857 -6.354323 -3.480383 11.065857 1.639593 0.905054 1.066293 72.429548 -109.281157 -448.978602
-5.369768 -2.966559 11.620332 -5.369768 -2.966559 11.620332 1.621859 0.791796 0.774483 -131.543570 -268.247896 -523.721083
-4.430547 -2.548201 11.989571 -4.430547 -2.548201 11.989571 1.491848 0.588671 0.454342 -301.827248 -408.833578 -543.415931
-3.597180 -2.272811 12.167231 -3.597180 -2.272811 12.167231 1.273688 0.322258 0.142641 -425.373006 -479.211231 -495.587209
-2.912896 -2.166835 12.168701 -2.912896 -2.166835 12.168701 1.001660 0.029132 -0.129254 -481.386703 -497.874982 -410.731595
-2.398430 -2.237230 12.023694 -2.398430 -2.237230 12.023694 0.713424 -0.260878 -0.343307 -479.400234 -468.826158 -302.778513
-2.053488 -2.472397 11.771012 -2.053488 -2.472397 11.771012 0.441686 -0.513431 -0.485962 -426.393225 -373.014023 -172.736190
-1.859480 -2.837135 11.455600 -1.859480 -2.837135 11.455600 0.214586 -0.684924 -0.553319 -330.604352 -198.631685 -51.788149
-1.782564 -3.274141 11.119183 -1.782564 -3.274141 11.119183 0.054584 -0.755591 -0.559911 -202.735988 -36.924392 29.813093
-1.777770 -3.722384 10.792421 -1.777770 -3.722384 10.792421 -0.024378 -0.718954 -0.522928 -60.470845 159.046955 93.464603
-1.795423 -4.113832 10.497339 -1.795423 -4.113832 10.497339 -0.021366 -0.567047 -0.457595 70.510798 347.312350 124.313191
-1.790585 -4.383470 10.243985 -1.790585 -4.383470 10.243985 0.045766 -0.318292 -0.388875 153.260047 481.869210 104.751879
-1.731856 -4.482662 10.026371 -1.731856 -4.482662 10.026371 0.156136 -0.003936 -0.341744 214.642935 565.984870 52.351099
-1.597855 -4.382015 9.827276 -1.597855 -4.382015 9.827276 0.293343 0.341311 -0.327692 242.712030 584.838353 -5.511231
-1.380109 -4.074532 9.626231 -1.380109 -4.074532 9.626231 0.429230 0.679341 -0.348185 210.243583 541.928614 -62.797546
-1.087299 -3.574856 9.403537 -1.087299 -3.574856 9.403537 0.542515 0.977119 -0.398262 167.374770 450.663590 -104.125813
-0.735172 -2.916699 9.144938 -0.735172 -2.916699 9.144938 0.625395 1.201349 -0.465234 108.891069 296.770692 -119.114053
-0.344499 -2.153373 8.845610 -0.344499 -2.153373 8.845610 0.669906 1.324898 -0.530435 39.480484 115.058600 -98.222028
0.061653 -1.348702 8.513071 0.061653 -1.348702 8.513071 0.679103 1.339042 -0.572359 -8.825274 -67.911089 -41.525532
0.466676 -0.567655 8.167304 0.466676 -0.567655 8.167304 0.669560 1.247525 -0.571658 -22.984364 -237.147503 43.864165
0.865181 0.131239 7.838188 0.865181 0.131239 7.838188 0.660298 1.070564 -0.515428 -7.888183 -352.722961 143.567794
1.263151 0.705355 7.561167 1.263151 0.705355 7.561167 0.671622 0.835268 -0.397316 45.633437 -431.594216 250.138496
1.678331 1.127463 7.373897 1.678331 1.127463 7.373897 0.718964 0.569485 -0.216762 112.173396 -454.351245 351.707747
2.135480 1.390546 7.310435 2.135480 1.390546 7.310435 0.814165 0.312748 0.010703 205.163965 -401.439315 406.511005
2.667079 1.511636 7.390687 2.667079 1.511636 7.390687 0.968119 0.100387 0.257902 308.015899 -306.428862 417.483545
3.308225 1.524107 7.618325 3.308225 1.524107 7.618325 1.177085 -0.046490 0.497137 388.538461 -183.162549 379.967931
4.086420 1.471040 7.979398 4.086420 1.471040 7.979398 1.420243 -0.117402 0.697101 421.986065 -53.209439 286.577036
5.014239 1.400119 8.440202 5.014239 1.400119 8.440202 1.672016 -0.103839 0.823849 417.257736 98.419616 135.918047
6.090184 1.361380 8.948361 6.090184 1.361380 8.948361 1.910514 -0.015547 0.852317 377.735385 195.887575 -41.026772
7.296659 1.391211 9.440137 7.296659 1.391211 9.440137 2.098025 0.121484 0.766558 247.302727 260.881751 -244.834102
8.591563 1.513005 9.846579 8.591563 1.513005 9.846579 2.204280 0.287739 0.572543 106.879721 293.300317 -401.884785
9.933369 1.738442 10.117766 9.933369 1.738442 10.117766 2.268408 0.463719 0.331412 106.879721 293.300317 -401.884785
