10.842093 -1.762949 -5.899186 10.842093 -1.762949 -5.899186 2.189218 -0.231407 -0.627850 -637.568869 -239.646085 417.244729
12.040861 -1.944930 -6.200792 12.040861 -1.944930 -6.200792 1.806677 -0.375195 -0.377503 -637.568869 -239.646085 417.244729
13.005892 -2.210075 -6.342651 13.005892 -2.210075 -6.342651 1.403071 -0.503440 -0.079463 -707.785596 -187.836254 576.222640
13.719902 -2.541137 -6.278406 13.719902 -2.541137 -6.278406 0.976242 -0.592083 0.307285 -714.977416 -107.641738 712.936384
14.182060 -2.909068 -5.963160 14.182060 -2.909068 -5.963160 0.572801 -0.623198 0.747779 -629.824998 3.926395 755.377403
14.419313 -3.273623 -5.380289 14.419313 -3.273623 -5.380289 0.229609 -0.577557 1.192187 -514.147661 148.210370 725.983199
14.474827 -3.585791 -4.540182 14.474827 -3.585791 -4.540182 -0.027406 -0.450187 1.598363 -342.570943 276.353084 627.935532
14.406999 -3.800932 -3.478371 14.406999 -3.800932 -3.478371 -0.181554 -0.258237 1.923953 -171.254563 363.480863 457.366041
14.278279 -3.886715 -2.253655 14.278279 -3.886715 -2.253655 -0.229115 -0.021485 2.138461 12.716692 425.694552 257.659994
14.152504 -3.822272 -0.936729 14.152504 -3.822272 -0.936729 -0.174463 0.237478 2.230412 169.456956 437.514675 48.844463
14.083670 -3.604489 0.397848 14.083670 -3.604489 0.397848 -0.046080 0.482704 2.197406 258.485280 379.906135 -158.864560
14.106323 -3.252236 1.677659 14.106323 -3.252236 1.677659 0.127882 0.681880 2.051902 321.389691 284.013820 -326.148681
14.240843 -2.801894 2.842189 14.240843 -2.801894 2.842189 0.320418 0.802749 1.816688 320.396785 118.880529 -457.897828
14.488439 -2.308149 3.845877 14.488439 -2.308149 3.845877 0.501024 0.827564 1.522433 281.622651 -36.164034 -522.955022
14.839745 -1.818120 4.665205 14.839745 -1.818120 4.665205 0.669997 0.805865 1.208660 281.622651 -36.164034 -522.955022
