-5.955646 -4.429635 9.012641 -5.955646 -4.429635 9.012641 1.576932 -0.632579 0.278721 178.801547 384.351215 4.782507
-4.977302 -4.740000 9.180735 -4.977302 -4.740000 9.180735 1.684213 -0.401969 0.281590 178.801547 384.351215 4.782507
-3.937245 -4.906252 9.352062 -3.937245 -4.906252 9.352062 1.778221 -0.142631 0.292020 134.555890 480.107851 29.982106
-2.850204 -4.901383 9.533112 -2.850204 -4.901383 9.533112 1.838398 0.165573 0.312216 66.037038 547.240292 37.337497
-1.742006 -4.704449 9.724870 -1.742006 -4.704449 9.724870 1.844378 0.489352 0.323160 -46.105071 532.020675 -0.855709
-0.651285 -4.320120 9.914116 -0.651285 -4.320120 9.914116 1.778680 0.783338 0.300165 -172.887566 447.933858 -75.796834
0.377918 -3.776708 10.074500 0.377918 -3.776708 10.074500 1.640521 1.016000 0.224328 -287.642993 327.604585 -176.991645
1.303893 -3.116951 10.171586 1.303893 -3.116951 10.171586 1.435129 1.168506 0.089875 -396.995684 180.749338 -271.183911
2.088861 -2.393663 10.171977 2.088861 -2.393663 10.171977 1.173678 1.225202 -0.096442 -474.508227 8.239391 -349.872843
2.706942 -1.666308 10.046908 2.706942 -1.666308 10.046908 0.885401 1.183901 -0.327503 -486.415686 -145.911610 -420.330618
3.152640 -0.989089 9.773474 3.152640 -0.989089 9.773474 0.603612 1.062065 -0.586062 -452.882763 -260.206535 -441.532043
3.439659 -0.402570 9.345069 3.439659 -0.402570 9.345069 0.363737 0.886530 -0.837445 -346.698671 -324.911196 -396.411308
3.604592 0.068698 8.776481 3.604592 0.068698 8.776481 0.201202 0.680749 -1.049128 -195.084683 -361.024300 -309.199101
3.702101 0.413886 8.098780 3.702101 0.413886 8.098780 0.143665 0.472749 -1.197489 3.293659 -332.310460 -185.337366
3.800356 0.642929 7.357840 3.800356 0.642929 7.357840 0.202956 0.299413 -1.254124 194.342656 -245.475383 -3.445650
3.970193 0.784298 6.615327 3.970193 0.784298 6.615327 0.384969 0.181660 -1.203280 412.369766 -147.034491 172.922685
4.284648 0.874258 5.936184 4.284648 0.874258 5.936184 0.678627 0.130589 -1.041034 566.488819 -23.203039 367.897685
4.800251 0.954790 5.387650 4.800251 0.954790 5.387650 1.050812 0.148444 -0.770972 674.127515 82.719216 532.311408
5.555481 1.063580 5.025948 5.555481 1.063580 5.025948 1.472288 0.222246 -0.426261 730.794264 163.287531 616.725339
6.568906 1.229871 4.884837 6.568906 1.229871 4.884837 1.903312 0.337980 -0.038048 705.952216 222.493729 677.315864
7.831155 1.473600 4.982363 7.831155 1.473600 4.982363 2.292832 0.475936 0.360529 592.445584 237.358142 651.275142
9.302788 1.799344 5.309072 9.302788 1.799344 5.309072 2.594769 0.605642 0.717107 414.011528 194.995141 537.318303
10.921775 2.192354 5.826395 10.921775 2.192354 5.826395 2.781192 0.695265 0.991206 207.400082 103.749321 376.345349
12.614022 2.622332 6.476296 12.614022 2.622332 6.476296 2.836631 0.728237 1.154185 -22.605512 6.158431 166.916856
14.297325 3.054933 7.185261 14.297325 3.054933 7.185261 2.750035 0.704683 1.186384 -266.045868 -84.672594 -59.585674
15.886946 3.456048 7.871714 15.886946 3.456048 7.871714 2.527848 0.621608 1.077372 -474.578416 -192.244702 -303.789566
17.309711 3.789956 8.451384 17.309711 3.789956 8.451384 2.200505 0.483996 0.834742 -616.564250 -266.462299 -504.977306
18.513229 4.030827 8.853382 18.513229 4.030827 8.853382 1.801548 0.316303 0.492001 -713.294365 -292.513704 -637.490786
19.465482 4.168588 9.028627 19.465482 4.168588 9.028627 1.372158 0.143956 0.083467 -718.004406 -281.978131 -724.291043
20.164961 4.209321 8.948694 20.164961 4.209321 8.948694 0.968479 0.000346 -0.349310 -627.590992 -196.720758 -718.298361
20.638114 4.179818 8.612988 20.638114 4.179818 8.612988 0.617086 -0.089189 -0.764421 -543.721453 -101.727794 -665.405082
20.910496 4.107994 8.034562 20.910496 4.107994 8.034562 0.290853 -0.150225 -1.163664 -543.721453 -101.727794 -665.405082
