-10.895011 -5.447572 -2.210806 -10.895011 -5.447572 -2.210806 1.292467 1.073739 0.837734 411.075126 -31.565739 64.102836
-10.045537 -4.809010 -1.696627 -10.045537 -4.809010 -1.696627 1.539112 1.054800 0.876195 411.075126 -31.565739 64.102836
-9.053651 -4.189849 -1.163096 -9.053651 -4.189849 -1.163096 1.757886 0.995677 0.896035 318.171085 -165.508759 2.030641
-7.950906 -3.628534 -0.627853 -7.950906 -3.628534 -0.627853 1.902501 0.864873 0.883537 163.878757 -270.505301 -43.691488
-6.791791 -3.161704 -0.105520 -6.791791 -3.161704 -0.105520 1.941406 0.685554 0.857697 -34.194780 -327.225169 -42.441668
-5.645019 -2.810682 0.401819 -5.645019 -2.810682 0.401819 1.861307 0.482169 0.834031 -232.803868 -350.725650 -36.446615
-4.580678 -2.581621 0.900042 -4.580678 -2.581621 0.900042 1.668931 0.286186 0.833987 -408.448381 -302.551651 36.299761
-3.661935 -2.459122 1.411528 -3.661935 -2.459122 1.411528 1.378392 0.130891 0.878567 -560.015848 -215.097933 112.302238
-2.940838 -2.411994 1.963828 -2.940838 -2.411994 1.963828 1.016706 0.038389 0.970675 -645.604806 -93.241684 194.723068
-2.447723 -2.399201 2.585386 -2.447723 -2.399201 2.585386 0.625844 0.015159 1.108027 -657.268100 15.808704 263.116308
-2.187281 -2.380791 3.300962 -2.187281 -2.380791 3.300962 0.247702 0.056989 1.282889 -603.202864 123.623750 319.759201
-2.139348 -2.319586 4.128661 -2.139348 -2.319586 4.128661 -0.074776 0.154963 1.476789 -471.725335 202.956296 326.574184
-2.256986 -2.188374 5.070281 -2.256986 -2.188374 5.070281 -0.297121 0.285249 1.656551 -269.423568 231.330450 272.632609
-2.472362 -1.974901 6.108715 -2.472362 -1.974901 6.108715 -0.401811 0.427466 1.797278 -79.544849 242.727580 196.457827
-2.727767 -1.674731 7.222445 -2.727767 -1.674731 7.222445 -0.449538 0.573103 1.915153 -79.544849 242.727580 196.457827
