-2.534469 2.784277 -5.734617 -2.534469 2.784277 -5.734617 1.037320 0.746989 1.332928 -106.166150 -438.260392 12.961797
-1.931187 3.153583 -4.932527 -1.931187 3.153583 -4.932527 0.973620 0.484033 1.340705 -106.166150 -438.260392 12.961797
-1.360529 3.368887 -4.129045 -1.360529 3.368887 -4.129045 0.937898 0.239931 1.332109 -12.909289 -375.412189 -41.616333
-0.795143 3.452035 -3.340975 -0.795143 3.452035 -3.340975 0.955010 0.048501 1.288618 69.949495 -262.688026 -103.354026
-0.207419 3.442253 -2.585879 -0.207419 3.442253 -2.585879 1.007616 -0.067105 1.229248 105.405409 -122.664517 -94.545044
0.417165 3.387520 -1.862840 0.417165 3.387520 -1.862840 1.076066 -0.102653 1.185063 122.760366 4.172149 -52.739977
1.083138 3.333967 -1.158691 1.083138 3.333967 -1.158691 1.140904 -0.063713 1.166444 93.367605 125.627961 -9.321567
1.780530 3.324032 -0.457451 1.780530 3.324032 -0.457451 1.177141 0.040061 1.176109 27.421090 220.285094 41.536822
2.488586 3.389963 0.259864 2.488586 3.389963 0.259864 1.177768 0.183450 1.221894 -25.330659 257.676696 111.079631
3.187685 3.546656 1.014278 3.187685 3.546656 1.014278 1.147559 0.339259 1.294959 -75.366620 261.686064 132.470321
3.859479 3.793699 1.814039 3.859479 3.793699 1.814039 1.086464 0.478194 1.369146 -128.282398 201.433288 114.820257
4.487758 4.112060 2.653884 4.487758 4.112060 2.653884 1.006949 0.574984 1.426490 -136.769504 121.199998 76.328377
5.069135 4.473159 3.519099 5.069135 4.473159 3.519099 0.934020 0.619168 1.450196 -106.324572 26.078454 2.689863
5.614819 4.841935 4.383414 5.614819 4.841935 4.383414 0.892276 0.597720 1.420377 -32.823137 -97.571599 -102.086714
6.150091 5.178254 5.209449 6.150091 5.178254 5.209449 0.901655 0.515428 1.320043 64.084914 -176.735723 -232.358298
6.709007 5.452743 5.953760 6.709007 5.452743 5.953760 0.972043 0.394609 1.151179 170.543194 -225.994049 -330.521731
7.330006 5.646813 6.579121 7.330006 5.646813 6.579121 1.109746 0.248930 0.923600 288.467274 -259.601546 -428.075662
8.053859 5.751101 7.052995 8.053859 5.751101 7.052995 1.313231 0.101463 0.650593 389.815087 -231.955386 -481.949616
8.915782 5.775743 7.357239 8.915782 5.775743 7.357239 1.566211 -0.010132 0.364623 453.451249 -140.027995 -471.282061
9.937863 5.750334 7.494897 9.937863 5.750334 7.494897 1.841947 -0.064770 0.100427 465.667701 -42.097801 -409.372911
11.124573 5.709873 7.488922 11.124573 5.709873 7.488922 2.109955 -0.060141 -0.107919 427.692538 57.525915 -285.111519
12.461665 5.692183 7.382342 12.461665 5.692183 7.382342 2.337246 0.014578 -0.231527 329.943648 191.538544 -126.917013
13.913736 5.741371 7.231707 13.913736 5.741371 7.231707 2.486882 0.159321 -0.252042 168.845450 290.939348 58.533365
15.424764 5.892417 7.103142 15.424764 5.892417 7.103142 2.530722 0.349307 -0.156303 -22.711875 342.347222 260.599037
16.927191 6.164128 7.068125 16.927191 6.164128 7.068125 2.457500 0.557235 0.059342 -221.362441 350.745392 458.216766
18.349748 6.558654 7.194545 18.349748 6.558654 7.194545 2.264197 0.752935 0.375948 -422.979959 301.586907 597.137953
19.622030 7.059078 7.532290 19.622030 7.059078 7.532290 1.959908 0.905774 0.757687 -591.318909 207.878224 675.323290
20.684374 7.632303 8.109554 20.684374 7.632303 8.109554 1.569301 0.992211 1.168351 -710.704672 80.244258 693.557839
21.495031 8.232077 8.931766 21.495031 8.232077 8.931766 1.127895 0.990377 1.566293 -760.648173 -86.357441 632.914454
22.037054 8.800848 9.976838 22.037054 8.800848 9.976838 0.682520 0.889007 1.902900 -723.934059 -251.544183 489.108939
22.322556 9.279993 11.195455 22.322556 9.279993 11.195455 0.279651 0.693172 2.140549 -618.961448 -401.239347 303.054739
22.388503 9.617984 12.521012 22.388503 9.617984 12.521012 -0.043879 0.423984 2.255775 -459.472792 -496.054281 81.030987
22.291776 9.779313 13.874402 22.291776 9.779313 13.874402 -0.258039 0.107495 2.231091 -254.394531 -558.907059 -163.309114
22.105648 9.743649 15.170408 22.105648 9.743649 15.170408 -0.338240 -0.225639 2.066836 -12.941454 -551.539853 -384.206899
21.914699 9.513966 16.329791 21.914699 9.513966 16.329791 -0.274386 -0.531677 1.778504 225.786879 -468.586052 -576.900533
21.802745 9.118256 17.286074 21.802745 9.118256 17.286074 -0.078730 -0.774618 1.397477 426.402008 -341.217467 -693.188813
21.841171 8.602009 17.996153 21.841171 8.602009 17.996153 0.221667 -0.929636 0.963397 574.918812 -175.510890 -753.745617
22.082260 8.024224 18.440291 22.082260 8.024224 18.440291 0.589634 -0.977000 0.520018 651.638591 17.632063 -724.183711
22.553390 7.453002 18.627276 22.553390 7.453002 18.627276 0.980895 -0.907396 0.112148 652.563576 214.380176 -635.384458
23.255497 6.956900 18.589193 23.255497 6.956900 18.589193 1.352976 -0.730032 -0.224096 587.707037 376.832489 -485.427198
24.166562 6.593222 18.378202 24.166562 6.593222 18.378202 1.673059 -0.471376 -0.461136 479.236216 485.354634 -304.706723
25.246015 6.401259 18.058813 25.246015 6.401259 18.058813 1.907376 -0.162669 -0.583261 301.822700 543.668511 -102.377174
26.430889 6.400045 17.702641 26.430889 6.400045 17.702641 2.019071 0.156169 -0.583625 70.491085 519.126791 101.165497
27.645472 6.583104 17.378683 27.645472 6.583104 17.378683 2.013627 0.447216 -0.482894 -88.635324 451.029657 234.604134
28.837694 6.932619 17.131175 28.837694 6.932619 17.131175 1.960446 0.717834 -0.342131 -88.635324 451.029657 234.604134
