4.748378 -2.137155 -2.420859 4.748378 -2.137155 -2.420859 1.190948 0.737389 1.336385 221.819058 -394.829302 614.528003
5.502874 -1.765790 -1.508413 5.502874 -1.765790 -1.508413 1.324039 0.500492 1.705102 221.819058 -394.829302 614.528003
6.331826 -1.541174 -0.381744 6.331826 -1.541174 -0.381744 1.430138 0.240547 2.038781 131.842612 -471.654224 497.735282
7.206711 -1.482426 0.919952 7.206711 -1.482426 0.919952 1.474594 -0.045857 2.281599 16.347015 -483.025788 311.657970
8.090331 -1.593332 2.332321 8.090331 -1.593332 2.332321 1.464007 -0.317907 2.405147 -51.638192 -423.805234 100.168044
8.957227 -1.854005 3.778396 8.957227 -1.854005 3.778396 1.421957 -0.540412 2.390031 -88.527447 -317.879114 -150.554965
9.793402 -2.226633 5.172421 9.793402 -2.226633 5.172421 1.363517 -0.686953 2.235232 -106.272466 -170.591655 -365.441258
10.593247 -2.660778 6.436468 10.593247 -2.660778 6.436468 1.304073 -0.745639 1.959401 -91.875224 -25.026477 -553.995091
11.362356 -3.103931 7.503188 11.362356 -3.103931 7.503188 1.264959 -0.716981 1.580999 -38.504868 120.550597 -707.346065
12.118172 -3.504886 8.321744 12.118172 -3.504886 8.321744 1.260716 -0.606975 1.142984 24.359504 246.136530 -752.703280
12.882661 -3.820397 8.873092 12.882661 -3.820397 8.873092 1.293706 -0.437447 0.696587 85.607578 318.957307 -735.285998
13.676496 -4.023365 9.163479 13.676496 -4.023365 9.163479 1.356082 -0.235633 0.279346 122.312914 353.756553 -655.517072
14.513143 -4.102608 9.222486 14.513143 -4.102608 9.222486 1.434377 -0.031076 -0.067001 138.669827 328.099774 -498.974328
15.397328 -4.066468 9.104715 15.397328 -4.066468 9.104715 1.510574 0.144420 -0.305161 115.319950 256.886430 -294.892846
16.320657 -3.939565 8.880894 16.320657 -3.939565 8.880894 1.560899 0.268610 -0.420315 52.431174 157.079068 -88.951728
17.260543 -3.756284 8.624886 17.260543 -3.756284 8.624886 1.561906 0.332065 -0.412725 -49.073043 54.439359 114.250780
18.181181 -3.553343 8.408929 18.181181 -3.553343 8.408929 1.494097 0.334240 -0.288607 -176.958577 -47.190033 299.475214
19.037749 -3.367318 8.297621 19.037749 -3.367318 8.297621 1.347733 0.275805 -0.069170 -310.920002 -147.593211 431.981679
19.782459 -3.231066 8.337829 19.782459 -3.231066 8.337829 1.121361 0.173927 0.209786 -443.655684 -191.998720 497.873250
20.370227 -3.160847 8.554648 20.370227 -3.160847 8.554648 0.829215 0.060842 0.515161 -530.164046 -184.953673 520.042780
20.769568 -3.156548 8.953942 20.769568 -3.156548 8.953942 0.497327 -0.044702 0.810136 -576.126688 -166.858109 463.207560
20.964397 -3.208675 9.516970 20.964397 -3.208675 9.516970 0.152327 -0.121174 1.055901 -573.874040 -88.050205 356.010029
20.957449 -3.289500 10.206022 20.957449 -3.289500 10.206022 -0.167235 -0.135362 1.226656 -491.332283 40.757089 213.172282
20.775894 -3.357358 10.974278 20.775894 -3.357358 10.974278 -0.425903 -0.080792 1.324017 -370.896818 141.144459 111.363544
20.453591 -3.380427 11.788734 20.453591 -3.380427 11.788734 -0.648442 0.003895 1.390835 -370.896818 141.144459 111.363544
