0.440799 4.883467 6.720203 0.440799 4.883467 6.720203 2.003321 0.448901 -0.483487 -732.971177 -550.916806 657.155184
1.510857 5.053643 6.548399 1.510857 5.053643 6.548399 1.563538 0.118351 -0.089194 -732.971177 -550.916806 657.155184
2.317210 5.023493 6.615545 2.317210 5.023493 6.615545 1.124580 -0.222177 0.316969 -730.221860 -584.176835 696.720978
2.865612 4.787567 6.930324 2.865612 4.787567 6.930324 0.711916 -0.560025 0.730944 -645.326243 -541.982593 683.195781
3.184186 4.360073 7.485173 3.184186 4.360073 7.485173 0.362638 -0.854822 1.107396 -518.933384 -440.674567 571.643624
3.319769 3.776917 8.242840 3.319769 3.776917 8.242840 0.108319 -1.073934 1.402053 -328.797142 -289.700075 410.546506
3.339453 3.091302 9.146047 3.339453 3.091302 9.146047 -0.019581 -1.193295 1.588762 -97.534789 -108.170438 211.817935
3.324777 2.367925 10.122796 3.324777 2.367925 10.122796 -0.004953 -1.197844 1.642675 146.292993 93.010138 -32.109056
3.360206 1.676049 11.089858 3.360206 1.676049 11.089858 0.143163 -1.091596 1.559596 347.429313 261.149971 -244.819994
3.517430 1.076781 11.970906 3.517430 1.076781 11.970906 0.395564 -0.891496 1.359491 493.906633 405.847604 -422.198648
3.850292 0.621242 12.702612 3.850292 0.621242 12.702612 0.725008 -0.616458 1.066213 604.238623 510.945290 -555.393641
4.396626 0.344945 13.236750 4.396626 0.344945 13.236750 1.100385 -0.301851 0.704878 647.020083 537.747224 -649.054543
5.170540 0.258038 13.543311 5.170540 0.258038 13.543311 1.474694 0.007841 0.317767 600.675475 494.557906 -641.317099
6.157588 0.345692 13.622740 6.157588 0.345692 13.622740 1.805649 0.274223 -0.045993 502.508364 393.381524 -571.217119
7.322144 0.572435 13.499250 7.322144 0.572435 13.499250 2.060727 0.467254 -0.354096 347.752221 250.056296 -455.792359
8.612416 0.889858 13.211850 8.612416 0.889858 13.211850 2.225580 0.577590 -0.592070 201.757605 117.731105 -337.453959
9.984080 1.257604 12.795867 9.984080 1.257604 12.795867 2.346635 0.648229 -0.794543 201.757605 117.731105 -337.453959
