-11.200454 4.636618 -8.974587 -11.200454 4.636618 -8.974587 1.303284 0.821674 -0.013886 487.722333 -161.240426 109.356976
-10.330693 5.100599 -8.963234 -10.330693 5.100599 -8.963234 1.595917 0.724929 0.051729 487.722333 -161.240426 109.356976
-9.292158 5.498819 -8.915142 -9.292158 5.498819 -8.915142 1.854526 0.589612 0.104195 374.307221 -289.815910 65.531776
-8.122212 5.791488 -8.844554 -8.122212 5.791488 -8.844554 2.028384 0.371065 0.124893 205.217080 -438.677095 3.460889
-6.879537 5.929152 -8.770830 -6.879537 5.929152 -8.770830 2.095043 0.077795 0.117797 16.979344 -538.887924 -27.115113
-5.632007 5.878032 -8.703178 -5.632007 5.878032 -8.703178 2.042470 -0.249524 0.110799 -192.219838 -552.174464 3.789141
-4.453610 5.630932 -8.633285 -4.453610 5.630932 -8.633285 1.864710 -0.570801 0.126731 -400.313572 -518.751018 49.316656
-3.416164 5.200840 -8.544821 -3.416164 5.200840 -8.544821 1.577904 -0.853231 0.174064 -555.708221 -422.681839 108.459864
-2.575257 4.621960 -8.415175 -2.575257 4.621960 -8.415175 1.215440 -1.061131 0.267563 -652.504684 -270.318513 203.205179
-1.965018 3.947465 -8.211938 -1.965018 3.947465 -8.211938 0.816066 -1.169118 0.420097 -678.743006 -89.635860 305.241052
-1.595531 3.242034 -7.901538 -1.595531 3.242034 -7.901538 0.418926 -1.162029 0.620236 -645.055600 113.263072 361.890359
-1.453163 2.575690 -7.461909 -1.453163 2.575690 -7.461909 0.067505 -1.041638 0.849106 -526.346570 288.042287 401.009061
-1.496205 2.010971 -6.880410 -1.496205 2.010971 -6.880410 -0.192315 -0.826735 1.088978 -339.723119 428.298979 398.561968
-1.659679 1.598199 -6.158470 -1.659679 1.598199 -6.158470 -0.330820 -0.538878 1.312178 -121.960196 531.225296 345.439700
-1.866455 1.371995 -5.315895 -1.866455 1.371995 -5.315895 -0.335650 -0.212629 1.484887 105.860402 556.272146 230.256717
-2.033930 1.341637 -4.393690 -2.033930 1.341637 -4.393690 -0.197835 0.106585 1.572172 353.525948 507.775152 60.692908
-2.078632 1.492382 -3.448541 -2.078632 1.492382 -3.448541 0.066100 0.388222 1.563194 526.255719 431.014732 -90.618224
-1.944246 1.802898 -2.526936 -1.944246 1.802898 -2.526936 0.381853 0.646831 1.508823 526.255719 431.014732 -90.618224
