5.007171 -4.414092 -4.044841 5.007171 -4.414092 -4.044841 -0.889251 -0.555495 2.045444 -74.297017 581.428524 -579.887192
4.460248 -4.642732 -2.921955 4.460248 -4.642732 -2.921955 -0.933829 -0.206638 1.697511 -74.297017 581.428524 -579.887192
3.894537 -4.663666 -2.013264 3.894537 -4.663666 -2.013264 -0.938605 0.134179 1.322396 58.376022 554.627383 -670.497925
3.353622 -4.488573 -1.342060 3.353622 -4.488573 -1.342060 -0.844878 0.440716 0.912380 254.046912 467.162999 -696.221301
2.903265 -4.148508 -0.917576 2.903265 -4.148508 -0.917576 -0.638240 0.678742 0.506523 434.748127 326.255315 -656.634912
2.605744 -3.692591 -0.724592 2.605744 -3.692591 -0.724592 -0.341549 0.824226 0.148866 554.220584 158.691551 -535.555201
2.505309 -3.180633 -0.720320 2.505309 -3.180633 -0.720320 0.014655 0.863734 -0.115707 633.127757 -26.998168 -346.356864
2.629402 -2.677087 -0.840409 2.629402 -2.677087 -0.840409 0.401216 0.798358 -0.265123 655.409762 -190.922920 -151.694470
2.984753 -2.240601 -1.015381 2.984753 -2.240601 -1.015381 0.777700 0.642993 -0.299102 599.535430 -326.958585 38.429502
3.551976 -1.919754 -1.176406 3.551976 -1.919754 -1.176406 1.100855 0.416337 -0.218449 477.646231 -428.562815 230.414008
4.287442 -1.747853 -1.256336 4.287442 -1.747853 -1.256336 1.332328 0.155402 -0.031880 293.931019 -441.219325 391.482159
5.125757 -1.732309 -1.200676 5.125757 -1.732309 -1.200676 1.438738 -0.100718 0.224619 60.770522 -412.514084 463.515721
5.985719 -1.861818 -0.980406 5.985719 -1.861818 -0.980406 1.404103 -0.322354 0.513055 -176.221402 -326.273961 497.937912
6.785416 -2.106915 -0.583761 6.785416 -2.106915 -0.583761 1.243147 -0.482893 0.807735 -360.299317 -208.855903 484.328253
7.466450 -2.434245 -0.011941 7.466450 -2.434245 -0.011941 1.026967 -0.608207 1.098332 -360.299317 -208.855903 484.328253
