0.102051 3.529073 1.710310 0.102051 3.529073 1.710310 2.560349 0.217844 0.553964 -606.991430 -146.973447 363.616396
1.529002 3.633325 2.108140 1.529002 3.633325 2.108140 2.196154 0.129660 0.772134 -606.991430 -146.973447 363.616396
2.731432 3.689512 2.632047 2.731432 3.689512 2.632047 1.801938 0.065708 0.966181 -707.063372 -66.199170 283.204826
3.683097 3.724335 3.256438 3.683097 3.724335 3.256438 1.366571 0.062560 1.104636 -744.160161 55.703927 178.311990
4.371788 3.779047 3.945579 4.371788 3.779047 3.945579 0.933561 0.131727 1.182940 -699.205809 174.854210 82.700882
4.813423 3.894487 4.664985 4.813423 3.894487 4.664985 0.550812 0.261287 1.206339 -576.624557 257.011153 -4.702847
5.051245 4.100613 5.383684 5.051245 4.100613 5.383684 0.260476 0.430953 1.182230 -391.162109 308.541685 -75.661696
5.149616 4.415659 6.077394 5.149616 4.415659 6.077394 0.088252 0.620764 1.126789 -182.916824 324.163135 -109.140663
5.182952 4.843038 6.734784 5.182952 4.843038 6.734784 0.045048 0.798117 1.066113 38.902163 267.011956 -93.112125
5.228702 5.364737 7.359304 5.228702 5.364737 7.359304 0.126986 0.932157 1.018311 234.226864 179.787480 -66.229580
5.357423 5.948771 7.961744 5.357423 5.948771 7.961744 0.319362 1.001921 0.995448 407.023993 52.761781 -9.978538
5.629464 6.550126 8.560655 5.629464 6.550126 8.560655 0.599376 0.987103 1.006653 526.355212 -102.156728 47.328448
6.086248 7.113861 9.176787 6.086248 7.113861 9.176787 0.927264 0.875117 1.053153 566.608039 -271.129389 107.671680
6.743579 7.582216 9.830059 6.743579 7.582216 9.830059 1.262139 0.672880 1.127753 549.641376 -402.994678 140.995104
7.595277 7.908198 10.531091 7.595277 7.908198 10.531091 1.569321 0.405051 1.207352 474.297328 -489.766716 124.335516
8.614959 8.060484 11.274789 8.614959 8.060484 11.274789 1.817480 0.098255 1.266486 352.900385 -532.886827 72.775319
9.760536 8.023766 12.043483 9.760536 8.023766 12.043483 1.987052 -0.220232 1.288667 212.337705 -528.738168 1.163737
10.981772 7.802588 12.810363 10.981772 7.802588 12.810363 2.068379 -0.506804 1.256715 58.753540 -426.501719 -107.672100
12.224842 7.429814 13.536383 12.224842 7.429814 13.536383 2.060964 -0.722315 1.148976 -83.469853 -291.867817 -251.456464
13.440818 6.953326 14.173525 13.440818 6.953326 14.173525 1.982991 -0.850249 0.963193 -176.440142 -134.577839 -367.820467
14.594957 6.430933 14.678410 14.594957 6.430933 14.678410 1.857645 -0.871094 0.708386 -241.381333 65.093831 -481.535039
15.663756 5.930923 15.012575 15.663756 5.930923 15.012575 1.701121 -0.777390 0.398508 -280.365252 247.253844 -551.392839
16.635530 5.518395 15.152343 16.635530 5.518395 15.152343 1.540737 -0.582036 0.067245 -254.247220 403.924879 -552.818418
17.517920 5.247694 15.095336 17.517920 5.247694 15.095336 1.406753 -0.310614 -0.253681 -192.365273 500.816395 -516.934895
18.331200 5.154765 14.856190 18.331200 5.154765 14.856190 1.310603 0.006338 -0.533286 -128.134770 555.687887 -415.082007
19.098252 5.256880 14.471588 19.098252 5.256880 14.471588 1.252493 0.331193 -0.731911 -65.565990 527.162537 -247.000767
19.840683 5.544978 13.999973 19.840683 5.544978 13.999973 1.226840 0.619960 -0.820155 -19.942886 435.395056 -47.143685
20.574873 5.987431 13.511843 20.574873 5.987431 13.511843 1.223251 0.841724 -0.786194 7.977390 303.817864 160.344099
21.310367 6.536747 13.081332 21.310367 6.536747 13.081332 1.228575 0.971987 -0.628270 9.770649 130.391695 366.069403
22.046371 7.131385 12.779969 22.046371 7.131385 12.779969 1.219940 0.990100 -0.360097 -38.554689 -70.014816 527.842952
22.767517 7.703441 12.665954 22.767517 7.703441 12.665954 1.177414 0.901082 -0.008235 -103.197987 -226.713148 645.029590
23.450385 8.194708 12.780133 23.450385 8.194708 12.780133 1.090473 0.722188 0.393858 -186.605714 -369.599860 695.280525
24.065895 8.554944 13.139908 24.065895 8.554944 13.139908 0.952586 0.467685 0.802571 -273.017772 -478.740680 667.097239
24.584289 8.747404 13.734478 24.584289 8.747404 13.734478 0.768702 0.170549 1.167582 -339.927344 -511.712973 549.604053
24.981933 8.760183 14.523740 24.981933 8.760183 14.523740 0.552796 -0.123691 1.446264 -379.761840 -469.086781 379.336877
25.246240 8.605828 15.447524 25.246240 8.605828 15.447524 0.329873 -0.383666 1.612591 -363.314279 -397.498553 175.085668
25.381482 8.311606 16.432468 25.381482 8.311606 16.432468 0.125457 -0.584527 1.647009 -318.070481 -272.036423 -60.359278
25.405674 7.920218 17.395507 25.405674 7.920218 17.395507 -0.034533 -0.706278 1.539285 -215.229861 -133.800486 -298.721487
25.355808 7.481040 18.253988 25.355808 7.481040 18.253988 -0.115696 -0.743194 1.303453 -55.315773 10.747598 -487.384095
25.285755 7.045666 18.939254 25.285755 7.045666 18.939254 -0.102281 -0.693704 0.965642 100.035312 154.216728 -638.652438
25.252096 6.662334 19.398277 25.252096 6.662334 19.398277 0.006257 -0.575519 0.555427 261.757421 239.735131 -728.730996
25.312548 6.362798 19.600214 25.312548 6.362798 19.600214 0.211218 -0.418565 0.117451 421.444012 283.445331 -731.188376
25.522736 6.162406 19.545113 25.522736 6.162406 19.545113 0.502073 -0.249861 -0.291054 548.072388 278.898616 -630.494146
25.926005 6.060710 19.262835 25.926005 6.060710 19.262835 0.847777 -0.092430 -0.640135 604.273962 245.872329 -533.110122
26.543440 6.049508 18.782794 26.543440 6.049508 18.782794 1.210341 0.055093 -0.960001 604.273962 245.872329 -533.110122
