-6.937390 -6.611538 0.417496 -6.937390 -6.611538 0.417496 0.582219 0.591525 -0.790040 -50.706592 409.536018 -446.739769
-6.597185 -6.182906 -0.136941 -6.597185 -6.182906 -0.136941 0.551795 0.837246 -1.058084 -50.706592 409.536018 -446.739769
-6.276825 -5.614821 -0.846554 -6.276825 -5.614821 -0.846554 0.513422 1.043072 -1.297876 -77.204868 276.549890 -352.567976
-5.981152 -4.950718 -1.678090 -5.981152 -4.950718 -1.678090 0.474684 1.151406 -1.456157 -51.922534 84.563241 -175.034278
-5.702936 -4.255302 -2.571418 -5.702936 -4.255302 -2.571418 0.457288 1.148896 -1.501814 -6.064160 -92.929051 22.845066
-5.425521 -3.591329 -3.456412 -5.425521 -3.591329 -3.456412 0.474317 1.049953 -1.428195 62.829531 -236.882699 222.550452
-5.126738 -3.010371 -4.260669 -5.126738 -3.010371 -4.260669 0.526431 0.875950 -1.231659 110.883668 -343.125973 432.571046
-4.788102 -2.549329 -4.911191 -4.788102 -2.549329 -4.911191 0.607052 0.656244 -0.919064 157.850487 -389.227741 609.413007
-4.394083 -2.226037 -5.346881 -4.394083 -2.226037 -5.346881 0.708637 0.420740 -0.523150 180.766927 -395.784752 710.299325
-3.937432 -2.041113 -5.529881 -3.937432 -2.041113 -5.529881 0.811753 0.201878 -0.081788 162.954830 -333.756234 760.906338
-3.425301 -1.974711 -5.444119 -3.425301 -1.974711 -5.444119 0.888262 0.028378 0.364117 92.074009 -244.576088 725.443488
-2.881526 -1.994368 -5.101830 -2.881526 -1.994368 -5.101830 0.914730 -0.081667 0.765578 -3.847520 -122.240625 612.761267
-2.338959 -2.057321 -4.542105 -2.338959 -2.057321 -4.542105 0.884526 -0.114762 1.083637 -96.832261 11.922888 447.434356
-1.833442 -2.116589 -3.824684 -1.833442 -2.116589 -3.824684 0.787583 -0.070391 1.285605 -226.309836 135.980922 225.791141
-1.408536 -2.128900 -3.026565 -1.408536 -2.128900 -3.026565 0.617257 0.038432 1.351648 -341.444407 226.762840 -5.646118
-1.103317 -2.062661 -2.230298 -1.103317 -2.062661 -2.230298 0.394016 0.186301 1.279729 -402.691430 266.131298 -234.084170
-0.941689 -1.903394 -1.515819 -0.941689 -1.903394 -1.515819 0.140914 0.343894 1.083167 -440.984116 259.181666 -421.123892
-0.935057 -1.652634 -0.951327 -0.935057 -1.652634 -0.951327 -0.116372 0.488256 0.782461 -416.634544 222.023830 -581.228124
-1.074176 -1.324691 -0.590999 -1.074176 -1.324691 -0.590999 -0.337862 0.596594 0.411087 -321.666109 139.101009 -656.685275
-1.326066 -0.947470 -0.461570 -1.326066 -0.947470 -0.461570 -0.487225 0.651190 0.021980 -176.209989 42.886721 -640.338880
-1.639508 -0.555075 -0.560212 -1.639508 -0.555075 -0.560212 -0.539897 0.646730 -0.345072 0.637166 -57.751632 -583.167174
-1.951649 -0.183740 -0.864729 -1.951649 -0.183740 -0.864729 -0.481101 0.580540 -0.657488 195.349522 -162.884488 -458.220275
-2.192630 0.131461 -1.330508 -2.192630 0.131461 -1.330508 -0.301311 0.463787 -0.876451 403.950385 -226.291042 -271.655250
-2.290313 0.368252 -1.894452 -2.290313 0.368252 -1.894452 -0.006980 0.324268 -0.985323 577.153602 -238.770755 -91.250039
-2.182650 0.522087 -2.491447 -2.182650 0.522087 -2.491447 0.379129 0.192273 -0.986952 709.873880 -201.213932 85.817924
-1.823994 0.604617 -3.057814 -1.823994 0.604617 -3.057814 0.822061 0.088467 -0.883676 766.567506 -144.805880 258.434913
-1.193477 0.637592 -3.534437 -1.193477 0.637592 -3.534437 1.278495 0.031382 -0.693294 754.877569 -45.477907 376.173568
-0.295890 0.656764 -3.878487 -0.295890 0.656764 -3.878487 1.704480 0.046743 -0.446516 665.074808 96.681491 446.418686
0.837552 0.709519 -4.065188 0.837552 0.709519 -4.065188 2.058728 0.141283 -0.174394 515.751672 218.450738 460.653944
2.152993 0.839558 -4.089652 2.152993 0.839558 -4.089652 2.305022 0.302094 0.088272 305.228741 317.588742 414.899916
3.576994 1.082363 -3.966612 3.576994 1.082363 -3.966612 2.418393 0.514559 0.314184 72.674007 390.626588 338.139406
5.027306 1.462721 -3.722427 5.027306 1.462721 -3.722427 2.392970 0.755483 0.491116 -157.419488 412.451541 251.633928
6.421888 1.988084 -3.389020 6.421888 1.988084 -3.389020 2.234197 0.992115 0.609316 -371.821248 376.323213 142.366527
7.685213 2.645465 -3.002846 7.685213 2.645465 -3.002846 1.959777 1.189780 0.669527 -542.912072 282.560172 58.339449
8.757039 3.402540 -2.594696 8.757039 3.402540 -2.594696 1.602448 1.321048 0.684196 -648.184620 155.000787 -9.443689
9.600478 4.212640 -2.187390 9.600478 4.212640 -2.187390 1.206755 1.361902 0.670971 -670.792579 -18.821863 -34.639188
10.207280 5.016700 -1.791270 10.207280 5.016700 -1.791270 0.821738 1.302144 0.649046 -612.596465 -180.370383 -38.444853
10.596200 5.755657 -1.406218 10.596200 5.755657 -1.406218 0.484903 1.144606 0.638700 -510.188475 -344.756447 3.958850
10.804780 6.372520 -1.018689 10.804780 6.372520 -1.018689 0.226151 0.898528 0.659057 -352.319178 -475.503125 63.895776
10.889103 6.821578 -0.608710 10.889103 6.821578 -0.608710 0.075008 0.590886 0.712612 -151.489981 -549.970495 114.623068
10.918443 7.076792 -0.157318 10.918443 7.076792 -0.157318 0.042134 0.259285 0.797352 41.910434 -555.367830 167.842489
10.961399 7.135685 0.353735 10.961399 7.135685 0.353735 0.117936 -0.057490 0.910206 210.762730 -500.548542 208.337346
11.078813 7.018489 0.936984 11.078813 7.018489 0.936984 0.287972 -0.320835 1.033334 356.024109 -377.266488 202.090897
11.321049 6.766786 1.590425 11.321049 6.766786 1.590425 0.528426 -0.503666 1.139907 445.489742 -232.172942 153.151703
11.720249 6.433707 2.297034 11.720249 6.433707 2.297034 0.805498 -0.588410 1.207285 478.084207 -50.305165 71.441662
12.288512 6.084195 3.027002 12.288512 6.084195 3.027002 1.086898 -0.555651 1.213836 459.912955 159.499959 -49.605760
13.018309 5.790431 3.738497 13.018309 5.790431 3.738497 1.337213 -0.405368 1.144683 374.472371 341.446397 -180.905306
13.882168 5.614754 4.386720 13.882168 5.614754 4.386720 1.532526 -0.170081 1.006022 276.570410 442.841358 -281.296831
14.851466 5.592417 4.939700 14.851466 5.592417 4.939700 1.698468 0.095624 0.837244 276.570410 442.841358 -281.296831
