-4.678427 0.436389 -10.206693 -4.678427 0.436389 -10.206693 0.627487 -0.385353 -0.091148 -524.595753 114.806669 445.382410
-4.396362 0.225842 -10.181213 -4.396362 0.225842 -10.181213 0.312729 -0.316469 0.176082 -524.595753 114.806669 445.382410
-4.298933 0.065403 -10.000186 -4.298933 0.065403 -10.000186 0.019065 -0.203695 0.419355 -454.286826 261.107426 365.526613
-4.362360 0.000343 -9.689105 -4.362360 0.000343 -9.689105 -0.218980 0.003758 0.607042 -339.194692 430.403743 260.096698
-4.546107 0.084924 -9.285115 -4.546107 0.084924 -9.285115 -0.379014 0.286266 0.727837 -194.252115 511.288532 142.554439
-4.798385 0.350094 -8.828915 -4.798385 0.350094 -8.828915 -0.445088 0.599929 0.782560 -25.995609 534.254217 39.855444
-5.061559 0.804827 -8.356396 -5.061559 0.804827 -8.356396 -0.417894 0.913535 0.785517 116.643401 511.099735 -29.999647
-5.286117 1.438570 -7.892533 -5.286117 1.438570 -7.892533 -0.321998 1.188314 0.757281 203.010278 404.831561 -64.117681
-5.438960 2.215447 -7.450272 -5.438960 2.215447 -7.450272 -0.181123 1.386305 0.715980 266.572041 255.138178 -73.553004
-5.497536 3.082750 -7.032089 -5.497536 3.082750 -7.032089 -0.010606 1.487367 0.681019 301.819425 81.735162 -42.985449
-5.450867 3.978175 -6.627304 -5.450867 3.978175 -6.627304 0.164008 1.477866 0.674783 280.225880 -113.404236 22.201090
-5.305225 4.832745 -6.215227 -5.305225 4.832745 -6.215227 0.316127 1.351142 0.704158 226.838277 -309.010476 75.715343
-5.078893 5.579616 -5.775990 -5.078893 5.579616 -5.775990 0.431352 1.124770 0.765150 157.245391 -445.564328 127.591189
-4.796307 6.168703 -5.292291 -4.796307 6.168703 -5.292291 0.503056 0.829568 0.849919 81.767346 -538.440984 154.970238
-4.483058 6.566788 -4.754119 -4.483058 6.566788 -4.754119 0.535599 0.492819 0.944530 26.709319 -584.054821 160.399798
-4.158106 6.759540 -4.160556 -4.158106 6.759540 -4.160556 0.545547 0.153339 1.030636 6.450878 -547.547092 126.620861
-3.829690 6.758687 -3.524456 -3.829690 6.758687 -3.524456 0.549052 -0.146678 1.081245 5.232636 -452.508378 42.075642
-3.497277 6.597969 -2.874229 -3.497277 6.597969 -2.874229 0.562389 -0.374482 1.076022 39.222675 -306.839837 -59.485457
-3.148546 6.327617 -2.245928 -3.148546 6.327617 -2.245928 0.607114 -0.510743 1.007304 109.861933 -147.361119 -169.572691
-2.760152 6.005347 -1.679160 -2.760152 6.005347 -1.679160 0.694782 -0.545656 0.870105 182.364661 30.982654 -287.757966
-2.305144 5.693767 -1.214036 -2.305144 5.693767 -1.214036 0.830766 -0.475880 0.671737 270.912828 201.605649 -373.470901
-1.753954 5.451854 -0.881365 -1.753954 5.451854 -0.881365 1.013143 -0.318289 0.431922 337.011484 323.697550 -425.909845
-1.083453 5.323208 -0.699525 -1.083453 5.323208 -0.699525 1.225115 -0.103760 0.173127 369.560815 391.398847 -436.741987
-0.282813 5.332265 -0.669989 -0.282813 5.332265 -0.669989 1.442105 0.135384 -0.067551 353.742101 405.746741 -365.516077
0.642691 5.484668 -0.769899 0.642691 5.484668 -0.769899 1.637187 0.369523 -0.254792 296.530363 374.717068 -258.623707
1.672691 5.768599 -0.959893 1.672691 5.768599 -0.959893 1.786667 0.568195 -0.362799 201.735692 287.521557 -101.398506
2.772231 6.153902 -1.183848 2.772231 6.153902 -1.183848 1.863844 0.703869 -0.363759 55.520953 164.725697 98.200214
3.890170 6.598031 -1.372799 3.890170 6.598031 -1.372799 1.845350 0.763489 -0.246697 -117.168178 34.006946 292.006797
4.966425 7.054535 -1.457149 4.966425 7.054535 -1.457149 1.725724 0.745343 -0.015956 -281.583172 -94.491938 477.127673
5.942425 7.478350 -1.371435 5.942425 7.478350 -1.371435 1.513026 0.656737 0.317340 -427.409850 -200.862452 633.859331
6.766425 7.832118 -1.061249 6.766425 7.832118 -1.061249 1.222173 0.515625 0.726095 -542.101213 -269.509826 728.658633
7.398757 8.092060 -0.494159 7.398757 8.092060 -0.494159 0.879941 0.349312 1.164662 -598.671278 -284.866339 733.231872
7.819644 8.251857 0.333099 7.819644 8.251857 0.333099 0.524155 0.185820 1.586996 -587.282751 -260.106945 674.545241
8.033733 8.320264 1.399734 8.033733 8.320264 1.399734 0.198320 0.048429 1.956819 -498.834952 -197.862449 558.199800
8.071365 8.319754 2.663021 8.071365 8.319754 2.663021 -0.058829 -0.040052 2.235336 -358.326652 -97.074802 370.189148
7.983576 8.284277 4.056824 7.983576 8.284277 4.056824 -0.213790 -0.068160 2.387286 -158.212006 3.381926 136.312303
7.840309 8.250141 5.499805 7.840309 8.250141 5.499805 -0.241293 -0.035374 2.399438 66.534492 105.904379 -95.806755
7.721544 8.252240 6.908460 7.721544 8.252240 6.908460 -0.131199 0.049468 2.273144 300.447709 176.902919 -325.171437
7.708835 8.316031 8.202326 7.708835 8.316031 8.202326 0.108718 0.166948 2.020593 499.274464 214.694985 -516.667238
7.873352 8.454437 9.314023 7.873352 8.454437 9.314023 0.455369 0.293726 1.672297 656.228662 207.900048 -644.317846
8.271200 8.665059 10.197661 8.271200 8.665059 10.197661 0.881634 0.403289 1.266890 764.655008 157.310494 -707.041210
8.938249 8.929589 10.831252 8.938249 8.929589 10.831252 1.342581 0.468877 0.846291 771.835821 61.315864 -694.952760
9.879324 9.214950 11.218869 9.879324 9.214950 11.218869 1.788659 0.470654 0.453989 715.090902 -55.394527 -612.720585
11.073882 9.479785 11.390078 11.073882 9.479785 11.390078 2.180945 0.399489 0.131880 592.528956 -181.822903 -460.977715
12.478267 9.680100 11.397470 12.478267 9.680100 11.397470 2.482280 0.257143 -0.088506 411.920216 -292.661634 -273.642218
14.028339 9.776771 11.306344 14.028339 9.776771 11.306344 2.662221 0.056869 -0.196527 187.883148 -374.917713 -86.426071
15.644437 9.740763 11.185581 15.644437 9.740763 11.185581 2.699686 -0.181305 -0.184834 -63.000661 -418.995914 125.401453
17.242718 9.557221 11.105442 17.242718 9.557221 11.105442 2.610931 -0.429399 -0.068646 -232.847724 -407.985130 261.892253
18.767364 9.226145 11.111395 18.767364 9.226145 11.111395 2.471222 -0.674190 0.088490 -232.847724 -407.985130 261.892253
