6.974919 -3.959910 -8.371427 6.974919 -3.959910 -8.371427 1.327960 -0.163461 -0.224082 339.911210 320.243309 191.087508
7.832879 -4.000343 -8.471480 7.832879 -4.000343 -8.471480 1.531907 0.028685 -0.109430 339.911210 320.243309 191.087508
8.804676 -3.919921 -8.505860 8.804676 -3.919921 -8.505860 1.693197 0.248668 -0.010365 197.722850 413.034162 139.127750
9.845899 -3.691578 -8.492230 9.845899 -3.691578 -8.492230 1.760405 0.520468 0.047139 26.302045 492.963981 52.551034
10.898953 -3.291465 -8.456608 10.898953 -3.291465 -8.456608 1.736567 0.811739 0.068067 -105.759626 477.938952 17.210361
11.915143 -2.722024 -8.414190 11.915143 -2.722024 -8.414190 1.639546 1.080350 0.070794 -217.643422 417.433522 -8.120552
12.854785 -2.005451 -8.374146 12.854785 -2.005451 -8.374146 1.484410 1.296930 0.061070 -299.477696 304.499408 -24.293151
13.690321 -1.183055 -8.339378 13.690321 -1.183055 -8.339378 1.298701 1.426774 0.058986 -319.554204 128.312321 17.347041
14.413117 -0.315005 -8.295843 14.413117 -0.315005 -8.295843 1.112444 1.448209 0.094500 -301.301652 -56.862735 101.033288
15.029448 0.533605 -8.215939 15.029448 0.533605 -8.215939 0.947162 1.363691 0.180207 -249.637686 -224.861288 184.656361
15.556907 1.301796 -8.069245 15.556907 1.301796 -8.069245 0.817861 1.181030 0.317658 -181.364618 -384.010082 273.514540
16.019421 1.933892 -7.825001 16.019421 1.933892 -7.825001 0.731257 0.913623 0.503850 -107.316387 -507.346033 347.124116
16.442429 2.387078 -7.457067 16.442429 2.387078 -7.457067 0.684718 0.590887 0.727834 -47.812966 -568.440188 399.490687
16.847131 2.640164 -6.947239 16.847131 2.640164 -6.947239 0.668421 0.254188 0.973625 -6.510271 -553.891702 419.809887
17.247132 2.697071 -6.290183 17.247132 2.697071 -6.290183 0.665112 -0.057676 1.212086 -4.519871 -485.654663 375.061815
17.643846 2.582552 -5.501482 17.643846 2.582552 -5.501482 0.654704 -0.311541 1.406813 -30.174061 -360.562733 274.026529
18.027786 2.341644 -4.615999 18.027786 2.341644 -4.615999 0.619343 -0.473292 1.531585 -87.695363 -178.604717 141.880240
18.378892 2.036632 -3.681861 18.378892 2.036632 -3.681861 0.543151 -0.524894 1.564957 -166.278463 6.595758 -30.639187
18.670130 1.733811 -2.759063 18.670130 1.733811 -2.759063 0.419775 -0.466294 1.493268 -244.973966 188.739302 -208.323038
18.874082 1.497200 -1.911400 18.874082 1.497200 -1.911400 0.253697 -0.307089 1.314273 -308.619910 341.941801 -388.327164
18.968685 1.381157 -1.200701 18.968685 1.381157 -1.200701 0.058206 -0.068619 1.041449 -343.015631 452.959219 -521.085631
18.942214 1.425392 -0.674666 18.942214 1.425392 -0.674666 -0.145862 0.222527 0.703599 -337.212751 517.527529 -605.082863
18.797248 1.651355 -0.363436 18.797248 1.651355 -0.363436 -0.331941 0.529499 0.330480 -283.050808 505.713513 -638.645363
18.552883 2.055117 -0.276464 18.552883 2.055117 -0.276464 -0.473026 0.808099 -0.034509 -187.233346 422.952408 -577.986683
18.243427 2.608990 -0.394718 18.243427 2.608990 -0.394718 -0.545061 1.026281 -0.348854 -52.880497 304.321928 -469.830685
17.916654 3.271164 -0.677782 17.916654 3.271164 -0.677782 -0.527878 1.167012 -0.576665 110.154760 164.782177 -289.536799
17.629584 3.991072 -1.062023 17.629584 3.991072 -1.062023 -0.412641 1.216078 -0.681015 273.968658 -1.228934 -58.297808
17.440140 4.711353 -1.467576 17.440140 4.711353 -1.467576 -0.204126 1.169620 -0.648243 421.081248 -153.630880 167.537918
17.400388 5.378946 -1.813145 17.400388 5.378946 -1.813145 0.083167 1.044812 -0.481620 536.563508 -262.397070 387.871154
17.550224 5.953624 -2.021385 17.550224 5.953624 -2.021385 0.421879 0.862482 -0.194321 592.476920 -345.371435 569.793175
17.909204 6.407742 -2.026622 17.909204 6.407742 -2.026622 0.773395 0.649241 0.191519 579.243193 -365.429287 716.339307
18.472448 6.733113 -1.778989 18.472448 6.733113 -1.778989 1.095659 0.438001 0.640227 494.970401 -338.705058 779.355495
19.209117 6.940118 -1.257677 19.209117 6.940118 -1.257677 1.343534 0.260635 1.092297 331.279439 -252.516189 727.543674
20.065987 7.056947 -0.475989 20.065987 7.056947 -0.475989 1.497894 0.138628 1.505583 183.252015 -154.171075 650.075108
20.997708 7.112373 0.544374 20.997708 7.112373 0.544374 1.607845 0.046126 1.895628 183.252015 -154.171075 650.075108
