12.153106 0.129621 8.742218 12.153106 0.129621 8.742218 0.719698 0.498067 -0.663764 -654.732964 -6.107021 -341.891566
12.467073 0.427362 8.282419 12.467073 0.427362 8.282419 0.326858 0.494403 -0.868898 -654.732964 -6.107021 -341.891566
12.544023 0.714854 7.706135 12.544023 0.714854 7.706135 -0.072547 0.450487 -1.041054 -676.617013 -140.281279 -231.958669
12.383001 0.950218 7.048371 12.383001 0.950218 7.048371 -0.457031 0.317932 -1.137128 -604.995867 -301.568922 -88.288206
12.007782 1.080466 6.362375 12.007782 1.080466 6.362375 -0.780535 0.105850 -1.129236 -473.351038 -405.371266 114.593464
11.465169 1.066807 5.717040 11.465169 1.066807 5.717040 -1.009988 -0.158386 -1.002581 -291.491938 -475.413040 307.589306
10.819698 0.884904 5.180390 10.819698 0.884904 5.180390 -1.119936 -0.450120 -0.770365 -75.002313 -497.034838 466.463760
10.148468 0.528406 4.809684 10.148468 0.528406 4.809684 -1.093774 -0.733137 -0.452741 162.207836 -446.353618 592.284728
9.534405 0.015040 4.648586 9.534405 0.015040 4.648586 -0.931430 -0.966654 -0.077692 378.941204 -332.037219 657.879202
9.054305 -0.615560 4.719466 9.054305 -0.615560 4.719466 -0.651323 -1.120081 0.312419 554.747303 -179.387312 642.488665
8.770293 -1.309025 5.018428 8.770293 -1.309025 5.018428 -0.283835 -1.173343 0.677228 670.211848 1.849055 573.540506
8.723629 -2.000969 5.519046 8.723629 -2.000969 5.519046 0.133287 -1.113589 0.976572 720.196665 197.331443 424.272988
8.931556 -2.623679 6.169939 8.931556 -2.623679 6.169939 0.557000 -0.945575 1.174041 692.179963 362.712505 233.959168
9.383438 -3.117656 6.901939 9.383438 -3.117656 6.901939 0.937754 -0.687548 1.241726 577.001026 497.378193 -8.344502
10.039424 -3.435773 7.631394 10.039424 -3.435773 7.631394 1.231319 -0.364700 1.166331 401.548740 578.780992 -242.972635
10.838832 -3.550156 8.275204 10.838832 -3.550156 8.275204 1.413939 -0.016150 0.959278 207.181655 583.054785 -447.202538
11.711302 -3.458006 8.760675 11.711302 -3.458006 8.760675 1.472319 0.318133 0.642961 -12.581275 531.219632 -607.186825
12.578587 -3.178023 9.030114 12.578587 -3.178023 9.030114 1.395564 0.604283 0.243430 -243.268041 422.616643 -724.582370
13.361546 -2.749571 9.044338 13.361546 -2.749571 9.044338 1.196645 0.806911 -0.198366 -419.795895 252.807548 -748.072613
13.996573 -2.230792 8.793489 13.996573 -2.230792 8.793489 0.907783 0.904232 -0.633095 -543.075228 71.596796 -701.024219
14.439487 -1.686226 8.294229 14.439487 -1.686226 8.294229 0.561926 0.892887 -1.019798 -609.780907 -109.412453 -587.984059
14.666425 -1.180259 7.587672 14.666425 -1.180259 7.587672 0.193776 0.776880 -1.316798 -617.388971 -277.279532 -402.015825
14.676024 -0.770946 6.737435 14.676024 -0.770946 6.737435 -0.154342 0.575992 -1.496983 -543.002091 -392.347917 -198.602251
14.492996 -0.500111 5.816129 14.492996 -0.500111 5.816129 -0.443554 0.319897 -1.552982 -421.039851 -461.301775 11.938448
14.159098 -0.392145 4.898452 14.159098 -0.392145 4.898452 -0.656071 0.038429 -1.486003 -287.349880 -476.923526 211.325505
13.722784 -0.451920 4.054152 13.722784 -0.451920 4.054152 -0.783221 -0.232659 -1.312895 -136.483771 -426.703497 365.701300
13.238455 -0.661365 3.339598 13.238455 -0.661365 3.339598 -0.814256 -0.453893 -1.056689 33.035126 -310.744221 488.317717
12.762818 -0.981216 2.795996 12.762818 -0.981216 2.795996 -0.759586 -0.598248 -0.751124 149.199722 -170.437825 530.232280
12.337909 -1.361968 2.440063 12.337909 -1.361968 2.440063 -0.650134 -0.656129 -0.436489 215.637104 -22.498118 518.553108
11.989694 -1.751423 2.267366 11.989694 -1.751423 2.267366 -0.505498 -0.628271 -0.146073 266.485450 115.358597 449.499713
11.734072 -2.100344 2.254661 11.734072 -2.100344 2.254661 -0.347059 -0.522673 0.093772 261.643862 236.633363 349.982542
11.569847 -2.366244 2.366374 11.569847 -2.366244 2.366374 -0.205500 -0.355140 0.266022 210.218294 321.809427 224.185566
11.481307 -2.520010 2.558305 11.481307 -2.520010 2.558305 -0.094766 -0.155094 0.360355 158.896619 345.012954 90.258213
11.447936 -2.552144 2.783648 11.447936 -2.552144 2.783648 -0.024990 0.046015 0.378929 73.689333 325.348984 -28.347954
11.442489 -2.469732 3.001166 11.442489 -2.469732 3.001166 0.000639 0.222421 0.338239 11.740223 262.670389 -107.284369
11.443322 -2.295167 3.182827 11.443322 -2.295167 3.182827 -0.000635 0.349183 0.264012 -15.986299 159.869178 -140.139602
11.438889 -2.063476 3.315952 11.438889 -2.063476 3.315952 -0.016100 0.412130 0.179641 -35.565118 49.954734 -141.097181
11.424149 -1.813396 3.399468 11.424149 -1.813396 3.399468 -0.030831 0.411153 0.100632 -13.536343 -53.211565 -122.266501
11.407312 -1.581496 3.440923 11.407312 -1.581496 3.440923 -0.018463 0.353160 0.042692 54.762167 -140.097219 -70.866610
11.410564 -1.397591 3.457933 11.410564 -1.397591 3.457933 0.036759 0.255234 0.020923 129.310878 -186.322189 -1.694228
11.460164 -1.278245 3.474416 11.460164 -1.278245 3.474416 0.135692 0.142154 0.041081 200.467773 -190.613648 68.886285
11.582265 -1.225667 3.513431 11.582265 -1.225667 3.513431 0.278980 0.035766 0.092246 277.156103 -164.011495 101.664774
11.802876 -1.228626 3.586572 11.802876 -1.228626 3.586572 0.461948 -0.037123 0.150713 332.738542 -78.952696 93.223937
12.139534 -1.259130 3.693333 12.139534 -1.259130 3.693333 0.659572 -0.054585 0.204412 326.009273 20.747268 85.774091
12.593959 -1.288146 3.831420 12.593959 -1.288146 3.831420 0.855178 -0.042136 0.255877 326.009273 20.747268 85.774091
