-1.421625 2.309571 2.791889 -1.421625 2.309571 2.791889 -0.263618 -0.507905 -0.246091 103.300268 -101.453221 546.127515
-1.561202 1.986566 2.742538 -1.561202 1.986566 2.742538 -0.201638 -0.568777 0.081585 103.300268 -101.453221 546.127515
-1.666902 1.634533 2.894404 -1.666902 1.634533 2.894404 -0.156214 -0.592180 0.432323 48.114142 23.440538 622.998320
-1.755729 1.290883 3.266367 -1.755729 1.290883 3.266367 -0.146138 -0.540921 0.808270 -14.527706 147.425281 630.159876
-1.848096 0.996012 3.859673 -1.848096 0.996012 3.859673 -0.165203 -0.436737 1.160943 -49.023038 199.853691 545.414519
-1.956210 0.771278 4.647305 -1.956210 0.771278 4.647305 -0.195455 -0.310156 1.452647 -51.816640 222.082245 426.933314
-2.082345 0.625305 5.586012 -2.082345 0.625305 5.586012 -0.224221 -0.176178 1.660162 -44.069226 224.513042 264.782399
-2.220273 0.556443 6.619309 -2.220273 0.556443 6.619309 -0.227977 -0.059307 1.766729 31.547887 165.056531 90.442109
-2.346143 0.544379 7.685177 -2.346143 0.544379 7.685177 -0.182859 0.008777 1.768749 118.846489 61.890091 -83.708956
-2.429232 0.555173 8.722232 -2.429232 0.555173 8.722232 -0.085384 0.017849 1.672892 206.069689 -31.649872 -235.815599
-2.436387 0.553661 9.678652 -2.436387 0.553661 9.678652 0.073171 -0.033767 1.507059 322.448014 -140.404227 -316.959066
-2.330346 0.503725 10.522405 -2.330346 0.503725 10.522405 0.287129 -0.140024 1.299736 390.744153 -213.785578 -374.117832
-2.085519 0.378210 11.233688 -2.085519 0.378210 11.233688 0.532657 -0.283392 1.069175 427.682382 -264.109022 -394.420307
-1.688775 0.160814 11.807874 -1.688775 0.160814 11.807874 0.790100 -0.440959 0.850908 430.460135 -261.114859 -333.136767
-1.142606 -0.146655 12.263752 -1.142606 -0.146655 12.263752 1.021506 -0.577091 0.677515 340.894205 -192.658109 -244.837804
-0.473506 -0.524112 12.629411 -0.473506 -0.524112 12.629411 1.200220 -0.675307 0.546719 254.819412 -134.728906 -191.150395
0.292493 -0.953548 12.923036 0.292493 -0.953548 12.923036 1.353112 -0.756145 0.432029 254.819412 -134.728906 -191.150395
