-1.488615 -2.747421 -11.449938 -1.488615 -2.747421 -11.449938 2.232669 0.881245 -0.345455 -675.009048 -527.634357 774.627204
-0.270516 -2.313649 -11.517778 -0.270516 -2.313649 -11.517778 1.827663 0.564664 0.119321 -675.009048 -527.634357 774.627204
0.702934 -2.070449 -11.306927 0.702934 -2.070449 -11.306927 1.414426 0.244962 0.583223 -702.448457 -538.040817 771.711244
1.427635 -2.018209 -10.822078 1.427635 -2.018209 -10.822078 1.005388 -0.067314 1.026287 -661.011629 -502.878552 705.168025
1.918772 -2.142604 -10.088967 1.918772 -2.142604 -10.088967 0.643211 -0.336481 1.401433 -546.243615 -394.343097 545.318127
2.216534 -2.405479 -9.162615 2.216534 -2.405479 -9.162615 0.366260 -0.523115 1.665297 -376.926484 -227.770349 334.229015
2.379853 -2.748647 -8.116525 2.379853 -2.748647 -8.116525 0.197150 -0.601276 1.799591 -186.773524 -32.767372 113.416919
2.477919 -3.105809 -7.029762 2.477919 -3.105809 -7.029762 0.152064 -0.573430 1.800605 36.486387 125.586996 -110.034067
2.586896 -3.416505 -5.980632 2.586896 -3.416505 -5.980632 0.229810 -0.444297 1.677453 222.666132 304.857140 -300.475174
2.773201 -3.621520 -5.037264 2.773201 -3.621520 -5.037264 0.405107 -0.227939 1.452075 361.658909 416.335789 -450.782385
3.087047 -3.678964 -4.253053 3.087047 -3.678964 -4.253053 0.650516 0.043759 1.152139 456.369120 489.324824 -549.005938
3.561527 -3.564082 -3.661181 3.561527 -3.564082 -3.661181 0.934457 0.340096 0.819783 490.101140 498.464274 -558.847986
4.210257 -3.273921 -3.267910 4.210257 -3.273921 -3.267910 1.227705 0.621073 0.494443 487.392095 438.124427 -525.617947
5.029821 -2.828796 -3.059509 5.029821 -2.828796 -3.059509 1.496192 0.852042 0.210809 407.566119 331.773892 -419.828545
5.993706 -2.265840 -3.000567 5.993706 -2.265840 -3.000567 1.704773 1.011162 -0.000961 287.703199 198.625824 -286.071516
7.061867 -1.631781 -3.043005 7.061867 -1.631781 -3.043005 1.844946 1.088382 -0.124445 179.539451 58.775589 -125.542424
8.193143 -0.976402 -3.131787 8.193143 -0.976402 -3.131787 1.912628 1.082499 -0.157360 46.067163 -78.388591 15.825519
9.342587 -0.348345 -3.215604 9.342587 -0.348345 -3.215604 1.908144 0.998804 -0.109112 -61.014994 -200.593541 145.001560
10.472498 0.210509 -3.247970 10.472498 0.210509 -3.247970 1.851568 0.856842 0.012893 -127.568964 -272.613889 261.683989
11.558909 0.673889 -3.191212 11.558909 0.673889 -3.191212 1.767193 0.685003 0.179502 -153.680990 -300.183034 293.676075
12.591109 1.032631 -3.030895 12.591109 1.032631 -3.030895 1.672716 0.513757 0.354477 -161.244943 -270.636930 289.576096
13.567693 1.295951 -2.766761 13.567693 1.295951 -2.766761 1.585862 0.370280 0.524844 -128.268752 -207.619286 278.311723
14.499811 1.486155 -2.406697 14.499811 1.486155 -2.406697 1.527345 0.272746 0.667139 -66.785788 -117.492710 196.005160
15.407476 1.635848 -1.975324 15.407476 1.635848 -1.975324 1.503670 0.238218 0.763788 -12.130387 2.398274 126.158919
16.310713 1.784806 -1.498066 16.310713 1.784806 -1.498066 1.512485 0.267635 0.820869 41.513363 95.659914 64.110224
17.227366 1.967869 -0.997614 17.227366 1.967869 -0.997614 1.545840 0.351347 0.841287 69.669851 183.380302 3.949974
18.166177 2.213576 -0.493868 18.166177 2.213576 -0.493868 1.581472 0.470829 0.834973 49.103727 214.890438 -24.993717
19.121924 2.534961 0.003043 19.121924 2.534961 0.003043 1.601060 0.600800 0.822107 16.188189 218.346661 -17.896163
20.081410 2.931977 0.496003 20.081410 2.931977 0.496003 1.590455 0.717977 0.825955 -51.538521 172.243804 30.724096
21.019308 3.388940 1.001017 21.019308 3.388940 1.001017 1.524041 0.797187 0.863943 -169.839807 91.789087 95.902813
21.897165 3.877141 1.541703 21.897165 3.877141 1.541703 1.392158 0.819095 0.946771 -269.770604 -18.762232 180.192023
22.678322 4.357918 2.146004 22.678322 4.357918 2.146004 1.202397 0.771322 1.073904 -362.766819 -140.478751 243.583975
23.329803 4.789550 2.836965 23.329803 4.789550 2.836965 0.961441 0.657662 1.233925 -440.418553 -238.389512 289.818554
23.825283 5.136397 3.630625 23.825283 5.136397 3.630625 0.686646 0.490427 1.413504 -475.567306 -319.061230 308.776698
24.153249 5.371220 4.533421 24.153249 5.371220 4.533421 0.409210 0.288982 1.594341 -449.218605 -352.422723 294.015931
24.317916 5.481173 5.542949 24.317916 5.481173 5.542949 0.139679 0.077528 1.770751 -449.218605 -352.422723 294.015931
