-7.731736 0.843316 6.305574 -7.731736 0.843316 6.305574 0.938731 0.025126 0.386646 -407.308828 -158.488688 -363.505253
-7.241813 0.829863 6.472130 -7.241813 0.829863 6.472130 0.694346 -0.069967 0.168543 -407.308828 -158.488688 -363.505253
-6.898842 0.766664 6.501950 -6.898842 0.766664 6.501950 0.448360 -0.128516 -0.078937 -412.641890 -36.672340 -461.428982
-6.703833 0.691852 6.367291 -6.703833 0.691852 6.367291 0.202118 -0.106027 -0.376990 -408.167107 111.636068 -532.080036
-6.653158 0.655161 6.044184 -6.653158 0.655161 6.044184 -0.028414 -0.004890 -0.701934 -360.270180 225.484469 -551.065785
-6.726990 0.696416 5.526322 -6.726990 0.696416 5.526322 -0.204252 0.148408 -1.020122 -225.857619 285.511384 -509.561122
-6.879201 0.837102 4.829396 -6.879201 0.837102 4.829396 -0.284792 0.320962 -1.291517 -42.608481 289.667488 -395.090287
-7.045866 1.080014 3.992487 -7.045866 1.080014 3.992487 -0.250958 0.485734 -1.482984 155.388815 259.574147 -243.131934
-7.156469 1.414869 3.072028 -7.156469 1.414869 3.072028 -0.097720 0.624938 -1.563386 355.403195 204.436353 -24.875359
-7.140794 1.819533 2.142543 -7.140794 1.819533 2.142543 0.167195 0.712111 -1.513188 527.646919 86.140878 192.201158
-6.936175 2.255926 1.280974 -6.936175 2.255926 1.280974 0.530411 0.731903 -1.339129 683.073360 -20.165670 387.995316
-6.490236 2.685683 0.558094 -6.490236 2.685683 0.558094 0.963954 0.691029 -1.052540 762.070129 -116.082475 567.304572
-5.775681 3.074816 0.035872 -5.775681 3.074816 0.035872 1.416246 0.598428 -0.676222 745.568691 -192.587143 687.087130
-4.795780 3.396578 -0.242877 -4.795780 3.396578 -0.242877 1.843342 0.469730 -0.247427 678.084815 -236.405488 742.229936
-3.575115 3.636748 -0.259229 -3.575115 3.636748 -0.259229 2.213216 0.332312 0.190425 554.829793 -221.653649 717.275526
-2.159141 3.798995 -0.021785 -2.159141 3.798995 -0.021785 2.486987 0.213108 0.591184 357.738442 -175.693779 618.588713
-0.617309 3.900178 0.433847 -0.617309 3.900178 0.433847 2.627864 0.132404 0.910219 111.851370 -93.320797 444.862690
0.965472 3.969852 1.047621 0.965472 3.969852 1.047621 2.624624 0.111559 1.114971 -122.649424 23.837094 237.642158
2.504517 4.047622 1.745860 2.504517 4.047622 1.745860 2.482771 0.158583 1.189962 -350.196181 132.909310 12.329421
3.921251 4.172803 2.448138 3.921251 4.172803 2.448138 2.223191 0.268866 1.127766 -515.068890 234.702536 -219.650295
5.155552 4.381155 3.073366 5.155552 4.381155 3.073366 1.879641 0.433618 0.936503 -630.097933 314.469044 -417.893869
6.166032 4.698948 3.550564 6.166032 4.698948 3.550564 1.482148 0.627390 0.638351 -694.879967 331.437162 -575.945546
6.933266 5.133405 3.825023 6.933266 5.133405 3.825023 1.080341 0.818073 0.268374 -644.474280 304.172802 -657.312493
7.471080 5.674534 3.868386 7.471080 5.674534 3.868386 0.721731 0.978250 -0.122735 -550.894781 229.752214 -646.382751
7.813797 6.295430 3.681440 7.813797 6.295430 3.681440 0.435388 1.079054 -0.495349 -403.580041 106.261383 -595.662888
8.013585 6.952972 3.284150 8.013585 6.952972 3.284150 0.249240 1.097722 -0.817053 -216.914842 -44.035347 -476.686314
8.135683 7.594640 2.717896 8.135683 7.594640 2.717896 0.177087 1.026106 -1.054156 -23.592432 -194.684420 -313.654240
8.249504 8.165814 2.040340 8.249504 8.165814 2.040340 0.222008 0.862063 -1.185375 173.326556 -352.127297 -123.743693
8.422227 8.613109 1.317544 8.422227 8.613109 1.317544 0.367600 0.617989 -1.206107 311.981604 -461.451134 54.636900
8.705051 8.896752 0.613238 8.705051 8.896752 0.613238 0.585326 0.320671 -1.125703 413.771764 -529.607717 213.376258
9.133266 8.993570 -0.015866 9.133266 8.993570 -0.015866 0.846287 0.001633 -0.958129 456.098213 -533.854351 345.204583
9.723141 8.902016 -0.525189 9.723141 8.902016 -0.525189 1.119974 -0.300882 -0.733917 456.191373 -474.527119 402.166597
10.473016 8.643111 -0.892214 10.473016 8.643111 -0.892214 1.372567 -0.550401 -0.487941 385.784134 -357.203814 417.756028
11.360642 8.257727 -1.111565 11.360642 8.257727 -1.111565 1.577262 -0.718960 -0.246200 296.532730 -204.659902 388.045462
12.353892 7.800410 -1.193346 12.353892 7.800410 -1.193346 1.722769 -0.787265 -0.032921 188.491464 -23.023625 322.884754
13.414705 7.336248 -1.160699 13.414705 7.336248 -1.160699 1.801978 -0.739371 0.132213 75.539888 182.670428 227.562687
14.503762 6.935243 -1.046615 14.503762 6.935243 -1.046615 1.818667 -0.581083 0.237724 -19.911680 344.956654 124.141273
15.587435 6.656415 -0.885695 15.587435 6.656415 -0.885695 1.787004 -0.335464 0.291911 -85.631914 473.774755 56.482061
16.642395 6.543765 -0.703852 16.642395 6.543765 -0.703852 1.726482 -0.034456 0.308447 -116.108503 529.584181 -1.363174
17.658247 6.618427 -0.520640 17.658247 6.618427 -0.520640 1.661129 0.283348 0.299572 -101.732494 529.761931 -28.219270
18.636613 6.883793 -0.345977 18.636613 6.883793 -0.345977 1.600090 0.601205 0.282641 -101.732494 529.761931 -28.219270
