-4.825160 -4.055057 -6.439417 -4.825160 -4.055057 -6.439417 -0.099893 0.480294 -0.464293 430.399828 -240.023067 646.502630
-4.807624 -3.810085 -6.601622 -4.807624 -3.810085 -6.601622 0.158346 0.336280 -0.076391 430.399828 -240.023067 646.502630
-4.626798 -3.653436 -6.532192 -4.626798 -3.653436 -6.532192 0.458316 0.182689 0.305983 569.499860 -271.947371 628.077370
-4.240495 -3.591933 -6.238504 -4.240495 -3.591933 -6.238504 0.844030 0.023727 0.668053 716.212842 -257.925968 578.823139
-3.602497 -3.619578 -5.741151 -3.602497 -3.619578 -5.741151 1.287067 -0.108305 0.977014 760.577518 -182.179774 451.047692
-2.694919 -3.711235 -5.084386 -2.694919 -3.711235 -5.084386 1.735584 -0.187019 1.194478 734.477570 -80.200339 273.832889
-1.527100 -3.831872 -4.332248 -1.527100 -3.831872 -4.332248 2.147584 -0.205085 1.289588 638.857518 19.979274 43.198844
-0.134082 -3.945742 -3.564295 -0.134082 -3.945742 -3.564295 2.478264 -0.165174 1.247629 463.406818 113.059200 -183.060805
1.424176 -4.018680 -2.860916 1.424176 -4.018680 -2.860916 2.695742 -0.068260 1.076554 261.520039 209.986742 -387.189744
3.075169 -4.019305 -2.295534 3.075169 -4.019305 -2.295534 2.785024 0.070399 0.789959 36.087946 252.211069 -568.128787
4.738760 -3.932623 -1.930174 4.738760 -3.932623 -1.930174 2.737083 0.216948 0.417320 -195.892237 236.284483 -673.997992
6.334309 -3.762094 -1.803747 6.334309 -3.762094 -1.803747 2.562345 0.347863 -0.000304 -386.565746 200.098939 -718.084805
7.793758 -3.522132 -1.930810 7.793758 -3.522132 -1.930810 2.288525 0.444056 -0.419284 -526.169600 120.543621 -678.515440
9.067078 -3.241001 -2.297513 9.067078 -3.241001 -2.297513 1.947401 0.481379 -0.791387 -610.910838 3.869044 -561.827364
10.125192 -2.958715 -2.863216 10.125192 -2.958715 -2.863216 1.579041 0.447512 -1.077192 -616.954863 -116.760184 -390.856162
10.965301 -2.716858 -3.566663 10.965301 -2.716858 -3.566663 1.227552 0.349289 -1.245597 -554.674890 -210.651392 -170.491643
11.608034 -2.550480 -4.332108 11.608034 -2.550480 -4.332108 0.924963 0.196506 -1.284885 -453.956285 -298.623459 39.530832
12.089882 -2.488764 -5.082558 12.089882 -2.488764 -5.082558 0.695501 0.005157 -1.194338 -310.915932 -339.205577 262.292003
12.460761 -2.545427 -5.740397 12.460761 -2.545427 -5.740397 0.556671 -0.191871 -0.979204 -151.851058 -317.556417 454.820712
12.776361 -2.713520 -6.237994 12.776361 -2.713520 -6.237994 0.510214 -0.361452 -0.666022 -3.006358 -247.712653 589.118931
13.089037 -2.968711 -6.528777 13.089037 -2.968711 -6.528777 0.543853 -0.478738 -0.298608 115.136767 -143.242539 635.595108
13.441513 -3.272109 -6.592754 13.441513 -3.272109 -6.592754 0.640131 -0.516540 0.086654 205.790665 17.237483 648.611075
13.865497 -3.569494 -6.427585 13.865497 -3.569494 -6.427585 0.777924 -0.459016 0.457954 253.519789 174.508797 589.057152
14.377590 -3.804835 -6.054711 14.377590 -3.804835 -6.054711 0.928561 -0.311027 0.771742 248.602355 318.788052 456.902285
14.976894 -3.926206 -5.517775 14.976894 -3.926206 -5.517775 1.064815 -0.080438 1.004130 205.579632 449.841018 317.723493
15.649047 -3.888978 -4.867214 15.649047 -3.888978 -4.867214 1.169462 0.212065 1.149226 143.242680 525.170561 165.929330
16.371790 -3.666006 -4.157726 16.371790 -3.666006 -4.157726 1.231820 0.533177 1.199211 64.616455 545.202099 0.687071
17.117828 -3.250656 -3.445165 17.117828 -3.250656 -3.445165 1.247161 0.846833 1.164177 -13.477525 500.317668 -117.465073
17.861231 -2.659009 -2.771723 17.861231 -2.659009 -2.771723 1.226735 1.114475 1.074094 -54.611972 391.821462 -182.812498
18.585854 -1.928783 -2.163508 18.585854 -1.928783 -2.163508 1.186032 1.304636 0.947734 -81.063687 242.050237 -238.386171
19.283193 -1.113714 -1.636915 19.283193 -1.113714 -1.636915 1.138950 1.393459 0.809012 -75.877067 54.026317 -224.022667
19.956193 -0.279815 -1.188623 19.956193 -0.279815 -1.188623 1.109863 1.366367 0.690645 -21.078015 -144.334093 -170.533931
20.622720 0.504641 -0.801454 20.622720 0.504641 -0.801454 1.119234 1.232848 0.605713 52.312903 -300.728716 -112.570362
21.303677 1.190219 -0.458289 21.303677 1.190219 -0.458289 1.150621 1.052411 0.538171 52.312903 -300.728716 -112.570362
