2.388323 1.255910 7.590864 2.388323 1.255910 7.590864 1.389846 0.873758 -0.737948 -155.374840 -193.105210 354.379630
3.194263 1.745406 7.211884 3.194263 1.745406 7.211884 1.296621 0.757895 -0.525320 -155.374840 -193.105210 354.379630
3.935429 2.156546 6.968987 3.935429 2.156546 6.968987 1.159198 0.597842 -0.270156 -302.702802 -340.402440 496.168128
4.566996 2.444821 6.904909 4.566996 2.444821 6.904909 0.930251 0.347809 0.071067 -460.455718 -493.043932 641.243059
5.037124 2.560781 7.065500 5.037124 2.560781 7.065500 0.628276 0.032100 0.468450 -546.124603 -559.319312 683.365404
5.315501 2.478261 7.468201 5.315501 2.478261 7.468201 0.299170 -0.309004 0.871595 -550.895557 -577.691662 660.450052
5.399116 2.192763 8.104773 5.399116 2.192763 8.104773 -0.014999 -0.636176 1.241535 -496.334671 -512.882335 572.684135
5.305900 1.726307 8.942420 5.305900 1.726307 8.942420 -0.287179 -0.906062 1.533360 -410.934470 -386.737604 400.066784
5.067643 1.122252 9.922112 5.067643 1.122252 9.922112 -0.493648 -1.092132 1.711723 -277.293062 -233.495123 194.475203
4.730086 0.436063 10.970267 4.730086 0.436063 10.970267 -0.617300 -1.176635 1.758985 -134.882429 -48.181449 -36.935720
4.342880 -0.267590 12.004002 4.342880 -0.267590 12.004002 -0.660964 -1.150539 1.661785 -10.661769 135.167388 -287.063993
3.951239 -0.923435 12.937557 3.951239 -0.923435 12.937557 -0.633082 -1.018697 1.430326 103.601283 304.306028 -484.465254
3.594611 -1.473157 13.700086 3.594611 -1.473157 13.700086 -0.548058 -0.802510 1.097335 179.810106 416.318211 -625.504333
3.300221 -1.875483 14.240251 3.300221 -1.875483 14.240251 -0.429773 -0.531508 0.693808 214.474457 487.021587 -719.587154
3.080175 -2.106450 14.525635 3.080175 -2.106450 14.525635 -0.305030 -0.237924 0.255178 201.334044 491.589132 -742.510326
2.930609 -2.164068 14.548764 2.930609 -2.164068 14.548764 -0.198166 0.040282 -0.171958 154.882271 435.765820 -681.276526
2.836337 -2.067551 14.330800 2.836337 -2.067551 14.330800 -0.121494 0.271288 -0.541521 100.689670 334.254430 -550.600923
2.777850 -1.852869 13.916510 2.777850 -1.852869 13.916510 -0.079653 0.430561 -0.823227 38.779010 196.656238 -388.418437
2.733827 -1.567916 13.363678 2.733827 -1.567916 13.363678 -0.072446 0.504641 -1.001182 -14.754861 50.276620 -204.765393
2.686313 -1.264382 12.737978 2.686313 -1.264382 12.737978 -0.088248 0.493308 -1.064709 -37.918392 -88.054365 -6.991141
2.626771 -0.991037 12.107778 2.626771 -0.991037 12.107778 -0.109838 0.406525 -1.019485 -34.047474 -201.222827 157.737247
2.557220 -0.787856 11.531918 2.557220 -0.787856 11.531918 -0.117865 0.263221 -0.887652 7.290229 -276.455234 281.705518
2.492041 -0.680881 11.055180 2.492041 -0.680881 11.055180 -0.092352 0.091371 -0.692896 77.752572 -296.377984 367.483326
2.456065 -0.677443 10.706635 2.456065 -0.677443 10.706635 -0.018502 -0.076641 -0.467178 168.414674 -263.664208 384.907752
2.481028 -0.766887 10.493998 2.481028 -0.766887 10.493998 0.111293 -0.214836 -0.244301 264.235581 -196.983638 358.017626
2.600168 -0.925669 10.407848 2.600168 -0.925669 10.407848 0.293841 -0.305147 -0.049556 344.257800 -104.054087 291.130708
2.841747 -1.120909 10.424499 2.841747 -1.120909 10.424499 0.516940 -0.334689 0.095027 399.403990 5.579300 190.814359
3.224552 -1.313986 10.509527 3.224552 -1.313986 10.509527 0.760322 -0.297677 0.177841 411.871342 117.795097 85.229869
3.752805 -1.466413 10.626283 3.752805 -1.466413 10.626283 0.997061 -0.202120 0.202531 377.258807 200.727866 -2.929257
4.413597 -1.549066 10.743610 4.413597 -1.549066 10.743610 1.196658 -0.069241 0.182453 288.062769 242.201789 -63.995345
5.173595 -1.548162 10.839052 5.173595 -1.548162 10.839052 1.320257 0.070340 0.131504 123.934357 223.070770 -105.836177
5.980035 -1.467822 10.898163 5.980035 -1.467822 10.898163 1.354507 0.194098 0.064298 -9.768521 189.455115 -118.184957
6.790981 -1.317261 10.915469 6.790981 -1.317261 10.915469 1.348646 0.307771 -0.006613 -9.768521 189.455115 -118.184957
