2.749571 -2.560192 -8.359877 2.749571 -2.560192 -8.359877 1.892133 0.532737 1.620448 400.533869 -106.258619 -295.170086
3.956947 -2.259677 -7.440739 3.956947 -2.259677 -7.440739 2.132453 0.468982 1.443346 400.533869 -106.258619 -295.170086
5.300339 -2.004504 -6.632749 5.300339 -2.004504 -6.632749 2.331896 0.369779 1.241811 264.274312 -224.419648 -376.614835
6.733608 -1.830174 -5.957901 6.733608 -1.830174 -5.957901 2.423272 0.199417 1.003603 40.315021 -343.452977 -417.410934
8.182511 -1.777651 -5.428881 8.182511 -1.777651 -5.428881 2.385876 -0.033180 0.763120 -164.968641 -431.869552 -384.198422
9.575616 -1.877076 -5.035680 9.575616 -1.877076 -5.035680 2.243260 -0.301203 0.555023 -310.419776 -461.541124 -309.458580
10.859159 -2.137899 -4.752493 10.859159 -2.137899 -4.752493 2.024324 -0.563250 0.398726 -419.367513 -411.948920 -211.532183
11.994178 -2.544076 -4.543839 11.994178 -2.544076 -4.543839 1.752259 -0.780800 0.309279 -487.515450 -313.217343 -86.623614
12.957656 -3.061332 -4.367968 12.957656 -3.061332 -4.367968 1.459128 -0.930714 0.286786 -489.586645 -186.496624 11.646064
13.748422 -3.642822 -4.190079 13.748422 -3.642822 -4.190079 1.182447 -0.990071 0.312379 -432.682427 -11.357522 73.665760
14.384962 -4.227230 -3.985823 14.384962 -4.227230 -3.985823 0.947609 -0.938489 0.374423 -350.112023 183.294760 133.147649
14.897110 -4.747284 -3.736429 14.897110 -4.747284 -3.736429 0.770556 -0.778283 0.458177 -240.064553 350.727118 146.033230
15.322550 -5.142776 -3.436811 15.322550 -5.142776 -3.436811 0.658108 -0.526109 0.537926 -134.761866 489.851151 119.794015
15.699181 -5.365246 -3.096444 15.699181 -5.365246 -3.096444 0.607370 -0.207088 0.590045 -34.366726 573.551697 53.938282
16.061709 -5.385299 -2.735626 16.061709 -5.385299 -2.735626 0.608209 0.141848 0.607818 37.164678 589.569626 5.304347
16.434769 -5.196170 -2.373328 16.434769 -5.196170 -2.373328 0.637734 0.485079 0.594264 61.253739 554.534267 -50.485872
16.828370 -4.811758 -2.028659 16.828370 -4.811758 -2.028659 0.674160 0.785537 0.549961 60.165383 446.991540 -97.189892
17.241674 -4.269848 -1.717039 17.241674 -4.269848 -1.717039 0.700151 1.004381 0.487333 26.472022 282.489942 -111.568645
17.662905 -3.626964 -1.442291 17.662905 -3.626964 -1.442291 0.697906 1.120912 0.432547 -33.955625 105.945894 -71.051155
18.071782 -2.947087 -1.192186 18.071782 -2.947087 -1.192186 0.658763 1.125777 0.406745 -96.520857 -89.730073 -14.956003
18.446410 -2.298401 -0.945744 18.446410 -2.298401 -0.945744 0.584566 1.018794 0.423205 -150.802995 -266.880637 69.822619
18.768717 -1.743279 -0.671609 18.768717 -1.743279 -0.671609 0.487645 0.818087 0.503317 -172.268873 -402.140860 197.218063
19.030748 -1.329007 -0.327322 19.030748 -1.329007 -0.327322 0.386544 0.555831 0.655633 -164.732219 -472.045546 310.499508
19.235417 -1.082089 0.128059 19.235417 -1.082089 0.128059 0.299678 0.264541 0.872493 -124.821587 -498.921144 412.366806
19.397356 -1.010697 0.729573 19.397356 -1.010697 0.729573 0.247787 -0.022448 1.138875 -48.149543 -457.709713 475.574451
19.543340 -1.100227 1.499294 19.543340 -1.100227 1.499294 0.248791 -0.265440 1.428178 51.498097 -352.263381 488.769628
19.708937 -1.314814 2.442132 19.708937 -1.314814 2.442132 0.314948 -0.436377 1.711207 169.025158 -217.527812 454.660066
19.935694 -1.606636 3.545061 19.935694 -1.606636 3.545061 0.453181 -0.521096 1.955832 291.749109 -64.867751 360.754850
20.265628 -1.920975 4.773578 20.265628 -1.920975 4.773578 0.655788 -0.510045 2.122692 383.608494 101.705918 195.447929
20.730783 -2.200463 6.071377 20.730783 -2.200463 6.071377 0.899115 -0.407861 2.184979 427.483218 238.906685 12.172898
21.346595 -2.397168 7.372553 21.346595 -2.397168 7.372553 1.152585 -0.239473 2.132270 417.416822 322.386214 -187.867098
22.109844 -2.479438 8.605879 22.109844 -2.479438 8.605879 1.385849 -0.029124 1.958448 360.128253 378.775649 -391.540484
22.997699 -2.429345 9.699988 22.997699 -2.429345 9.699988 1.559536 0.195082 1.671112 218.827811 368.578060 -566.245604
23.964330 -2.249477 10.594196 23.964330 -2.249477 10.594196 1.648434 0.398606 1.298686 77.501058 309.836350 -675.175992
24.967341 -1.954543 11.251876 24.967341 -1.954543 11.251876 1.694935 0.584508 0.893580 77.501058 309.836350 -675.175992
