-7.481332 -0.196176 -6.400425 -7.481332 -0.196176 -6.400425 0.072162 -0.786181 -0.622179 230.925109 -123.411493 231.235808
-7.396469 -0.690098 -6.732110 -7.396469 -0.690098 -6.732110 0.210717 -0.860228 -0.483438 230.925109 -123.411493 231.235808
-7.223317 -1.220544 -6.973071 -7.223317 -1.220544 -6.973071 0.375048 -0.894747 -0.307301 316.847378 8.347110 355.887975
-6.938036 -1.746881 -7.085022 -6.938036 -1.746881 -7.085022 0.581256 -0.844695 -0.051922 370.509567 158.494204 495.374590
-6.523192 -2.216379 -7.023131 -6.523192 -2.216379 -7.023131 0.800552 -0.705649 0.264689 360.477997 304.992847 559.994536
-5.980264 -2.577773 -6.764327 -5.980264 -2.577773 -6.764327 1.005397 -0.487169 0.596643 322.338270 423.273147 546.520167
-5.323898 -2.788749 -6.311576 -5.323898 -2.788749 -6.311576 1.174332 -0.207526 0.906509 240.780405 508.871880 486.364896
-4.580701 -2.821235 -5.685962 -4.580701 -2.821235 -5.685962 1.295085 0.099958 1.169144 161.728298 516.072595 389.084197
-3.779506 -2.672129 -4.922586 -3.779506 -2.672129 -4.922586 1.367289 0.390794 1.361868 78.952719 453.382421 253.329438
-2.949146 -2.362179 -4.067858 -2.949146 -2.362179 -4.067858 1.393536 0.632149 1.473908 8.536507 351.134507 120.138706
-2.113268 -1.928624 -3.168685 -2.113268 -1.928624 -3.168685 1.389759 0.798132 1.512004 -21.127254 202.139434 6.845940
-1.283204 -1.423922 -2.265825 -1.283204 -1.423922 -2.265825 1.377138 0.866609 1.488240 -20.942293 26.119717 -86.058806
-0.458594 -0.911083 -1.391726 -0.458594 -0.911083 -1.391726 1.375055 0.823138 1.419833 13.999673 -171.024759 -141.963822
0.372164 -0.458661 -0.566951 0.372164 -0.458661 -0.566951 1.399484 0.667143 1.326800 67.431140 -348.957252 -168.147187
1.228238 -0.128227 0.200417 1.228238 -0.128227 0.200417 1.461169 0.422570 1.233688 138.185670 -466.285126 -142.225174
2.133331 0.036627 0.918856 2.133331 0.036627 0.918856 1.561669 0.119013 1.167485 196.811940 -545.573355 -78.450666
3.108291 0.009764 1.608148 3.108291 0.009764 1.608148 1.692420 -0.208669 1.135025 239.026028 -546.699633 -29.749117
4.167611 -0.211291 2.287012 4.167611 -0.211291 2.287012 1.840053 -0.523925 1.133194 253.084572 -504.154050 23.646715
5.315353 -0.609350 2.974228 5.315353 -0.609350 2.974228 1.982680 -0.791201 1.162595 222.338625 -386.766386 74.355620
6.540292 -1.143130 3.685784 6.540292 -1.143130 3.685784 2.092630 -0.970469 1.210284 144.161878 -210.792591 84.608082
7.815304 -1.752973 4.425972 7.815304 -1.752973 4.425972 2.146551 -1.045039 1.254987 35.573486 -37.774186 64.401580
9.101079 -2.375704 5.186643 9.101079 -2.375704 5.186643 2.125100 -1.012242 1.274061 -107.078020 147.096596 -0.820591
10.347511 -2.945936 5.945728 10.347511 -2.945936 5.945728 2.014088 -0.870807 1.247549 -262.960681 324.355093 -87.554355
11.500370 -3.403513 6.672899 11.500370 -3.403513 6.672899 1.815004 -0.643578 1.167021 -400.652901 433.072710 -180.871169
12.510480 -3.707621 7.334726 12.510480 -3.707621 7.334726 1.540741 -0.363305 1.029355 -513.555699 501.171356 -278.016951
13.338549 -3.834716 7.897725 13.338549 -3.834716 7.897725 1.212925 -0.059213 0.839690 -579.166125 512.468961 -354.199826
13.961954 -3.780883 8.334829 13.961954 -3.780883 8.334829 0.864927 0.233847 0.612403 -580.825834 464.399303 -403.423756
14.380894 -3.563917 8.629745 14.380894 -3.563917 8.629745 0.539096 0.477815 0.370799 -505.278285 348.825995 -401.922178
14.620572 -3.222480 8.783372 14.620572 -3.222480 8.783372 0.271781 0.646908 0.147113 -385.770116 214.817444 -343.696694
14.724404 -2.804350 8.816278 14.724404 -2.804350 8.816278 0.091327 0.732387 -0.026587 -215.745800 70.113601 -235.305989
14.753314 -2.360715 8.767045 14.753314 -2.360715 8.767045 0.026621 0.732368 -0.122398 0.059260 -70.177514 -84.061549
14.782633 -1.941680 8.689277 14.782633 -1.941680 8.689277 0.093336 0.651493 -0.118824 222.326098 -199.407502 95.975195
14.891928 -1.590736 8.646864 14.891928 -1.590736 8.646864 0.293104 0.511553 -0.003212 443.565097 -267.056628 289.397529
15.156456 -1.333315 8.706169 15.156456 -1.333315 8.706169 0.603362 0.344117 0.216131 590.628270 -291.065201 441.744852
15.624786 -1.179237 8.915362 15.624786 -1.179237 8.915362 0.957739 0.169478 0.481178 590.628270 -291.065201 441.744852
