-8.877722 -0.187923 -9.241540 -8.877722 -0.187923 -9.241540 -1.024194 -0.976001 -0.275253 304.557446 -227.076827 133.788721
-9.437418 -0.814398 -9.382610 -9.437418 -0.814398 -9.382610 -0.841459 -1.112247 -0.194980 304.557446 -227.076827 133.788721
-9.877831 -1.513375 -9.467351 -9.877831 -1.513375 -9.467351 -0.610513 -1.202268 -0.073878 465.263302 -72.991924 269.883685
-10.150868 -2.234744 -9.454373 -10.150868 -2.234744 -9.454373 -0.283741 -1.180414 0.131679 623.977320 145.840501 415.307241
-10.204371 -2.905710 -9.293422 -10.204371 -2.905710 -9.293422 0.112778 -1.037751 0.416805 697.752065 329.699619 535.111466
-10.010981 -3.461063 -8.942831 -10.010981 -3.461063 -8.942831 0.532068 -0.800176 0.758814 699.882304 462.217587 604.918952
-9.569562 -3.852479 -8.378088 -9.569562 -3.852479 -8.378088 0.932993 -0.495391 1.124614 636.535124 553.731970 614.415084
-8.902991 -4.048302 -7.595391 -8.902991 -4.048302 -7.595391 1.275910 -0.154449 1.479931 506.519466 582.744335 569.974245
-8.055724 -4.038393 -6.611815 -8.055724 -4.038393 -6.611815 1.532557 0.183616 1.787025 348.972317 544.137262 453.672621
-7.083759 -3.836086 -5.468545 -7.083759 -3.836086 -5.468545 1.690022 0.481063 2.006202 175.909242 447.352578 276.916617
-6.048040 -3.476009 -4.227580 -6.048040 -3.476009 -4.227580 1.745779 0.704052 2.109347 9.946938 295.945874 66.902572
-5.007812 -3.011195 -2.963545 -5.007812 -3.011195 -2.963545 1.706597 0.827184 2.081410 -140.553605 114.492050 -160.025989
-4.014864 -2.504954 -1.756170 -4.014864 -2.504954 -1.756170 1.593713 0.842487 1.922062 -235.725587 -63.482252 -371.135069
-3.104732 -2.020451 -0.680035 -3.104732 -2.020451 -0.680035 1.433955 0.756586 1.647887 -296.800066 -222.852310 -542.780315
-2.298253 -1.613885 0.202908 -2.298253 -1.613885 0.202908 1.253525 0.586513 1.281778 -304.633954 -344.058218 -677.585404
-1.597843 -1.328428 0.847305 -1.597843 -1.328428 0.847305 1.086389 0.357476 0.861703 -252.485814 -419.398889 -722.664061
-0.987175 -1.190583 1.236259 -0.987175 -1.190583 1.236259 0.956306 0.100096 0.438165 -181.125658 -438.533130 -689.128567
-0.441600 -1.207157 1.380439 -0.441600 -1.207157 1.380439 0.869601 -0.151504 0.051309 -107.888135 -400.136519 -600.391472
0.065911 -1.363746 1.313394 0.065911 -1.363746 1.313394 0.830721 -0.359896 -0.257723 -21.714298 -294.503352 -429.715337
0.565335 -1.624907 1.094751 0.565335 -1.624907 1.094751 0.842191 -0.497661 -0.448856 59.949519 -164.711282 -207.393321
1.083349 -1.946047 0.801112 1.083349 -1.946047 0.801112 0.887705 -0.560966 -0.508265 91.764595 -46.307671 9.361589
1.632237 -2.282782 0.510890 1.632237 -2.282782 0.510890 0.941498 -0.547849 -0.437391 87.544630 90.031175 226.885386
2.211804 -2.587446 0.301922 2.211804 -2.587446 0.301922 0.988577 -0.454631 -0.238120 69.385662 220.696086 437.350891
2.814233 -2.816659 0.246212 2.814233 -2.816659 0.246212 1.014176 -0.303010 0.066481 15.941953 284.707292 577.987368
3.421648 -2.946015 0.393943 3.421648 -2.946015 0.393943 1.003940 -0.126168 0.432299 -50.060716 304.765391 641.404050
4.010447 -2.968319 0.769646 4.010447 -2.968319 0.769646 0.951130 0.049384 0.821497 -125.971681 280.411041 655.923443
4.555597 -2.892405 1.377135 4.555597 -2.892405 1.377135 0.861285 0.196681 1.197674 -173.511605 210.576533 597.999330
5.040126 -2.741446 2.196084 5.040126 -2.741446 2.196084 0.752128 0.298260 1.519996 -190.345860 128.021836 476.409674
5.458653 -2.545807 3.184349 5.458653 -2.545807 3.184349 0.645479 0.343264 1.758410 -165.152301 21.991454 318.300833
5.819479 -2.341991 4.286397 5.819479 -2.341991 4.286397 0.562720 0.325954 1.897931 -110.709262 -79.693096 146.771026
6.143275 -2.166275 5.441342 6.143275 -2.166275 5.441342 0.526755 0.250581 1.934832 -9.174529 -171.548138 -23.768640
6.466086 -2.048800 6.589682 6.466086 -2.048800 6.589682 0.563296 0.137678 1.879167 130.978921 -204.796025 -161.781074
6.836238 -2.002299 7.681373 6.836238 -2.002299 7.681373 0.684874 0.018586 1.748652 274.279431 -192.179069 -273.269390
7.304029 -2.023738 8.677755 7.304029 -2.023738 8.677755 0.886925 -0.086711 1.566590 399.226111 -158.809413 -333.603700
7.914881 -2.098716 9.556996 7.914881 -2.098716 9.556996 1.160637 -0.153827 1.363105 513.146493 -64.909991 -344.680609
8.707727 -2.194786 10.316159 8.707727 -2.194786 10.316159 1.489016 -0.153221 1.173012 581.448457 66.929021 -288.962410
9.706194 -2.269370 10.971324 9.706194 -2.269370 10.971324 1.839865 -0.086560 1.016487 588.047556 155.274479 -232.786165
10.915961 -2.293357 11.539314 10.915961 -2.293357 11.539314 2.192693 0.006605 0.876815 588.047556 155.274479 -232.786165
