-10.824925 3.273591 8.231582 -10.824925 3.273591 8.231582 -0.666283 -0.184040 1.509601 686.512832 -76.554103 -327.694139
-11.101122 3.149387 9.078358 -11.101122 3.149387 9.078358 -0.254376 -0.229973 1.312984 686.512832 -76.554103 -327.694139
-11.125741 3.006525 9.797746 -11.125741 3.006525 9.797746 0.179705 -0.231399 1.069281 760.422808 71.799514 -484.650702
-10.879029 2.890011 10.341030 -10.879029 2.890011 10.341030 0.646024 -0.141315 0.723255 793.972448 228.481298 -668.768783
-10.351862 2.852982 10.648884 -10.351862 2.852982 10.648884 1.105595 0.028944 0.293387 737.933517 339.049471 -764.124329
-9.563278 2.936853 10.686396 -9.563278 2.936853 10.686396 1.510346 0.259750 -0.169975 611.235723 430.303747 -780.416523
-8.558185 3.172349 10.447423 -8.558185 3.172349 10.447423 1.821405 0.528888 -0.620792 425.625914 466.820815 -722.306269
-7.402412 3.571859 9.953664 -7.402412 3.571859 9.953664 2.008366 0.799726 -1.010516 197.577624 435.973225 -576.774589
-6.175169 4.124904 9.254338 -6.175169 4.124904 9.254338 2.060211 1.034983 -1.302565 -24.758995 348.215782 -396.721658
-4.956558 4.800326 8.413927 -4.956558 4.800326 8.413927 1.980059 1.202681 -1.477912 -242.416472 210.778998 -187.767784
-3.823718 5.550170 7.507474 -3.823718 5.550170 7.507474 1.776808 1.280623 -1.520111 -435.084532 49.028356 47.103932
-2.842482 6.315440 6.616042 -2.842482 6.315440 6.616042 1.483087 1.250396 -1.431068 -543.986529 -149.787640 249.706818
-2.052927 7.028072 5.811804 -2.052927 7.028072 5.811804 1.144798 1.107306 -1.233965 -583.643245 -327.177276 407.301106
-1.471451 7.625121 5.151520 -1.471451 7.625121 5.151520 0.792875 0.868784 -0.955679 -589.434309 -467.895114 520.318750
-1.096874 8.056156 4.674923 -1.096874 8.056156 4.674923 0.463968 0.557976 -0.627724 -506.921274 -568.131415 572.866465
-0.899520 8.287934 4.398972 -0.899520 8.287934 4.398972 0.210908 0.213374 -0.296167 -336.612999 -580.543164 532.321590
-0.826108 8.312572 4.312807 -0.826108 8.312572 4.312807 0.046229 -0.129396 0.001814 -212.317691 -562.023097 460.949857
-0.836588 8.133770 4.396866 -0.836588 8.133770 4.396866 -0.081162 -0.466610 0.278384 -212.317691 -562.023097 460.949857
