-8.239901 -1.801537 6.688852 -8.239901 -1.801537 6.688852 1.981674 -0.930888 0.335269 -447.470447 -153.499450 466.217741
-7.131441 -2.387700 6.973932 -7.131441 -2.387700 6.973932 1.713192 -1.022987 0.614999 -447.470447 -153.499450 466.217741
-6.191063 -3.020395 7.419982 -6.191063 -3.020395 7.419982 1.409746 -1.071449 0.860382 -564.014052 -8.040820 351.726474
-5.452950 -3.652174 7.991446 -5.452950 -3.652174 7.991446 1.040278 -1.013583 1.031038 -667.547993 200.928570 217.124910
-4.949993 -4.214644 8.640608 -4.949993 -4.214644 8.640608 0.634495 -0.845464 1.118598 -685.061638 359.469033 74.742889
-4.689095 -4.648851 9.316615 -4.689095 -4.648851 9.316615 0.241019 -0.587948 1.120417 -626.526509 498.915374 -68.678848
-4.649400 -4.907716 9.970559 -4.649400 -4.907716 9.970559 -0.095608 -0.268101 1.049487 -495.560277 567.243867 -167.757351
-4.784300 -4.965736 10.565837 -4.784300 -4.965736 10.565837 -0.334613 0.075926 0.927744 -301.124985 579.510297 -238.050733
-5.027031 -4.818640 11.077164 -5.027031 -4.818640 11.077164 -0.454092 0.409778 0.772562 -97.138393 533.331453 -279.224480
-5.304903 -4.483439 11.491216 -5.304903 -4.483439 11.491216 -0.452035 0.696449 0.608905 103.994847 422.239150 -266.296803
-5.545921 -3.999180 11.812164 -5.545921 -3.999180 11.812164 -0.332217 0.901724 0.466820 295.399315 262.008661 -207.321500
-5.682453 -3.422358 12.059177 -5.682453 -3.422358 12.059177 -0.106849 1.002061 0.363620 455.825455 72.447965 -136.676179
-5.659061 -2.819932 12.255835 -5.659061 -2.819932 12.255835 0.193915 0.986273 0.297051 546.721870 -125.073648 -85.221203
-5.442896 -2.260770 12.422297 -5.442896 -2.260770 12.422297 0.528979 0.860787 0.263775 570.158241 -293.211211 -25.699649
-5.024522 -1.804381 12.577950 -5.024522 -1.804381 12.577950 0.862862 0.648332 0.258424 542.785047 -414.974386 7.863089
-4.413445 -1.495059 12.734230 -4.413445 -1.495059 12.734230 1.166830 0.374442 0.262196 470.442639 -497.990933 4.709852
-3.635829 -1.360993 12.891193 -3.635829 -1.360993 12.891193 1.413287 0.070842 0.259009 351.081397 -514.010258 -15.333482
-2.732666 -1.407612 13.039421 -2.732666 -1.407612 13.039421 1.583915 -0.220576 0.227722 217.676593 -457.381529 -88.954735
-1.750744 -1.616032 13.154639 -1.750744 -1.616032 13.154639 1.676479 -0.463735 0.147335 90.872055 -353.148367 -179.003794
-0.735289 -1.949092 13.206353 -0.735289 -1.949092 13.206353 1.697051 -0.631888 0.017599 -22.300490 -207.363383 -253.448776
0.274677 -2.355226 13.166474 0.274677 -2.355226 13.166474 1.662422 -0.704681 -0.158559 -93.128195 -35.279195 -333.743284
1.252636 -2.775259 13.009334 1.252636 -2.775259 13.009334 1.592887 -0.680220 -0.368458 -138.654888 116.816890 -365.919486
2.183409 -3.154301 12.721681 2.183409 -3.154301 12.721681 1.509690 -0.569816 -0.591575 -138.670467 251.194997 -377.805323
3.066854 -3.445154 12.301072 3.066854 -3.445154 12.301072 1.439447 -0.389990 -0.806551 -95.470552 348.224266 -338.780538
3.916963 -3.613436 11.763181 3.916963 -3.613436 11.763181 1.400290 -0.165898 -0.974723 -35.053968 398.748863 -221.794837
4.754065 -3.641492 11.146722 4.754065 -3.641492 11.146722 1.395447 0.071895 -1.066307 18.911261 393.896630 -83.485093
5.597695 -3.531021 10.501346 5.597695 -3.531021 10.501346 1.421581 0.290391 -1.069222 68.202656 334.422318 73.768323
6.465165 -3.302986 9.883404 6.465165 -3.302986 9.883404 1.473728 0.459068 -0.973394 105.620793 227.836143 245.658432
7.367800 -2.993384 9.353983 7.367800 -2.993384 9.353983 1.534030 0.561522 -0.774013 95.383826 113.674747 418.945919
8.303311 -2.642796 8.973014 8.303311 -2.642796 8.973014 1.580882 0.595795 -0.482502 60.790587 0.570619 552.758300
9.258980 -2.291343 8.786813 9.258980 -2.291343 8.786813 1.598342 0.565504 -0.131833 -2.589092 -101.543107 616.138084
10.211721 -1.974987 8.819074 10.211721 -1.974987 8.819074 1.567796 0.481236 0.240132 -99.232636 -179.350427 623.745325
11.128087 -1.720598 9.071994 11.128087 -1.720598 9.071994 1.476010 0.363279 0.597211 -206.721758 -213.837907 566.517316
11.971246 -1.539674 9.524906 11.971246 -1.539674 9.524906 1.325791 0.242213 0.900184 -294.005766 -189.714812 443.393421
12.709864 -1.425300 10.133456 12.709864 -1.425300 10.133456 1.129713 0.144359 1.109365 -359.590063 -136.465858 253.875863
13.321581 -1.358168 10.831013 13.321581 -1.358168 10.831013 0.907036 0.087880 1.192888 -382.664440 -51.796310 24.532886
13.798100 -1.307979 11.537860 13.798100 -1.307979 11.537860 0.683321 0.090725 1.141101 -363.054272 61.278541 -197.153609
14.147441 -1.236513 12.173829 14.147441 -1.236513 12.173829 0.488980 0.157495 0.956788 -284.749057 161.287659 -417.225504
14.397328 -1.107943 12.661898 14.397328 -1.107943 12.661898 0.356901 0.279471 0.651938 -155.513921 245.300340 -598.939080
14.593187 -0.893078 12.938635 14.593187 -0.893078 12.938635 0.312149 0.441796 0.259491 6.341444 295.781255 -709.219206
14.793435 -0.575663 12.964804 14.793435 -0.575663 12.964804 0.375035 0.614750 -0.175370 203.279610 280.731821 -740.317756
15.064558 -0.158226 12.727325 15.064558 -0.158226 12.727325 0.544562 0.773464 -0.614560 361.810502 248.316994 -723.648635
15.456421 0.350550 12.228332 15.456421 0.350550 12.228332 0.761649 0.922455 -1.048749 361.810502 248.316994 -723.648635
