-8.369744 -3.254846 0.454791 -8.369744 -3.254846 0.454791 -0.772179 -0.275126 -1.649336 149.457223 216.948542 134.718761
-8.806150 -3.380870 -0.510561 -8.806150 -3.380870 -0.510561 -0.682505 -0.144957 -1.568504 149.457223 216.948542 134.718761
-9.178702 -3.427140 -1.416799 -9.178702 -3.427140 -1.416799 -0.542588 -0.006517 -1.434601 316.933523 244.514993 311.627090
-9.436162 -3.387022 -2.208889 -9.436162 -3.387022 -2.208889 -0.297208 0.140267 -1.184738 500.998242 244.768232 521.249170
-9.516433 -3.263000 -2.817199 -9.516433 -3.263000 -2.817199 0.042764 0.266147 -0.828446 632.241347 174.828772 666.390294
-9.372607 -3.078396 -3.189632 -9.372607 -3.078396 -3.189632 0.443929 0.338276 -0.405190 704.977950 65.604019 744.463229
-8.978855 -2.870609 -3.298356 -8.978855 -2.870609 -3.298356 0.869409 0.342702 0.043420 713.287023 -50.851410 750.901421
-8.332815 -2.680825 -3.142655 -8.332815 -2.680825 -3.142655 1.277395 0.278771 0.466396 646.668142 -162.252649 659.019071
-7.457404 -2.549248 -2.752480 -7.457404 -2.549248 -2.752480 1.628264 0.149016 0.820375 522.894860 -270.264113 520.910643
-6.398128 -2.512421 -2.177883 -6.398128 -2.512421 -2.177883 1.882981 -0.032814 1.075963 326.161700 -335.834995 331.049252
-5.223195 -2.594078 -1.486644 -5.223195 -2.594078 -1.486644 2.010855 -0.241909 1.204956 100.082341 -361.150626 98.926889
-4.012088 -2.802733 -0.760305 -4.012088 -2.802733 -0.760305 2.003803 -0.451110 1.192106 -123.587637 -336.184426 -141.758307
-2.845451 -3.128412 -0.083282 -2.845451 -3.128412 -0.083282 1.862652 -0.625321 1.043431 -346.914259 -244.518143 -353.825948
-1.801840 -3.539967 0.470004 -1.801840 -3.539967 0.470004 1.596828 -0.733778 0.785715 -539.168704 -117.004590 -505.227950
-0.947244 -3.991911 0.844344 -0.947244 -3.991911 0.844344 1.241073 -0.757064 0.451840 -646.680093 39.383030 -607.685914
-0.321563 -4.429010 1.003423 -0.321563 -4.429010 1.003423 0.840265 -0.683183 0.074017 -689.344521 206.888346 -651.725280
0.059827 -4.792708 0.933161 0.059827 -4.792708 0.933161 0.433224 -0.514189 -0.303827 -667.461179 356.423011 -607.754484
0.206096 -5.029384 0.647365 0.206096 -5.029384 0.647365 0.065131 -0.261929 -0.638995 -559.514017 484.443208 -509.474479
0.154520 -5.094937 0.181199 0.154520 -5.094937 0.181199 -0.220286 0.050760 -0.900000 -391.877118 557.854761 -360.540780
-0.036306 -4.963905 -0.412747 -0.036306 -4.963905 -0.412747 -0.395995 0.386286 -1.061567 -193.819618 560.566695 -178.014867
-0.295995 -4.634821 -1.070490 -0.295995 -4.634821 -1.070490 -0.448309 0.704675 -1.112178 19.440717 500.729826 9.311547
-0.548686 -4.128978 -1.726698 -0.548686 -4.128978 -1.726698 -0.372667 0.969645 -1.059475 232.697277 382.503717 166.363696
-0.720139 -3.487561 -2.325132 -0.720139 -3.487561 -2.325132 -0.181743 1.153044 -0.923129 403.718273 228.824032 288.123797
-0.749443 -2.766155 -2.821607 -0.749443 -2.766155 -2.821607 0.095853 1.232294 -0.722557 521.602464 35.343139 380.448461
-0.594022 -2.032028 -3.185443 -0.594022 -2.032028 -3.185443 0.428916 1.195447 -0.488200 588.606094 -158.167279 400.743730
-0.230718 -1.353056 -3.407234 -0.230718 -1.353056 -3.407234 0.782107 1.051416 -0.252777 588.696438 -321.934201 383.998611
0.341222 -0.788121 -3.492672 0.341222 -0.788121 -3.492672 1.118876 0.818422 -0.036836 533.867042 -454.714395 335.804209
1.101620 -0.383936 -3.459543 1.101620 -0.383936 -3.459543 1.404076 0.520494 0.138573 416.801438 -538.376273 248.891114
2.011094 -0.168377 -3.337640 2.011094 -0.168377 -3.337640 1.614178 0.198322 0.257703 283.537974 -535.533069 148.211005
3.022789 -0.142320 -3.161288 3.022789 -0.142320 -3.161288 1.745060 -0.105702 0.321894 152.736118 -477.879768 65.759201
4.089027 -0.285623 -2.959629 4.089027 -0.285623 -2.959629 1.795247 -0.361742 0.344778 14.552124 -375.587535 10.520756
5.163192 -0.559700 -2.752052 5.163192 -0.559700 -2.752052 1.775963 -0.534228 0.345171 -78.832042 -199.366199 -9.212882
6.211685 -0.906161 -2.546348 6.211685 -0.906161 -2.546348 1.714190 -0.604038 0.340942 -127.076184 -33.333214 -4.881035
7.217326 -1.274584 -2.342661 7.217326 -1.274584 -2.342661 1.637945 -0.624038 0.338014 -127.076184 -33.333214 -4.881035
