2.837970 4.913048 9.572332 2.837970 4.913048 9.572332 0.523429 0.285175 0.031291 -520.481918 -238.649146 -34.759520
3.058341 5.041196 9.584850 3.058341 5.041196 9.584850 0.211140 0.141986 0.010435 -520.481918 -238.649146 -34.759520
3.088003 5.084563 9.580998 3.088003 5.084563 9.580998 -0.117822 0.004456 -0.029704 -576.057766 -219.782086 -99.036588
2.912339 5.051177 9.541862 2.912339 5.051177 9.541862 -0.469860 -0.109909 -0.106559 -597.400056 -161.434494 -157.145984
2.527031 4.962881 9.445501 2.527031 4.962881 9.445501 -0.807602 -0.173230 -0.221543 -528.408261 -49.637172 -226.134125
1.954455 4.857865 9.270605 1.954455 4.857865 9.270605 -1.089149 -0.163730 -0.363554 -410.082804 81.305338 -247.237603
1.238115 4.780243 9.008288 1.238115 4.780243 9.008288 -1.280381 -0.085042 -0.510309 -227.354080 180.988111 -241.944504
0.442295 4.768417 8.661352 0.442295 4.768417 8.661352 -1.350132 0.056657 -0.641477 -5.151042 291.340212 -195.281921
-0.354372 4.856371 8.247036 -0.354372 4.856371 8.247036 -1.281522 0.239051 -0.730043 233.852856 316.641382 -99.939119
-1.070164 5.058616 7.797799 -1.070164 5.058616 7.797799 -1.086077 0.438131 -0.756117 417.629806 346.955804 13.027216
-1.646637 5.383946 7.346474 -1.646637 5.383946 7.346474 -0.835499 0.646304 -0.748300 417.629806 346.955804 13.027216
