7.374149 -1.507032 -3.932915 7.374149 -1.507032 -3.932915 -0.002685 -0.202114 1.217277 -175.523497 -488.875594 -507.270346
7.340944 -1.716298 -3.293858 7.340944 -1.716298 -3.293858 -0.107999 -0.495439 0.912915 -175.523497 -488.875594 -507.270346
7.242400 -2.095867 -2.842670 7.242400 -2.095867 -2.842670 -0.224069 -0.760305 0.582291 -211.375558 -394.008678 -594.808119
7.070457 -2.613347 -2.605456 7.070457 -2.613347 -2.605456 -0.348163 -0.948587 0.199931 -202.273254 -233.597945 -679.725293
6.827279 -3.213453 -2.607230 6.827279 -3.213453 -2.607230 -0.458880 -1.033277 -0.204813 -166.782060 -48.702467 -669.420064
6.526000 -3.831146 -2.844300 6.526000 -3.831146 -2.844300 -0.538604 -1.007302 -0.574898 -98.964934 135.284206 -564.198428
6.191979 -4.400930 -3.282162 6.191979 -4.400930 -3.282162 -0.563205 -0.874900 -0.870257 16.962662 306.055124 -420.331304
5.865313 -4.863636 -3.869623 5.865313 -4.863636 -3.869623 -0.512012 -0.655545 -1.070690 153.678733 425.128466 -247.776898
5.593977 -5.175806 -4.544290 5.593977 -5.175806 -4.544290 -0.378758 -0.377299 -1.157621 290.501566 502.359527 -41.993127
5.426089 -5.311208 -5.234719 5.426089 -5.311208 -5.234719 -0.169077 -0.073122 -1.124309 408.434428 511.563177 153.030443
5.403245 -5.265767 -5.872643 5.403245 -5.265767 -5.872643 0.101407 0.219982 -0.986911 493.179595 465.449044 304.963786
5.554305 -5.056413 -6.402941 5.554305 -5.056413 -6.402941 0.404533 0.467172 -0.769154 517.239834 358.519281 420.892366
5.889113 -4.719294 -6.784550 5.889113 -4.719294 -6.784550 0.709801 0.643695 -0.496006 500.322677 229.891139 489.601082
6.400154 -4.301033 -6.994353 6.400154 -4.301033 -6.994353 0.985504 0.734949 -0.203879 418.685336 74.287012 484.155577
7.056657 -3.855035 -7.032515 7.056657 -3.855035 -7.032515 1.185905 0.737803 0.071699 249.318715 -64.772017 434.440047
7.802817 -3.430929 -6.915996 7.802817 -3.430929 -6.915996 1.284192 0.664358 0.308866 78.304037 -180.046883 356.114258
8.574846 -3.069718 -6.672905 8.574846 -3.069718 -6.672905 1.268270 0.531353 0.490889 -131.376971 -263.302820 250.630714
9.299363 -2.799811 -6.340026 9.299363 -2.799811 -6.340026 1.125460 0.365819 0.607425 -344.657542 -288.476003 137.820295
9.901633 -2.631450 -5.957115 9.901633 -2.631450 -5.957115 0.863827 0.196714 0.658363 -527.452032 -275.208322 31.975768
10.316630 -2.559167 -5.559999 10.316630 -2.559167 -5.559999 0.505567 0.050546 0.659261 -666.745900 -212.016173 -28.984000
10.496768 -2.561490 -5.171009 10.496768 -2.561490 -5.171009 0.089577 -0.049103 0.635123 -719.888778 -120.147451 -51.476912
10.420940 -2.605390 -4.800064 10.420940 -2.605390 -4.800064 -0.342329 -0.085247 0.599920 -719.798512 -0.331827 -65.865190
10.090936 -2.649978 -4.449931 10.090936 -2.649978 -4.449931 -0.749418 -0.052348 0.570587 -637.164156 109.994140 -31.911350
9.535837 -2.657278 -4.108780 9.535837 -2.657278 -4.108780 -1.085511 0.035196 0.574154 -483.144783 181.817084 43.800306
8.810167 -2.600121 -3.753322 8.810167 -2.600121 -3.753322 -1.312388 0.160851 0.615841 -273.112950 237.035240 95.156635
7.987348 -2.460241 -3.364460 7.987348 -2.460241 -3.364460 -1.407386 0.306584 0.684082 -43.546734 248.741418 132.313410
7.149181 -2.233876 -2.927414 7.149181 -2.233876 -2.927414 -1.362999 0.444036 0.777372 191.502078 209.429637 178.653990
6.378978 -1.934737 -2.428899 6.378978 -1.934737 -2.428899 -1.182466 0.544795 0.884236 410.274615 126.434543 177.558987
5.753232 -1.591612 -1.869661 5.753232 -1.591612 -1.869661 -0.886881 0.588105 0.974449 575.010718 17.932526 123.150120
5.330601 -1.242001 -1.267738 5.330601 -1.242001 -1.267738 -0.511895 0.566464 1.023774 674.941608 -90.068795 41.268767
5.147071 -0.924149 -0.652319 5.147071 -0.924149 -0.652319 -0.096345 0.483351 1.017166 710.223554 -186.973893 -63.297348
5.214402 -0.673120 -0.060462 5.214402 -0.673120 -0.060462 0.316282 0.344538 0.943945 665.199970 -275.736211 -180.772912
5.517579 -0.518554 0.466861 5.517579 -0.518554 0.466861 0.683762 0.166472 0.802958 559.735678 -317.818516 -289.182494
6.019694 -0.474902 0.890791 6.019694 -0.474902 0.890791 0.975129 -0.019337 0.600488 411.485083 -301.543666 -385.718728
6.667708 -0.536459 1.178672 6.667708 -0.536459 1.178672 1.166364 -0.178646 0.354144 225.967676 -229.487123 -435.426362
7.397773 -0.679073 1.312330 7.397773 -0.679073 1.312330 1.249810 -0.286935 0.090631 52.183432 -131.476199 -442.949453
8.147325 -0.866386 1.291140 8.147325 -0.866386 1.291140 1.232485 -0.323249 -0.154330 -109.932742 10.428525 -373.587459
8.858992 -1.049232 1.138626 8.858992 -1.049232 1.138626 1.126345 -0.270862 -0.341833 -243.868487 164.196128 -251.423058
9.485967 -1.173429 0.897106 9.485967 -1.173429 0.897106 0.955346 -0.128519 -0.448507 -326.125403 310.282126 -104.158124
9.998756 -1.187635 0.621127 9.998756 -1.187635 0.621127 0.751089 0.092925 -0.451635 -354.734093 427.861449 93.731686
10.386980 -1.050437 0.379980 10.386980 -1.050437 0.379980 0.545361 0.371780 -0.330584 -331.024301 501.655343 309.771284
10.658827 -0.735864 0.247978 10.658827 -0.735864 0.247978 0.367823 0.678808 -0.091772 -260.770243 521.774336 486.267865
10.837240 -0.237572 0.289298 10.837240 -0.237572 0.289298 0.234651 0.977315 0.244265 -183.135676 473.247173 633.858488
10.951333 0.427282 0.556087 10.951333 0.427282 0.556087 0.156105 1.227662 0.655255 -78.684429 361.242240 736.107864
11.036185 1.219176 1.081777 11.036185 1.219176 1.081777 0.135656 1.395778 1.097109 10.520576 199.143734 736.738447
11.123831 2.083024 1.869747 11.123831 2.083024 1.869747 0.163760 1.467939 1.524608 83.161256 41.394691 688.259048
11.237056 2.971238 2.908399 11.237056 2.971238 2.908399 0.213657 1.492776 1.937564 83.161256 41.394691 688.259048
