-0.724141 -6.141541 -3.265602 -0.724141 -6.141541 -3.265602 0.980270 -0.115397 -0.202928 49.442278 516.303305 -611.957634
-0.127080 -6.117845 -3.497511 -0.127080 -6.117845 -3.497511 1.009935 0.194385 -0.570102 49.442278 516.303305 -611.957634
0.489958 -5.908704 -3.945672 0.489958 -5.908704 -3.945672 1.050483 0.502044 -0.917013 85.718656 509.228846 -544.411801
1.136837 -5.521819 -4.585847 1.136837 -5.521819 -4.585847 1.107715 0.777567 -1.203526 105.054958 409.179554 -410.630354
1.818242 -4.990269 -5.370381 1.818242 -4.990269 -5.370381 1.160079 0.979864 -1.392428 69.489460 265.144084 -219.044718
2.524534 -4.365447 -6.230943 2.524534 -4.365447 -6.230943 1.190457 1.084841 -1.452241 31.772468 84.779632 19.669250
3.240626 -3.710320 -7.084809 3.240626 -3.710320 -7.084809 1.190013 1.080516 -1.370752 -33.252823 -99.197622 251.960772
3.945097 -3.090297 -7.849368 3.945097 -3.090297 -7.849368 1.152303 0.968844 -1.156879 -92.446635 -273.041347 460.947017
4.616215 -2.567412 -8.450088 4.616215 -2.567412 -8.450088 1.078719 0.758649 -0.828126 -152.834274 -427.609813 634.896940
5.236274 -2.195232 -8.825565 5.236274 -2.195232 -8.825565 0.988707 0.471885 -0.411599 -147.204294 -528.269148 753.525861
5.804688 -2.008111 -8.934596 5.804688 -2.008111 -8.934596 0.908818 0.150318 0.051987 -119.092825 -543.620701 791.761395
6.333015 -2.013808 -8.763758 6.333015 -2.013808 -8.763758 0.859722 -0.166034 0.512688 -44.560326 -510.886985 743.909360
6.845064 -2.200481 -8.329020 6.845064 -2.200481 -8.329020 0.854172 -0.448031 0.925142 26.059961 -429.101043 630.937967
7.369535 -2.537127 -7.670367 7.369535 -2.537127 -7.670367 0.906191 -0.658435 1.253697 147.336657 -272.247860 464.244446
7.948457 -2.968566 -6.848182 7.948457 -2.968566 -6.848182 1.038024 -0.758654 1.464257 292.106995 -61.812453 237.624200
8.629373 -3.425805 -5.938528 8.629373 -3.425805 -5.938528 1.240901 -0.750341 1.548471 384.147359 89.521103 43.086486
9.443060 -3.859896 -5.001690 9.443060 -3.859896 -5.001690 1.471389 -0.696628 1.574323 384.147359 89.521103 43.086486
