-8.776941 -5.935118 9.632686 -8.776941 -5.935118 9.632686 -0.376057 0.343171 2.004744 257.530302 406.815204 -564.042377
-8.956220 -5.655989 10.734005 -8.956220 -5.655989 10.734005 -0.221539 0.587260 1.666319 257.530302 406.815204 -564.042377
-9.038502 -5.234779 11.625872 -9.038502 -5.234779 11.625872 -0.045589 0.809481 1.295910 328.969363 333.921572 -670.652109
-9.004594 -4.695261 12.276929 -9.004594 -4.695261 12.276929 0.162026 0.978456 0.864659 363.081548 229.327694 -766.852764
-8.843442 -4.075514 12.656643 -8.843442 -4.075514 12.656643 0.372781 1.073021 0.399308 339.432642 85.888146 -784.316898
-8.561998 -3.427079 12.759490 -8.561998 -3.427079 12.759490 0.559829 1.070369 -0.049088 284.063247 -94.726062 -710.334879
-8.180178 -2.810928 12.611231 -8.180178 -2.810928 12.611231 0.704224 0.968432 -0.430016 197.250992 -245.065011 -559.426315
-7.726955 -2.282107 12.263749 -7.726955 -2.282107 12.263749 0.798491 0.780761 -0.709550 116.974464 -380.503277 -372.354013
-7.230112 -1.888767 11.783769 -7.230112 -1.888767 11.783769 0.852141 0.519329 -0.869096 61.857230 -490.938591 -159.465689
-6.710348 -1.667820 11.246127 -6.710348 -1.667820 11.246127 0.875981 0.213360 -0.902180 17.610831 -528.957326 49.184453
-6.182608 -1.632557 10.725523 -6.182608 -1.632557 10.725523 0.881457 -0.091719 -0.813414 0.643428 -487.973781 246.702875
-5.652886 -1.770532 10.290524 -5.652886 -1.770532 10.290524 0.885500 -0.360046 -0.622174 12.830539 -406.449137 390.763346
-5.115624 -2.051109 9.993169 -5.115624 -2.051109 9.993169 0.911466 -0.560854 -0.359658 73.724180 -262.912135 484.289594
-4.550914 -2.423747 9.865772 -4.550914 -2.423747 9.865772 0.978497 -0.662609 -0.062955 149.712528 -76.270608 504.722994
-3.933065 -2.824363 9.916796 -3.933065 -2.824363 9.916796 1.087340 -0.654983 0.229612 213.095881 101.690542 470.499586
-3.239037 -3.188010 10.133967 -3.239037 -3.188010 10.133967 1.231529 -0.538775 0.485481 267.535314 285.670505 382.397490
-2.449286 -3.449769 10.486830 -2.449286 -3.449769 10.486830 1.405440 -0.316944 0.678632 312.167433 453.766924 261.438433
-1.550571 -3.552628 10.933388 -1.550571 -3.552628 10.933388 1.589046 -0.016540 0.797096 299.852055 547.580364 133.440999
-0.547183 -3.462371 11.426962 -0.547183 -3.462371 11.426962 1.748890 0.320089 0.833646 232.962547 574.516338 -11.606880
0.538857 -3.168609 11.918665 0.538857 -3.168609 11.918665 1.862534 0.656277 0.794703 145.852059 546.109796 -118.204363
1.675255 -2.681237 12.369094 1.675255 -2.681237 12.369094 1.913165 0.960472 0.698200 22.917396 467.873240 -203.472660
2.817415 -2.029366 12.749604 2.817415 -2.029366 12.749604 1.877594 1.198050 0.567193 -141.486975 324.051507 -233.217776
3.909171 -1.263020 13.048293 3.909171 -1.263020 13.048293 1.746036 1.338413 0.429027 -297.041020 143.827002 -227.334264
4.895866 -0.444317 13.266172 4.895866 -0.444317 13.266172 1.530516 1.373542 0.299541 -421.358488 -26.729582 -204.286429
5.731732 0.364414 13.413202 5.731732 0.364414 13.413202 1.244708 1.304591 0.197356 -531.334430 -203.109405 -136.329536
6.380531 1.103314 13.511620 6.380531 1.103314 13.511620 0.913977 1.146250 0.138277 -571.103677 -324.693355 -60.600185
6.828223 1.728384 13.586925 6.828223 1.728384 13.586925 0.581838 0.930260 0.118152 -536.025382 -395.273605 -6.483162
7.085840 2.213033 13.658034 7.085840 2.213033 13.658034 0.285216 0.681306 0.121184 -452.713706 -434.571077 16.588759
7.183847 2.544967 13.734113 7.183847 2.544967 13.734113 0.055417 0.427429 0.133053 -313.282327 -411.686831 22.975235
7.173406 2.732965 13.817101 7.173406 2.732965 13.817101 -0.069056 0.208638 0.141939 -101.629035 -317.614944 6.646710
7.126623 2.808382 13.899622 7.126623 2.808382 13.899622 -0.065316 0.055091 0.126731 114.096985 -194.211486 -57.341295
7.120896 2.814147 13.959739 7.120896 2.814147 13.959739 0.067770 -0.023094 0.064323 329.520560 -66.402056 -150.684167
7.232673 2.796018 13.965659 7.232673 2.796018 13.965659 0.324489 -0.024538 -0.053837 526.209528 61.586708 -243.183768
7.531455 2.799029 13.885111 7.531455 2.799029 13.885111 0.687066 0.045659 -0.222114 682.382918 172.404679 -317.739588
8.071026 2.861550 13.690792 8.071026 2.861550 13.690792 1.119008 0.169561 -0.432044 757.421250 240.600942 -382.028215
8.878744 3.007777 13.361630 8.878744 3.007777 13.361630 1.573351 0.319833 -0.667111 757.055727 260.306324 -401.528772
9.954811 3.245742 12.891394 9.954811 3.245742 12.891394 2.006514 0.472067 -0.896500 686.820323 247.140300 -363.100420
11.273750 3.570048 12.293124 11.273750 3.570048 12.293124 2.375624 0.603254 -1.089420 543.548799 190.150031 -279.964306
12.785140 3.960383 11.596346 12.785140 3.960383 11.596346 2.642635 0.688122 -1.221063 346.486945 92.741864 -158.846222
14.419828 4.383213 10.845273 14.419828 4.383213 10.845273 2.784224 0.710082 -1.265586 125.476692 -19.541479 10.436467
16.098786 4.799670 10.098858 16.098786 4.799670 10.098858 2.788700 0.667986 -1.204035 -110.557660 -120.777966 194.730585
17.739274 5.174515 9.422674 17.739274 5.174515 9.422674 2.658206 0.574485 -1.031267 -324.421920 -190.891932 381.165389
19.265557 5.481516 8.881415 19.265557 5.481516 8.881415 2.412332 0.443305 -0.758112 -495.159564 -246.376114 529.349523
20.617762 5.703287 8.527486 20.617762 5.703287 8.527486 2.084907 0.296157 -0.412223 -596.254168 -244.117482 623.613062
21.759143 5.840187 8.394586 21.759143 5.840187 8.394586 1.715965 0.165424 -0.027139 -633.554841 -191.658361 660.001292
22.676610 5.910648 8.494462 22.676610 5.910648 8.494462 1.345473 0.078952 0.355657 -601.417105 -96.582743 615.984368
23.380369 5.946346 8.814620 23.380369 5.946346 8.814620 1.008275 0.049561 0.704683 -522.578279 -1.386032 547.437553
23.891270 5.975833 9.335969 23.891270 5.975833 9.335969 0.694728 0.048729 1.033146 -522.578279 -1.386032 547.437553
