1.810912 4.975297 7.606649 1.810912 4.975297 7.606649 -1.053794 0.288554 0.201653 -282.617487 -211.842810 -273.509525
1.127764 5.110298 7.678410 1.127764 5.110298 7.678410 -1.223365 0.161449 0.037547 -282.617487 -211.842810 -273.509525
0.352665 5.166435 7.654910 0.352665 5.166435 7.654910 -1.343978 0.021341 -0.110540 -119.426179 -255.180896 -220.114255
-0.459851 5.134739 7.554354 -0.459851 5.134739 7.554354 -1.338799 -0.124607 -0.215665 136.688666 -231.313277 -130.303801
-1.224939 5.021897 7.406497 -1.224939 5.021897 7.406497 -1.188848 -0.245600 -0.268867 363.148694 -171.998446 -47.035910
-1.862202 4.848696 7.240137 -1.862202 4.848696 7.240137 -0.917562 -0.323205 -0.279952 541.139637 -86.684223 10.086800
-2.307001 4.646901 7.074521 -2.307001 4.646901 7.074521 -0.551215 -0.336559 -0.271203 680.014593 42.169892 19.074519
-2.510140 4.459435 6.915024 -2.510140 4.459435 6.915024 -0.117270 -0.276863 -0.260803 766.469419 156.819111 15.593669
-2.443571 4.327059 6.759117 -2.443571 4.327059 6.759117 0.337446 -0.155200 -0.262607 749.249089 248.723698 -21.605959
-2.111230 4.283181 6.593757 -2.111230 4.283181 6.593757 0.762040 0.016388 -0.295104 666.064632 323.235900 -86.719113
-1.542256 4.352362 6.396769 -1.542256 4.352362 6.396769 1.120974 0.216162 -0.368716 530.383595 342.678931 -158.655701
-0.786876 4.541919 6.143108 -0.786876 4.541919 6.143108 1.375836 0.412654 -0.483278 319.155195 312.293343 -223.217453
0.082659 4.840739 5.810758 0.082659 4.840739 5.810758 1.500256 0.575106 -0.628223 95.577800 229.213489 -259.931612
0.986869 5.219131 5.386853 0.986869 5.219131 5.386853 1.491867 0.672980 -0.785101 -123.539089 97.032246 -262.994121
1.847137 5.631610 4.871730 1.847137 5.631610 4.871730 1.354668 0.687325 -0.926517 -333.792950 -49.215196 -208.392958
2.589834 6.024919 4.283651 2.589834 6.024919 4.283651 1.104286 0.606660 -1.024841 -500.811057 -219.669308 -119.353425
3.157147 6.340491 3.654103 3.157147 6.340491 3.654103 0.778234 0.430444 -1.062251 -586.030521 -367.715059 -5.345749
3.517655 6.527044 3.024852 3.517655 6.527044 3.024852 0.421881 0.182188 -1.020154 -601.813510 -459.806862 145.667803
3.664806 6.548957 2.448293 3.664806 6.548957 2.448293 0.072538 -0.116869 -0.886184 -562.663193 -537.048610 300.900228
3.612264 6.382120 1.979098 3.612264 6.382120 1.979098 -0.238986 -0.439332 -0.663881 -475.748894 -537.828748 440.108857
3.392467 6.025670 1.666146 3.392467 6.025670 1.666146 -0.478288 -0.742234 -0.369031 -321.923481 -471.844148 542.724462
3.057962 5.503298 1.545353 3.057962 5.503298 1.545353 -0.619374 -0.985841 -0.028721 -148.365204 -340.178767 591.640711
2.669530 4.859979 1.634085 2.669530 4.859979 1.634085 -0.658902 -1.142858 0.323612 16.605813 -183.213066 582.803836
2.286363 4.152497 1.928369 2.286363 4.152497 1.928369 -0.603011 -1.196729 0.649354 169.698489 3.645701 503.003156
1.961944 3.447012 2.399943 1.961944 3.447012 2.399943 -0.466984 -1.135065 0.908262 283.722381 201.901064 360.023307
1.736368 2.812426 2.998572 1.736368 2.812426 2.998572 -0.279029 -0.963369 1.068613 342.796115 370.418575 174.479058
1.632213 2.308008 3.658407 1.632213 2.308008 3.658407 -0.065552 -0.706479 1.109610 368.793044 485.879051 -37.822123
1.657449 1.975765 4.303517 1.657449 1.975765 4.303517 0.146643 -0.394018 1.017674 338.524405 555.657186 -268.628983
1.802896 1.839520 4.853672 1.802896 1.839520 4.853672 0.332394 -0.059885 0.796014 280.644367 558.120191 -470.238257
2.048161 1.900243 5.238146 2.048161 1.900243 5.238146 0.477343 0.255947 0.471412 202.518450 494.655298 -611.770797
2.365804 2.135620 5.405024 2.365804 2.135620 5.405024 0.572778 0.516593 0.075098 115.598498 374.163146 -709.273658
2.726308 2.502992 5.321159 2.726308 2.502992 5.321159 0.622283 0.691425 -0.356738 49.418991 208.611467 -730.179305
3.106493 2.944094 4.980020 3.106493 2.944094 4.980020 0.641531 0.760077 -0.773167 14.742546 20.227559 -657.917142
3.492732 3.394035 4.404914 3.492732 3.394035 4.404914 0.643714 0.723480 -1.131822 -7.467459 -142.217863 -537.599572
3.879544 3.792803 3.640608 3.879544 3.792803 3.640608 0.648869 0.589549 -1.396606 24.651256 -304.219566 -345.013588
4.276899 4.084781 2.755660 4.276899 4.084781 2.755660 0.681641 0.372060 -1.528025 84.589521 -420.744107 -93.051912
4.704170 4.230488 1.833341 4.704170 4.230488 1.833341 0.747699 0.110635 -1.527632 135.602883 -450.671223 94.363080
5.177198 4.215748 0.933747 5.177198 4.215748 0.933747 0.829061 -0.159768 -1.471014 135.602883 -450.671223 94.363080
