10.515319 3.139755 -8.560135 10.515319 3.139755 -8.560135 1.265367 0.058887 0.836041 -106.976389 -132.600882 443.256043
11.255283 3.151219 -7.978724 11.255283 3.151219 -7.978724 1.201181 -0.020673 1.101995 -106.976389 -132.600882 443.256043
11.949169 3.121501 -7.244872 11.949169 3.121501 -7.244872 1.099161 -0.067466 1.332296 -233.088987 -23.375439 324.415867
12.557117 3.085781 -6.395911 12.557117 3.085781 -6.395911 0.911345 -0.036652 1.482886 -392.963201 126.088672 177.550896
13.026469 3.092710 -5.482823 13.026469 3.092710 -5.482823 0.641960 0.070119 1.546401 -504.986912 229.816221 34.163796
13.315560 3.182263 -4.555488 13.315560 3.182263 -4.555488 0.313028 0.238582 1.533627 -591.454961 331.726163 -76.744261
13.394449 3.388708 -3.652958 13.394449 3.388708 -3.652958 -0.054173 0.455545 1.468418 -632.546514 391.485294 -140.617782
13.250632 3.732982 -2.800119 13.250632 3.732982 -2.800119 -0.420975 0.692832 1.369549 -590.127885 399.470126 -188.946631
12.897894 4.216403 -2.011950 12.897894 4.216403 -2.011950 -0.744704 0.911603 1.258429 -488.970181 329.765801 -181.453209
12.372959 4.816605 -1.286979 12.372959 4.816605 -1.286979 -0.988573 1.078874 1.162435 -323.926293 227.805875 -138.526591
11.732926 5.495975 -0.610945 11.732926 5.495975 -0.610945 -1.125840 1.170761 1.096857 -133.631010 78.483729 -80.066897
11.046690 6.202823 0.036675 11.046690 6.202823 0.036675 -1.139414 1.169173 1.068410 88.386040 -83.777252 -14.755085
10.392905 6.878925 0.677742 10.392905 6.878925 0.677742 -1.016613 1.067295 1.072942 320.950583 -255.817545 29.862978
9.851486 7.463916 1.329302 9.851486 7.463916 1.329302 -0.770152 0.867112 1.102955 500.586707 -411.456675 70.179369
9.488316 7.903403 2.004035 9.488316 7.903403 2.004035 -0.425725 0.586647 1.146700 647.503639 -523.428673 75.637154
9.353763 8.157571 2.703030 9.353763 8.157571 2.703030 -0.015565 0.254576 1.178885 719.695913 -583.474141 31.645597
9.473562 8.206478 3.411812 9.473562 8.206478 3.411812 0.414216 -0.089578 1.176644 712.906049 -563.706568 -39.115688
9.845237 8.055980 4.105593 9.845237 8.055980 4.105593 0.816071 -0.404217 1.127353 626.610711 -485.090166 -125.186097
10.438769 7.733942 4.754083 10.438769 7.733942 4.754083 1.147535 -0.656232 1.025297 478.271370 -354.958012 -215.001694
11.201285 7.286210 5.325684 11.201285 7.286210 5.325684 1.374030 -0.819708 0.871913 276.711916 -189.961932 -296.279250
12.061756 6.772335 5.792472 12.061756 6.772335 5.792472 1.471276 -0.872973 0.678997 47.440719 12.412379 -346.773602
12.939653 6.262168 6.136362 12.939653 6.262168 6.136362 1.432702 -0.808612 0.465492 -176.020461 202.124162 -364.908241
13.755443 5.823009 6.351555 13.755443 5.823009 6.351555 1.266350 -0.639209 0.254450 -378.485630 362.552808 -338.566379
14.437675 5.510945 6.449037 14.437675 5.510945 6.449037 0.992004 -0.390668 0.080084 -536.001039 465.915766 -242.654547
14.930726 5.363729 6.461115 14.930726 5.363729 6.461115 0.642046 -0.094517 -0.026982 -630.528232 521.252708 -114.232570
15.200505 5.401158 6.433849 15.200505 5.401158 6.433849 0.253965 0.219801 -0.048095 -663.075548 526.474316 43.857241
15.236891 5.622770 6.424091 15.236891 5.622770 6.424091 -0.127078 0.510517 0.034241 -607.065041 442.579617 230.595407
15.057875 6.000745 6.496530 15.057875 6.000745 6.496530 -0.458804 0.736068 0.224537 -498.691053 309.256440 403.727059
14.700717 6.489293 6.711846 14.700717 6.489293 6.711846 -0.718572 0.877826 0.506385 -367.200164 163.271829 535.765586
14.213647 7.034832 7.117036 14.213647 7.034832 7.117036 -0.888049 0.923062 0.852452 -197.724634 -12.484454 617.791843
13.656527 7.576200 7.741619 13.656527 7.576200 7.741619 -0.950186 0.864461 1.232673 -9.396744 -182.853605 649.608570
13.093284 8.053457 8.595526 13.093284 8.053457 8.595526 -0.913023 0.712218 1.609303 133.270758 -324.622421 605.825968
12.576334 8.418204 9.662989 12.576334 8.418204 9.662989 -0.798686 0.496689 1.936966 247.855593 -393.806788 486.383413
12.146490 8.642829 10.902115 12.146490 8.642829 10.902115 -0.626203 0.247884 2.175781 327.085826 -435.544176 309.668955
11.830222 8.713947 12.249586 11.830222 8.713947 12.249586 -0.427061 -0.009515 2.292892 336.722364 -422.451952 80.698083
11.632915 8.636627 13.626382 11.632915 8.636627 13.626382 -0.233431 -0.240831 2.273985 308.711148 -348.602243 -143.720652
11.545594 8.436681 14.951400 11.545594 8.436681 14.951400 -0.062355 -0.413487 2.120238 261.541955 -226.918114 -368.768864
11.550461 8.155084 16.144948 11.550461 8.155084 16.144948 0.070580 -0.512936 1.837897 181.573807 -104.577317 -572.368782
11.619975 7.836088 17.136861 11.619975 7.836088 17.136861 0.151938 -0.537739 1.455480 89.619821 21.899715 -702.355034
11.723491 7.523973 17.879254 11.723491 7.523973 17.879254 0.186818 -0.491665 1.011715 26.645791 131.678820 -776.861468
11.838555 7.256962 18.348182 11.838555 7.256962 18.348182 0.193691 -0.391226 0.554270 -3.736520 203.118518 -747.953634
11.952222 7.059909 18.550142 11.952222 7.059909 18.550142 0.182076 -0.263748 0.125644 -34.977796 221.809654 -680.800858
12.055172 6.941586 18.502984 12.055172 6.941586 18.502984 0.161090 -0.130662 -0.282837 -34.977796 221.809654 -680.800858
