10.056403 -4.491548 -10.642849 10.056403 -4.491548 -10.642849 0.721833 0.028200 -0.589083 -147.535931 165.694950 585.773694
10.462946 -4.444802 -10.890859 10.462946 -4.444802 -10.890859 0.633311 0.127617 -0.237619 -147.535931 165.694950 585.773694
10.821182 -4.335565 -10.922738 10.821182 -4.335565 -10.922738 0.568822 0.241246 0.140113 -67.429128 213.068849 673.334120
11.156227 -4.149497 -10.714517 11.156227 -4.149497 -10.714517 0.557810 0.383924 0.558878 30.725689 262.523294 722.550062
11.500087 -3.873606 -10.251858 11.500087 -3.873606 -10.251858 0.594462 0.532852 0.978773 91.444581 233.904449 677.098131
11.873267 -3.515154 -9.549739 11.873267 -3.515154 -9.549739 0.649545 0.656381 1.349918 92.166573 177.856165 560.051911
12.277591 -3.094819 -8.648831 12.277591 -3.094819 -8.648831 0.694878 0.735558 1.636692 58.945341 86.067395 395.861047
12.702352 -2.645389 -7.608134 12.702352 -2.645389 -7.608134 0.716362 0.750217 1.811344 12.667688 -37.203770 186.312839
13.131296 -2.208799 -6.502609 13.131296 -2.208799 -6.502609 0.708195 0.693675 1.849043 -39.893783 -151.267242 -60.650136
13.545175 -1.827435 -5.417720 13.545175 -1.827435 -5.417720 0.664975 0.564849 1.744554 -104.173018 -278.154282 -287.647399
13.923657 -1.542057 -4.434398 13.923657 -1.542057 -4.434398 0.593715 0.380638 1.513797 -133.357336 -335.881496 -481.541948
14.254350 -1.375305 -3.620902 14.254350 -1.375305 -3.620902 0.506042 0.173251 1.184348 -158.887308 -355.407732 -616.621682
14.530845 -1.334844 -3.025732 14.530845 -1.334844 -3.025732 0.418056 -0.037578 0.792144 -134.400300 -347.358231 -690.722752
14.762359 -1.414670 -2.675032 14.762359 -1.414670 -2.675032 0.361776 -0.219764 0.376425 -53.198521 -259.926686 -695.006620
14.974863 -1.585944 -2.569709 14.974863 -1.585944 -2.569709 0.354930 -0.338864 -0.017732 30.376783 -137.075430 -618.850196
15.199307 -1.804786 -2.682031 15.199307 -1.804786 -2.682031 0.403247 -0.375357 -0.340493 130.680059 15.432399 -457.022101
15.472064 -2.016282 -2.957502 15.472064 -2.016282 -2.957502 0.518090 -0.311397 -0.559263 252.132205 197.768052 -272.210747
15.832934 -2.159279 -3.329364 15.832934 -2.159279 -3.329364 0.692527 -0.151518 -0.659118 329.324214 335.163534 -60.637615
16.311131 -2.182410 -3.722993 16.311131 -2.182410 -3.722993 0.907132 0.086831 -0.631720 386.025699 459.333483 151.963091
16.925606 -2.043375 -4.063319 16.925606 -2.043375 -4.063319 1.142306 0.383711 -0.483777 397.885586 530.266299 341.181423
17.679337 -1.717560 -4.283637 17.679337 -1.717560 -4.283637 1.364679 0.702571 -0.236394 343.359982 532.601083 483.425715
18.559950 -1.200149 -4.338457 18.559950 -1.200149 -4.338457 1.570695 1.022132 0.053661 343.359982 532.601083 483.425715
