-8.594292 -3.970756 4.304385 -8.594292 -3.970756 4.304385 0.888505 0.235039 -0.258508 -160.317427 259.141083 -49.526935
-8.090046 -3.783087 4.140366 -8.090046 -3.783087 4.140366 0.792314 0.390524 -0.288225 -160.317427 259.141083 -49.526935
-7.638327 -3.505695 3.962320 -7.638327 -3.505695 3.962320 0.722063 0.528169 -0.298921 -73.852034 199.676877 13.872170
-7.214316 -3.157814 3.789874 -7.214316 -3.157814 3.789874 0.698084 0.623164 -0.268549 -6.080077 116.970200 87.366543
-6.793219 -2.770154 3.649526 -6.793219 -2.770154 3.649526 0.711139 0.656882 -0.190849 49.598204 -4.576877 171.633175
-6.354855 -2.382696 3.571292 -6.354855 -2.382696 3.571292 0.754662 0.624897 -0.060961 95.478158 -102.037433 261.326627
-5.885179 -2.030292 3.584304 -5.885179 -2.030292 3.584304 0.810413 0.542837 0.108585 90.356450 -171.497964 303.829164
-5.384238 -1.738645 3.703837 -5.384238 -1.738645 3.703837 0.856773 0.424012 0.289345 64.177360 -224.583686 298.704015
-4.862716 -1.523636 3.929446 -4.862716 -1.523636 3.929446 0.874814 0.294398 0.459741 -4.038606 -207.462624 269.282831
-4.343033 -1.381498 4.248187 -4.343033 -1.381498 4.248187 0.849996 0.184128 0.593437 -78.689135 -160.105287 176.370487
-3.851145 -1.293604 4.628166 -3.851145 -1.293604 4.628166 0.783054 0.119247 0.660113 -144.451676 -56.165094 45.881966
-3.410773 -1.226991 5.023269 -3.410773 -1.226991 5.023269 0.679089 0.111424 0.641523 -202.098205 30.088793 -107.850095
-3.040740 -1.146915 5.379178 -3.040740 -1.146915 5.379178 0.552615 0.168504 0.528857 -219.480787 160.177857 -267.701988
-2.748604 -1.010200 5.637513 -2.748604 -1.010200 5.637513 0.421296 0.298517 0.314268 -218.249076 273.197678 -447.595426
-2.530941 -0.776990 5.739329 -2.530941 -0.776990 5.739329 0.311197 0.487056 0.014826 -148.746702 355.265840 -550.543401
-2.363260 -0.420321 5.644508 -2.363260 -0.420321 5.644508 0.260637 0.702654 -0.338594 -19.789091 363.396051 -627.524244
-2.203271 0.065310 5.328473 -2.203271 0.065310 5.328473 0.284608 0.913828 -0.714731 99.694186 340.515977 -626.263620
-2.014561 0.674900 4.786907 -2.014561 0.674900 4.786907 0.344425 1.118137 -1.090489 99.694186 340.515977 -626.263620
