-10.621491 -1.909788 -5.562201 -10.621491 -1.909788 -5.562201 1.345936 -0.825086 -1.620584 449.451082 -220.709737 208.111266
-9.733028 -2.444567 -6.497091 -9.733028 -2.444567 -6.497091 1.615607 -0.957512 -1.495718 449.451082 -220.709737 208.111266
-8.693433 -3.050288 -7.346577 -8.693433 -3.050288 -7.346577 1.831926 -1.047367 -1.318427 271.611607 -78.807875 382.855955
-7.559980 -3.680928 -8.056858 -7.559980 -3.680928 -8.056858 1.921927 -1.034826 -1.029406 28.393035 120.612938 580.549028
-6.415380 -4.269656 -8.563675 -6.415380 -4.269656 -8.563675 1.870629 -0.910171 -0.649440 -199.388449 294.901354 686.004432
-5.341167 -4.753848 -8.828043 -5.341167 -4.753848 -8.828043 1.689627 -0.689088 -0.228762 -403.951156 442.044435 716.254339
-4.410072 -5.081334 -8.838323 -4.410072 -5.081334 -8.838323 1.397404 -0.391868 0.191250 -570.122953 548.688776 683.785710
-3.680654 -5.215400 -8.606934 -3.680654 -5.215400 -8.606934 1.023320 -0.051201 0.569312 -676.825965 586.867151 576.421567
-3.189495 -5.142206 -8.172028 -3.189495 -5.142206 -8.172028 0.612203 0.292311 0.862977 -693.563461 558.172953 402.462876
-2.944063 -4.871687 -7.590040 -2.944063 -4.871687 -7.590040 0.210822 0.600523 1.063246 -644.373952 469.199534 265.100303
-2.933558 -4.426917 -6.904374 -2.933558 -4.426917 -6.904374 -0.175803 0.882043 1.222306 -644.373952 469.199534 265.100303
