-6.943577 3.797331 -7.776532 -6.943577 3.797331 -7.776532 2.020577 -0.676434 0.987896 319.398536 414.045735 -45.638261
-5.673739 3.465999 -7.192009 -5.673739 3.465999 -7.192009 2.212216 -0.428007 0.960513 319.398536 414.045735 -45.638261
-4.296109 3.288097 -6.629687 -4.296109 3.288097 -6.629687 2.367901 -0.157708 0.904278 199.551342 486.950624 -141.810933
-2.851536 3.285616 -6.120087 -2.851536 3.285616 -6.120087 2.427193 0.156924 0.781990 -1.911868 561.821198 -265.815881
-1.407592 3.478740 -5.704882 -1.407592 3.478740 -5.704882 2.365909 0.483226 0.591787 -202.368181 525.852359 -368.194484
-0.035630 3.856884 -5.420935 -0.035630 3.856884 -5.420935 2.188703 0.766516 0.346622 -388.319117 418.446875 -449.019637
1.198303 4.384599 -5.294778 1.198303 4.384599 -5.294778 1.908758 0.980010 0.072245 -544.831202 293.201172 -465.572772
2.239001 5.015020 -5.331498 2.239001 5.015020 -5.331498 1.549422 1.104126 -0.188419 -652.955349 120.519165 -403.305905
3.049378 5.687247 -5.511073 3.049378 5.687247 -5.511073 1.148928 1.116727 -0.400044 -682.023444 -78.514802 -302.111092
3.618277 6.333195 -5.796741 3.618277 6.333195 -5.796741 0.751245 1.019838 -0.537620 -643.585558 -244.449016 -156.475595
3.958996 6.893008 -6.135922 3.958996 6.893008 -6.135922 0.394182 0.832723 -0.573722 -546.625415 -379.269520 36.134782
4.106946 7.318261 -6.460871 4.106946 7.318261 -6.460871 0.115372 0.574600 -0.488139 -382.741875 -481.140187 249.142533
4.120739 7.575108 -6.697403 4.120739 7.575108 -6.697403 -0.046956 0.279379 -0.281128 -158.352516 -502.927657 440.894507
4.078722 7.654129 -6.776756 4.078722 7.654129 -6.776756 -0.068664 -0.012774 0.033223 85.995574 -470.918564 606.941458
4.066183 7.566556 -6.640719 4.066183 7.566556 -6.640719 0.048832 -0.271043 0.431659 305.657642 -389.975920 721.179678
4.162389 7.341403 -6.249893 4.162389 7.341403 -6.249893 0.291667 -0.466687 0.874457 503.791886 -262.171556 754.813816
4.436237 7.022774 -5.590766 4.436237 7.022774 -5.590766 0.634770 -0.581119 1.320275 639.883451 -119.266647 731.243890
4.937210 6.660512 -4.673414 4.937210 6.660512 -4.673414 1.043359 -0.613293 1.726839 722.078772 12.018177 623.970780
5.693148 6.302606 -3.535912 5.693148 6.302606 -3.535912 1.476352 -0.566550 2.046640 721.232131 143.793635 442.031265
6.703666 5.994732 -2.240743 6.703666 5.994732 -2.240743 1.883513 -0.449408 2.249956 635.972358 246.678706 235.690252
7.939896 5.770977 -0.862565 7.939896 5.770977 -0.862565 2.223333 -0.293965 2.320272 496.759391 271.462841 -1.304782
9.352112 5.643208 0.514667 9.352112 5.643208 0.514667 2.465389 -0.132352 2.246009 310.094687 267.249336 -246.237015
10.875381 5.609336 1.806071 10.875381 5.609336 1.806071 2.592537 0.015166 2.038872 113.731624 224.477792 -444.219871
12.438481 5.653503 2.941125 12.438481 5.653503 2.941125 2.596306 0.123161 1.730793 -101.169003 135.504270 -582.711568
13.967459 5.745506 3.869318 13.967459 5.745506 3.869318 2.482632 0.173042 1.354193 -277.744332 30.764482 -672.619615
15.398591 5.848494 4.560138 15.398591 5.848494 4.560138 2.273720 0.159626 0.947498 -418.629100 -75.483178 -683.030834
16.682476 5.924755 5.010113 16.682476 5.924755 5.010113 1.997575 0.084699 0.559789 -501.852123 -174.274596 -609.333971
17.790133 5.941209 5.243017 17.790133 5.941209 5.243017 1.693687 -0.034846 0.227745 -511.108258 -224.208441 -497.479517
18.716566 5.878671 5.300852 18.716566 5.878671 5.300852 1.398125 -0.175734 -0.017069 -474.099857 -245.418533 -318.567546
19.474866 5.732148 5.246193 19.474866 5.732148 5.246193 1.137483 -0.307521 -0.143590 -394.707133 -193.870891 -103.168345
20.092225 5.515598 5.150847 20.092225 5.515598 5.150847 0.930239 -0.409544 -0.158598 -296.103795 -146.206437 53.142546
20.597070 5.243554 5.065254 20.597070 5.243554 5.065254 0.752577 -0.497268 -0.126712 -296.103795 -146.206437 53.142546
