4.090457 1.078643 -0.842763 4.090457 1.078643 -0.842763 1.578608 -0.967210 -0.616679 -257.909656 -9.681151 582.715435
4.991198 0.496574 -1.107882 4.991198 0.496574 -1.107882 1.423862 -0.973019 -0.267050 -257.909656 -9.681151 582.715435
5.788975 -0.080718 -1.167900 5.788975 -0.080718 -1.167900 1.218535 -0.937518 0.059196 -426.514110 128.016265 504.772120
6.431960 -0.609892 -1.050614 6.431960 -0.609892 -1.050614 0.905809 -0.809239 0.316606 -615.905831 299.580310 353.261361
6.858154 -1.033470 -0.805813 6.858154 -1.033470 -0.805813 0.504126 -0.589283 0.484812 -723.038313 433.609317 207.425525
7.030021 -1.303617 -0.486072 7.030021 -1.303617 -0.486072 0.067991 -0.302253 0.566856 -730.745376 523.156642 66.052428
6.942995 -1.390651 -0.142992 6.942995 -1.390651 -0.142992 -0.351886 0.012386 0.561870 -668.842223 525.639709 -82.671857
6.618179 -1.291315 0.172017 6.618179 -1.291315 0.172017 -0.719656 0.314216 0.476110 -557.058426 480.458351 -203.195104
6.096715 -1.021590 0.418527 6.096715 -1.021590 0.418527 -1.000892 0.576058 0.341289 -380.393601 392.349525 -246.208198
5.439586 -0.615359 0.578051 5.439586 -0.615359 0.578051 -1.169742 0.761333 0.188903 -182.441936 225.234235 -261.744854
4.717387 -0.129244 0.645037 4.717387 -0.129244 0.645037 -1.216776 0.840339 0.035648 25.662392 38.117423 -249.102650
4.003595 0.371419 0.624923 4.003595 0.371419 0.624923 -1.143110 0.811207 -0.097137 219.892363 -135.221641 -193.516594
3.365868 0.822996 0.537175 3.365868 0.822996 0.537175 -0.968381 0.676033 -0.186407 362.535357 -315.358259 -104.049829
2.855992 1.162420 0.411210 2.855992 1.162420 0.411210 -0.721380 0.439664 -0.225794 460.802264 -472.538649 -27.240582
2.508404 1.337282 0.273612 2.508404 1.337282 0.273612 -0.433421 0.136739 -0.228230 499.060676 -537.210767 19.121021
2.337032 1.322000 0.142588 2.337032 1.322000 0.142588 -0.139735 -0.188726 -0.204395 479.892294 -547.672860 60.328954
2.335468 1.112097 0.031363 2.335468 1.112097 0.031363 0.127684 -0.507758 -0.165433 411.505307 -515.769013 69.545012
2.479399 0.720971 -0.057249 2.479399 0.720971 -0.057249 0.340837 -0.785383 -0.133061 299.004059 -409.646497 38.360949
2.730745 0.185862 -0.134064 2.730745 0.185862 -0.134064 0.485355 -0.981885 -0.129458 182.722031 -245.360316 -26.348579
3.048467 -0.437124 -0.221085 3.048467 -0.437124 -0.221085 0.563082 -1.077552 -0.168286 76.369581 -73.531353 -103.079825
3.394316 -1.085641 -0.345123 3.394316 -1.085641 -0.345123 0.580172 -1.065420 -0.252698 -19.402563 113.972765 -178.292542
3.735202 -1.694821 -0.531416 3.735202 -1.694821 -0.531416 0.549904 -0.949253 -0.372578 -81.492351 273.249393 -221.309806
4.048619 -2.208048 -0.796894 4.048619 -2.208048 -0.796894 0.491727 -0.749601 -0.515843 -112.429026 392.258362 -256.237546
4.324334 -2.582977 -1.152496 4.324334 -2.582977 -1.152496 0.428849 -0.493124 -0.669451 -97.167052 462.664282 -255.788830
4.566298 -2.794847 -1.596594 4.566298 -2.794847 -1.596594 0.381270 -0.211900 -0.804856 -61.427279 474.748980 -195.561721
4.787723 -2.839244 -2.107730 4.787723 -2.839244 -2.107730 0.363012 0.059390 -0.887298 0.566645 429.551223 -79.246308
5.009720 -2.731738 -2.646294 5.009720 -2.731738 -2.646294 0.383791 0.289886 -0.894450 68.697706 338.770479 55.405631
5.254997 -2.504992 -3.162869 5.254997 -2.504992 -3.162869 0.438196 0.452325 -0.810597 112.651948 202.691015 224.106952
5.539727 -2.205263 -3.600144 5.539727 -2.205263 -3.600144 0.513461 0.533189 -0.632413 138.231699 66.856044 369.836669
5.872415 -1.881355 -3.904455 5.872415 -1.881355 -3.904455 0.595045 0.533108 -0.367679 133.712191 -67.124803 512.611528
6.250466 -1.580172 -4.025918 6.250466 -1.580172 -4.025918 0.660054 0.459837 -0.025740 82.985736 -177.112436 627.184558
6.656536 -1.339896 -3.925653 6.656536 -1.339896 -3.925653 0.685348 0.334840 0.364649 1.326509 -239.544709 674.111796
7.061404 -1.182765 -3.588695 7.061404 -1.182765 -3.588695 0.653245 0.187837 0.753259 -108.335410 -250.465037 621.255294
7.428160 -1.115040 -3.029704 7.428160 -1.115040 -3.029704 0.559793 0.038092 1.102064 -203.169733 -248.685758 541.428965
7.727466 -1.136948 -2.271008 7.727466 -1.136948 -2.271008 0.437892 -0.111120 1.426921 -203.169733 -248.685758 541.428965
