-3.855041 -1.320879 6.718980 -3.855041 -1.320879 6.718980 -0.069858 -1.269237 -0.083471 -306.257468 113.960459 602.806487
-3.952082 -2.061909 6.777402 -3.952082 -2.061909 6.777402 -0.253613 -1.200861 0.278213 -306.257468 113.960459 602.806487
-4.151768 -2.752415 7.050399 -4.151768 -2.752415 7.050399 -0.399328 -1.084996 0.627716 -179.461251 272.257281 562.205299
-4.414429 -3.344448 7.520912 -4.414429 -3.344448 7.520912 -0.460811 -0.871853 0.928471 -25.482645 438.219253 440.311217
-4.688631 -3.782782 8.147639 -4.688631 -3.782782 8.147639 -0.441743 -0.579431 1.144598 89.044591 536.521051 280.110793
-4.932040 -4.032197 8.873322 -4.932040 -4.032197 8.873322 -0.360271 -0.249170 1.255189 182.527093 564.348872 88.525717
-5.111872 -4.081873 9.632147 -5.111872 -4.081873 9.632147 -0.233376 0.080659 1.257189 240.455654 535.081219 -81.857358
-5.207805 -3.942350 10.362720 -5.207805 -3.942350 10.362720 -0.085046 0.375772 1.163042 253.978533 448.628814 -231.965841
-5.215013 -3.644548 11.013318 -5.215013 -3.644548 11.013318 0.057856 0.602877 0.996495 222.362276 308.386566 -323.191462
-5.144071 -3.237569 11.548289 -5.144071 -3.237569 11.548289 0.172288 0.736624 0.778821 159.077206 137.436080 -402.389997
-5.015405 -2.780977 11.942882 -5.015405 -2.780977 11.942882 0.251035 0.768483 0.536043 103.413403 -31.238950 -406.867988
-4.849229 -2.335019 12.193891 -4.849229 -2.335019 12.193891 0.297782 0.702196 0.305016 52.410552 -189.718628 -363.223178
-4.664393 -1.954632 12.316354 -4.664393 -1.954632 12.316354 0.312894 0.554458 0.111254 -2.037796 -302.741454 -282.649350
-4.478138 -1.680940 12.336642 -4.478138 -1.680940 12.336642 0.306099 0.350367 -0.036275 -20.611588 -377.560673 -209.112889
-4.296713 -1.539333 12.282475 -4.296713 -1.539333 12.282475 0.301109 0.120572 -0.135552 3.977100 -388.421168 -121.813730
-4.111894 -1.534373 12.184405 -4.111894 -1.534373 12.184405 0.320683 -0.099820 -0.182702 61.269656 -346.218646 -35.350413
-3.903803 -1.652226 12.071477 -3.903803 -1.652226 12.071477 0.380707 -0.285760 -0.188630 138.810355 -273.581296 15.588273
-3.645385 -1.865717 11.961399 -3.645385 -1.865717 11.961399 0.489034 -0.413861 -0.177806 222.281130 -153.424491 20.494484
-3.306457 -2.133763 11.857716 -3.306457 -2.133763 11.857716 0.649888 -0.466480 -0.168953 313.897111 -21.971584 9.014062
-2.855490 -2.410288 11.754590 -2.855490 -2.410288 11.754590 0.860887 -0.443075 -0.180426 389.433475 99.989786 -47.257896
-2.267717 -2.651772 11.634667 -2.267717 -2.651772 11.634667 1.100262 -0.351269 -0.224586 408.481716 206.030663 -99.940305
-1.534620 -2.822095 11.477761 -1.534620 -2.822095 11.477761 1.342415 -0.210884 -0.305381 398.696950 261.919236 -169.376557
-0.661128 -2.901372 11.261861 -0.661128 -2.901372 11.261861 1.563022 -0.053197 -0.417924 336.659962 263.703048 -205.768742
0.329493 -2.887402 10.971810 0.329493 -2.887402 10.971810 1.726064 0.097136 -0.552675 206.810682 237.407088 -243.401542
1.393510 -2.790121 10.597267 1.393510 -2.790121 10.597267 1.805914 0.220909 -0.694342 59.358730 175.167487 -228.819920
2.477565 -2.632008 10.143279 2.477565 -2.632008 10.143279 1.790640 0.296199 -0.812613 -110.274104 75.801395 -165.416057
3.520794 -2.447416 9.632465 3.520794 -2.447416 9.632465 1.667946 0.307820 -0.879222 -298.703533 -37.065057 -56.613865
4.458578 -2.274607 9.101842 4.458578 -2.274607 9.101842 1.442636 0.259524 -0.877687 -452.329735 -123.920929 61.729766
5.236240 -2.146018 8.595158 5.236240 -2.146018 8.595158 1.138739 0.161073 -0.796564 -560.662607 -204.250851 208.680341
5.814665 -2.087697 8.163333 5.814665 -2.087697 8.163333 0.782846 0.030734 -0.628606 -625.645362 -230.213165 351.180337
6.173135 -2.109245 7.855657 6.173135 -2.109245 7.855657 0.414347 -0.100142 -0.386522 -602.685721 -206.039440 455.766301
6.319583 -2.202701 7.709771 6.319583 -2.202701 7.709771 0.084354 -0.205182 -0.093115 -497.292234 -144.092832 522.254337
6.287717 -2.347007 7.748956 6.287717 -2.347007 7.748956 -0.178852 -0.267938 0.225479 -380.058677 -65.093198 539.726538
6.111995 -2.519486 7.981394 6.111995 -2.519486 7.981394 -0.406887 -0.306994 0.549315 -380.058677 -65.093198 539.726538
