3.985291 -3.950961 -8.566737 3.985291 -3.950961 -8.566737 2.605033 0.582782 0.344794 -224.450960 0.938596 52.826780
5.507910 -3.601123 -8.350352 5.507910 -3.601123 -8.350352 2.470363 0.583345 0.376490 -224.450960 0.938596 52.826780
6.941410 -3.255574 -8.118028 6.941410 -3.255574 -8.118028 2.294110 0.560773 0.392787 -363.059362 -76.176111 1.495471
8.245986 -2.940076 -7.885964 8.245986 -2.940076 -7.885964 2.043581 0.478797 0.374298 -472.038170 -197.077733 -63.125873
9.383861 -2.692453 -7.672092 9.383861 -2.692453 -7.672092 1.743824 0.339641 0.339705 -527.151861 -266.775588 -52.184055
10.337448 -2.536274 -7.475260 10.337448 -2.536274 -7.475260 1.438434 0.181647 0.320402 -490.813297 -259.870853 -12.158100
11.116339 -2.472911 -7.281552 11.116339 -2.472911 -7.281552 1.164832 0.031482 0.331386 -421.192765 -240.679803 48.769982
11.744692 -2.492494 -7.070460 11.744692 -2.492494 -7.070460 0.938458 -0.088675 0.378056 -333.387478 -159.844562 106.798240
12.254731 -2.568566 -6.820426 12.254731 -2.568566 -6.820426 0.773294 -0.155057 0.462019 -217.159449 -61.428306 173.076541
12.687091 -2.663723 -6.511689 12.687091 -2.663723 -6.511689 0.680358 -0.147245 0.567725 -92.625737 87.469662 179.279282
13.084814 -2.727027 -6.138682 13.084814 -2.727027 -6.138682 0.655688 -0.048267 0.675797 10.390161 242.455817 180.960676
13.483551 -2.705862 -5.703029 13.483551 -2.705862 -5.703029 0.679195 0.129620 0.772381 67.968317 350.501252 140.985196
13.903303 -2.565000 -5.214223 13.903303 -2.565000 -5.214223 0.719976 0.339921 0.856972 67.968317 350.501252 140.985196
