7.316828 -2.964086 -6.432186 7.316828 -2.964086 -6.432186 0.693126 -0.866899 -0.629857 -83.662626 -126.418576 361.270633
7.717644 -3.506981 -6.745072 7.717644 -3.506981 -6.745072 0.642928 -0.942750 -0.413094 -83.662626 -126.418576 361.270633
8.081670 -4.086549 -6.920039 8.081670 -4.086549 -6.920039 0.559372 -0.974414 -0.157032 -194.857707 20.872713 492.270117
8.374048 -4.655570 -6.919030 8.374048 -4.655570 -6.919030 0.401604 -0.902542 0.171430 -331.035783 218.702476 602.602945
8.548944 -5.147650 -6.705900 8.548944 -5.147650 -6.705900 0.170585 -0.720927 0.542010 -439.025692 386.681405 632.664112
8.568913 -5.505815 -6.269921 8.568913 -5.505815 -6.269921 -0.109620 -0.464976 0.906075 -494.993679 466.485545 580.884409
8.412998 -5.699123 -5.627403 8.412998 -5.699123 -5.627403 -0.411834 -0.176530 1.226174 -512.383583 495.001097 486.114551
8.075916 -5.715813 -4.811161 8.075916 -5.715813 -4.811161 -0.708026 0.121111 1.483027 -474.925114 497.136219 370.060437
7.571491 -5.558651 -3.864884 7.571491 -5.558651 -3.864884 -0.963597 0.394444 1.654316 -376.975927 413.974745 200.903389
6.935011 -5.255077 -2.845830 6.935011 -5.255077 -2.845830 -1.142114 0.604792 1.726369 -218.083624 287.186227 39.274142
6.222265 -4.849370 -1.810378 6.222265 -4.849370 -1.810378 -1.214078 0.732792 1.712737 -21.793931 139.479671 -84.714589
5.501641 -4.392900 -0.803951 5.501641 -4.392900 -0.803951 -1.168427 0.774922 1.632076 173.964090 0.954608 -184.155608
4.845107 -3.935643 0.139417 4.845107 -3.935643 0.139417 -0.998003 0.736157 1.507932 394.113366 -130.173173 -229.656366
4.326563 -3.522760 1.002550 4.326563 -3.522760 1.002550 -0.714948 0.631151 1.368701 549.403345 -219.846903 -234.449133
3.996486 -3.183642 1.781570 3.996486 -3.183642 1.781570 -0.385306 0.499243 1.228031 549.403345 -219.846903 -234.449133
