10.094120 -1.655683 5.556851 10.094120 -1.655683 5.556851 -1.062634 -0.372629 -1.120447 -41.689627 -277.173547 -276.675447
9.449036 -1.929151 4.834781 9.449036 -1.929151 4.834781 -1.087648 -0.538933 -1.286452 -41.689627 -277.173547 -276.675447
8.799358 -2.298346 4.021277 8.799358 -2.298346 4.021277 -1.060584 -0.684954 -1.411615 131.902125 -209.564268 -140.534262
8.200252 -2.740367 3.161710 8.200252 -2.740367 3.161710 -0.913936 -0.777330 -1.432446 356.923404 -98.353391 71.096935
7.725133 -3.216025 2.328237 7.725133 -3.216025 2.328237 -0.654800 -0.794125 -1.323798 506.865626 42.367599 291.062702
7.427536 -3.675896 1.597035 7.427536 -3.675896 1.597035 -0.330442 -0.723813 -1.095733 574.325396 192.007333 469.153385
7.332722 -4.067254 1.032926 7.332722 -4.067254 1.032926 0.014517 -0.566769 -0.769823 575.538659 331.472409 617.213377
7.442220 -4.340065 0.687350 7.442220 -4.340065 0.687350 0.345792 -0.329957 -0.373398 528.711393 457.901141 704.203745
7.738240 -4.453228 0.590273 7.738240 -4.453228 0.590273 0.629904 -0.043272 0.050149 418.327654 497.714481 707.620668
8.182055 -4.389174 0.743854 8.182055 -4.389174 0.743854 0.833770 0.257500 0.455320 261.226808 504.859477 642.949535
8.720665 -4.147717 1.124938 8.720665 -4.147717 1.124938 0.947140 0.540828 0.801897 116.673681 439.567538 512.306837
9.300372 -3.750976 1.687047 9.300372 -3.750976 1.687047 0.969253 0.770178 1.053060 -42.962738 324.932917 324.901644
9.866346 -3.239671 2.363342 9.866346 -3.239671 2.363342 0.904251 0.918686 1.177888 -173.712815 170.091867 91.192615
10.372609 -2.669050 3.072202 10.372609 -2.669050 3.072202 0.774927 0.964706 1.161163 -257.366569 -16.690228 -146.943101
10.788520 -2.105105 3.729379 10.788520 -2.105105 3.729379 0.606912 0.895322 1.007644 -302.682561 -214.589433 -364.785253
11.098892 -1.614899 4.258149 11.098892 -1.614899 4.258149 0.428841 0.724759 0.737995 -290.889164 -353.953476 -534.045551
11.303836 -1.243755 4.604817 11.303836 -1.243755 4.604817 0.254307 0.512387 0.417568 -290.889164 -353.953476 -534.045551
