6.934795 -4.762969 7.054140 6.934795 -4.762969 7.054140 1.592858 0.084107 -0.144867 -290.834366 251.872289 194.902804
7.838160 -4.667168 7.002302 7.838160 -4.667168 7.002302 1.418357 0.235230 -0.027926 -290.834366 251.872289 194.902804
8.627712 -4.481542 7.015848 8.627712 -4.481542 7.015848 1.198301 0.382108 0.065113 -442.686052 237.720737 115.226731
9.259056 -4.211918 7.069637 9.259056 -4.211918 7.069637 0.892923 0.512586 0.104152 -575.240293 197.203674 14.903426
9.688974 -3.872837 7.131529 9.688974 -3.872837 7.131529 0.536316 0.611076 0.096681 -613.450155 131.098046 -39.806693
9.901834 -3.488871 7.180045 9.901834 -3.488871 7.180045 0.175701 0.658345 0.061160 -588.598225 26.464522 -78.597892
9.905677 -3.096918 7.202615 9.905677 -3.096918 7.202615 -0.155607 0.635137 0.014108 -515.762959 -103.825531 -78.242571
9.726639 -2.741439 7.198682 9.726639 -2.741439 7.198682 -0.429249 0.538271 -0.024406 -396.377732 -219.058781 -50.138120
9.406984 -2.462618 7.178192 9.406984 -2.462618 7.178192 -0.620861 0.383280 -0.038597 -242.326729 -297.579459 2.837570
8.999580 -2.288734 7.159404 8.999580 -2.288734 7.159404 -0.722600 0.192136 -0.017597 -96.805179 -339.567932 67.161901
8.556952 -2.234486 7.165241 8.556952 -2.234486 7.165241 -0.738900 -0.011163 0.044230 42.471067 -338.094195 138.926837
8.128176 -2.297960 7.220822 8.128176 -2.297960 7.220822 -0.678819 -0.193615 0.147768 157.801105 -270.079780 206.201678
7.753267 -2.455841 7.347020 7.753267 -2.455841 7.347020 -0.564251 -0.321150 0.273593 224.090605 -155.035663 213.213227
7.455803 -2.668633 7.549021 7.455803 -2.668633 7.549021 -0.426046 -0.375148 0.398857 236.594794 -24.959242 204.332690
7.241003 -2.888291 7.820706 7.241003 -2.888291 7.820706 -0.292888 -0.340505 0.499410 207.265258 140.438287 130.845722
7.099786 -3.058263 8.138451 7.099786 -3.058263 8.138451 -0.182486 -0.210985 0.550649 160.739903 291.295199 39.951618
7.016156 -3.123794 8.467968 7.016156 -3.123794 8.467968 -0.101403 0.006926 0.534304 109.535744 435.072991 -94.436794
6.970690 -3.036812 8.762505 6.970690 -3.036812 8.762505 -0.057382 0.290537 0.432408 37.202008 510.298338 -245.217148
6.939489 -2.768961 8.969772 6.939489 -2.768961 8.969772 -0.052402 0.605093 0.245083 -20.601780 538.220126 -379.199225
6.902459 -2.310801 9.040599 6.902459 -2.310801 9.040599 -0.074165 0.919145 -0.022269 -51.940974 508.621746 -511.972357
6.849443 -1.674410 8.930673 6.849443 -1.674410 8.930673 -0.101168 1.191082 -0.351500 -38.068305 397.833849 -585.465808
6.784676 -0.896269 8.614812 6.784676 -0.896269 8.614812 -0.110083 1.389189 -0.700665 8.350475 262.521829 -578.418414
6.720129 -0.015502 8.090297 6.720129 -0.015502 8.090297 -0.105073 1.546702 -1.047717 8.350475 262.521829 -578.418414
