-1.136436 4.706804 -3.671574 -1.136436 4.706804 -3.671574 1.770402 -0.230295 -0.607561 69.431392 -152.817986 99.724506
-0.061697 4.541120 -4.018160 -0.061697 4.541120 -4.018160 1.812061 -0.321985 -0.547726 69.431392 -152.817986 99.724506
1.034205 4.325635 -4.327000 1.034205 4.325635 -4.327000 1.834559 -0.387607 -0.478661 5.563049 -65.922043 130.490828
2.128531 4.088838 -4.590947 2.128531 4.088838 -4.590947 1.800844 -0.388996 -0.401560 -117.946784 61.293764 126.514186
3.181403 3.874332 -4.811050 3.181403 3.874332 -4.811050 1.698057 -0.312928 -0.335352 -224.676421 192.265254 94.179499
4.153595 3.726351 -4.998809 4.153595 3.726351 -4.998809 1.532250 -0.171725 -0.296344 -328.014107 278.411375 35.847549
5.007830 3.677703 -5.173019 5.007830 3.677703 -5.173019 1.305083 0.016686 -0.289116 -429.206533 349.626422 -11.754191
5.712275 3.751177 -5.352022 5.712275 3.751177 -5.352022 1.040820 0.229108 -0.313257 -451.671277 358.446323 -68.715143
6.254871 3.950345 -5.554681 6.254871 3.950345 -5.554681 0.766837 0.430094 -0.366171 -461.606056 311.506276 -107.667265
6.636244 4.259218 -5.793012 6.636244 4.259218 -5.793012 0.511674 0.590725 -0.427012 -388.935621 223.930563 -95.136456
6.881374 4.646111 -6.062950 6.881374 4.646111 -6.062950 0.318981 0.685838 -0.467125 -253.375203 93.114123 -38.571474
7.036766 5.064598 -6.346282 7.036766 5.064598 -6.346282 0.215013 0.692824 -0.470839 -93.184765 -69.828386 26.189727
7.159576 5.458195 -6.616934 7.159576 5.458195 -6.616934 0.211976 0.603283 -0.419437 83.062338 -228.640406 145.152462
7.314119 5.769443 -6.835858 7.314119 5.769443 -6.835858 0.323845 0.418268 -0.299294 289.832105 -388.076887 255.322343
7.571877 5.944502 -6.962326 7.571877 5.944502 -6.962326 0.554151 0.155178 -0.110346 477.854722 -488.890356 374.506110
7.998458 5.946761 -6.955152 7.998458 5.946761 -6.955152 0.881245 -0.152389 0.144209 612.459596 -536.334081 474.008373
8.641347 5.758611 -6.780053 8.641347 5.758611 -6.780053 1.268219 -0.475074 0.444876 677.452330 -539.281792 528.217169
9.524545 5.380554 -6.418699 9.524545 5.380554 -6.418699 1.676318 -0.778353 0.758552 682.877562 -471.646472 517.367507
10.649148 4.836627 -5.874384 10.649148 4.836627 -5.874384 2.065515 -1.021435 1.049261 614.446308 -338.628905 451.662237
11.990715 4.173501 -5.170132 11.990715 4.173501 -5.170132 2.392473 -1.171171 1.287240 475.413912 -160.490155 341.603177
13.499490 3.452639 -4.345655 13.499490 3.452639 -4.345655 2.616305 -1.213818 1.445420 270.694484 18.334644 185.661476
15.104375 2.739208 -3.457290 15.104375 2.739208 -3.457290 2.710607 -1.145019 1.495287 43.643443 210.993939 -19.436072
16.724575 2.100785 -2.575375 16.724575 2.100785 -2.575375 2.666694 -0.965379 1.424835 -190.020555 387.807770 -215.406328
18.276719 1.597444 -1.771253 18.276719 1.597444 -1.771253 2.484335 -0.702288 1.235563 -417.840357 489.162014 -415.499881
19.681013 1.268602 -1.113977 19.681013 1.268602 -1.113977 2.178155 -0.386384 0.939901 -602.762244 563.850097 -570.040315
20.872932 1.137841 -0.657714 20.872932 1.137841 -0.657714 1.784114 -0.050195 0.572526 -710.705205 556.780123 -654.543111
21.812953 1.203247 -0.432966 21.812953 1.203247 -0.432966 1.345086 0.260388 0.175051 -752.724098 478.497244 -670.372273
22.485954 1.438117 -0.446209 22.485954 1.438117 -0.446209 0.900652 0.510022 -0.215205 -728.721572 353.615293 -630.482860
22.901129 1.798039 -0.681207 22.901129 1.798039 -0.681207 0.493191 0.673485 -0.555430 -629.481925 191.262226 -503.598696
23.093863 2.226306 -1.093821 23.093863 2.226306 -1.093821 0.166131 0.736983 -0.801131 -460.715973 20.398400 -315.404570
23.121359 2.661657 -1.617963 23.121359 2.661657 -1.617963 -0.056568 0.696669 -0.923827 -281.616502 -154.779949 -93.583595
23.049020 3.042828 -2.174937 23.049020 3.042828 -2.174937 -0.164076 0.558950 -0.909144 -76.740810 -304.284631 142.528867
22.948033 3.317307 -2.680650 22.948033 3.317307 -2.680650 -0.153759 0.345783 -0.753035 111.127941 -406.270183 377.834688
22.885710 3.449051 -3.053949 22.885710 3.449051 -3.053949 -0.037433 0.089033 -0.473776 276.627157 -449.562633 553.028523
22.918785 3.423037 -3.230146 22.918785 3.423037 -3.230146 0.157249 -0.173265 -0.099343 372.311138 -424.763707 695.081170
23.082231 3.247428 -3.162108 23.082231 3.247428 -3.162108 0.391039 -0.404088 0.330352 406.988664 -344.649061 737.235065
23.390693 2.947870 -2.831943 23.390693 2.947870 -2.831943 0.638140 -0.586217 0.768952 416.683077 -262.446491 724.765617
23.848580 2.548900 -2.240114 23.848580 2.548900 -2.240114 0.888150 -0.743685 1.203812 416.683077 -262.446491 724.765617
