11.367595 1.285494 5.744745 11.367595 1.285494 5.744745 0.332506 0.527419 1.061856 -224.306864 -472.551825 -42.734423
11.526724 1.516886 6.374167 11.526724 1.516886 6.374167 0.197922 0.243888 1.036216 -224.306864 -472.551825 -42.734423
11.609599 1.577944 6.991185 11.609599 1.577944 6.991185 0.085825 -0.040719 1.025480 -149.349988 -476.137675 6.949853
11.640107 1.468276 7.611283 11.640107 1.468276 7.611283 0.025692 -0.324063 1.047445 -51.092914 -468.343399 66.264019
11.650753 1.195113 8.252719 11.650753 1.195113 8.252719 0.017175 -0.577184 1.092409 22.702173 -375.390778 83.618770
11.666994 0.789594 8.922012 11.666994 0.789594 8.922012 0.040043 -0.760612 1.136562 53.522992 -236.036760 63.555573
11.700066 0.299483 9.611339 11.700066 0.299483 9.611339 0.069218 -0.858520 1.154443 43.728298 -90.324480 -3.951186
11.746496 -0.222972 10.298777 11.746496 -0.222972 10.298777 0.080598 -0.868139 1.129490 -5.795623 58.263565 -79.225514
11.790473 -0.725449 10.955985 11.790473 -0.725449 10.955985 0.060429 -0.793585 1.050830 -61.432718 190.246857 -182.973671
11.812411 -1.161441 11.546016 11.812411 -1.161441 11.546016 0.007258 -0.649861 0.903387 -115.804786 288.834026 -308.503826
11.793176 -1.496780 12.026943 11.793176 -1.496780 12.026943 -0.075946 -0.463622 0.690411 -161.543257 331.961552 -401.416144
11.716594 -1.715640 12.365082 11.716594 -1.715640 12.365082 -0.182555 -0.266645 0.430299 -193.817819 324.628581 -465.625579
11.573108 -1.820569 12.537435 11.573108 -1.820569 12.537435 -0.294175 -0.088742 0.140856 -178.248052 268.383688 -499.184088
11.367360 -1.830198 12.534244 11.367360 -1.830198 12.534244 -0.386915 0.048821 -0.147913 -130.887679 190.158587 -463.377974
11.116735 -1.773645 12.367304 11.116735 -1.773645 12.367304 -0.440031 0.128078 -0.399859 -46.163504 74.030564 -376.441342
10.851730 -1.690081 12.067640 10.851730 -1.690081 12.067640 -0.431116 0.139453 -0.585673 75.877595 -36.113281 -242.938433
10.614074 -1.617610 11.683769 10.614074 -1.617610 11.683769 -0.348808 0.094287 -0.675125 198.484999 -114.441050 -55.237011
10.448202 -1.586247 11.280624 10.448202 -1.586247 11.280624 -0.191293 0.002572 -0.648903 326.565280 -191.275562 142.643669
10.398440 -1.620452 10.927809 10.398440 -1.620452 10.927809 0.035807 -0.118786 -0.509062 430.434121 -213.251445 323.495202
10.499996 -1.727864 10.691560 10.499996 -1.727864 10.691560 0.307034 -0.235508 -0.260173 473.656577 -175.819271 506.133712
10.769968 -1.897196 10.633121 10.769968 -1.897196 10.633121 0.593696 -0.322899 0.076313 481.880610 -115.484807 615.485892
11.210625 -2.106103 10.792217 11.210625 -2.106103 10.792217 0.871330 -0.364092 0.458209 443.567224 -21.825250 657.502745
11.805497 -2.321404 11.185341 11.805497 -2.321404 11.185341 1.098627 -0.341778 0.851948 314.091033 96.206582 654.959709
12.511013 -2.502797 11.807876 12.511013 -2.502797 11.807876 1.236101 -0.252271 1.212291 144.153356 202.149859 546.181432
13.267573 -2.612543 12.623849 13.267573 -2.612543 12.623849 1.267350 -0.104834 1.491432 -39.989288 289.304759 384.288628
14.008108 -2.619922 13.575549 14.008108 -2.619922 13.575549 1.179974 0.085983 1.660349 -251.263737 346.754057 178.768614
14.658843 -2.506672 14.589933 14.658843 -2.506672 14.589933 0.969103 0.290259 1.697591 -451.641252 334.164985 -54.629049
15.149590 -2.274653 15.584603 15.149590 -2.274653 15.584603 0.651021 0.479324 1.594562 -608.629999 296.050097 -288.798936
15.424704 -1.939456 16.476747 15.424704 -1.939456 16.476747 0.256119 0.628526 1.358233 -707.709438 201.292738 -498.963951
15.449668 -1.534109 17.192633 15.449668 -1.534109 17.192633 -0.175109 0.709290 1.012650 -729.718380 67.919614 -652.979606
15.216715 -1.106126 17.676756 15.216715 -1.106126 17.676756 -0.595632 0.700959 0.591211 -672.024571 -95.690577 -751.818350
14.745006 -0.710639 17.896396 14.745006 -0.710639 17.896396 -0.965672 0.604224 0.141323 -561.443569 -226.760384 -747.808328
14.064543 -0.388922 17.846584 14.064543 -0.388922 17.846584 -1.302538 0.468167 -0.307362 -561.443569 -226.760384 -747.808328
