10.367168 4.308587 -6.396046 10.367168 4.308587 -6.396046 0.264542 1.026022 -0.519161 -233.280207 -197.281975 -306.370960
10.483903 4.888689 -6.762690 10.483903 4.888689 -6.762690 0.124574 0.907652 -0.702984 -233.280207 -197.281975 -306.370960
10.521377 5.388614 -7.228700 10.521377 5.388614 -7.228700 0.008202 0.743504 -0.832173 -154.626694 -349.880294 -124.259349
10.506560 5.762850 -7.735649 10.506560 5.762850 -7.735649 -0.044097 0.489138 -0.833118 -19.703348 -498.004282 121.111105
10.486657 5.962103 -8.202980 10.486657 5.962103 -8.202980 -0.005411 0.167387 -0.706754 148.655340 -574.500011 300.098930
10.519621 5.957586 -8.564066 10.519621 5.957586 -8.564066 0.131043 -0.185008 -0.481949 306.191227 -600.150850 449.251150
10.660863 5.742665 -8.765854 10.660863 5.742665 -8.765854 0.352268 -0.524544 -0.179819 431.226064 -531.635587 557.850277
10.955245 5.339780 -8.771933 10.955245 5.339780 -8.771933 0.638007 -0.805843 0.161889 521.236716 -406.026311 581.177597
11.434035 4.792289 -8.572808 11.434035 4.792289 -8.572808 0.961567 -1.003963 0.497490 557.297361 -254.375736 537.492058
12.109957 4.154297 -8.181626 12.109957 4.154297 -8.181626 1.289285 -1.105723 0.799683 535.096628 -84.824118 469.816233
12.973900 3.486562 -7.623929 12.973900 3.486562 -7.623929 1.580618 -1.101780 1.048177 436.012563 97.967664 358.496594
13.991321 2.853858 -6.939034 13.991321 2.853858 -6.939034 1.795062 -0.989348 1.220575 278.799783 276.804911 216.165404
15.106583 2.317377 -6.176250 15.106583 2.317377 -6.176250 1.902551 -0.786752 1.307916 79.497743 398.517226 74.970160
16.247131 1.920424 -5.384361 16.247131 1.920424 -5.384361 1.873788 -0.530817 1.321124 -175.374465 454.597225 -30.944522
17.328677 1.683615 -4.601269 17.328677 1.683615 -4.601269 1.712768 -0.258788 1.282498 -361.359953 452.166728 -97.805944
18.291293 1.609732 -3.849375 18.291293 1.609732 -3.849375 1.495952 0.012512 1.223815 -361.359953 452.166728 -97.805944
