-5.063585 -4.919733 -5.619393 -5.063585 -4.919733 -5.619393 1.596502 -0.064006 -0.013072 -679.764773 -7.310777 -141.033961
-4.228041 -4.959453 -5.652622 -4.228041 -4.959453 -5.652622 1.188643 -0.068392 -0.097693 -679.764773 -7.310777 -141.033961
-3.637432 -4.996036 -5.731723 -3.637432 -4.996036 -5.731723 0.779689 -0.043939 -0.157810 -683.412988 88.822462 -59.356106
-3.287170 -4.999381 -5.830907 -3.287170 -4.999381 -5.830907 0.396958 0.044505 -0.162491 -592.360119 205.991267 43.750796
-3.148142 -4.929651 -5.918266 -3.148142 -4.929651 -5.918266 0.078933 0.197842 -0.124938 -467.720823 305.131434 81.424803
-3.173296 -4.752175 -5.978137 -3.173296 -4.752175 -5.978137 -0.143322 0.400159 -0.073906 -273.129811 369.259300 88.683262
-3.293715 -4.445830 -6.006421 -3.293715 -4.445830 -6.006421 -0.233512 0.620626 -0.020216 -27.504395 365.630335 90.283135
-3.424387 -4.010507 -6.005891 -3.424387 -4.010507 -6.005891 -0.178085 0.825674 0.015999 212.262072 317.862658 30.434107
-3.481257 -3.462914 -5.993918 -3.481257 -3.462914 -5.993918 0.008142 0.991260 0.018735 408.494258 234.091305 -21.313876
-3.392518 -2.833949 -5.990934 -3.392518 -2.833949 -5.990934 0.304860 1.092076 -0.016154 580.565355 101.960013 -94.981543
-3.098051 -2.169912 -6.020547 -3.098051 -2.169912 -6.020547 0.688446 1.105446 -0.087266 698.053434 -57.393243 -142.059837
-2.557445 -1.526032 -6.100116 -2.557445 -1.526032 -6.100116 1.116725 1.025730 -0.180692 729.544896 -208.326885 -169.361768
-1.758254 -0.956805 -6.238269 -1.758254 -0.956805 -6.238269 1.543640 0.857171 -0.278572 693.504965 -353.535766 -156.903983
-0.714173 -0.512455 -6.430310 -0.714173 -0.512455 -6.430310 1.925075 0.613473 -0.355990 577.943783 -458.791727 -101.157164
0.535934 -0.229252 -6.656891 0.535934 -0.229252 -6.656891 2.227001 0.326706 -0.390577 428.478546 -497.097984 -14.130115
1.938079 -0.122041 -6.886498 1.938079 -0.122041 -6.886498 2.428178 0.031771 -0.362642 242.109959 -486.016217 107.246629
3.425884 -0.185925 -7.075350 3.425884 -0.185925 -7.075350 2.510036 -0.237156 -0.251153 30.751568 -410.408966 264.383062
4.926802 -0.393952 -7.170407 4.926802 -0.393952 -7.170407 2.475292 -0.442698 -0.052293 -146.566761 -274.731852 398.483692
6.377515 -0.698681 -7.123450 6.377515 -0.698681 -7.123450 2.346952 -0.555832 0.219825 -281.231075 -102.379695 508.576126
7.728515 -1.039391 -6.895573 7.728515 -1.039391 -6.895573 2.145463 -0.561169 0.547161 -390.399233 84.590467 582.543373
8.942905 -1.349804 -6.460651 8.942905 -1.349804 -6.460651 1.898146 -0.455103 0.905528 -433.991323 268.960560 612.013241
10.003958 -1.565118 -5.810161 10.003958 -1.565118 -5.810161 1.639172 -0.247056 1.257789 -429.257549 424.531910 562.190496
10.914729 -1.630656 -4.961325 10.914729 -1.630656 -4.961325 1.404288 0.039064 1.559945 -353.688300 529.200255 444.995326
11.698855 -1.508583 -3.954845 11.698855 -1.508583 -3.954845 1.218160 0.373476 1.779010 -266.739042 585.504935 285.220090
12.387844 -1.180426 -2.847694 12.387844 -1.180426 -2.847694 1.088649 0.718185 1.892169 -164.962997 563.525195 91.979883
13.017244 -0.653505 -1.709299 13.017244 -0.653505 -1.709299 1.019191 1.029177 1.880045 -66.563310 473.115877 -132.393780
13.622617 0.041151 -0.618181 13.622617 0.041151 -0.618181 1.008451 1.272989 1.735214 30.764786 339.592521 -350.377383
14.235419 0.855279 0.348522 14.235419 0.855279 0.348522 1.037877 1.422785 1.468200 67.320002 159.726478 -539.668333
14.870843 1.727683 1.126748 14.870843 1.727683 1.126748 1.081173 1.468532 1.116632 76.999938 -7.236599 -632.226842
15.533407 2.607500 1.682926 15.533407 2.607500 1.682926 1.127373 1.464190 0.737296 76.999938 -7.236599 -632.226842
