3.146342 6.222522 -8.122778 3.146342 6.222522 -8.122778 -0.315403 0.183782 0.568395 75.394682 -512.284769 112.503427
2.970671 6.240580 -7.761491 2.970671 6.240580 -7.761491 -0.270166 -0.123589 0.635897 75.394682 -512.284769 112.503427
2.821728 6.080813 -7.365780 2.821728 6.080813 -7.365780 -0.227000 -0.397975 0.673008 68.492794 -402.334402 11.199779
2.694980 5.779831 -6.967023 2.694980 5.779831 -6.967023 -0.200289 -0.588258 0.644412 20.543265 -231.944110 -106.519469
2.574886 5.395510 -6.603138 2.574886 5.395510 -6.603138 -0.206053 -0.675504 0.562560 -39.756155 -58.874585 -166.320789
2.440747 4.990261 -6.296352 2.440747 4.990261 -6.296352 -0.246660 -0.657577 0.458703 -95.600603 118.630430 -179.869365
2.273350 4.627461 -6.051477 2.273350 4.627461 -6.051477 -0.314987 -0.534434 0.360932 -132.156464 291.845827 -146.033665
2.060088 4.365465 -5.858707 2.060088 4.365465 -5.858707 -0.396686 -0.328667 0.285797 -140.174423 394.045068 -104.413844
1.798786 4.241965 -5.702275 1.798786 4.241965 -5.702275 -0.471084 -0.078380 0.241890 -107.818005 440.245329 -41.944999
1.500624 4.274340 -5.560020 1.500624 4.274340 -5.560020 -0.516296 0.186558 0.240081 -42.888425 442.881196 35.917507
1.189185 4.462409 -5.407471 1.189185 4.462409 -5.407471 -0.511736 0.434365 0.271804 58.088201 383.140539 69.824306
0.900675 4.784807 -5.230304 0.900675 4.784807 -5.230304 -0.436506 0.628318 0.321281 192.679288 263.369418 95.099749
0.680696 5.201542 -5.020300 0.680696 5.201542 -5.020300 -0.284690 0.748029 0.378926 313.374284 135.668891 97.048288
0.572490 5.666309 -4.778462 0.572490 5.666309 -4.778462 -0.065658 0.787077 0.422225 416.732198 -5.511382 47.283064
0.612746 6.129688 -4.521208 0.612746 6.129688 -4.521208 0.207574 0.744394 0.427635 494.040341 -136.764072 -29.250936
0.827232 6.544556 -4.275302 0.827232 6.544556 -4.275302 0.509072 0.626582 0.383037 510.953696 -255.942759 -119.406401
1.223220 6.870957 -4.071649 1.223220 6.870957 -4.071649 0.808511 0.455627 0.288009 487.174757 -313.906185 -197.355162
1.790627 7.087652 -3.939175 1.790627 7.087652 -3.939175 1.073859 0.266392 0.145562 397.320303 -316.878037 -277.467469
2.497159 7.191793 -3.903998 2.497159 7.191793 -3.903998 1.265745 0.082981 -0.032001 242.299637 -294.490957 -314.410470
3.289107 7.194154 -3.979160 3.289107 7.194154 -3.979160 1.355561 -0.065806 -0.217482 57.086233 -201.467712 -303.859149
4.100587 7.123944 -4.160963 4.100587 7.123944 -4.160963 1.329154 -0.158999 -0.382897 -145.109019 -109.174455 -247.523270
4.859814 7.014875 -4.429009 4.859814 7.014875 -4.429009 1.181357 -0.194596 -0.500177 -347.548137 -9.481828 -143.410849
5.496015 6.902867 -4.745749 5.496015 6.902867 -4.745749 0.922557 -0.168003 -0.540325 -515.118001 98.126285 9.583404
5.949598 6.824486 -5.057987 5.949598 6.824486 -5.057987 0.577335 -0.085337 -0.483412 -635.620978 177.424344 180.126696
6.178127 6.806322 -5.304638 6.178127 6.806322 -5.304638 0.178659 0.026630 -0.320471 -693.300389 195.800186 363.010297
6.162036 6.856955 -5.423073 6.162036 6.856955 -5.423073 -0.229782 0.141165 -0.060133 -668.170747 185.984815 504.782180
5.909486 6.972864 -5.360566 5.909486 6.972864 -5.360566 -0.602732 0.241415 0.281366 -574.993229 148.181648 633.548749
5.453888 7.138180 -5.073226 5.453888 7.138180 -5.073226 -0.900029 0.299296 0.683902 -415.996984 44.754118 708.238435
4.853799 7.317831 -4.537408 4.853799 7.317831 -4.537408 -1.075589 0.286235 1.098815 -169.204171 -88.291089 674.805281
4.189395 7.469095 -3.759733 4.189395 7.469095 -3.759733 -1.120081 0.210338 1.488304 20.897978 -164.699036 623.490030
3.521108 7.565652 -2.754523 3.521108 7.565652 -2.754523 -1.107542 0.111519 1.862398 20.897978 -164.699036 623.490030
