-11.071566 4.873987 8.168710 -11.071566 4.873987 8.168710 -0.250101 -0.709573 0.192846 544.398783 -328.673689 -39.585218
-11.123635 4.389082 8.277292 -11.123635 4.389082 8.277292 0.076539 -0.906777 0.169095 544.398783 -328.673689 -39.585218
-10.973230 3.794312 8.367308 -10.973230 3.794312 8.367308 0.435627 -1.061694 0.123768 652.560934 -187.713488 -111.505398
-10.588111 3.134879 8.415317 -10.588111 3.134879 8.415317 0.858574 -1.117463 0.025962 757.264544 1.815284 -214.511679
-9.936303 2.475878 8.386875 -9.936303 2.475878 8.386875 1.314713 -1.060625 -0.129785 763.198764 187.646559 -304.647966
-9.014654 1.883732 8.250295 -9.014654 1.883732 8.250295 1.749859 -0.895776 -0.331934 687.288005 361.848984 -369.179012
-7.849924 1.418617 7.983202 -7.849924 1.418617 7.983202 2.117744 -0.642577 -0.560844 538.992950 482.148426 -393.854336
-6.493828 1.123731 7.575982 -6.493828 1.123731 7.575982 2.383292 -0.333921 -0.796256 346.169466 546.705246 -390.855567
-5.014638 1.022454 7.031810 -5.014638 1.022454 7.031810 2.525517 -0.002554 -1.011090 127.914517 557.850510 -325.256812
-3.491735 1.117861 6.374219 -3.491735 1.117861 6.374219 2.525104 0.314786 -1.168195 -129.292041 499.947424 -198.426556
-2.012126 1.389495 5.646283 -2.012126 1.389495 5.646283 2.386626 0.578613 -1.243764 -332.302659 379.476823 -53.468902
-0.651308 1.794971 4.901118 -0.651308 1.794971 4.901118 2.130529 0.756314 -1.222258 -521.353485 212.859776 125.156685
0.525723 2.275340 4.201690 0.525723 2.275340 4.201690 1.780505 0.825359 -1.090170 -645.394633 17.291412 315.135156
1.476214 2.763450 3.613448 1.476214 2.763450 3.613448 1.385062 0.784643 -0.855412 -672.745957 -153.012698 467.389816
2.187947 3.196771 3.192165 2.187947 3.196771 3.192165 0.990366 0.643222 -0.535807 -642.907400 -318.388786 597.960171
2.671961 3.517735 2.982600 2.671961 3.517735 2.982600 0.632208 0.413895 -0.155598 -550.952187 -446.036208 669.405258
2.961154 3.682441 3.008557 2.961154 3.682441 3.008557 0.346831 0.129549 0.240158 -400.306624 -501.783280 649.780003
3.108332 3.670075 3.264500 3.108332 3.670075 3.264500 0.162321 -0.170389 0.604466 -214.727359 -498.009310 564.581879
3.179903 3.481286 3.720441 3.179903 3.481286 3.720441 0.097631 -0.453768 0.901401 -0.903949 -446.588821 425.201583
3.249342 3.135470 4.326483 3.249342 3.135470 4.326483 0.152205 -0.687565 1.099842 182.815287 -332.735267 236.268189
3.382440 2.671635 5.014724 3.382440 2.671635 5.014724 0.306236 -0.844224 1.170642 330.622736 -189.460497 -0.268501
3.631628 2.141437 5.702560 3.631628 2.141437 5.702560 0.534284 -0.905704 1.097975 429.538577 -15.471214 -241.954296
4.032185 1.602856 6.306303 4.032185 1.602856 6.306303 0.805351 -0.876858 0.895350 474.015826 111.625112 -433.465103
4.600718 1.096834 6.765489 4.600718 1.096834 6.765489 1.089760 -0.809882 0.635270 474.015826 111.625112 -433.465103
