-2.328410 1.948842 8.732400 -2.328410 1.948842 8.732400 1.286409 0.257717 0.934182 354.252829 432.953529 81.336245
-1.492799 2.181404 9.307550 -1.492799 2.181404 9.307550 1.498961 0.517489 0.982984 354.252829 432.953529 81.336245
-0.526881 2.563026 9.909528 -0.526881 2.563026 9.909528 1.725392 0.743245 1.019523 400.517292 319.566727 40.461330
0.580405 3.055905 10.522811 0.580405 3.055905 10.522811 1.965492 0.882033 1.015232 399.816369 143.060643 -54.765766
1.828616 3.599646 11.116470 1.828616 3.599646 11.116470 2.190129 0.911721 0.954263 348.974756 -44.101746 -148.461272
3.199564 4.127147 11.654804 3.199564 4.127147 11.654804 2.369786 0.827294 0.827682 249.880605 -237.322689 -273.476440
4.656239 4.571127 12.096124 4.656239 4.571127 12.096124 2.468838 0.636509 0.633274 80.294347 -398.627718 -374.551014
6.141949 4.874196 12.403620 6.141949 4.874196 12.403620 2.466789 0.361916 0.383298 -87.125207 -516.680356 -458.701302
7.594885 4.994977 12.547912 7.594885 4.994977 12.547912 2.357237 0.035078 0.092476 -278.048489 -572.778706 -510.707118
8.947755 4.913591 12.511137 8.947755 4.913591 12.511137 2.133291 -0.305254 -0.215614 -468.436630 -561.662090 -516.258148
10.135803 4.634033 12.294840 10.135803 4.634033 12.294840 1.814189 -0.618783 -0.495377 -595.236629 -483.433819 -416.286786
11.111060 4.183123 11.928560 11.111060 4.183123 11.928560 1.426476 -0.871956 -0.715760 -697.141776 -360.476088 -318.320915
11.841460 3.595064 11.441807 11.841460 3.595064 11.441807 1.008191 -1.088241 -0.906752 -697.141776 -360.476088 -318.320915
