4.454804 -2.228229 -6.097678 4.454804 -2.228229 -6.097678 1.241232 -0.851284 0.450665 285.446949 535.747556 -537.676124
5.250924 -2.642565 -5.924061 5.250924 -2.642565 -5.924061 1.412501 -0.529836 0.128059 285.446949 535.747556 -537.676124
6.139314 -2.862000 -5.938439 6.139314 -2.862000 -5.938439 1.531313 -0.198232 -0.166706 110.594230 569.598608 -444.875753
7.063021 -2.879082 -6.109482 7.063021 -2.879082 -6.109482 1.522731 0.140178 -0.388338 -139.200987 558.432661 -293.897282
7.937280 -2.701027 -6.386269 7.937280 -2.701027 -6.386269 1.367597 0.442386 -0.519091 -377.913633 448.928066 -141.944793
8.678402 -2.363844 -6.713094 8.678402 -2.363844 -6.713094 1.083787 0.666465 -0.553358 -568.116819 298.001665 27.719480
9.218934 -1.920359 -7.032189 9.218934 -1.920359 -7.032189 0.705522 0.795097 -0.497076 -692.767846 130.772335 159.887070
9.514445 -1.430716 -7.295472 9.514445 -1.430716 -7.295472 0.274341 0.818789 -0.370224 -744.501622 -51.800092 262.954476
9.545026 -0.959164 -7.466786 9.545026 -0.959164 -7.466786 -0.172428 0.735723 -0.195008 -744.728761 -225.086691 321.098991
9.313728 -0.566949 -7.525343 9.313728 -0.566949 -7.525343 -0.588213 0.557158 0.000900 -641.222677 -370.127188 331.927773
8.854661 -0.304284 -7.466707 8.854661 -0.304284 -7.466707 -0.926540 0.310046 0.191801 -486.534066 -453.582442 304.410015
8.222108 -0.201491 -7.300290 8.222108 -0.201491 -7.300290 -1.163723 0.029946 0.357158 -304.076049 -480.083896 246.780091
7.482147 -0.267743 -7.046117 7.482147 -0.267743 -7.046117 -1.281137 -0.247124 0.482514 -87.302251 -443.482920 171.073243
6.711231 -0.489732 -6.730987 6.711231 -0.489732 -6.730987 -1.266113 -0.482652 0.559300 137.383512 -341.610150 84.878249
5.986981 -0.834606 -6.383537 5.986981 -0.834606 -6.383537 -1.130240 -0.656583 0.593186 315.525726 -238.157152 28.074683
5.373486 -1.261509 -6.024034 5.373486 -1.261509 -6.024034 -0.901654 -0.749904 0.602722 446.428306 -72.913190 3.712158
4.917639 -1.715206 -5.662444 4.917639 -1.715206 -5.662444 -0.609860 -0.746801 0.601394 526.216007 83.255957 -8.138513
4.647551 -2.141912 -5.300249 4.647551 -2.141912 -5.300249 -0.288580 -0.664907 0.610629 544.717985 189.721745 38.922001
4.569772 -2.501055 -4.923917 4.569772 -2.501055 -4.923917 0.024849 -0.522816 0.648724 500.044710 283.915343 88.060361
4.668721 -2.760708 -4.514689 4.668721 -2.760708 -4.514689 0.295035 -0.337806 0.722276 400.576136 332.785642 157.113425
4.910376 -2.903204 -4.047800 4.910376 -2.903204 -4.047800 0.498030 -0.136702 0.842757 276.074760 337.562502 244.489408
5.250994 -2.928702 -3.495262 5.250994 -2.928702 -3.495262 0.624209 0.044642 1.003834 144.520895 266.916888 292.433931
5.644524 -2.859458 -2.839151 5.644524 -2.859458 -2.839151 0.675874 0.176860 1.185154 27.696733 173.807895 311.968376
6.048607 -2.727330 -2.072763 6.048607 -2.727330 -2.072763 0.660358 0.254777 1.368045 -79.417152 85.916624 297.666031
6.426779 -2.565846 -1.201998 6.426779 -2.565846 -1.201998 0.593970 0.272092 1.528434 -141.876612 -28.200957 236.964354
6.756014 -2.414223 -0.249402 6.756014 -2.414223 -0.249402 0.500799 0.222396 1.635024 -168.691921 -137.453030 118.338046
7.027766 -2.307938 0.743331 7.027766 -2.307938 0.743331 0.407769 0.127869 1.658112 -141.408904 -177.635982 -41.380372
7.249418 -2.263717 1.723318 7.249418 -2.263717 1.723318 0.335144 0.018660 1.596129 -100.675948 -186.394400 -165.229613
7.432383 -2.286072 2.651254 7.432383 -2.286072 2.651254 0.274738 -0.093177 1.496991 -100.675948 -186.394400 -165.229613
