8.416851 3.746995 3.925111 8.416851 3.746995 3.925111 0.830787 0.130223 -0.327858 365.341098 158.866254 56.539216
8.981085 3.853724 3.738573 8.981085 3.853724 3.738573 1.049992 0.225543 -0.293935 365.341098 158.866254 56.539216
9.673944 4.021693 3.577200 9.673944 4.021693 3.577200 1.254708 0.341098 -0.235955 317.045752 226.317283 136.724820
10.477070 4.269777 3.465484 10.477070 4.269777 3.465484 1.411104 0.490330 -0.127687 204.274450 271.121912 224.170567
11.350310 4.611408 3.432158 11.350310 4.611408 3.432158 1.482707 0.646157 0.021488 34.402074 248.302642 273.080037
12.235250 5.039123 3.497064 12.235250 5.039123 3.497064 1.448968 0.771769 0.199632 -146.865440 170.402172 320.733030
13.067028 5.526852 3.673411 13.067028 5.526852 3.673411 1.305012 0.843990 0.386252 -332.987603 70.335803 301.332092
13.779710 6.038569 3.954816 13.779710 6.038569 3.954816 1.053281 0.849505 0.544118 -506.115812 -51.953841 224.888164
14.312015 6.529935 4.315883 14.312015 6.529935 4.315883 0.706798 0.773408 0.649632 -648.827190 -201.700623 126.824849
14.614790 6.949585 4.719376 14.614790 6.949585 4.719376 0.294929 0.611941 0.680156 -724.070972 -336.524333 -25.077254
14.661060 7.251021 5.112829 14.661060 7.251021 5.112829 -0.141285 0.384258 0.614476 -729.975317 -422.418072 -193.855105
14.448846 7.402587 5.436512 14.448846 7.402587 5.436512 -0.559507 0.116039 0.447617 -664.096883 -471.644463 -362.343385
14.001988 7.386956 5.631541 14.001988 7.386956 5.631541 -0.916046 -0.168740 0.188617 -524.367045 -477.619557 -500.990457
13.368981 7.203654 5.648249 13.368981 7.203654 5.648249 -1.175635 -0.435747 -0.143399 -340.928191 -412.403081 -605.728966
12.616563 6.875539 5.450926 12.616563 6.875539 5.450926 -1.308538 -0.645359 -0.518095 -102.083714 -286.304802 -643.258790
11.827673 6.446423 5.026153 11.827673 6.446423 5.026153 -1.296749 -0.768968 -0.894696 141.381517 -125.724796 -612.077384
11.087510 5.973203 4.383963 11.087510 5.973203 4.383963 -1.149732 -0.790448 -1.237933 348.673703 54.124861 -532.046345
10.471327 5.519041 3.556197 10.471327 5.519041 3.556197 -0.886054 -0.706151 -1.503351 530.254429 226.866467 -352.680518
10.043530 5.145347 2.602978 10.043530 5.145347 2.602978 -0.525953 -0.524227 -1.653589 670.081581 379.544295 -148.112751
9.851425 4.906171 1.596791 9.851425 4.906171 1.596791 -0.109644 -0.261292 -1.679322 717.616346 496.907689 62.336703
9.912539 4.841380 0.615415 9.912539 4.841380 0.615415 0.309573 0.049558 -1.566934 679.774423 539.258446 312.289993
10.214868 4.967537 -0.255593 10.214868 4.967537 -0.255593 0.688564 0.369891 -1.314858 583.527182 528.519665 527.963548
10.722236 5.279274 -0.941497 10.722236 5.279274 -0.941497 0.984657 0.660346 -0.958194 403.451104 439.661819 660.917158
11.375719 5.747315 -1.393278 11.375719 5.747315 -1.393278 1.177062 0.887615 -0.540790 237.897883 317.903046 730.430574
12.124778 6.337107 -1.586274 12.124778 6.337107 -1.586274 1.319801 1.078357 -0.102531 237.897883 317.903046 730.430574
