-0.545483 2.341646 -7.996813 -0.545483 2.341646 -7.996813 0.125421 1.119899 0.467090 220.750821 -417.375501 236.889363
-0.430495 2.938458 -7.673918 -0.430495 2.938458 -7.673918 0.257872 0.869474 0.609224 220.750821 -417.375501 236.889363
-0.233999 3.384702 -7.268535 -0.233999 3.384702 -7.268535 0.400511 0.617483 0.737400 254.714860 -422.595725 190.364469
0.052708 3.680839 -6.798230 0.052708 3.680839 -6.798230 0.556102 0.372499 0.819616 263.920130 -394.016427 83.688316
0.430779 3.838673 -6.298453 0.430779 3.838673 -6.298453 0.698976 0.162377 0.834549 212.327286 -306.391156 -33.912710
0.882430 3.889142 -5.812170 0.882430 3.889142 -5.812170 0.796601 0.019511 0.772491 113.089699 -169.828466 -172.944410
1.374277 3.877479 -5.387179 1.374277 3.877479 -5.387179 0.832105 -0.046389 0.631854 5.256437 -49.837419 -295.848122
1.865261 3.848224 -5.068257 1.865261 3.848224 -5.068257 0.789137 -0.038545 0.419659 -148.482938 75.984648 -411.468244
2.302086 3.844455 -4.895275 2.302086 3.844455 -4.895275 0.650394 0.035446 0.149033 -313.994915 170.651976 -490.616188
2.628507 3.899808 -4.895351 2.628507 3.899808 -4.895351 0.425518 0.154678 -0.151263 -435.590998 226.786331 -510.371549
2.799797 4.034740 -5.075289 2.799797 4.034740 -5.075289 0.136091 0.297269 -0.444054 -529.164234 248.518620 -465.599622
2.783883 4.255198 -5.418384 2.783883 4.255198 -5.418384 -0.193006 0.433198 -0.687685 -567.825728 204.578949 -346.503281
2.566479 4.547448 -5.884177 2.566479 4.547448 -5.884177 -0.530659 0.533478 -0.849643 -557.686930 129.687460 -193.357250
2.152661 4.885276 -6.416880 2.152661 4.885276 -6.416880 -0.840466 0.583274 -0.906223 -475.001201 36.299343 4.757653
1.572845 5.235481 -6.946525 1.572845 5.235481 -6.946525 -1.075645 0.573589 -0.837204 -308.930517 -68.583823 225.306598
0.883717 5.561174 -7.396013 0.883717 5.561174 -7.396013 -1.201672 0.501859 -0.640625 -111.157205 -170.517311 429.955241
0.155646 5.828054 -7.691461 0.155646 5.828054 -7.691461 -1.203667 0.381840 -0.324979 104.506225 -229.543655 622.198572
-0.534641 6.013274 -7.768215 -0.534641 6.013274 -7.768215 -1.075453 0.231281 0.079531 322.874933 -272.322453 726.169428
-1.108991 6.104638 -7.587000 -1.108991 6.104638 -7.587000 -0.817705 0.075958 0.529159 536.284819 -245.418179 772.591199
-1.494254 6.109360 -7.130579 -1.494254 6.109360 -7.130579 -0.451792 -0.054681 0.992008 683.425374 -190.048145 770.238691
-1.637394 6.048141 -6.402702 -1.637394 6.048141 -6.402702 -0.017144 -0.139718 1.424299 765.398604 -93.406587 670.728984
-1.508222 5.955033 -5.438450 -1.508222 5.955033 -5.438450 0.450529 -0.158083 1.771445 793.511484 32.189611 486.424410
-1.099848 5.873512 -4.300785 -1.099848 5.873512 -4.300785 0.902759 -0.101097 1.999504 713.922290 157.763463 273.774128
-0.437805 5.848117 -3.064865 -0.437805 5.848117 -3.064865 1.290522 0.027888 2.098463 578.623453 272.187123 56.088940
0.429499 5.918264 -1.810315 0.429499 5.918264 -1.810315 1.581888 0.213307 2.058997 392.596388 345.876254 -187.643207
1.436055 6.110794 -0.620726 1.436055 6.110794 -0.620726 1.751225 0.432269 1.886245 171.860229 383.996304 -388.197931
2.504086 6.437677 0.432538 2.504086 6.437677 0.432538 1.786145 0.654678 1.610286 -55.460033 357.366828 -531.664329
3.552270 6.890248 1.297476 3.552270 6.890248 1.297476 1.685270 0.846290 1.263619 -280.789742 281.340931 -623.892791
4.503355 7.441196 1.942417 4.503355 7.441196 1.942417 1.469120 0.977761 0.884634 -439.712694 156.894855 -639.389272
5.299679 8.047216 2.361825 5.299679 8.047216 2.361825 1.175294 1.027510 0.519590 -539.706669 8.936596 -577.424297
5.904127 8.654232 2.576348 5.904127 8.654232 2.576348 0.833562 0.977377 0.206663 -599.398432 -176.046824 -465.665036
6.298199 9.199238 2.626434 6.298199 9.199238 2.626434 0.483054 0.823088 -0.023199 -568.961345 -338.251659 -300.543858
6.492039 9.624978 2.568277 6.492039 9.624978 2.568277 0.173782 0.584001 -0.154223 -461.947690 -458.702888 -136.200340
6.520782 9.887357 2.462055 6.520782 9.887357 2.462055 -0.065264 0.281502 -0.181804 -334.870350 -549.627085 44.260942
6.430174 9.955724 2.370585 6.430174 9.955724 2.370585 -0.222051 -0.056281 -0.107017 -187.754136 -576.316278 205.030752
6.274007 9.820425 2.350437 6.274007 9.820425 2.350437 -0.280409 -0.391040 0.051784 -6.771768 -539.549110 324.304900
6.113773 9.495575 2.442920 6.113773 9.495575 2.442920 -0.238320 -0.680304 0.261554 147.069135 -424.664293 374.928967
6.004291 9.020002 2.668106 6.004291 9.020002 2.668106 -0.114892 -0.889858 0.490344 264.356399 -273.847339 387.705883
5.987389 8.447757 3.030453 5.987389 8.447757 3.030453 0.065964 -0.999353 0.714736 338.497513 -91.135870 360.266130
6.089325 7.843880 3.520255 6.089325 7.843880 3.520255 0.276206 -0.993339 0.911454 362.309888 111.182827 295.460224
6.318690 7.277894 4.114050 6.318690 7.277894 4.114050 0.485717 -0.876610 1.057431 336.057294 277.912177 191.131065
6.667495 6.810331 4.777989 6.667495 6.810331 4.777989 0.671776 -0.667968 1.147496 284.139176 417.562531 109.083686
7.118094 6.490676 5.481379 7.118094 6.490676 5.481379 0.824201 -0.387608 1.189232 223.945775 516.970363 30.035943
7.647227 6.352639 6.195998 7.647227 6.352639 6.195998 0.930082 -0.070061 1.185622 128.989206 541.518192 -42.067210
8.223800 6.405291 6.899096 8.223800 6.405291 6.899096 0.984004 0.240928 1.156865 50.752823 495.111405 -53.789739
8.823338 6.638968 7.583533 8.823338 6.638968 7.583533 1.014456 0.537994 1.124591 50.752823 495.111405 -53.789739
