-2.853398 -5.106821 -6.620627 -2.853398 -5.106821 -6.620627 2.715064 1.289698 -0.248259 -497.116903 -50.649320 411.983847
-1.313841 -4.342119 -6.695425 -1.313841 -4.342119 -6.695425 2.416794 1.259308 -0.001068 -497.116903 -50.649320 411.983847
0.041057 -3.605204 -6.627825 0.041057 -3.605204 -6.627825 2.090036 1.181153 0.216541 -592.077358 -209.869231 313.380576
1.182787 -2.944824 -6.449424 1.182787 -2.944824 -6.449424 1.706202 1.002556 0.364913 -687.366530 -385.452800 181.191529
2.083515 -2.419332 -6.204143 2.083515 -2.419332 -6.204143 1.297445 0.737984 0.442222 -675.157216 -496.453407 76.505915
2.745236 -2.068838 -5.931614 2.745236 -2.068838 -5.931614 0.916261 0.425438 0.455250 -595.455435 -545.366967 -33.080028
3.196681 -1.910905 -5.668539 3.196681 -1.910905 -5.668539 0.603341 0.102400 0.414796 -447.612053 -531.426088 -101.765557
3.488205 -1.940513 -5.438745 3.488205 -1.940513 -5.438745 0.385219 -0.193412 0.349910 -279.462686 -454.615630 -114.521129
3.680235 -2.129630 -5.249096 3.680235 -2.129630 -5.249096 0.273553 -0.422378 0.282780 -92.757040 -308.601751 -109.246937
3.839524 -2.428836 -5.096523 3.839524 -2.428836 -5.096523 0.277165 -0.558694 0.230083 104.796332 -145.784827 -66.409553
4.033746 -2.779582 -4.966704 4.033746 -2.779582 -4.966704 0.385341 -0.592606 0.208854 255.791575 32.744097 -4.353362
4.317726 -3.118392 -4.838635 4.317726 -3.118392 -4.838635 0.572482 -0.518661 0.223943 368.010681 213.739344 54.651814
4.730109 -3.382840 -4.691275 4.730109 -3.382840 -4.691275 0.806549 -0.349042 0.272516 412.212821 351.656282 107.257032
5.288887 -3.524338 -4.507424 5.288887 -3.524338 -4.507424 1.057130 -0.114899 0.342048 423.057040 428.822445 124.515484
5.997015 -3.513468 -4.279673 5.997015 -3.513468 -4.279673 1.299460 0.155500 0.417305 384.710670 472.506384 126.342404
6.840735 -3.335769 -4.010261 6.840735 -3.335769 -4.010261 1.504270 0.435741 0.474548 297.990455 461.630632 64.466499
7.789744 -2.996467 -3.718065 7.789744 -2.996467 -3.718065 1.647107 0.686537 0.492541 178.130186 374.355093 -4.488248
8.803563 -2.524469 -3.428804 8.803563 -2.524469 -3.428804 1.721443 0.874613 0.462571 69.658060 252.566556 -95.411033
9.844015 -1.962124 -3.175154 9.844015 -1.962124 -3.175154 1.738475 0.986728 0.371730 -12.886200 121.148818 -207.393934
10.880988 -1.356417 -2.995100 10.880988 -1.356417 -2.995100 1.711784 1.018734 0.219028 -76.082494 -14.461925 -301.613932
11.892041 -0.755550 -2.921369 11.892041 -0.755550 -2.921369 1.654522 0.971204 0.021085 -114.790181 -143.971290 -358.193735
12.864517 -0.203553 -2.974979 12.864517 -0.203553 -2.974979 1.587771 0.860766 -0.202764 -107.713955 -224.156873 -387.971301
13.799764 0.269764 -3.163601 13.799764 0.269764 -3.163601 1.533007 0.712302 -0.421189 -74.832838 -270.720762 -340.112782
14.709970 0.648748 -3.473033 14.709970 0.648748 -3.473033 1.507466 0.551533 -0.602745 -10.302267 -265.178218 -265.073172
15.615684 0.935572 -3.873772 15.615684 0.935572 -3.873772 1.516729 0.410605 -0.718686 41.176831 -204.579945 -121.395511
16.536057 1.149413 -4.316453 16.536057 1.149413 -4.316453 1.556051 0.309370 -0.739611 89.898104 -132.869754 51.646695
17.487555 1.317349 -4.739222 17.487555 1.317349 -4.739222 1.618422 0.260798 -0.650118 118.004586 -29.037585 246.661468
18.479309 1.475376 -5.073684 18.479309 1.475376 -5.073684 1.686521 0.277251 -0.446074 108.990995 83.879450 433.486135
19.508110 1.661640 -5.253829 19.508110 1.661640 -5.253829 1.738271 0.351655 -0.138625 63.508723 164.136198 591.342049
20.556638 1.905651 -5.224491 20.556638 1.905651 -5.224491 1.747043 0.467506 0.246540 -34.268577 222.031377 692.542605
21.592941 2.226673 -4.949519 21.592941 2.226673 -4.949519 1.697713 0.603490 0.674018 -130.165016 231.249378 732.382421
22.588139 2.630392 -4.413280 22.588139 2.630392 -4.413280 1.619614 0.742240 1.113447 -130.165016 231.249378 732.382421
