-3.854836 -3.663723 5.441774 -3.854836 -3.663723 5.441774 0.050678 0.417021 1.073780 559.324844 -203.439908 576.089779
-3.723750 -3.450130 6.189738 -3.723750 -3.450130 6.189738 0.386273 0.294957 1.419434 559.324844 -203.439908 576.089779
-3.393027 -3.308488 7.136990 -3.393027 -3.308488 7.136990 0.713273 0.179327 1.724568 530.674799 -181.993129 441.024362
-2.873051 -3.228470 8.237846 -2.873051 -3.228470 8.237846 1.014128 0.096035 1.922834 472.175822 -95.649071 219.861087
-2.190012 -3.183218 9.417708 -2.190012 -3.183218 9.417708 1.245287 0.062885 1.987686 298.352830 -14.848460 -3.685812
-1.400109 -3.139852 10.594633 -1.400109 -3.139852 10.594633 1.369437 0.095512 1.910359 115.480560 123.603134 -254.071157
-0.569877 -3.053818 11.683448 -0.569877 -3.053818 11.683448 1.377644 0.202065 1.699580 -88.122599 231.573545 -448.524276
0.226629 -2.885656 12.612731 0.226629 -2.885656 12.612731 1.253677 0.367210 1.381811 -325.102614 318.909869 -610.706694
0.909593 -2.604948 13.325648 0.909593 -2.604948 13.325648 1.004995 0.573447 0.984171 -503.837821 368.548328 -714.760478
1.414495 -2.194987 13.787711 1.414495 -2.194987 13.787711 0.665674 0.792346 0.556403 -627.229408 361.114084 -711.131359
1.696201 -1.657824 13.995023 1.696201 -1.657824 13.995023 0.265351 0.992792 0.137095 -707.181280 307.038362 -686.563665
1.728119 -1.006882 13.953699 1.728119 -1.006882 13.953699 -0.158958 1.177015 -0.274843 -707.181280 307.038362 -686.563665
