1.486396 -4.771301 -2.049349 1.486396 -4.771301 -2.049349 0.771017 -1.031635 -1.170110 578.613980 204.124506 -326.746736
2.053157 -5.353540 -2.810230 2.053157 -5.353540 -2.810230 1.118186 -0.909160 -1.366158 578.613980 204.124506 -326.746736
2.831058 -5.853973 -3.677434 2.831058 -5.853973 -3.677434 1.479548 -0.745083 -1.505682 625.925887 342.799012 -138.335638
3.830817 -6.230267 -4.590645 3.830817 -6.230267 -4.590645 1.851924 -0.494143 -1.513192 615.328651 493.670085 113.303462
5.048267 -6.432167 -5.465678 5.048267 -6.432167 -5.465678 2.198802 -0.169316 -1.382768 540.931104 589.084329 321.443532
6.455378 -6.427555 -6.228334 6.455378 -6.427555 -6.228334 2.475672 0.184968 -1.144179 381.967305 591.863812 473.852138
7.997752 -6.212870 -6.822482 7.997752 -6.212870 -6.822482 2.645937 0.525929 -0.824535 185.583306 544.672758 591.627808
9.605549 -5.805124 -7.207871 9.605549 -5.805124 -7.207871 2.691436 0.823471 -0.455364 -33.920641 447.133613 638.942930
11.199825 -5.240539 -7.368046 11.199825 -5.240539 -7.368046 2.598687 1.041841 -0.081829 -275.241912 280.766312 606.174502
12.697211 -4.576348 -7.312654 12.697211 -4.576348 -7.312654 2.372130 1.153043 0.258766 -479.946802 89.906287 529.141649
14.023565 -3.878925 -7.069497 14.023565 -3.878925 -7.069497 2.031492 1.154061 0.539508 -655.513591 -86.513684 406.665367
15.117970 -3.211652 -6.682290 15.117970 -3.211652 -6.682290 1.605696 1.054196 0.735023 -763.808090 -246.369432 245.051670
15.942792 -2.631198 -6.206076 15.942792 -2.631198 -6.206076 1.141863 0.867792 0.837507 -782.301608 -374.977210 96.560024
16.489977 -2.182491 -5.693818 16.489977 -2.182491 -5.693818 0.686890 0.620445 0.857306 -734.275169 -449.512770 -30.561498
16.777333 -1.891957 -5.191426 16.777333 -1.891957 -5.191426 0.283284 0.346635 0.806517 -611.075914 -463.184662 -138.737405
16.847707 -1.763743 -4.736824 16.847707 -1.763743 -4.736824 -0.031379 0.086750 0.701599 -437.801662 -403.099013 -210.989347
16.763204 -1.779065 -4.354727 16.763204 -1.779065 -4.354727 -0.228414 -0.129178 0.570584 -218.980595 -316.660756 -225.724421
16.599487 -1.905701 -4.051310 16.599487 -1.905701 -4.051310 -0.296066 -0.279827 0.443636 -6.525491 -185.505184 -197.437265
16.432905 -2.097397 -3.817068 16.432905 -2.097397 -3.817068 -0.238822 -0.343174 0.343166 197.338531 -25.649008 -137.463340
16.335442 -2.299934 -3.631619 16.335442 -2.299934 -3.631619 -0.068873 -0.318642 0.282151 369.157490 107.422171 -65.917555
16.367546 -2.465145 -3.470460 16.367546 -2.465145 -3.470460 0.187521 -0.221001 0.261269 485.487269 218.047837 -3.690165
16.569888 -2.553395 -3.310885 16.569888 -2.553395 -3.310885 0.491020 -0.064665 0.276442 526.178091 303.072807 54.267615
16.957860 -2.535808 -3.132962 16.957860 -2.535808 -3.132962 0.799970 0.126345 0.320452 503.654416 333.625603 92.431597
17.524951 -2.401465 -2.924679 17.524951 -2.401465 -2.924679 1.084415 0.318934 0.372781 444.494927 308.338646 81.996644
18.248042 -2.158499 -2.688269 18.248042 -2.158499 -2.688269 1.313277 0.484460 0.411888 318.378032 243.414453 48.362559
19.084564 -1.829673 -2.435871 19.084564 -1.829673 -2.435871 1.460544 0.602188 0.423707 172.511640 149.010115 -8.967012
19.983336 -1.448243 -2.187967 19.983336 -1.448243 -2.187967 1.521023 0.658070 0.394797 29.087685 37.266060 -87.401374
20.893383 -1.053095 -1.971947 20.893383 -1.053095 -1.971947 1.499459 0.648421 0.316725 -100.969706 -69.429278 -172.836730
21.769631 -0.681483 -1.816861 21.769631 -0.681483 -1.816861 1.412612 0.582044 0.193833 -188.518759 -151.827439 -236.804409
22.578820 -0.362469 -1.744730 22.578820 -0.362469 -1.744730 1.277277 0.476531 0.044032 -262.598060 -199.882722 -262.533109
23.296619 -0.112950 -1.765114 23.296619 -0.112950 -1.765114 1.113224 0.354494 -0.111227 -284.246548 -206.908951 -254.995068
23.915543 0.064871 -1.874447 23.915543 0.064871 -1.874447 0.953447 0.242189 -0.247711 -248.344340 -167.439823 -199.950859
24.445330 0.184552 -2.052511 24.445330 0.184552 -2.052511 0.816543 0.164262 -0.334916 -208.000420 -92.317229 -90.733170
24.902115 0.273411 -2.260118 24.902115 0.273411 -2.260118 0.713239 0.143462 -0.340982 -136.347308 22.982684 70.511352
25.310132 0.370114 -2.444659 25.310132 0.370114 -2.444659 0.654511 0.189696 -0.261893 -59.411392 131.132854 193.120038
25.692145 0.507535 -2.567033 25.692145 0.507535 -2.567033 0.618864 0.268376 -0.146021 -59.411392 131.132854 193.120038
