7.053853 3.552083 0.965906 7.053853 3.552083 0.965906 1.142136 -0.068759 0.899532 -685.636923 428.172103 -273.124334
7.615720 3.587899 1.456463 7.615720 3.587899 1.456463 0.730753 0.188145 0.735658 -685.636923 428.172103 -273.124334
7.929453 3.779717 1.854407 7.929453 3.779717 1.854407 0.312848 0.454348 0.600341 -707.382560 459.171386 -177.932193
7.990526 4.132154 2.190504 7.990526 4.132154 2.190504 -0.108111 0.715739 0.533180 -695.812938 412.132906 -45.935699
7.805430 4.628907 2.506390 7.805430 4.628907 2.506390 -0.500514 0.928647 0.526853 -612.196564 297.559329 24.843963
7.405103 5.231540 2.830920 7.405103 5.231540 2.830920 -0.816948 1.066605 0.561488 -442.585124 162.300408 90.606269
6.845165 5.889296 3.185827 6.845165 5.889296 3.185827 -1.033022 1.106885 0.624379 -277.658751 -28.033452 119.030831
6.188518 6.537683 3.580597 6.188518 6.537683 3.580597 -1.133893 1.036573 0.689384 -58.579634 -206.338934 97.650594
5.508550 7.112469 4.008829 5.508550 7.112469 4.008829 -1.114479 0.862688 0.733096 123.292675 -373.277630 48.057841
4.871229 7.554273 4.454458 4.871229 7.554273 4.454458 -0.994636 0.595628 0.747538 276.184370 -516.923691 0.083192
4.330931 7.814869 4.898656 4.330931 7.814869 4.898656 -0.795075 0.266801 0.725886 389.020687 -579.163172 -72.257849
3.926919 7.869456 5.318619 3.926919 7.869456 5.318619 -0.546617 -0.086920 0.669720 439.170826 -599.908742 -114.962974
3.677390 7.713125 5.697813 3.677390 7.713125 5.697813 -0.286159 -0.427841 0.591020 429.021740 -536.494721 -147.370194
3.580398 7.366724 6.027628 3.580398 7.366724 6.027628 -0.041351 -0.715376 0.511247 387.007285 -421.954330 -118.540657
3.620431 6.871487 6.316216 3.620431 6.871487 6.316216 0.166768 -0.918846 0.456007 306.720123 -256.280891 -65.589998
3.768553 6.285353 6.582752 3.768553 6.285353 6.582752 0.315059 -1.016094 0.440344 187.585286 -67.878418 13.378933
3.985160 5.674376 6.855145 3.985160 5.674376 6.855145 0.396641 -1.002334 0.477265 84.354940 113.746764 109.689536
4.233794 5.103427 7.168828 4.233794 5.103427 7.168828 0.424578 -0.884199 0.580977 8.767634 280.036469 236.018881
4.485496 4.631760 7.566627 4.485496 4.631760 7.566627 0.406726 -0.673947 0.756236 -68.274142 420.803613 348.176866
4.716114 4.306088 8.086233 4.716114 4.306088 8.086233 0.360117 -0.406708 0.981105 -87.089610 469.991571 401.387705
4.916508 4.146662 8.747146 4.916508 4.146662 8.747146 0.307863 -0.124713 1.221938 -87.089610 469.991571 401.387705
