7.247502 3.293103 4.808028 7.247502 3.293103 4.808028 0.597975 0.638696 2.421097 178.820311 -63.334322 -274.714267
7.638475 3.664920 6.211237 7.638475 3.664920 6.211237 0.705267 0.600695 2.256268 178.820311 -63.334322 -274.714267
8.093717 4.008406 7.505769 8.093717 4.008406 7.505769 0.812031 0.535038 2.042537 177.060396 -155.523418 -437.721888
8.610892 4.296201 8.640911 8.610892 4.296201 8.640911 0.908694 0.415560 1.721951 145.148967 -242.737639 -630.899396
9.178475 4.500781 9.554428 9.178475 4.500781 9.554428 0.976983 0.264597 1.312955 82.481520 -260.471097 -732.421695
9.775524 4.614271 10.210022 9.775524 4.614271 10.210022 1.006535 0.116399 0.871784 16.023485 -233.522342 -738.147585
10.378256 4.645012 10.603276 10.378256 4.645012 10.603276 0.995782 -0.009037 0.444148 -51.865349 -184.597926 -687.305103
10.963703 4.613608 10.752845 10.963703 4.613608 10.752845 0.951230 -0.083566 0.065742 -96.641641 -63.832356 -574.046921
11.517119 4.558801 10.699847 11.517119 4.558801 10.699847 0.893614 -0.087753 -0.224261 -95.413029 49.875067 -392.630187
12.037909 4.522408 10.506459 12.037909 4.522408 10.506459 0.845346 -0.021418 -0.400630 -65.477475 171.241973 -195.267062
12.536371 4.546213 10.241714 12.536371 4.546213 10.241714 0.821260 0.110487 -0.463886 -14.810803 268.442366 -15.587126
13.031059 4.665333 9.971520 13.031059 4.665333 9.971520 0.835361 0.294094 -0.418520 61.814379 343.581015 166.808836
13.548454 4.905288 9.759707 13.548454 4.905288 9.759707 0.897708 0.508514 -0.272070 146.009695 371.152505 321.355947
14.118468 5.275262 9.658695 14.118468 5.275262 9.658695 1.010853 0.721495 -0.057324 231.137981 338.784758 394.465075
14.770617 5.763700 9.696845 14.770617 5.763700 9.696845 1.169698 0.897561 0.187057 298.347604 248.099214 420.138245
15.525943 6.339554 9.883355 15.525943 6.339554 9.883355 1.347728 1.009720 0.432393 295.085816 125.764727 397.647693
16.386448 6.958885 10.209917 16.386448 6.958885 10.209917 1.518545 1.039488 0.648730 274.303233 -26.537175 323.475064
17.342797 7.566563 10.650920 17.342797 7.566563 10.650920 1.662364 0.967375 0.810513 205.094134 -213.839854 215.801025
18.367018 8.098441 11.169293 18.367018 8.098441 11.169293 1.734845 0.788790 0.906101 36.508303 -381.443613 102.826618
19.407049 8.498091 11.726130 19.407049 8.498091 11.726130 1.719516 0.535108 0.941137 -87.603309 -464.163935 13.959250
20.422991 8.735606 12.293325 20.422991 8.735606 12.293325 1.666954 0.256609 0.949512 -87.603309 -464.163935 13.959250
