5.726924 2.155983 10.673858 5.726924 2.155983 10.673858 1.491793 -0.062008 0.673411 165.600733 -159.208852 -554.593128
6.651808 2.090120 10.978078 6.651808 2.090120 10.978078 1.591154 -0.157533 0.340655 165.600733 -159.208852 -554.593128
7.636683 1.975412 11.088867 7.636683 1.975412 11.088867 1.692392 -0.210713 0.039012 171.860565 -18.055587 -450.883550
8.681210 1.855767 11.040251 8.681210 1.855767 11.040251 1.786289 -0.171383 -0.185837 141.128987 149.155853 -298.613996
9.774287 1.785415 10.885400 9.774287 1.785415 10.885400 1.850471 -0.053742 -0.312997 72.810423 242.980236 -125.253352
10.891861 1.800741 10.683936 10.891861 1.800741 10.683936 1.865083 0.111219 -0.343754 -24.102928 306.890137 22.728643
11.998442 1.923301 10.488456 11.998442 1.923301 10.488456 1.809974 0.298297 -0.296706 -159.593864 316.700768 134.100274
13.046997 2.157015 10.339529 13.046997 2.157015 10.339529 1.670702 0.476966 -0.191454 -304.644444 278.864415 216.739036
13.985788 2.488921 10.265351 13.985788 2.488921 10.265351 1.443946 0.621937 -0.053006 -451.211732 204.370058 244.755336
14.766271 2.892106 10.275661 14.766271 2.892106 10.275661 1.149885 0.710742 0.084136 -528.989387 91.646675 212.383863
15.356879 3.328600 10.362312 15.356879 3.328600 10.362312 0.811965 0.733493 0.201265 -597.409761 -15.807067 178.047197
15.737101 3.760245 10.511106 15.737101 3.760245 10.511106 0.456402 0.695978 0.288024 -587.802406 -109.243914 111.147610
15.908916 4.152654 10.698889 15.908916 4.152654 10.698889 0.122613 0.602864 0.329525 -524.827528 -201.138131 27.188875
15.896035 4.475524 10.897854 15.896035 4.475524 10.897854 -0.152179 0.468964 0.327621 -391.145706 -245.193737 -33.536398
15.745333 4.714166 11.085899 15.745333 4.714166 11.085899 -0.331810 0.328838 0.295045 -207.623512 -221.894537 -75.048994
15.521487 4.873948 11.247939 15.521487 4.873948 11.247939 -0.393323 0.207803 0.242622 2.580657 -181.554115 -99.692822
15.298634 4.971033 11.377694 15.298634 4.971033 11.377694 -0.328395 0.124285 0.193439 213.845942 -96.839870 -64.252012
15.152528 5.034646 11.485484 15.152528 5.034646 11.485484 -0.137896 0.098550 0.171345 421.148663 11.058593 -9.393914
15.154662 5.102487 11.590935 15.154662 5.102487 11.590935 0.160118 0.138786 0.187385 572.234106 123.061520 62.858356
15.359538 5.213460 11.719072 15.359538 5.213460 11.719072 0.532473 0.240373 0.247057 668.947826 215.559881 136.050524
15.801528 5.400130 11.895522 15.801528 5.400130 11.895522 0.944321 0.387934 0.347324 703.877254 276.311375 198.171584
16.491165 5.684262 12.141764 16.491165 5.684262 12.141764 1.348381 0.561902 0.477108 642.989394 303.580284 234.442784
17.407690 6.074169 12.471405 17.407690 6.074169 12.471405 1.692969 0.734654 0.623657 505.639005 272.261977 254.051884
18.504347 6.558891 12.888208 18.504347 6.558891 12.888208 1.945652 0.872625 0.760484 336.638006 187.638860 202.038319
19.718386 7.109288 13.374458 19.718386 7.109288 13.374458 2.077903 0.950442 0.849674 104.198071 71.753609 95.262305
20.969473 7.683549 13.894723 20.969473 7.683549 13.894723 2.068368 0.948896 0.873399 -135.981882 -76.907295 -16.179900
22.173701 8.230487 14.406149 22.173701 8.230487 14.406149 1.925197 0.859969 0.815188 -341.255696 -219.518184 -177.854019
23.255884 8.698364 14.853553 23.255884 8.698364 14.853553 1.662900 0.685303 0.659999 -533.067718 -362.702034 -339.442371
24.149852 9.038011 15.179220 24.149852 9.038011 15.179220 1.303960 0.436444 0.410166 -663.397580 -466.825808 -493.335167
24.810344 9.212897 15.331065 24.810344 9.212897 15.331065 0.893560 0.141589 0.086893 -704.602547 -516.023577 -584.241285
25.219651 9.204967 15.278037 25.219651 9.204967 15.278037 0.470798 -0.168025 -0.263652 -704.602547 -516.023577 -584.241285
