7.769826 0.084665 -8.474540 7.769826 0.084665 -8.474540 0.862775 0.317199 1.514650 -326.235000 -243.621208 -185.276065
8.228769 0.231133 -7.599100 8.228769 0.231133 -7.599100 0.667034 0.171026 1.403485 -326.235000 -243.621208 -185.276065
8.578780 0.288032 -6.793803 8.578780 0.288032 -6.793803 0.513859 0.015532 1.275099 -184.346484 -274.693158 -242.676204
8.863872 0.248143 -6.074393 8.863872 0.248143 -6.074393 0.453044 -0.148101 1.119654 -18.370331 -270.751615 -275.474247
9.139505 0.114545 -5.450740 9.139505 0.114545 -5.450740 0.477586 -0.290565 0.961597 100.176921 -204.126602 -251.381934
9.448218 -0.090704 -4.915587 9.448218 -0.090704 -4.915587 0.558341 -0.383874 0.827988 169.006625 -106.902472 -193.981985
9.816047 -0.333924 -4.448082 9.816047 -0.333924 -4.448082 0.671762 -0.416286 0.739742 209.061491 -1.138749 -100.171777
10.256694 -0.578321 -4.017945 10.256694 -0.578321 -4.017945 0.796989 -0.389069 0.701257 208.362938 91.862982 -28.110728
10.770292 -0.789611 -3.599431 10.770292 -0.789611 -3.599431 0.911507 -0.305873 0.698489 173.364807 185.457443 18.885518
11.344027 -0.936884 -3.173610 11.344027 -0.936884 -3.173610 0.993649 -0.180257 0.726457 100.440653 233.262723 74.341644
11.953474 -1.003085 -2.723803 11.953474 -1.003085 -2.723803 1.029804 -0.040469 0.773819 20.077149 232.697085 83.529945
12.571997 -0.987321 -2.246442 12.571997 -0.987321 -2.246442 1.026981 0.089949 0.814109 -29.487476 202.029808 50.769644
13.180192 -0.902556 -1.752751 13.180192 -0.902556 -1.752751 0.995861 0.183317 0.825007 -74.247609 109.194621 -14.443156
13.762718 -0.778781 -1.264643 13.762718 -0.778781 -1.264643 0.943181 0.219480 0.794860 -101.351267 11.349993 -86.044933
14.312072 -0.652246 -0.807092 14.312072 -0.652246 -0.807092 0.890812 0.190312 0.723844 -73.211291 -108.576923 -150.675968
14.837083 -0.564921 -0.403484 14.837083 -0.564921 -0.403484 0.865394 0.088574 0.615555 -11.515855 -230.551357 -210.287800
15.358241 -0.557672 -0.074372 15.358241 -0.557672 -0.074372 0.878458 -0.071738 0.477535 55.062777 -303.819889 -249.777804
15.899901 -0.658135 0.168752 15.899901 -0.658135 0.168752 0.934865 -0.267691 0.335483 132.959819 -349.357081 -223.730196
16.489506 -0.881289 0.333164 16.489506 -0.881289 0.333164 1.038408 -0.475583 0.218217 212.184686 -343.616268 -167.156144
17.154196 -1.225239 0.439251 17.154196 -1.225239 0.439251 1.182976 -0.665498 0.144145 269.708718 -289.435571 -79.749943
17.912541 -1.669396 0.519340 17.912541 -1.669396 0.519340 1.344857 -0.802959 0.136082 269.893503 -168.766816 52.872566
18.765672 -2.173178 0.620033 18.765672 -2.173178 0.620033 1.494972 -0.862361 0.215438 230.489161 -29.238199 211.648038
19.700086 -2.685992 0.796426 19.700086 -2.685992 0.796426 1.612982 -0.830576 0.387595 162.876461 135.185536 362.207004
20.688741 -3.150349 1.101480 20.688741 -3.150349 1.101480 1.668450 -0.701191 0.641420 22.018178 296.098348 483.878193
21.684207 -3.509974 1.579071 21.684207 -3.509974 1.579071 1.633822 -0.484569 0.959951 -137.444858 425.976530 577.890616
22.630434 -3.718068 2.260782 22.630434 -3.718068 2.260782 1.504727 -0.199127 1.315284 -292.871202 525.496519 606.553192
23.470499 -3.740876 3.156988 23.470499 -3.740876 3.156988 1.278731 0.126565 1.668495 -460.450084 560.144841 570.818100
24.146833 -3.566876 4.254744 24.146833 -3.566876 4.254744 0.962345 0.448826 1.980543 -594.170338 514.057949 469.339947
24.612866 -3.210179 5.518022 24.612866 -3.210179 5.518022 0.583724 0.731617 2.214506 -667.898210 428.576363 310.538451
24.841561 -2.702662 6.890240 24.841561 -2.702662 6.890240 0.176399 0.945775 2.338913 -689.851385 285.283831 104.150525
24.826360 -2.094937 8.298583 24.826360 -2.094937 8.298583 -0.221849 1.061495 2.332644 -637.641133 100.449837 -125.048029
24.586002 -1.450951 9.662324 24.586002 -1.450951 9.662324 -0.566801 1.066803 2.190932 -512.200715 -82.754444 -347.323135
24.164612 -0.836359 10.902680 24.164612 -0.836359 10.902680 -0.819687 0.964179 1.924114 -330.752030 -259.326962 -542.072094
23.626105 -0.314627 11.951284 23.626105 -0.314627 11.951284 -0.953937 0.758100 1.557413 -116.747460 -427.602087 -680.265109
23.046490 0.057957 12.758446 23.046490 0.057957 12.758446 -0.955177 0.474999 1.125066 112.612493 -516.068318 -760.889226
22.506922 0.248748 13.297205 22.506922 0.248748 13.297205 -0.821269 0.158778 0.671926 333.747008 -538.003070 -749.578299
22.085818 0.249413 13.571606 22.085818 0.249413 13.571606 -0.563102 -0.152831 0.253027 526.810975 -500.692962 -646.752736
21.849803 0.071996 13.613975 21.849803 0.071996 13.613975 -0.211915 -0.431213 -0.100180 643.813788 -427.247127 -530.601618
21.838541 -0.263636 13.458359 21.838541 -0.263636 13.458359 0.174374 -0.687561 -0.418540 643.813788 -427.247127 -530.601618
