6.541107 4.799684 -0.133741 6.541107 4.799684 -0.133741 0.279379 -0.944391 0.002858 25.438985 204.433679 -231.796686
6.713314 4.269847 -0.173749 6.713314 4.269847 -0.173749 0.294642 -0.821731 -0.136220 25.438985 204.433679 -231.796686
6.897532 3.821809 -0.301167 6.897532 3.821809 -0.301167 0.324175 -0.658061 -0.295110 73.003512 341.130679 -297.836941
7.109715 3.496434 -0.536477 7.109715 3.496434 -0.536477 0.390664 -0.413087 -0.496977 148.626875 475.449730 -375.050727
7.373244 3.338437 -0.902713 7.373244 3.338437 -0.902713 0.491733 -0.106447 -0.724711 188.270482 546.683413 -384.062154
7.702561 3.372809 -1.404506 7.702561 3.372809 -1.404506 0.606636 0.220749 -0.944325 194.737941 543.971762 -347.985769
8.099208 3.598661 -2.029250 8.099208 3.598661 -2.029250 0.711542 0.524569 -1.130674 154.949328 468.760743 -273.177871
8.548988 3.990924 -2.747778 8.548988 3.990924 -2.747778 0.779334 0.771547 -1.249340 71.025565 354.499968 -122.376795
9.022612 4.507977 -3.508990 9.022612 4.507977 -3.508990 0.788142 0.935820 -1.270668 -41.664833 193.077481 51.283320
9.479505 5.092549 -4.251609 9.479505 5.092549 -4.251609 0.720678 0.993298 -1.187141 -183.216005 -1.485992 227.141416
9.870453 5.676960 -4.912109 9.870453 5.676960 -4.912109 0.568348 0.935903 -0.996359 -324.551695 -189.829395 408.797274
10.145962 6.195717 -5.426306 10.145962 6.195717 -5.426306 0.338216 0.778927 -0.700908 -442.554207 -333.424649 576.042049
10.263824 6.595726 -5.736510 10.263824 6.595726 -5.736510 0.045645 0.542222 -0.322017 -532.681451 -455.593832 686.927329
10.192364 6.835773 -5.804295 10.192364 6.835773 -5.804295 -0.288790 0.252471 0.099033 -582.104652 -510.241140 716.573526
9.915508 6.896519 -5.618317 9.915508 6.896519 -5.618317 -0.632065 -0.048142 0.516847 -562.142569 -491.801683 676.138856
9.440988 6.782437 -5.192378 9.440988 6.782437 -5.192378 -0.939828 -0.326585 0.893162 -463.735202 -436.342514 578.244728
8.802392 6.515024 -4.561356 8.802392 6.515024 -4.561356 -1.174205 -0.552993 1.195308 -317.520420 -318.351918 428.909356
8.051927 6.134114 -3.780569 8.051927 6.134114 -3.780569 -1.308659 -0.703060 1.384648 -130.662679 -181.868957 202.222400
7.256656 5.688141 -2.927786 7.256656 5.688141 -2.927786 -1.319837 -0.769182 1.433950 93.402841 -38.537322 -37.881347
6.494537 5.228278 -2.087747 6.494537 5.228278 -2.087747 -1.198942 -0.749390 1.343659 309.580954 104.509170 -263.090250
5.842804 4.804590 -1.340446 5.842804 4.804590 -1.340446 -0.953656 -0.651015 1.128113 508.039454 223.408297 -455.394490
5.370918 4.457913 -0.754521 5.370918 4.457913 -0.754521 -0.604529 -0.498378 0.810021 655.717821 285.380163 -604.914172
5.131096 4.211197 -0.383129 5.131096 4.211197 -0.383129 -0.186767 -0.322436 0.418391 736.821417 301.095284 -700.517543
5.152864 4.069621 -0.257340 5.152864 4.069621 -0.257340 0.261330 -0.153340 0.002318 756.837038 262.556939 -686.393611
5.441535 4.021315 -0.374568 5.441535 4.021315 -0.374568 0.693643 -0.013617 -0.384859 684.206533 203.184560 -604.195967
5.971956 4.043460 -0.706989 5.971956 4.043460 -0.706989 1.059557 0.077004 -0.711131 535.504614 98.885245 -483.377339
6.693611 4.100103 -1.210017 6.693611 4.100103 -1.210017 1.328509 0.099541 -0.947861 361.002628 -23.759392 -305.723278
7.541758 4.149896 -1.819773 7.541758 4.149896 -1.819773 1.475417 0.057012 -1.061344 128.691045 -118.003246 -72.551867
8.434677 4.159117 -2.456574 8.434677 4.159117 -2.456574 1.475154 -0.032518 -1.039553 -129.568590 -180.431926 145.188781
9.285339 4.104542 -3.045387 9.285339 4.104542 -3.045387 1.341871 -0.153708 -0.908516 -314.708782 -223.536055 291.598269
10.033813 3.972081 -3.538009 10.033813 3.972081 -3.538009 1.153045 -0.287830 -0.733557 -314.708782 -223.536055 291.598269
