9.663384 1.272465 -5.834065 9.663384 1.272465 -5.834065 1.957361 -1.023574 0.523964 -313.923629 115.777245 -472.880174
10.781294 0.679161 -5.604805 10.781294 0.679161 -5.604805 1.769007 -0.954107 0.240236 -313.923629 115.777245 -472.880174
11.776595 0.136067 -5.542451 11.776595 0.136067 -5.542451 1.532668 -0.841986 -0.026836 -473.873625 257.959638 -417.357919
12.600838 -0.314294 -5.626799 12.600838 -0.314294 -5.626799 1.198044 -0.645224 -0.242863 -641.537404 397.916517 -302.733619
13.198987 -0.624068 -5.819598 13.198987 -0.624068 -5.819598 0.787118 -0.377797 -0.387447 -728.216383 493.506175 -179.211535
13.540881 -0.759593 -6.075973 13.540881 -0.759593 -6.075973 0.353695 -0.070082 -0.453220 -716.526431 532.208853 -40.032422
13.628848 -0.707586 -6.347450 13.628848 -0.707586 -6.347450 -0.052595 0.240537 -0.438936 -637.773380 503.189261 87.646734
13.489954 -0.478442 -6.590604 13.489954 -0.478442 -6.590604 -0.397948 0.513687 -0.364191 -513.405407 407.310168 161.503058
13.167881 -0.104657 -6.776311 13.167881 -0.104657 -6.776311 -0.660446 0.719358 -0.248608 -361.585964 278.260746 223.771484
12.717740 0.365552 -6.884675 12.717740 0.365552 -6.884675 -0.821340 0.828851 -0.111735 -174.729497 86.714081 232.473235
12.205241 0.866950 -6.912316 12.205241 0.866950 -6.912316 -0.867393 0.823273 0.015526 21.221036 -105.306531 191.729528
11.698336 1.331577 -6.871454 11.698336 1.331577 -6.871454 -0.806105 0.708184 0.115736 183.070844 -278.322312 142.302971
11.253874 1.696696 -6.779131 11.253874 1.696696 -6.779131 -0.665022 0.492721 0.187453 287.206204 -439.889762 96.753997
10.909892 1.908279 -6.654008 10.909892 1.908279 -6.654008 -0.476025 0.204442 0.221685 342.783418 -521.038015 17.352136
10.687417 1.935177 -6.519591 10.687417 1.935177 -6.519591 -0.263161 -0.118085 0.223511 366.765279 -554.052002 -11.264996
10.593757 1.765522 -6.388214 10.593757 1.765522 -6.388214 -0.052010 -0.445891 0.213241 337.070191 -538.636384 -22.966584
10.617917 1.406926 -6.263829 10.617917 1.406926 -6.263829 0.123701 -0.739608 0.202335 248.633335 -440.418851 -13.387514
10.732053 0.892642 -6.141255 10.732053 0.892642 -6.141255 0.248688 -0.960078 0.212216 167.989706 -294.481707 46.325162
10.905511 0.274040 -5.999727 10.905511 0.274040 -5.999727 0.319518 -1.084511 0.269308 68.111978 -120.295626 143.981736
11.104345 -0.387162 -5.807380 11.104345 -0.387162 -5.807380 0.334698 -1.100898 0.379925 -17.514284 65.672873 224.740326
11.299196 -1.025699 -5.532790 11.299196 -1.025699 -5.532790 0.310114 -1.010590 0.545673 -64.432012 235.353870 327.754425
11.472598 -1.582154 -5.141930 11.472598 -1.582154 -5.141930 0.266115 -0.831701 0.764631 -82.230646 360.943929 402.104661
11.618275 -2.011403 -4.609479 11.618275 -2.011403 -4.609479 0.220820 -0.591130 1.012358 -68.751876 440.957169 423.652159
11.740178 -2.284460 -3.927256 11.740178 -2.284460 -3.927256 0.188502 -0.315308 1.259306 -38.976887 478.449869 399.506297
11.846263 -2.387524 -3.099761 11.846263 -2.387524 -3.099761 0.165115 -0.028238 1.499010 -38.976887 478.449869 399.506297
