-10.821711 -5.726851 8.294916 -10.821711 -5.726851 8.294916 -0.403940 0.726670 0.250774 611.768523 204.966669 -108.981127
-10.953957 -5.253954 8.425763 -10.953957 -5.253954 8.425763 -0.036879 0.849650 0.185385 611.768523 204.966669 -108.981127
-10.859687 -4.714428 8.519529 -10.859687 -4.714428 8.519529 0.361580 0.936840 0.130755 716.426388 85.664079 -73.117801
-10.509350 -4.146030 8.590394 -10.509350 -4.146030 8.590394 0.813595 0.942611 0.114749 790.290658 -66.426540 19.762488
-9.880431 -3.599588 8.668495 -9.880431 -3.599588 8.668495 1.280321 0.866919 0.155077 765.464700 -185.881207 114.665135
-8.980947 -3.117017 8.786769 -8.980947 -3.117017 8.786769 1.707138 0.734781 0.246818 657.256449 -254.576678 191.138585
-7.848432 -2.722957 8.974953 -7.848432 -2.722957 8.974953 2.051124 0.577109 0.389942 489.363791 -270.999066 285.940799
-6.541274 -2.424226 9.263739 -6.541274 -2.424226 9.263739 2.286730 0.420740 0.578266 295.990811 -250.227705 341.807347
-5.129452 -2.213993 9.672574 -5.129452 -2.213993 9.672574 2.396853 0.284750 0.785100 71.084862 -203.073507 347.636705
-3.690884 -2.073503 10.203634 -3.690884 -2.073503 10.203634 2.377812 0.193872 0.980810 -134.555587 -99.853335 304.730559
-2.298814 -1.967953 10.841932 -2.298814 -1.967953 10.841932 2.245091 0.169961 1.138453 -307.847065 20.150073 220.747579
-1.014751 -1.856629 11.555990 -1.014751 -1.856629 11.555990 2.022488 0.210654 1.227155 -434.162933 115.494117 74.925625
0.116366 -1.705078 12.294799 0.116366 -1.705078 12.294799 1.740860 0.301800 1.217260 -504.594615 188.326166 -107.910764
1.069592 -1.487269 12.995515 1.069592 -1.487269 12.995515 1.435787 0.428942 1.101434 -512.317532 235.479231 -278.174685
1.842519 -1.187388 13.595491 1.842519 -1.187388 13.595491 1.146757 0.570880 0.880463 -451.115005 237.647232 -458.394147
2.455766 -0.805355 14.032276 2.455766 -0.805355 14.032276 0.908055 0.697110 0.560518 -344.558012 183.117862 -608.089438
2.945974 -0.359468 14.253614 2.945974 -0.359468 14.253614 0.738298 0.780279 0.168081 -221.298565 94.113954 -700.033677
3.357109 0.119703 14.227147 3.357109 0.119703 14.227147 0.645467 0.807064 -0.258491 -88.137756 -4.829763 -721.873664
3.736308 0.596269 13.945164 3.736308 0.596269 13.945164 0.631499 0.770152 -0.676370 41.577053 -118.209844 -671.055002
4.128182 1.029711 13.425163 4.128182 1.029711 13.425163 0.683902 0.662367 -1.045950 133.100540 -241.074177 -560.880085
4.565965 1.379654 12.707830 4.565965 1.379654 12.707830 0.781181 0.497300 -1.326500 191.161152 -309.150029 -374.287426
5.070537 1.620291 11.857282 5.070537 1.620291 11.857282 0.903148 0.301334 -1.487454 215.394394 -344.068361 -162.223413
5.650164 1.739396 10.950604 5.650164 1.739396 10.950604 1.027221 0.096072 -1.509814 198.185318 -340.138356 87.687488
6.299185 1.740476 10.073680 6.299185 1.740476 10.073680 1.131207 -0.084702 -1.391298 148.432279 -262.441699 307.368236
7.000763 1.648953 9.305682 7.000763 1.648953 9.305682 1.200947 -0.209479 -1.149605 84.036422 -153.483117 498.273099
7.732420 1.503977 8.714815 7.732420 1.503977 8.714815 1.231178 -0.259876 -0.804609 16.733375 -14.508046 651.715161
8.470871 1.355561 8.352375 8.470871 1.355561 8.352375 1.224879 -0.217974 -0.398496 -37.732543 154.183505 701.995423
9.197689 1.261424 8.239233 9.197689 1.261424 8.239233 1.195655 -0.080994 0.020681 -59.680234 302.417142 695.259500
9.905448 1.274809 8.371514 9.905448 1.274809 8.371514 1.165386 0.138184 0.411464 -41.216818 428.175174 607.351022
10.599120 1.438683 8.719443 10.599120 1.438683 8.719443 1.149956 0.414551 0.734512 -10.214325 493.047801 469.476881
11.291651 1.777718 9.233649 11.291651 1.777718 9.233649 1.165804 0.718160 0.961163 63.041680 518.980884 286.024287
12.008870 2.299065 9.848318 12.008870 2.299065 9.848318 1.235574 1.014721 1.065214 169.524256 469.555437 60.811551
12.785412 2.985976 10.485681 12.785412 2.985976 10.485681 1.360708 1.264248 1.038142 247.586722 362.203597 -151.049842
13.650584 3.801010 11.071459 13.650584 3.801010 11.071459 1.530165 1.438010 0.897920 317.271086 217.001763 -316.356017
14.629436 4.691318 11.545249 14.629436 4.691318 11.545249 1.738752 1.510420 0.668020 378.019267 24.366544 -449.979678
15.739605 5.590187 11.860122 15.739605 5.590187 11.860122 1.959933 1.466196 0.373316 359.252204 -171.780542 -532.365753
16.976595 6.428617 11.988221 16.976595 6.428617 11.988221 2.157308 1.311288 0.053577 298.662059 -344.581295 -533.432475
18.320365 7.145956 11.926529 18.320365 7.145956 11.926529 2.314638 1.067494 -0.255582 225.771622 -468.063082 -497.096631
19.749787 7.702201 11.683703 19.749787 7.702201 11.683703 2.450101 0.786656 -0.553840 225.771622 -468.063082 -497.096631
