-10.086880 -0.226815 7.395744 -10.086880 -0.226815 7.395744 0.881888 -0.309097 1.099473 128.776411 -105.554916 -328.674219
-9.534567 -0.431273 7.996267 -9.534567 -0.431273 7.996267 0.959154 -0.372430 0.902268 128.776411 -105.554916 -328.674219
-8.939118 -0.668512 8.483425 -8.939118 -0.668512 8.483425 1.020305 -0.409666 0.729854 75.061264 -18.564002 -246.039163
-8.316380 -0.910657 8.882439 -8.316380 -0.910657 8.882439 1.050561 -0.385827 0.609177 25.791114 98.027115 -156.219107
-7.683449 -1.118978 9.224520 -7.683449 -1.118978 9.224520 1.055796 -0.299361 0.538914 -8.340734 190.192507 -77.990021
-7.050539 -1.260600 9.538283 -7.050539 -1.260600 9.538283 1.055465 -0.166447 0.514386 7.238970 252.854244 -3.772388
-6.412676 -1.313517 9.848248 -6.412676 -1.313517 9.848248 1.076208 -0.007546 0.522183 61.904185 276.814252 29.763647
-5.752968 -1.268945 10.165658 -5.752968 -1.268945 10.165658 1.127554 0.154909 0.533754 109.249134 264.702742 8.806591
-5.051740 -1.132808 10.485629 -5.051740 -1.132808 10.485629 1.218257 0.291455 0.529707 193.094479 190.450225 -22.295856
-4.281046 -0.930457 10.796594 -4.281046 -0.930457 10.796594 1.359027 0.371712 0.502099 276.136501 77.074944 -69.730010
-3.414705 -0.701158 11.081455 -3.414705 -0.701158 11.081455 1.530811 0.379946 0.441026 296.478939 -49.630426 -133.846930
-2.442602 -0.490303 11.318145 -2.442602 -0.490303 11.318145 1.709948 0.309274 0.341549 300.642679 -185.941934 -197.744973
-1.363719 -0.345297 11.484367 -1.363719 -0.345297 11.484367 1.884329 0.162263 0.207336 280.627522 -304.095738 -249.629365
-0.188117 -0.308137 11.563775 -0.188117 -0.308137 11.563775 2.025161 -0.047496 0.057257 188.814577 -395.100637 -250.636812
1.053309 -0.409692 11.555170 1.053309 -0.409692 11.555170 2.100163 -0.294253 -0.082350 61.189709 -427.421570 -214.717271
2.315105 -0.662089 11.471987 2.315105 -0.662089 11.471987 2.090300 -0.545253 -0.186799 -94.063791 -409.247163 -133.449028
3.543315 -1.058725 11.342644 3.543315 -1.058725 11.342644 1.988666 -0.769896 -0.233081 -244.718128 -339.560863 -20.824302
4.683374 -1.573442 11.206385 4.683374 -1.573442 11.206385 1.796378 -0.931928 -0.208885 -396.242321 -200.545408 101.480774
5.682876 -2.159236 11.108334 5.682876 -2.159236 11.108334 1.523629 -1.004949 -0.102931 -512.919595 -42.858386 251.698905
6.500654 -2.759338 11.099495 6.500654 -2.759338 11.099495 1.195509 -0.977756 0.086160 -580.815367 133.502053 378.602806
7.112513 -3.311155 11.224992 7.112513 -3.311155 11.224992 0.842521 -0.843625 0.341582 -595.811633 313.601927 472.805869
7.515062 -3.752227 11.517358 7.515062 -3.752227 11.517358 0.506447 -0.612190 0.636823 -524.433738 457.845684 511.327596
7.732762 -4.031862 11.990704 7.732762 -4.031862 11.990704 0.232938 -0.311148 0.939689 -387.262247 545.630047 498.227707
7.813463 -4.117506 12.639225 7.813463 -4.117506 12.639225 0.053803 0.030384 1.213757 -209.854026 592.809809 415.331181
7.821090 -3.994378 13.433279 7.821090 -3.994378 13.433279 -0.006511 0.377028 1.418156 8.805816 562.670530 265.998778
7.831235 -3.673161 14.321292 7.831235 -3.673161 14.321292 0.061103 0.683230 1.523958 216.573208 458.001164 86.675379
7.920647 -3.189522 15.238353 7.920647 -3.189522 15.238353 0.259884 0.914333 1.511387 446.031902 312.341426 -128.580042
8.167197 -2.596075 16.108278 8.167197 -2.596075 16.108278 0.579170 1.044867 1.365423 618.255502 122.773380 -357.964066
8.631602 -1.957020 16.852799 8.631602 -1.957020 16.852799 0.978211 1.068711 1.099146 711.879840 -43.293527 -529.625533
9.346667 -1.323586 17.416954 9.346667 -1.323586 17.416954 1.405339 1.042735 0.781371 711.879840 -43.293527 -529.625533
