-12.150108 0.628165 2.937592 -12.150108 0.628165 2.937592 0.623928 -0.070629 -1.663035 716.768260 -221.531340 223.667137
-11.646733 0.545911 1.980031 -11.646733 0.545911 1.980031 1.053989 -0.203548 -1.528835 716.768260 -221.531340 223.667137
-10.890668 0.385464 1.112800 -10.890668 0.385464 1.112800 1.457316 -0.328682 -1.345584 627.656069 -195.580402 387.168500
-9.908766 0.156282 0.387422 -9.908766 0.156282 0.387422 1.806580 -0.429870 -1.051873 536.558169 -141.714480 591.867991
-8.738949 -0.120715 -0.130256 -8.738949 -0.120715 -0.130256 2.074954 -0.482731 -0.662205 358.022190 -34.487145 707.026160
-7.444348 -0.409173 -0.398585 -7.444348 -0.409173 -0.398585 2.215692 -0.466484 -0.229344 111.103212 88.642773 735.845367
-6.108698 -0.667957 -0.405493 -6.108698 -0.667957 -0.405493 2.213536 -0.387545 0.203394 -118.288668 174.486268 706.614839
-4.814091 -0.862276 -0.162391 -4.814091 -0.862276 -0.162391 2.081444 -0.248852 0.596738 -322.017998 287.825662 604.529063
-3.634165 -0.958066 0.293514 -3.634165 -0.958066 0.293514 1.833347 -0.067592 0.904691 -504.973661 316.374660 421.981435
-2.634128 -0.941906 0.897968 -2.634128 -0.941906 0.897968 1.484987 0.121069 1.086293 -656.226778 312.493564 183.358033
-1.864450 -0.815255 1.571628 -1.864450 -0.815255 1.571628 1.075283 0.297371 1.140709 -709.452575 275.180596 -1.968809
-1.346981 -0.587300 2.255699 -1.346981 -0.587300 2.255699 0.649611 0.462479 1.139528 -709.452575 275.180596 -1.968809
