8.917654 4.971816 -1.268780 8.917654 4.971816 -1.268780 -0.095418 1.324999 0.835651 -216.139489 -414.007900 -17.658413
8.821498 5.692293 -0.770568 8.821498 5.692293 -0.770568 -0.225101 1.076594 0.825056 -216.139489 -414.007900 -17.658413
8.659234 6.257489 -0.274947 8.659234 6.257489 -0.274947 -0.296274 0.796991 0.833291 -21.104495 -518.000909 45.108084
8.492845 6.638205 0.237552 8.492845 6.638205 0.237552 -0.233068 0.464998 0.882378 231.793845 -588.645263 118.513685
8.407281 6.811489 0.793362 8.407281 6.811489 0.793362 -0.031223 0.113017 0.978743 441.022833 -584.623127 202.704984
8.476391 6.777934 1.422206 8.476391 6.777934 1.422206 0.275689 -0.218421 1.125920 582.014789 -520.170333 287.883213
8.750697 6.561492 2.151942 8.750697 6.561492 2.151942 0.645552 -0.489316 1.310477 650.862819 -382.813913 327.307144
9.255368 6.209057 2.997058 9.255368 6.209057 2.997058 1.036991 -0.668701 1.506432 653.935646 -215.135411 325.875921
9.991584 5.780417 3.957072 9.991584 5.780417 3.957072 1.410914 -0.741254 1.689446 592.471211 -26.706766 284.171242
10.936898 5.341663 5.016186 10.936898 5.341663 5.016186 1.727004 -0.703254 1.831428 461.162968 153.371933 189.102349
12.045075 4.956504 6.141109 12.045075 4.956504 6.141109 1.948529 -0.565295 1.905026 277.253244 306.492905 56.225694
13.252644 4.679602 7.283451 13.252644 4.679602 7.283451 2.057610 -0.345872 1.884787 86.351950 424.916918 -123.689789
14.491740 4.551680 8.381722 14.491740 4.551680 8.381722 2.054353 -0.075341 1.758888 -97.207757 476.851829 -295.973562
15.696227 4.590831 9.374507 15.696227 4.590831 9.374507 1.942893 0.203384 1.534943 -274.327230 452.232392 -450.509045
16.804729 4.790769 10.205987 16.804729 4.790769 10.205987 1.739020 0.457251 1.222666 -405.247979 393.990924 -590.415794
17.771124 5.129855 10.829377 17.771124 5.129855 10.829377 1.475510 0.662729 0.848739 -473.120454 290.933544 -656.007326
18.570233 5.569939 11.219511 18.570233 5.569939 11.219511 1.186464 0.787686 0.449994 -490.366339 125.590172 -673.142057
19.195967 6.056921 11.371657 19.195967 6.056921 11.371657 0.902851 0.821861 0.062687 -455.010721 -11.671919 -617.881883
19.655776 6.547937 11.298051 19.655776 6.547937 11.298051 0.629844 0.814858 -0.308042 -455.010721 -11.671919 -617.881883
