-0.378088 -3.059542 4.292671 -0.378088 -3.059542 4.292671 0.815875 -0.205110 -0.983635 330.897256 350.436560 601.461454
0.170998 -3.119529 3.810753 0.170998 -3.119529 3.810753 1.014413 0.005152 -0.622759 330.897256 350.436560 601.461454
0.838113 -3.047779 3.544432 0.838113 -3.047779 3.544432 1.207479 0.243316 -0.266528 312.655981 443.443245 585.972931
1.614359 -2.817768 3.485786 1.614359 -2.817768 3.485786 1.372475 0.530390 0.064039 237.330208 513.470703 515.916462
2.474227 -2.407500 3.610915 2.474227 -2.407500 3.610915 1.483191 0.836523 0.342791 131.725428 506.973403 413.257085
3.383465 -1.819001 3.881934 3.383465 -1.819001 3.881934 1.540290 1.117353 0.545536 58.603174 429.127318 262.560712
4.313441 -1.078586 4.246526 4.313441 -1.078586 4.246526 1.551719 1.338633 0.653121 -20.508089 308.470609 96.057483
5.238590 -0.229518 4.646760 5.238590 -0.229518 4.646760 1.528459 1.475533 0.666109 -57.023916 147.862627 -52.764320
6.144204 0.671411 5.028778 6.144204 0.671411 5.028778 1.488259 1.509219 0.593702 -76.977415 -35.575226 -188.594698
7.024979 1.558384 5.346391 7.024979 1.558384 5.346391 1.450453 1.427100 0.457239 -49.040955 -238.153290 -266.282303
7.889868 2.362085 5.570273 7.889868 2.362085 5.570273 1.438249 1.235751 0.284819 8.360700 -399.676243 -308.451271
8.758518 3.025235 5.685598 8.758518 3.025235 5.685598 1.464248 0.964151 0.099522 78.301308 -505.658488 -309.203946
9.653669 3.508418 5.693413 9.653669 3.508418 5.693413 1.523766 0.639311 -0.067207 120.093964 -577.142274 -246.558191
10.592720 3.788638 5.612372 10.592720 3.788638 5.612372 1.611695 0.295623 -0.196826 173.001573 -568.484535 -185.506766
11.592730 3.868464 5.465290 11.592730 3.868464 5.465290 1.724760 -0.021574 -0.286107 203.880954 -488.837764 -112.094439
12.662463 3.775278 5.278795 12.662463 3.775278 5.278795 1.837985 -0.276131 -0.326633 173.536309 -359.684784 -22.995489
13.792657 3.554491 5.081203 13.792657 3.554491 5.081203 1.922939 -0.443768 -0.327793 109.644074 -199.106453 19.131448
14.959859 3.263846 4.889162 14.959859 3.263846 4.889162 1.957239 -0.505956 -0.310357 4.689487 -8.185554 38.987088
16.127343 2.969593 4.710581 16.127343 2.969593 4.710581 1.921536 -0.456896 -0.283889 -123.698250 171.717092 49.239630
17.248774 2.735200 4.545167 17.248774 2.735200 4.545167 1.801192 -0.309690 -0.274062 -277.450147 318.970181 -16.483762
18.270937 2.613185 4.374666 18.270937 2.613185 4.374666 1.591667 -0.086384 -0.299438 -420.967116 425.382995 -68.102705
19.144186 2.640891 4.178261 19.144186 2.640891 4.178261 1.309202 0.183684 -0.362717 -520.583193 474.844074 -142.826000
19.831065 2.836411 3.930780 19.831065 2.836411 3.930780 0.972166 0.467779 -0.469122 -602.868333 472.139085 -211.857555
20.306026 3.196214 3.609432 20.306026 3.196214 3.609432 0.611333 0.721816 -0.604940 -599.908904 374.652674 -240.868614
20.567905 3.691600 3.201959 20.567905 3.691600 3.201959 0.266699 0.920899 -0.755224 -548.869303 288.956547 -260.078675
20.629128 4.296152 2.702010 20.629128 4.296152 2.702010 -0.062622 1.094273 -0.911271 -548.869303 288.956547 -260.078675
