-6.086692 3.898031 -7.538736 -6.086692 3.898031 -7.538736 0.418405 0.422537 -1.193299 222.779061 -208.493058 -29.345921
-5.795549 4.114025 -8.259997 -5.795549 4.114025 -8.259997 0.552073 0.297441 -1.210906 222.779061 -208.493058 -29.345921
-5.416709 4.257185 -8.980625 -5.416709 4.257185 -8.980625 0.723218 0.183467 -1.172521 347.704697 -171.418814 157.296078
-4.911195 4.341741 -9.640253 -4.911195 4.341741 -9.640253 0.976822 0.107270 -1.000288 497.643018 -82.572728 416.814967
-4.230211 4.398762 -10.153780 -4.230211 4.398762 -10.153780 1.301985 0.095338 -0.692106 586.232283 42.798820 610.456618
-3.341553 4.469922 -10.452163 -3.341553 4.469922 -10.452163 1.663450 0.152286 -0.290835 618.650780 147.027247 727.114417
-2.233555 4.591853 -10.492388 -2.233555 4.591853 -10.492388 2.027496 0.260974 0.162409 594.837468 215.269039 783.700763
-0.915769 4.790294 -10.254379 -0.915769 4.790294 -10.254379 2.355486 0.405675 0.630115 498.461176 267.065816 775.318279
0.577566 5.081365 -9.742086 0.577566 5.081365 -9.742086 2.606166 0.563888 1.068641 337.138491 260.312531 686.436012
2.189506 5.464569 -8.987452 2.189506 5.464569 -8.987452 2.746229 0.710146 1.429956 129.738580 227.214099 517.944574
3.845522 5.924521 -8.049591 3.845522 5.924521 -8.049591 2.748699 0.811307 1.674006 -121.503164 109.987737 295.556605
5.462292 6.424272 -7.002150 5.462292 6.424272 -7.002150 2.622902 0.843144 1.800530 -297.820277 -3.864666 126.190386
6.982425 6.929463 -5.899117 6.982425 6.929463 -5.899117 2.444210 0.840825 1.876244 -297.820277 -3.864666 126.190386
