0.574425 1.703111 -7.078732 0.574425 1.703111 -7.078732 0.095663 0.395120 0.053644 -635.629563 488.269627 248.753370
0.517409 2.028071 -7.001770 0.517409 2.028071 -7.001770 -0.285715 0.688082 0.202896 -635.629563 488.269627 248.753370
0.233281 2.526083 -6.834943 0.233281 2.526083 -6.834943 -0.658525 0.967412 0.353715 -607.072979 442.832641 253.974969
-0.263724 3.178886 -6.579391 -0.263724 3.178886 -6.579391 -0.985849 1.196341 0.494137 -484.004521 320.263258 214.100834
-0.931787 3.945060 -6.248257 -0.931787 3.945060 -6.248257 -1.223419 1.342112 0.603168 -307.897205 165.638846 149.334363
-1.708619 4.768714 -5.863408 -1.708619 4.768714 -5.863408 -1.344951 1.384352 0.673108 -97.207396 -24.837588 83.798773
-2.518389 5.582764 -5.447478 -2.518389 5.582764 -5.447478 -1.329790 1.309000 0.708296 147.743806 -226.336654 33.495434
-3.276566 6.317742 -5.019017 -3.276566 6.317742 -5.019017 -1.175626 1.124790 0.715663 366.136381 -387.696890 -8.939545
-3.904071 6.915560 -4.592820 -3.904071 6.915560 -4.592820 -0.896118 0.855819 0.702342 565.554244 -508.872083 -35.464062
-4.331824 7.332480 -4.176720 -4.331824 7.332480 -4.176720 -0.516195 0.525624 0.686455 700.857779 -591.776911 -17.493429
-4.511477 7.541567 -3.763487 -4.511477 7.541567 -3.763487 -0.076131 0.171719 0.698504 766.022774 -587.906936 57.659398
-4.418997 7.542428 -3.329525 -4.418997 7.542428 -3.329525 0.384852 -0.162761 0.755505 770.587212 -527.027590 132.343598
-4.054733 7.357199 -2.848343 -4.054733 7.357199 -2.848343 0.820443 -0.442517 0.855199 681.380013 -405.493635 199.967993
-3.448582 7.028773 -2.293298 -3.448582 7.028773 -2.293298 1.185453 -0.635448 1.004833 535.320493 -237.607096 298.812936
-2.653121 6.614568 -1.633173 -2.653121 6.614568 -1.633173 1.445805 -0.728844 1.201315 332.519472 -73.714417 356.128889
-1.738603 6.175294 -0.848088 -1.738603 6.175294 -0.848088 1.581227 -0.716566 1.415956 118.888671 114.640641 359.339151
-0.781833 5.776081 0.065350 -0.781833 5.776081 0.065350 1.585729 -0.597328 1.627477 -103.881453 282.818735 345.731650
0.140524 5.474323 1.098481 0.140524 5.474323 1.098481 1.471487 -0.398978 1.806982 -276.925550 378.348664 252.619342
0.964603 5.306721 2.220531 0.964603 5.306721 2.220531 1.260503 -0.153559 1.920496 -426.356221 439.713949 125.760348
1.639144 5.294100 3.386428 1.639144 5.294100 3.386428 0.979606 0.112103 1.950765 -509.965187 445.827228 -24.864735
2.134256 5.438064 4.541742 2.134256 5.438064 4.541742 0.669335 0.361867 1.882503 -524.270914 386.720936 -202.675607
2.444104 5.717815 5.623945 2.444104 5.717815 5.623945 0.367849 0.559000 1.706810 -480.685019 270.388793 -382.968204
2.584107 6.093828 6.570134 2.584107 6.093828 6.570134 0.108527 0.680950 1.432217 -383.721605 136.108678 -532.341344
2.586943 6.518071 7.328291 2.586943 6.518071 7.328291 -0.087758 0.718484 1.086054 -270.560428 -10.992656 -621.533997
2.495544 6.940258 7.865883 2.495544 6.940258 7.865883 -0.200309 0.677265 0.702312 -104.608095 -126.404432 -657.608141
2.365264 7.316240 8.171996 2.365264 7.316240 8.171996 -0.219405 0.563299 0.323221 40.952739 -253.481337 -606.028268
2.247119 7.605919 8.261404 2.247119 7.605919 8.261404 -0.164196 0.397838 -0.017591 143.076800 -298.056022 -530.012497
2.174355 7.790972 8.155447 2.174355 7.790972 8.155447 -0.078350 0.219005 -0.335599 143.076800 -298.056022 -530.012497
