7.716825 2.346368 -6.319201 7.716825 2.346368 -6.319201 0.182540 -0.467885 0.335106 -356.011307 512.859001 258.263439
7.762267 2.157952 -6.071650 7.762267 2.157952 -6.071650 -0.031067 -0.160170 0.490064 -356.011307 512.859001 258.263439
7.690708 2.152392 -5.734395 7.690708 2.152392 -5.734395 -0.188854 0.138684 0.628664 -169.944613 483.320750 203.734891
7.562729 2.316084 -5.324016 7.562729 2.316084 -5.324016 -0.211205 0.396093 0.733448 95.441820 374.706723 145.547347
7.467104 2.612431 -4.862109 7.467104 2.612431 -4.862109 -0.084352 0.577137 0.798978 327.399200 228.776202 72.885426
7.485961 2.990872 -4.373195 7.485961 2.990872 -4.373195 0.164772 0.669296 0.824748 503.014184 78.419544 13.015107
7.682748 3.397015 -3.878661 7.682748 3.397015 -3.878661 0.503488 0.668597 0.819265 626.041840 -80.750921 -31.291832
8.101818 3.774735 -3.392404 8.101818 3.774735 -3.392404 0.900561 0.575633 0.802144 697.534251 -229.127747 -25.779213
8.766693 4.072729 -2.913824 8.766693 4.072729 -2.913824 1.313991 0.407442 0.796346 680.564881 -331.508977 6.453663
9.672016 4.254159 -2.431891 9.672016 4.254159 -2.431891 1.694463 0.191717 0.815036 587.675311 -387.575876 55.844125
10.785625 4.299536 -1.927533 10.785625 4.299536 -1.927533 2.002814 -0.040275 0.874969 440.162607 -385.731294 143.933720
12.054423 4.209532 -1.371591 12.054423 4.209532 -1.371591 2.206314 -0.253747 0.986588 238.167563 -325.841842 228.130098
13.408509 4.003883 -0.734662 13.408509 4.003883 -0.734662 2.286354 -0.422998 1.143031 28.634674 -238.325284 293.346480
14.773133 3.713841 0.006388 14.773133 3.713841 0.006388 2.241822 -0.532719 1.331187 -177.076436 -127.413747 333.840248
16.075911 3.378998 0.865057 16.075911 3.378998 0.865057 2.083371 -0.570553 1.530815 -351.092118 1.302798 331.586994
17.255206 3.043677 1.840590 17.255206 3.043677 1.840590 1.835056 -0.535889 1.716561 -476.624218 114.241595 287.566608
18.266021 2.747163 2.915811 18.266021 2.747163 2.915811 1.526951 -0.445064 1.856709 -550.391718 188.509616 179.592203
19.082283 2.515746 4.053886 19.082283 2.515746 4.053886 1.192526 -0.323511 1.923084 -564.361214 216.665175 41.659053
19.699359 2.360908 5.205398 19.699359 2.360908 5.205398 0.869636 -0.192166 1.898893 -511.937870 221.154185 -122.298265
20.134709 2.282420 6.312631 20.134709 2.282420 6.312631 0.591062 -0.074453 1.775067 -416.640067 171.222607 -290.453812
20.420943 2.263422 7.315735 20.420943 2.263422 7.315735 0.374034 0.002548 1.552523 -306.786991 85.446618 -451.360039
20.598441 2.274375 8.159008 20.598441 2.274375 8.159008 0.231460 0.024032 1.246731 -168.460850 -13.835383 -567.946952
20.714229 2.279754 8.799752 20.714229 2.279754 8.799752 0.166557 -0.017016 0.880640 -47.883505 -122.989333 -652.353824
20.810757 2.242444 9.210585 20.810757 2.242444 9.210585 0.163893 -0.115624 0.488591 39.003492 -205.704121 -654.476899
20.919059 2.132580 9.390980 20.919059 2.132580 9.390980 0.202025 -0.256357 0.121136 88.104079 -263.406209 -570.374557
21.057914 1.930642 9.368457 21.057914 1.930642 9.368457 0.263791 -0.417958 -0.183774 117.783260 -275.264196 -445.992130
21.236695 1.632204 9.188778 21.236695 1.632204 9.188778 0.330991 -0.573695 -0.397052 106.217168 -243.858716 -264.934224
21.450730 1.249909 8.916255 21.450730 1.249909 8.916255 0.376323 -0.690926 -0.489026 44.889580 -146.911741 -41.645546
21.680821 0.815994 8.629734 21.680821 0.815994 8.629734 0.384342 -0.743648 -0.442062 -18.162099 -28.826328 198.192214
21.905224 0.372001 8.412992 21.905224 0.372001 8.412992 0.358783 -0.724024 -0.259042 -67.033580 94.238557 411.876059
22.106115 -0.036754 8.341263 22.106115 -0.036754 8.341263 0.306998 -0.623996 0.035876 -105.583904 239.186600 571.182925
22.269906 -0.361210 8.472942 22.269906 -0.361210 8.472942 0.236639 -0.446046 0.415285 -128.944380 353.979589 693.514231
22.389160 -0.560025 8.848833 22.389160 -0.560025 8.848833 0.161673 -0.208173 0.840831 -120.943435 438.930840 724.970888
22.468207 -0.604254 9.480957 22.468207 -0.604254 9.480957 0.108174 0.063519 1.261468 -57.386209 466.709989 677.152862
22.527907 -0.484047 10.353650 22.527907 -0.484047 10.353650 0.099366 0.333987 1.637385 28.025704 434.850363 575.903347
22.597991 -0.210773 11.429410 22.597991 -0.210773 11.429410 0.143281 0.567941 1.931257 118.357584 344.996200 403.670354
22.712081 0.183870 12.647767 22.712081 0.183870 12.647767 0.248382 0.733834 2.108172 231.981115 207.979025 186.048189
22.908174 0.651755 13.932932 22.908174 0.651755 13.932932 0.414106 0.809363 2.153665 320.432838 43.786718 -34.405803
23.216080 1.133567 15.204781 23.216080 1.133567 15.204781 0.615187 0.777196 2.062233 349.836813 -151.010483 -270.366957
23.649265 1.563597 16.384205 23.649265 1.563597 16.384205 0.830601 0.641066 1.853764 368.207578 -302.758129 -424.531774
24.213903 1.893740 17.420047 24.213903 1.893740 17.420047 1.051525 0.459411 1.599045 368.207578 -302.758129 -424.531774
