7.920256 -0.408741 10.523860 7.920256 -0.408741 10.523860 0.514983 0.663741 0.009932 477.486287 168.624215 -167.285650
8.315193 0.019855 10.499708 8.315193 0.019855 10.499708 0.801475 0.764915 -0.090439 477.486287 168.624215 -167.285650
8.883622 0.499794 10.420207 8.883622 0.499794 10.420207 1.095951 0.819273 -0.166443 504.101978 12.567450 -86.059627
9.632597 0.981542 10.310408 9.632597 0.981542 10.310408 1.401739 0.766427 -0.190290 515.191968 -188.720242 6.568667
10.561686 1.397034 10.199076 10.561686 1.397034 10.199076 1.687412 0.601223 -0.178051 437.050583 -361.958317 34.227313
11.644417 1.684830 10.098528 11.644417 1.684830 10.098528 1.907713 0.345122 -0.156905 297.285509 -491.713348 36.258583
12.830748 1.799004 10.010100 12.830748 1.799004 10.010100 2.027043 0.028139 -0.139211 100.480250 -564.895079 22.723546
14.052465 1.714726 9.926865 14.052465 1.714726 9.926865 2.024360 -0.308198 -0.144568 -109.421783 -556.229301 -40.583074
15.234508 1.433171 9.829507 15.234508 1.433171 9.829507 1.894318 -0.624515 -0.185480 -324.050557 -498.159933 -95.787416
16.300124 0.975354 9.697615 16.300124 0.975354 9.697615 1.636659 -0.890604 -0.259766 -534.815668 -388.805280 -151.835299
17.176940 0.381000 9.512182 17.176940 0.381000 9.512182 1.271208 -1.073922 -0.362080 -683.351498 -222.253700 -189.209191
17.811464 -0.292144 9.260297 17.811464 -0.292144 9.260297 0.835208 -1.151200 -0.478502 -769.983952 -35.339635 -198.865624
18.172532 -0.977970 8.939788 18.172532 -0.977970 8.939788 0.365920 -1.116127 -0.585883 -794.308460 152.249767 -159.071643
18.252834 -1.610859 8.563735 18.252834 -1.610859 8.563735 -0.092041 -0.977864 -0.660772 -732.227768 308.626914 -90.557038
18.073777 -2.135252 8.157845 18.073777 -2.135252 8.157845 -0.491531 -0.758828 -0.680740 -599.406607 421.494583 23.996245
17.682254 -2.511282 7.761500 17.682254 -2.511282 7.761500 -0.794733 -0.488942 -0.627443 -411.265241 478.122478 153.660001
17.144764 -2.718515 7.419586 17.144764 -2.718515 7.419586 -0.974605 -0.201715 -0.500781 -188.310475 479.302243 268.546577
16.540244 -2.755932 7.174300 16.540244 -2.755932 7.174300 -1.016894 0.072553 -0.305431 47.347125 434.925382 382.622032
15.951879 -2.640467 7.065070 15.951879 -2.640467 7.065070 -0.922244 0.301745 -0.050075 268.155012 329.045916 468.562329
15.457397 -2.409047 7.120966 15.457397 -2.409047 7.120966 -0.708368 0.454895 0.239063 444.764205 181.456515 495.231139
15.119436 -2.112080 7.351434 15.119436 -2.112080 7.351434 -0.406500 0.520606 0.525645 561.463028 37.580610 460.042046
14.979925 -1.800208 7.744028 14.979925 -1.800208 7.744028 -0.052995 0.506873 0.773666 616.887734 -83.357758 366.697686
15.057959 -1.518249 8.265552 15.057959 -1.518249 8.265552 0.311095 0.421057 0.950282 596.744658 -202.696557 222.021577
15.347037 -1.306211 8.864122 15.347037 -1.306211 8.864122 0.644175 0.278882 1.025675 513.521372 -271.221373 29.286336
15.817525 -1.188287 9.472366 15.817525 -1.188287 9.472366 0.910032 0.113224 0.981087 372.667500 -280.969567 -177.910597
16.421452 -1.168757 10.017045 16.421452 -1.168757 10.017045 1.087772 -0.044506 0.814595 219.801702 -244.798830 -377.064203
17.102900 -1.235523 10.427094 17.102900 -1.235523 10.427094 1.165757 -0.171380 0.534173 40.147438 -178.114449 -557.675193
17.799231 -1.364841 10.640256 17.799231 -1.364841 10.640256 1.138094 -0.250394 0.164767 -132.357275 -85.265156 -673.677780
18.451501 -1.523264 10.614175 18.451501 -1.523264 10.614175 1.024870 -0.265745 -0.257836 -245.055497 34.093541 -734.998318
19.017151 -1.670860 10.327619 19.017151 -1.670860 10.327619 0.852025 -0.216718 -0.696610 -331.097415 129.332723 -727.584324
19.465774 -1.773126 9.784545 19.465774 -1.773126 9.784545 0.638394 -0.116699 -1.103872 -381.004657 204.064055 -629.952641
19.781866 -1.803687 9.018396 19.781866 -1.803687 9.018396 0.417975 0.019373 -1.434020 -353.725762 249.507121 -470.542599
19.972038 -1.748023 8.085742 19.972038 -1.748023 8.085742 0.221029 0.164727 -1.654064 -302.759949 235.006237 -262.936300
20.054348 -1.609359 7.060324 20.054348 -1.609359 7.060324 0.060322 0.293360 -1.740085 -232.931364 193.771406 -23.799756
20.054668 -1.404045 6.026666 20.054668 -1.404045 6.026666 -0.049166 0.381720 -1.680979 -132.026491 100.761585 220.817437
20.006164 -1.163726 5.069916 20.006164 -1.163726 5.069916 -0.104579 0.407926 -1.488038 -52.683135 -13.408628 422.320699
19.936972 -0.927619 4.262469 19.936972 -0.927619 4.262469 -0.120997 0.368707 -1.187854 -2.045842 -117.320996 578.292931
19.866742 -0.734367 3.660171 19.866742 -0.734367 3.660171 -0.108547 0.264043 -0.809268 43.548378 -231.560339 683.658804
19.809505 -0.621978 3.298871 19.809505 -0.621978 3.298871 -0.082154 0.103328 -0.393061 44.425234 -304.153728 703.698488
19.765399 -0.615865 3.186517 19.765399 -0.615865 3.186517 -0.069547 -0.084843 0.013239 -2.400410 -323.085674 650.636500
19.719374 -0.723487 3.305435 19.719374 -0.723487 3.305435 -0.090310 -0.271498 0.372922 -66.811146 -299.097424 548.305189
19.649790 -0.935825 3.617474 19.649790 -0.935825 3.617474 -0.147258 -0.428964 0.649859 -123.015513 -225.786618 374.818450
19.536340 -1.226388 4.064633 19.536340 -1.226388 4.064633 -0.235829 -0.527152 0.823631 -172.220960 -101.507978 204.422859
19.360803 -1.552476 4.584381 19.360803 -1.552476 4.584381 -0.354358 -0.545687 0.890151 -222.873766 39.725781 17.308502
19.107501 -1.863093 5.110563 19.107501 -1.863093 5.110563 -0.490935 -0.473630 0.845416 -232.382406 200.463600 -166.426096
18.773488 -2.102329 5.580892 18.773488 -2.102329 5.580892 -0.618480 -0.309055 0.710741 -192.767652 348.117819 -282.490381
18.373718 -2.218416 5.951735 18.373718 -2.218416 5.951735 -0.704060 -0.066763 0.517481 -92.498785 459.524724 -361.708615
17.941190 -2.171897 6.194989 17.941190 -2.171897 6.194989 -0.726771 0.228262 0.289823 16.794565 523.891564 -397.151685
17.508150 -1.940640 6.297396 17.508150 -1.940640 6.297396 -0.716694 0.542597 0.051532 16.794565 523.891564 -397.151685
