10.881006 3.294594 11.098666 10.881006 3.294594 11.098666 -0.873376 -0.401476 0.618570 88.596894 464.868533 -474.688764
10.372928 3.137384 11.384364 10.372928 3.137384 11.384364 -0.820218 -0.122555 0.333757 88.596894 464.868533 -474.688764
9.905797 3.149862 11.503122 9.905797 3.149862 11.503122 -0.721801 0.168038 0.068683 239.461381 503.772237 -408.890569
9.525754 3.340014 11.478318 9.525754 3.340014 11.478318 -0.528448 0.463552 -0.138720 405.045702 481.274613 -282.452281
9.288015 3.698475 11.353233 9.288015 3.698475 11.353233 -0.253314 0.720821 -0.263248 512.069478 376.289872 -132.642330
9.228554 4.190271 11.177292 9.228554 4.190271 11.177292 0.055703 0.904451 -0.313419 517.985572 235.810242 -34.594786
9.353144 4.764008 10.988170 9.353144 4.764008 10.988170 0.356150 0.989038 -0.308388 483.504982 46.146036 51.365240
9.648617 5.355367 10.814769 9.648617 5.355367 10.814769 0.620011 0.964873 -0.265642 396.033521 -126.695971 91.122393
10.084109 5.900437 10.673444 10.084109 5.900437 10.673444 0.818630 0.833614 -0.202677 266.027321 -310.835544 118.762376
10.614156 6.335297 10.571272 10.614156 6.335297 10.571272 0.933163 0.600326 -0.141137 115.750669 -466.788654 86.368477
11.187405 6.605448 10.498523 11.187405 6.605448 10.498523 0.965197 0.290137 -0.107377 -8.972268 -567.174180 26.166693
11.758071 6.676468 10.436512 11.758071 6.676468 10.436512 0.925626 -0.055025 -0.103151 -122.929066 -583.366272 -12.082485
12.285878 6.540886 10.367715 12.285878 6.540886 10.367715 0.824664 -0.392848 -0.134061 -213.611961 -542.710901 -90.949347
12.740200 6.212574 10.269181 12.740200 6.212574 10.269181 0.686364 -0.693053 -0.197264 -247.386347 -457.973959 -119.725860
13.107489 5.714307 10.129272 13.107489 5.714307 10.129272 0.537933 -0.967838 -0.269099 -247.386347 -457.973959 -119.725860
