-7.990213 6.210485 0.947598 -7.990213 6.210485 0.947598 -0.869698 -0.360424 1.221853 366.971775 -308.540448 -42.164143
-8.445977 5.938693 1.673121 -8.445977 5.938693 1.673121 -0.649515 -0.545548 1.196555 366.971775 -308.540448 -42.164143
-8.763759 5.563585 2.385201 -8.763759 5.563585 2.385201 -0.399971 -0.691882 1.179943 464.841395 -179.237669 -13.208931
-8.916910 5.127035 3.094587 -8.916910 5.127035 3.094587 -0.105265 -0.745214 1.191003 517.509266 1.462400 50.076691
-8.887282 4.688296 3.821669 -8.887282 4.688296 3.821669 0.203417 -0.703706 1.238383 511.433608 136.897615 107.854705
-8.676738 4.296532 4.584656 -8.676738 4.296532 4.584656 0.492452 -0.592475 1.305814 452.013823 233.875424 116.916946
-8.305993 3.987517 5.387097 -8.305993 3.987517 5.387097 0.733220 -0.430287 1.365502 350.547014 306.747974 82.042559
-7.809943 3.785264 6.217022 -7.809943 3.785264 6.217022 0.908646 -0.242714 1.394008 234.204943 318.497974 12.977383
-7.230170 3.694436 7.050604 -7.230170 3.694436 7.050604 1.011310 -0.064264 1.376002 108.010378 276.333527 -72.996134
-6.609080 3.700937 7.856412 -6.609080 3.700937 7.856412 1.050431 0.078132 1.298933 22.393299 198.319587 -183.900747
-5.978516 3.776957 8.594807 -5.978516 3.776957 8.594807 1.045239 0.164341 1.149276 -39.701771 89.045852 -314.956469
-5.361260 3.884646 9.222330 -5.361260 3.884646 9.222330 1.007710 0.183050 0.933553 -85.392454 -26.684775 -404.119107
-4.771376 3.984136 9.705698 -4.771376 3.984136 9.705698 0.959619 0.139355 0.670965 -74.913236 -118.962743 -471.174706
-4.206527 4.042018 10.021511 -4.206527 4.042018 10.021511 0.927482 0.046391 0.378487 -32.210527 -190.918489 -503.754146
-3.652744 4.032821 10.160322 -3.652744 4.032821 10.160322 0.923614 -0.081493 0.088211 19.319381 -235.360749 -463.832727
-3.091362 3.941615 10.135888 -3.091362 3.941615 10.135888 0.953888 -0.222438 -0.159441 81.593214 -234.455918 -361.673264
-2.501850 3.769763 9.983386 -2.501850 3.769763 9.983386 1.015304 -0.344047 -0.335128 123.128102 -170.909170 -223.949395
-1.868226 3.538191 9.752374 -1.868226 3.538191 9.752374 1.100574 -0.418492 -0.417617 161.105007 -77.239236 -51.014575
-1.179100 3.278959 9.505094 -1.179100 3.278959 9.505094 1.196147 -0.436003 -0.385861 157.471687 18.869451 156.868947
-0.436578 3.027252 9.314153 -0.436578 3.027252 9.314153 1.273075 -0.392193 -0.230042 98.953739 127.161898 362.526554
0.340344 2.820576 9.250963 0.340344 2.820576 9.250963 1.308774 -0.287139 0.035375 20.041697 223.018301 522.198932
1.124062 2.692411 9.372161 1.124062 2.692411 9.372161 1.295031 -0.133454 0.378577 -65.850530 289.264370 621.806791
1.881508 2.666081 9.714846 1.881508 2.666081 9.714846 1.216920 0.048481 0.769732 -194.518545 317.188058 682.044475
2.570234 2.749965 10.298294 2.570234 2.749965 10.298294 1.068149 0.227302 1.173158 -301.383926 278.879954 662.705865
3.152505 2.931546 11.114605 3.152505 2.931546 11.114605 0.865467 0.369638 1.536430 -374.225202 195.576156 548.202183
3.602861 3.181436 12.125484 3.602861 3.181436 12.125484 0.633114 0.451498 1.817075 -400.284131 77.290431 387.282218
3.911326 3.458265 13.272271 3.911326 3.458265 13.272271 0.396183 0.457961 1.983600 -389.484670 -55.748327 167.799491
4.082524 3.714062 14.478667 4.082524 3.714062 14.478667 0.180469 0.379788 2.014441 -329.562177 -204.827504 -64.994984
4.139491 3.896207 15.662387 4.139491 3.896207 15.662387 0.022768 0.212593 1.909214 -196.107377 -352.491546 -285.763824
4.127961 3.954950 16.743080 4.127961 3.954950 16.743080 -0.044357 -0.025723 1.670768 -27.645088 -441.892420 -509.053256
4.108322 3.857920 17.644746 4.108322 3.857920 17.644746 -0.001185 -0.301134 1.319512 171.554070 -476.145563 -661.802942
4.150268 3.591778 18.313044 4.150268 3.591778 18.313044 0.160630 -0.585599 0.901005 367.827264 -472.072832 -733.219162
4.322732 3.159407 18.720111 4.322732 3.159407 18.720111 0.430715 -0.849036 0.453294 532.458300 -406.048653 -759.151736
4.685238 2.584763 18.859235 4.685238 2.584763 18.859235 0.791362 -1.053333 0.016777 669.696690 -274.940943 -695.905005
5.284706 1.914320 18.751976 5.284706 1.914320 18.751976 1.213704 -1.163066 -0.361077 738.109263 -90.836531 -563.606885
6.145513 1.211066 18.443865 6.145513 1.211066 18.443865 1.655199 -1.162888 -0.649321 733.542764 91.428631 -397.205434
7.265906 0.539787 17.994837 7.265906 0.539787 17.994837 2.071503 -1.058045 -0.827338 654.137055 258.049284 -196.184794
8.617620 -0.038461 17.474741 8.617620 -0.038461 17.474741 2.419318 -0.852565 -0.886945 505.244604 426.885391 -2.507490
10.148099 -0.466128 16.953205 10.148099 -0.466128 16.953205 2.662189 -0.561273 -0.833041 304.325111 544.087433 182.190389
11.786074 -0.702642 16.494446 11.786074 -0.702642 16.494446 2.774202 -0.223249 -0.682368 69.053937 582.657914 320.049919
13.448534 -0.732915 16.146489 13.448534 -0.732915 16.146489 2.743177 0.120337 -0.471062 -172.472102 562.630082 384.303854
15.050726 -0.563736 15.935162 15.050726 -0.563736 15.935162 2.576348 0.436431 -0.229804 -383.623133 491.014867 419.889085
16.516685 -0.221953 15.871582 16.516685 -0.221953 15.871582 2.292186 0.688746 0.015742 -563.586251 350.035136 398.599302
17.784118 0.242140 15.947182 17.784118 0.242140 15.947182 1.921870 0.837965 0.226939 -670.798266 147.362142 305.389135
18.814473 0.762774 16.132923 18.814473 0.762774 16.132923 1.509274 0.883033 0.383211 -704.522681 2.865351 215.518148
19.593223 1.293110 16.401643 19.593223 1.293110 16.401643 1.086560 0.884752 0.512522 -704.522681 2.865351 215.518148
