-6.564102 4.401535 4.654903 -6.564102 4.401535 4.654903 1.514344 -0.610726 1.380862 -386.693682 -398.576975 372.174491
-5.725101 3.963356 5.550411 -5.725101 3.963356 5.550411 1.282328 -0.849872 1.604167 -386.693682 -398.576975 372.174491
-5.021842 3.389374 6.574182 -5.021842 3.389374 6.574182 1.067646 -1.050592 1.798869 -328.912268 -270.488987 276.834397
-4.434290 2.720905 7.693640 -4.434290 2.720905 7.693640 0.901142 -1.160012 1.916497 -226.100756 -94.244590 115.257293
-3.927997 2.020234 8.852370 -3.927997 2.020234 8.852370 0.797009 -1.155061 1.926083 -121.010360 110.747192 -83.304931
-3.465434 1.357460 9.981219 -3.465434 1.357460 9.981219 0.755101 -1.036969 1.817071 -18.680819 282.894616 -280.067592
-3.009542 0.794607 11.009422 -3.009542 0.794607 11.009422 0.774863 -0.825197 1.590894 84.551958 423.009346 -473.855519
-2.526813 0.381964 11.869760 -2.526813 0.381964 11.869760 0.838556 -0.539723 1.262059 127.759746 528.573272 -622.262656
-1.999960 0.156308 12.509723 -1.999960 0.156308 12.509723 0.918821 -0.207405 0.862377 139.789539 579.152003 -710.009105
-1.424669 0.133407 12.896501 -1.424669 0.133407 12.896501 0.996878 0.126558 0.422135 120.400977 534.059087 -757.464778
-0.807584 0.300442 13.015928 -0.807584 0.300442 13.015928 1.055549 0.421837 -0.019895 75.169506 450.204968 -715.969289
-0.164124 0.625743 12.882223 -0.164124 0.625743 12.882223 1.083651 0.647773 -0.413941 18.501411 302.912142 -597.516549
0.485620 1.057872 12.537840 0.485620 1.057872 12.537840 1.075866 0.774224 -0.714777 -44.451557 118.591419 -405.271101
1.119959 1.533206 12.049116 1.119959 1.533206 12.049116 1.033304 0.792644 -0.892487 -97.421308 -57.188813 -187.094023
1.721818 1.987522 11.493654 1.721818 1.987522 11.493654 0.971914 0.703448 -0.936208 -107.212355 -240.131540 41.356301
2.287021 2.358529 10.952727 2.287021 2.358529 10.952727 0.914350 0.520178 -0.844624 -84.665450 -370.770798 263.925564
2.823460 2.598354 10.505882 2.823460 2.598354 10.505882 0.878892 0.270002 -0.624156 -33.528946 -463.146732 470.967359
3.350366 2.675272 10.224121 3.350366 2.675272 10.224121 0.886807 -0.016474 -0.301783 59.911306 -491.774284 603.607877
3.899034 2.578604 10.155983 3.899034 2.578604 10.155983 0.951752 -0.302857 0.081796 156.572578 -462.837387 674.989017
4.505869 2.318829 10.325346 4.505869 2.318829 10.325346 1.083701 -0.554308 0.480728 283.258422 -375.332809 654.784232
5.213550 1.927025 10.727182 5.213550 1.927025 10.727182 1.286027 -0.737802 0.851285 391.161478 -236.312056 580.406798
6.059415 1.450387 11.334474 6.059415 1.450387 11.334474 1.539922 -0.836694 1.159768 455.154511 -93.328213 447.868380
7.067309 0.940036 12.099882 7.067309 0.940036 12.099882 1.823079 -0.850371 1.373147 488.703460 47.736850 263.397041
8.246553 0.446044 12.958400 8.246553 0.446044 12.958400 2.103450 -0.783534 1.467276 445.865627 175.055525 50.364415
9.583759 0.014108 13.836373 9.583759 0.014108 13.836373 2.345368 -0.645133 1.440202 360.529273 286.280234 -140.610516
11.047718 -0.318811 14.664827 11.047718 -0.318811 14.664827 2.520903 -0.460213 1.304051 224.585783 330.119092 -313.224276
12.589234 -0.536408 15.383939 12.589234 -0.536408 15.383939 2.598397 -0.266595 1.081427 33.726281 315.274928 -428.857910
14.142220 -0.641861 15.951342 14.142220 -0.641861 15.951342 2.558017 -0.088656 0.802816 -168.323488 277.853564 -499.843564
15.634995 -0.650903 16.342102 15.634995 -0.650903 16.342102 2.398339 0.048746 0.498122 -363.938371 180.154856 -515.804321
16.997728 -0.595397 16.550840 16.997728 -0.595397 16.550840 2.126167 0.125995 0.202185 -543.302176 77.339906 -470.651961
18.167453 -0.511997 16.592806 18.167453 -0.511997 16.592806 1.759286 0.141809 -0.053342 -679.632899 -24.624182 -381.106120
19.097811 -0.437407 16.498757 19.097811 -0.437407 16.498757 1.337107 0.096718 -0.249230 -727.630310 -125.680864 -271.853715
19.770494 -0.405435 16.307097 19.770494 -0.405435 16.307097 0.907491 0.004129 -0.378284 -704.425137 -182.946784 -158.325251
20.192887 -0.436641 16.058495 20.192887 -0.436641 16.058495 0.508309 -0.109408 -0.438942 -626.179735 -195.510903 -43.868826
20.385160 -0.537478 15.787233 20.385160 -0.537478 15.787233 0.132601 -0.226714 -0.465263 -626.179735 -195.510903 -43.868826
