-7.612417 -6.031055 8.196382 -7.612417 -6.031055 8.196382 -1.165950 0.464652 1.935305 183.399147 459.356874 -275.790848
-8.278975 -5.669580 9.307922 -8.278975 -5.669580 9.307922 -1.055910 0.740266 1.769830 183.399147 459.356874 -275.790848
-8.869280 -5.148212 10.311864 -8.869280 -5.148212 10.311864 -0.894728 0.988504 1.562787 353.874661 368.105346 -414.353180
-9.329373 -4.496394 11.167277 -9.329373 -4.496394 11.167277 -0.617170 1.171649 1.275794 571.319120 242.376365 -542.289822
-9.589253 -3.759697 11.832193 -9.589253 -3.759697 11.832193 -0.236458 1.267471 0.935684 697.721439 77.030531 -591.411799
-9.603857 -2.997231 12.288072 -9.603857 -2.997231 12.288072 0.190578 1.254279 0.585449 725.732293 -121.003712 -576.038335
-9.360386 -2.276080 12.539794 -9.360386 -2.276080 12.539794 0.618479 1.133502 0.260526 700.604032 -281.585814 -507.036607
-8.868115 -1.655072 12.611592 -8.868115 -1.655072 12.611592 1.014217 0.922512 -0.009954 618.520163 -421.714727 -394.562619
-8.157285 -1.183922 12.542861 -8.157285 -1.183922 12.542861 1.340162 0.637238 -0.205378 467.965412 -529.198493 -256.851578
-7.280074 -0.897903 12.381523 -7.280074 -0.897903 12.381523 1.565338 0.314379 -0.318878 282.619956 -546.996926 -121.483515
-6.300416 -0.805691 12.175670 -6.300416 -0.805691 12.175670 1.682832 -0.003603 -0.355062 109.026412 -512.943537 0.871803
-5.281600 -0.895066 11.968567 -5.281600 -0.895066 11.968567 1.695705 -0.285786 -0.325654 -66.115076 -427.666562 97.155098
-4.285082 -1.134051 11.792938 -4.285082 -1.134051 11.792938 1.611015 -0.495050 -0.255982 -216.185256 -269.882422 135.084244
-3.362811 -1.468257 11.664951 -3.362811 -1.468257 11.664951 1.454183 -0.599968 -0.168499 -306.587530 -79.843832 156.527127
-2.547908 -1.831583 11.590798 -2.547908 -1.831583 11.590798 1.258121 -0.592735 -0.080724 -346.951884 103.953727 136.055736
-1.854934 -2.158095 11.563216 -1.854934 -2.158095 11.563216 1.052713 -0.478278 -0.017281 -337.744405 277.571628 75.420933
-1.280584 -2.386309 11.562057 -1.280584 -2.386309 11.562057 0.867650 -0.267785 0.006144 -279.131340 424.070757 2.661105
-0.805210 -2.464907 11.562928 -0.805210 -2.464907 11.562928 0.725308 0.015358 -0.008731 -195.341589 519.738836 -52.245062
-0.399906 -2.360397 11.545985 -0.399906 -2.360397 11.545985 0.634510 0.335912 -0.051579 -107.317690 548.776624 -90.578828
-0.032563 -2.063171 11.498125 -0.032563 -2.063171 11.498125 0.599890 0.649672 -0.108971 -8.083204 497.087490 -100.730555
0.330445 -1.589281 11.415721 0.330445 -1.589281 11.415721 0.617682 0.920981 -0.163858 67.391410 407.276273 -82.225386
0.716016 -0.970786 11.305596 0.716016 -0.970786 11.305596 0.672275 1.128330 -0.198239 114.583600 283.888624 -32.377286
1.140595 -0.252886 11.185776 1.140595 -0.252886 11.185776 0.743970 1.247671 -0.192912 124.398931 113.915127 50.133735
1.607049 0.506930 11.085080 1.607049 0.506930 11.085080 0.807011 1.269565 -0.132695 85.737757 -40.935794 150.591062
2.104084 1.252201 11.037859 2.104084 1.252201 11.037859 0.845434 1.199504 -0.015891 42.340000 -192.601334 238.754710
2.615794 1.930442 11.075004 2.615794 1.930442 11.075004 0.854979 1.049977 0.145880 -10.524455 -305.821015 300.480232
3.122490 2.502303 11.218968 3.122490 2.502303 11.218968 0.826682 0.851095 0.337914 -83.799028 -357.120499 339.633674
3.600463 2.948845 11.482764 3.600463 2.948845 11.482764 0.761640 0.637660 0.541266 -133.006286 -354.330047 338.206719
4.033167 3.269896 11.864035 4.033167 3.269896 11.864035 0.680144 0.436232 0.722361 -138.648183 -317.097200 265.443167
4.418076 3.479561 12.338457 4.418076 3.479561 12.338457 0.605852 0.270993 0.847753 -108.990816 -233.698596 152.531546
4.765261 3.607409 12.865360 4.765261 3.607409 12.865360 0.556918 0.167364 0.893252 -54.120986 -111.732517 -0.870411
5.095829 3.694284 13.390940 5.095829 3.694284 13.390940 0.555240 0.133170 0.841657 48.526486 -2.247424 -171.111168
5.445411 3.779772 13.854189 5.445411 3.779772 13.854189 0.622870 0.161772 0.684265 176.907715 97.587700 -353.528389
5.858616 3.899364 14.191168 5.858616 3.899364 14.191168 0.767215 0.245141 0.422421 304.240144 180.308816 -519.284371
6.380742 4.082196 14.344447 6.380742 4.082196 14.344447 0.984925 0.369790 0.077336 421.462111 235.188710 -631.000692
7.053560 4.345298 14.273948 7.053560 4.345298 14.273948 1.267802 0.505370 -0.317865 521.459008 216.745708 -686.335480
7.910078 4.683871 13.959955 7.910078 4.683871 13.959955 1.590551 0.617102 -0.728338 554.373194 155.694581 -681.906702
8.962980 5.077287 13.405462 8.962980 5.077287 13.405462 1.917094 0.686166 -1.111215 534.101676 74.517047 -594.352672
10.205156 5.497135 12.641038 10.205156 5.497135 12.641038 2.216461 0.704557 -1.421381 463.787993 -13.212162 -439.534263
11.610453 5.910722 11.720551 11.610453 5.910722 11.720551 2.454431 0.662782 -1.627812 329.447577 -126.038888 -248.566894
13.131277 6.279410 10.713189 13.131277 6.279410 10.713189 2.596423 0.555689 -1.706616 143.859180 -230.938593 -14.113518
14.702526 6.568180 9.701343 14.702526 6.568180 9.701343 2.620236 0.401755 -1.641767 -64.482140 -282.172787 230.276147
16.249977 6.757115 8.769920 16.249977 6.757115 8.769920 2.516128 0.225813 -1.442661 -282.545868 -304.300336 433.410384
17.696484 6.840498 7.992978 17.696484 6.840498 7.992978 2.285041 0.056582 -1.129411 -487.743808 -259.804689 610.758460
18.971063 6.833421 7.431210 18.971063 6.833421 7.431210 1.949140 -0.070609 -0.733251 -631.926172 -164.163472 709.774207
20.023176 6.766451 7.120532 20.023176 6.766451 7.120532 1.551860 -0.144384 -0.299819 -692.340767 -81.755440 734.998174
20.829671 6.665104 7.072940 20.829671 6.665104 7.072940 1.136456 -0.193438 0.141180 -692.340767 -81.755440 734.998174
