4.383816 -1.075340 -10.638479 4.383816 -1.075340 -10.638479 0.006919 0.496627 1.365385 705.228344 442.159056 397.659913
4.514909 -0.697775 -9.747670 4.514909 -0.697775 -9.747670 0.430056 0.761923 1.603981 705.228344 442.159056 397.659913
4.895153 -0.167069 -8.723633 4.895153 -0.167069 -8.723633 0.829541 0.997038 1.792922 626.385534 341.557574 232.142376
5.496609 0.483114 -7.621952 5.496609 0.483114 -7.621952 1.160283 1.154373 1.852921 476.088488 182.891671 -32.142782
6.266573 1.199831 -6.530257 6.266573 1.199831 -6.530257 1.386431 1.219974 1.762277 277.739191 35.779812 -270.005365
7.134435 1.928537 -5.532740 7.134435 1.928537 -5.532740 1.483126 1.192843 1.544031 44.576737 -126.215445 -457.482359
8.019294 2.614079 -4.697888 8.019294 2.614079 -4.697888 1.444669 1.079890 1.223446 -172.764813 -250.296752 -611.134295
8.843658 3.212414 -4.078747 8.843658 3.212414 -4.078747 1.284311 0.906986 0.832152 -361.763992 -326.048578 -693.179505
9.540344 3.696429 -3.704302 9.540344 3.696429 -3.704302 1.023338 0.703918 0.415878 -508.145866 -350.844615 -694.400445
10.057173 4.056835 -3.575372 10.057173 4.056835 -3.575372 0.689914 0.499447 0.021215 -603.267538 -330.725962 -621.142803
10.360643 4.300412 -3.666342 10.360643 4.300412 -3.666342 0.318502 0.318208 -0.310939 -634.771583 -273.403651 -486.037307
10.441219 4.448641 -3.929214 10.441219 4.448641 -3.929214 -0.043695 0.186749 -0.546667 -572.552116 -164.793300 -299.720950
10.317945 4.537401 -4.298611 10.317945 4.537401 -4.298611 -0.357215 0.119739 -0.663736 -472.514481 -58.572594 -90.510384
10.026107 4.605400 -4.699947 10.026107 4.605400 -4.699947 -0.603002 0.118088 -0.652054 -346.774884 53.067561 129.450019
9.611665 4.691484 -5.055883 9.611665 4.691484 -5.055883 -0.762176 0.178323 -0.514407 -183.804659 147.716059 329.375214
9.130812 4.827709 -5.296297 9.130812 4.827709 -5.296297 -0.824773 0.280169 -0.272068 -24.851563 191.770311 478.420296
8.639021 5.031315 -5.367905 8.639021 5.031315 -5.367905 -0.801954 0.400158 0.042573 100.914376 208.192311 570.383451
8.182614 5.306606 -5.238328 8.182614 5.306606 -5.238328 -0.708401 0.513687 0.391624 210.926692 170.238456 593.119223
7.798945 5.641011 -4.898320 7.798945 5.641011 -4.898320 -0.564821 0.593578 0.738856 267.676278 96.067186 564.321407
7.508258 6.008782 -4.359125 7.508258 6.008782 -4.359125 -0.404094 0.622878 1.048964 268.077390 1.599605 469.373873
7.312264 6.375667 -3.652222 7.312264 6.375667 -3.652222 -0.252208 0.588185 1.295774 238.209820 -117.245781 353.323444
7.199985 6.701149 -2.819853 7.199985 6.701149 -2.819853 -0.128441 0.486214 1.464301 174.349232 -222.656073 208.434720
7.150852 6.949200 -1.912642 7.150852 6.949200 -1.912642 -0.041087 0.334624 1.544922 116.830891 -282.642922 60.301564
7.143073 7.096841 -0.981400 7.143073 7.096841 -0.981400 0.008226 0.153752 1.548277 47.545008 -320.264619 -49.118438
7.152504 7.131496 -0.066185 7.152504 7.131496 -0.066185 0.016439 -0.038153 1.494258 -20.168254 -319.420682 -130.946119
7.158185 7.054851 0.803177 7.158185 7.054851 0.803177 0.001579 -0.211088 1.397578 -29.366529 -257.027206 -191.318351
7.154934 6.888639 1.607103 7.154934 6.888639 1.607103 -0.010601 -0.331780 1.281868 -11.232492 -145.278842 -194.381546
7.148162 6.671391 2.344018 7.148162 6.671391 2.344018 -0.009289 -0.379094 1.179156 15.604165 -12.434097 -147.993161
7.149153 6.450341 3.027549 7.149153 6.450341 3.027549 0.018851 -0.343335 1.103738 78.197368 131.629492 -103.399983
7.180321 6.276947 3.675067 7.180321 6.276947 3.675067 0.094677 -0.219791 1.061136 174.555295 280.185019 -38.604777
7.273638 6.202101 4.308870 7.273638 6.202101 4.308870 0.224864 -0.018700 1.058320 259.403020 390.116104 29.215318
7.457517 6.264132 4.951363 7.457517 6.264132 4.951363 0.391849 0.230518 1.087064 297.213836 440.611046 66.599997
7.747587 6.482148 5.615537 7.747587 6.482148 5.615537 0.577483 0.496861 1.126761 321.563628 447.197990 65.722955
8.151422 6.858069 6.301910 8.151422 6.858069 6.301910 0.767743 0.751724 1.158624 312.636377 402.347409 40.488047
8.663777 7.375111 7.000872 8.663777 7.375111 7.000872 0.932498 0.961056 1.165414 236.548237 295.426510 -17.856386
9.258919 7.995472 7.692492 9.258919 7.995472 7.692492 1.039751 1.091064 1.132632 120.960346 137.931368 -91.417287
9.896293 8.663650 8.349633 9.896293 8.663650 8.349633 1.071082 1.117385 1.047867 -16.523318 -50.195090 -191.133672
10.526304 9.314085 8.938245 10.526304 9.314085 8.938245 1.012846 1.032464 0.904667 -177.594182 -232.874369 -286.199789
11.092066 9.881881 9.426483 11.092066 9.881881 9.426483 0.856397 0.843914 0.717714 -343.903438 -395.625071 -336.974192
11.536266 10.309188 9.795321 11.536266 10.309188 9.795321 0.611373 0.567397 0.509854 -472.843081 -526.099667 -355.894547
11.812796 10.551510 10.038077 11.812796 10.551510 10.038077 0.301761 0.234645 0.300841 -559.198833 -583.070982 -340.815204
11.891700 10.586594 10.161836 11.891700 10.586594 10.161836 -0.041242 -0.118947 0.119363 -584.144458 -595.570832 -264.110643
11.763791 10.412311 10.193441 11.763791 10.412311 10.193441 -0.381821 -0.454850 -0.001469 -551.117221 -524.105484 -138.662500
11.441882 10.052803 10.176527 11.441882 10.052803 10.176527 -0.680568 -0.730610 -0.040036 -444.707284 -395.095379 10.105909
10.964124 9.552178 10.164757 10.964124 9.552178 10.164757 -0.894238 -0.923377 0.018192 -267.525495 -247.458652 183.987835
10.391297 8.965142 10.219920 10.391297 8.965142 10.219920 -0.995403 -1.014188 0.184231 -69.689921 -55.245593 369.475223
9.795589 8.358360 10.405715 9.795589 8.358360 10.405715 -0.966829 -0.988963 0.449673 164.936753 139.328658 515.332472
9.260160 7.800697 10.773354 9.260160 7.800697 10.773354 -0.792970 -0.852185 0.784247 414.591729 316.599041 599.912423
8.867872 7.352364 11.354927 8.867872 7.352364 11.354927 -0.499876 -0.632279 1.159396 562.388660 416.421085 650.583981
8.669176 7.047952 12.167669 8.669176 7.047952 12.167669 -0.162443 -0.382426 1.549746 562.388660 416.421085 650.583981
