-7.585586 5.088739 2.188147 -7.585586 5.088739 2.188147 2.238253 0.463930 -0.994616 -104.188639 -397.238151 661.431833
-6.261388 5.295594 1.710435 -6.261388 5.295594 1.710435 2.175740 0.225587 -0.597757 -104.188639 -397.238151 661.431833
-4.983823 5.359941 1.470472 -4.983823 5.359941 1.470472 2.067603 -0.010272 -0.202730 -256.267198 -388.960477 655.324124
-3.801075 5.286581 1.462229 -3.801075 5.286581 1.462229 1.855415 -0.229565 0.167651 -451.027644 -342.015397 579.281378
-2.777540 5.093676 1.659500 -2.777540 5.093676 1.659500 1.542152 -0.402793 0.477267 -593.180565 -235.410854 452.770720
-1.962371 4.817314 2.016667 -1.962371 4.817314 2.016667 1.169495 -0.505600 0.695471 -649.011041 -107.281349 274.575224
-1.377223 4.504878 2.472077 -1.377223 4.504878 2.472077 0.781454 -0.518793 0.803737 -644.457851 63.306794 86.312446
-1.020711 4.215348 2.960106 -1.020711 4.215348 2.960106 0.412986 -0.429060 0.806777 -583.768575 235.802233 -76.179675
-0.869965 4.008359 3.421288 -0.869965 4.008359 3.421288 0.102892 -0.247566 0.715211 -449.880052 369.178624 -229.038734
-0.877194 3.932770 3.801651 -0.877194 3.932770 3.801651 -0.106967 0.006434 0.540102 -249.647265 477.486197 -354.657397
-0.971947 4.024953 4.058728 -0.971947 4.024953 4.058728 -0.184939 0.304805 0.311577 -10.260740 517.085408 -407.093340
-1.071420 4.298847 4.173396 -1.071420 4.298847 4.173396 -0.124406 0.604735 0.072314 212.036731 482.679403 -390.450982
-1.094720 4.744861 4.148665 -1.094720 4.744861 4.148665 0.068698 0.875793 -0.151147 431.644752 420.850050 -354.418565
-0.965176 5.336872 3.998239 -0.965176 5.336872 3.998239 0.380833 1.082214 -0.343510 608.804669 267.217191 -286.790226
-0.620433 6.024015 3.747089 -0.620433 6.024015 3.747089 0.779404 1.191124 -0.482695 719.765141 95.818721 -177.162135
-0.021349 6.744762 3.432604 -0.021349 6.744762 3.432604 1.220683 1.192738 -0.553885 751.166138 -90.439061 -60.137429
0.843575 7.432670 3.093172 0.843575 7.432670 3.093172 1.657906 1.081195 -0.571346 706.243021 -281.372797 1.935885
1.958981 8.021974 2.754184 1.958981 8.021974 2.754184 2.049342 0.868544 -0.552830 598.543381 -427.463082 59.783555
3.286722 8.458598 2.435354 3.286722 8.458598 2.435354 2.360458 0.574273 -0.506427 438.509870 -553.439742 94.894086
4.769666 8.700752 2.147307 4.769666 8.700752 2.147307 2.562252 0.228252 -0.455848 234.136786 -599.962392 73.701794
6.336181 8.731659 1.885402 6.336181 8.731659 1.885402 2.637831 -0.121980 -0.419945 17.792906 -567.479807 45.975046
7.910223 8.562137 1.638113 7.910223 8.562137 1.638113 2.589207 -0.433406 -0.410348 -179.873372 -470.606458 -13.985118
9.421973 8.224481 1.384719 9.421973 8.224481 1.384719 2.434302 -0.680282 -0.442077 -336.477478 -352.311936 -91.780268
10.814704 7.762660 1.100912 10.814704 7.762660 1.100912 2.195993 -0.842852 -0.507344 -457.883616 -189.590897 -125.774082
12.047199 7.233843 0.772133 12.047199 7.233843 0.772133 1.907856 -0.901501 -0.591480 -502.573025 -5.905581 -154.678732
13.101913 6.702723 0.390318 13.101913 6.702723 0.390318 1.608628 -0.850824 -0.679711 -494.853280 174.830207 -139.427202
13.981943 6.232204 -0.037877 13.981943 6.232204 -0.037877 1.331348 -0.703397 -0.739724 -429.414323 316.593104 -60.615945
14.709081 5.871470 -0.488559 14.709081 5.871470 -0.488559 1.101818 -0.491853 -0.755774 -335.684539 388.553894 7.117248
15.309749 5.646298 -0.940742 15.309749 5.646298 -0.940742 0.900408 -0.258721 -0.751504 -335.684539 388.553894 7.117248
