-1.367133 -3.439936 -6.373635 -1.367133 -3.439936 -6.373635 0.752507 -0.229272 1.245008 476.977979 -314.635213 -504.954045
-0.829773 -3.634134 -5.717522 -0.829773 -3.634134 -5.717522 1.038694 -0.418053 0.942035 476.977979 -314.635213 -504.954045
-0.129400 -3.934141 -5.247731 -0.129400 -3.934141 -5.247731 1.281383 -0.569539 0.616369 331.986925 -190.317740 -580.600774
0.685107 -4.298895 -4.985035 0.685107 -4.298895 -4.985035 1.410175 -0.627599 0.254922 97.319496 -3.216490 -624.223404
1.535538 -4.665660 -4.941750 1.535538 -4.665660 -4.941750 1.402607 -0.577660 -0.106149 -122.548508 169.680366 -579.345491
2.341487 -4.971288 -5.102155 2.341487 -4.971288 -5.102155 1.261296 -0.423722 -0.415923 -348.484959 343.446516 -453.235737
3.024141 -5.155167 -5.423635 3.024141 -5.155167 -5.423635 0.995224 -0.174989 -0.639585 -538.423563 485.664851 -292.302407
3.517038 -5.168492 -5.847098 3.517038 -5.168492 -5.847098 0.635564 0.137655 -0.750455 -660.444402 556.480793 -77.266188
3.774923 -4.983938 -6.296451 3.774923 -4.983938 -6.296451 0.216430 0.480515 -0.722674 -736.668770 586.385499 169.870100
3.772791 -4.592818 -6.686416 3.772791 -4.592818 -6.686416 -0.222518 0.818657 -0.555433 -726.491267 540.754464 387.599401
3.514850 -4.010666 -6.939149 3.514850 -4.010666 -6.939149 -0.626721 1.111219 -0.269079 -620.849476 434.451380 566.915442
3.036580 -3.274528 -6.989703 3.036580 -3.274528 -6.989703 -0.951651 1.327918 0.115312 -462.251228 287.878711 714.387887
2.393327 -2.437234 -6.788033 2.393327 -2.437234 -6.788033 -1.174289 1.444267 0.563407 -279.875397 99.950888 779.260496
1.652243 -1.564501 -6.310751 1.652243 -1.564501 -6.310751 -1.272882 1.445149 1.025823 -48.767041 -97.010605 762.128156
0.893750 -0.725450 -5.563555 0.893750 -0.725450 -5.563555 -1.232072 1.334060 1.455692 184.798646 -273.286359 670.768636
0.199011 0.017752 -4.578674 0.199011 0.017752 -4.578674 -1.064991 1.129878 1.811792 372.138559 -407.319362 516.228945
-0.364056 0.616194 -3.410524 -0.364056 0.616194 -3.410524 -0.796995 0.854652 2.062297 521.180004 -510.101059 318.788374
-0.742963 1.036320 -2.128981 -0.742963 1.036320 -2.128981 -0.456897 0.544353 2.187487 612.480941 -524.227323 98.512359
-0.906512 1.271228 -0.811634 -0.906512 1.271228 -0.811634 -0.087694 0.243105 2.182208 618.195075 -479.933892 -116.109112
-0.850064 1.336305 0.465297 -0.850064 1.336305 0.465297 0.272171 -0.016845 2.055069 581.356875 -386.564295 -307.687615
-0.587583 1.264467 1.635033 -0.587583 1.264467 1.635033 0.593654 -0.209536 1.830852 490.251347 -255.739024 -439.703475
-0.152106 1.103257 2.648734 -0.152106 1.103257 2.648734 0.843000 -0.310253 1.538709 340.902576 -79.986872 -534.104463
0.406721 0.912192 3.474681 0.406721 0.912192 3.474681 1.005868 -0.310827 1.212550 201.991159 78.075640 -553.092508
1.037939 0.748135 4.105607 1.037939 0.748135 4.105607 1.083753 -0.222054 0.895457 57.623673 217.833026 -503.884608
1.690430 0.659976 4.558659 1.690430 0.659976 4.558659 1.077667 -0.062035 0.625514 -77.910429 315.563030 -395.925512
2.317763 0.683387 4.869392 2.317763 0.683387 4.869392 1.004701 0.146458 0.421413 -165.306619 379.415757 -284.410640
2.888435 0.839144 5.079311 2.888435 0.839144 5.079311 0.893553 0.372043 0.292089 -205.186531 372.532860 -146.668447
3.387458 1.126193 5.237296 3.387458 1.126193 5.237296 0.769563 0.579396 0.249748 -208.115104 318.642661 5.529959
3.814255 1.526220 5.394415 3.814255 1.526220 5.394415 0.657291 0.745751 0.284440 -166.124570 235.875226 110.111182
4.182245 2.008955 5.589185 4.182245 2.008955 5.589185 0.575205 0.851413 0.371938 -107.494960 116.330182 181.548393
4.512145 2.533362 5.846889 4.512145 2.533362 5.846889 0.531341 0.884313 0.490181 -38.717494 -6.662092 212.595699
4.828378 3.056240 6.179040 4.828378 3.056240 6.179040 0.530097 0.847760 0.616613 34.567982 -115.180887 208.842331
5.155430 3.539391 6.584703 5.155430 3.539391 6.584703 0.564697 0.754790 0.732438 80.767078 -194.720835 177.242100
5.509405 3.955147 7.051469 5.509405 3.955147 7.051469 0.616250 0.627616 0.815781 91.076260 -229.191087 100.569342
5.894211 4.290965 7.555233 5.894211 4.290965 7.555233 0.664204 0.492614 0.857083 68.770395 -220.815915 37.103027
6.303553 4.549064 8.072714 6.303553 4.549064 8.072714 0.697673 0.371513 0.862107 42.793048 -182.854439 -20.355319
6.729860 4.739058 8.586314 6.729860 4.739058 8.586314 0.723349 0.261800 0.849894 42.793048 -182.854439 -20.355319
