-5.428320 -5.404681 -3.189802 -5.428320 -5.404681 -3.189802 0.797207 0.945701 1.043950 -384.755582 -121.840018 643.696520
-5.019251 -4.859191 -2.447566 -5.019251 -4.859191 -2.447566 0.566354 0.872597 1.430168 -384.755582 -121.840018 643.696520
-4.745586 -4.363371 -1.477677 -4.745586 -4.363371 -1.477677 0.351045 0.770460 1.796002 -332.941103 -218.615069 575.749385
-4.587086 -3.945911 -0.304604 -4.587086 -3.945911 -0.304604 0.190291 0.611966 2.100639 -202.904911 -309.699892 439.708770
-4.499372 -3.634953 1.024172 -4.499372 -3.634953 1.024172 0.118861 0.423768 2.310688 -35.196847 -317.626062 260.453222
-4.423079 -3.435956 2.444159 -4.423079 -3.435956 2.444159 0.154299 0.242737 2.400421 153.322695 -285.809639 38.658510
-4.291880 -3.337021 3.876459 -4.291880 -3.337021 3.876459 0.301401 0.094940 2.349062 337.020194 -206.846473 -209.856646
-4.040121 -3.310704 5.235166 -4.040121 -3.310704 5.235166 0.554887 0.003762 2.158367 507.932733 -97.081286 -425.792642
-3.607143 -3.319676 6.443448 -3.607143 -3.319676 6.443448 0.902737 -0.023264 1.852415 651.566555 6.995825 -594.048949
-2.944376 -3.325543 7.440514 -2.944376 -3.325543 7.440514 1.312892 0.015098 1.458714 715.615891 120.876919 -718.287371
-2.027427 -3.289980 8.183483 -2.027427 -3.289980 8.183483 1.744274 0.111353 1.012902 722.325292 199.972425 -767.751754
-0.856280 -3.184533 8.655073 -0.856280 -3.184533 8.655073 2.150493 0.244540 0.562475 631.736258 243.983767 -733.670805
0.539531 -2.994608 8.867451 0.539531 -2.994608 8.867451 2.488549 0.387346 0.157038 495.117396 232.037883 -617.786006
2.110181 -2.723085 8.860170 2.110181 -2.723085 8.860170 2.727617 0.513315 -0.165143 301.775961 187.856874 -456.151979
3.787084 -2.386017 8.691122 3.787084 -2.386017 8.691122 2.838747 0.602350 -0.378111 68.657541 108.926000 -253.739371
5.488157 -2.010902 8.432365 5.488157 -2.010902 8.432365 2.807277 0.638198 -0.461443 -173.557577 10.567838 -24.034870
7.128318 -1.632910 8.163231 7.128318 -1.632910 8.163231 2.638318 0.610394 -0.415569 -389.636966 -103.247388 176.946301
8.629955 -1.291615 7.956425 8.629955 -1.291615 7.956425 2.348440 0.516664 -0.255978 -576.623930 -209.186097 355.023703
9.928584 -1.023134 7.875294 9.928584 -1.023134 7.875294 1.969250 0.371831 -0.000205 -687.343774 -273.589961 497.555660
10.984312 -0.850325 7.967528 10.984312 -0.850325 7.967528 1.546343 0.202462 0.312311 -722.345574 -290.972221 544.162926
11.783995 -0.780125 8.252661 11.783995 -0.780125 8.252661 1.122434 0.033367 0.637795 -690.683342 -272.678179 540.785514
12.338813 -0.804346 8.729103 12.338813 -0.804346 8.729103 0.736428 -0.106039 0.944384 -596.005411 -192.008812 481.175257
12.683996 -0.895555 9.375466 12.683996 -0.895555 9.375466 0.431857 -0.186365 1.198695 -419.229133 -75.746311 366.528567
12.878775 -1.012450 10.152741 12.878775 -1.012450 10.152741 0.235951 -0.189019 1.379026 -233.791995 66.899955 234.574024
12.990434 -1.105777 11.012600 12.990434 -1.105777 11.012600 0.156532 -0.108668 1.470874 -30.937117 200.937802 71.585934
13.090817 -1.127093 11.900051 13.090817 -1.127093 11.900051 0.198130 0.050476 1.474033 169.594683 329.541854 -61.055804
13.248642 -1.030494 12.767008 13.248642 -1.030494 12.767008 0.341990 0.283178 1.405037 309.941764 446.131497 -168.929006
13.516857 -0.776988 13.575270 13.516857 -0.776988 13.575270 0.564108 0.567339 1.281911 430.450970 501.073405 -241.490248
13.936192 -0.348222 14.298453 13.936192 -0.348222 14.298453 0.839323 0.858824 1.124541 486.932233 470.542711 -283.077283
14.525968 0.247701 14.922761 14.525968 0.247701 14.922761 1.124157 1.120806 0.957383 462.512602 402.729988 -274.118142
15.279421 0.986273 15.451507 15.279421 0.986273 15.451507 1.380196 1.330428 0.811200 390.951081 296.010367 -213.157177
16.172769 1.827487 15.903527 16.172769 1.827487 15.903527 1.589063 1.456410 0.701644 305.273670 123.930435 -152.028572
17.174162 2.712337 16.301249 17.174162 2.712337 16.301249 1.737257 1.474253 0.630931 188.707219 -64.455731 -83.681079
18.241969 3.574821 16.668304 18.241969 3.574821 16.668304 1.807907 1.383249 0.598516 46.792549 -238.889484 -24.370942
19.329258 4.351282 17.024352 19.329258 4.351282 17.024352 1.806593 1.187472 0.590519 -51.173248 -413.701897 -2.283263
20.399545 4.982446 17.378122 20.399545 4.982446 17.378122 1.753600 0.904985 0.588495 -125.470884 -527.919965 -4.464291
21.426288 5.428316 17.729439 21.426288 5.428316 17.729439 1.664155 0.577756 0.580938 -172.678027 -562.844097 -20.726763
22.394068 5.674301 18.070676 22.394068 5.674301 18.070676 1.562393 0.243265 0.550526 -166.530109 -552.124686 -80.646134
23.302680 5.724662 18.380491 23.302680 5.724662 18.380491 1.468234 -0.069088 0.472216 -147.332398 -489.054190 -180.385834
24.160612 5.603523 18.627005 24.160612 5.603523 18.627005 1.397388 -0.320800 0.342255 -88.819624 -349.984333 -252.818247
24.986917 5.358334 18.782680 24.986917 5.358334 18.782680 1.363395 -0.479352 0.169708 -24.491617 -178.524352 -322.340170
25.803416 5.049861 18.822980 25.803416 5.049861 18.822980 1.363052 -0.530104 -0.041213 23.347352 9.351464 -380.727602
26.627214 4.744765 18.729711 26.627214 4.744765 18.729711 1.385885 -0.468073 -0.269699 52.764290 197.420829 -380.895175
27.467515 4.509153 18.503728 27.467515 4.509153 18.503728 1.413905 -0.301141 -0.476249 40.634263 359.018376 -307.604195
28.321972 4.398500 18.167321 28.321972 4.398500 18.167321 1.432284 -0.058693 -0.637255 20.629692 449.141178 -229.081560
29.185056 4.444129 17.743733 29.185056 4.444129 17.743733 1.444662 0.210792 -0.774704 20.629692 449.141178 -229.081560
