6.194370 5.079866 6.321502 6.194370 5.079866 6.321502 2.127361 0.393485 1.337216 -198.605094 -566.344160 -27.532683
7.435037 5.214015 7.118875 7.435037 5.214015 7.118875 2.008197 0.053678 1.320696 -198.605094 -566.344160 -27.532683
8.598805 5.143528 7.899265 8.598805 5.143528 7.899265 1.862025 -0.289889 1.268818 -288.637809 -578.880341 -145.394406
9.660977 4.869774 8.626754 9.660977 4.869774 8.626754 1.673402 -0.615326 1.143424 -340.105377 -505.910125 -272.583410
10.605513 4.418333 9.257375 10.605513 4.418333 9.257375 1.477908 -0.874780 0.948034 -311.541542 -358.935871 -378.719170
11.439182 3.838456 9.753398 11.439182 3.838456 9.753398 1.305994 -1.042148 0.697662 -261.504106 -198.959538 -455.852915
12.179309 3.187401 10.086621 12.179309 3.187401 10.086621 1.167101 -1.111287 0.407547 -201.473233 -31.501463 -511.196909
12.847220 2.526594 10.240194 12.847220 2.526594 10.240194 1.065793 -1.072014 0.106128 -136.220042 162.409279 -493.533940
13.467112 1.921363 10.218914 13.467112 1.921363 10.218914 1.008742 -0.930849 -0.170592 -53.950551 308.142697 -428.865334
14.065451 1.424347 10.046638 14.065451 1.424347 10.046638 0.990399 -0.715822 -0.391541 -7.189564 408.612638 -307.631186
14.659396 1.070598 9.766987 14.659396 1.070598 9.766987 0.991083 -0.459688 -0.522883 9.466706 445.167193 -130.176251
15.253669 0.873689 9.441847 15.253669 0.873689 9.441847 0.986356 -0.198718 -0.540878 -25.221768 424.734424 70.191791
15.838236 0.827970 9.141799 15.838236 0.827970 9.141799 0.957689 0.041420 -0.439541 -70.336399 375.723698 267.598912
16.396240 0.913804 8.937100 16.396240 0.913804 8.937100 0.895748 0.233617 -0.224693 -136.131267 264.934558 448.560291
16.904998 1.092621 8.890848 16.904998 1.092621 8.890848 0.793132 0.347368 0.083561 -205.922561 114.235088 578.953702
17.338925 1.313560 9.050005 17.338925 1.313560 9.050005 0.645143 0.375688 0.454974 -287.375125 -19.834622 659.090561
17.672289 1.528706 9.442798 17.672289 1.528706 9.442798 0.462749 0.330305 0.856289 -320.605288 -131.441937 678.627364
17.892522 1.697502 10.074606 17.892522 1.697502 10.074606 0.271848 0.222802 1.242876 -315.729571 -226.902771 609.995224
18.000512 1.786818 10.921286 18.000512 1.786818 10.921286 0.090974 0.069049 1.564650 -287.186130 -285.606680 462.584548
18.008545 1.777981 11.931632 18.008545 1.777981 11.931632 -0.055626 -0.096605 1.783655 -201.480588 -266.573890 267.432527
17.946800 1.674546 13.035619 17.946800 1.674546 13.035619 -0.137029 -0.243990 1.872392 -69.859922 -224.709712 28.355309
17.860806 1.492024 14.151074 17.860806 1.492024 14.151074 -0.134957 -0.357214 1.823986 76.765676 -152.704252 -189.706790
17.803699 1.257382 15.198047 17.803699 1.257382 15.198047 -0.038648 -0.412971 1.643805 244.264177 -33.151304 -410.896804
17.833845 1.009610 16.098967 17.833845 1.009610 16.098967 0.154744 -0.402972 1.340261 400.375970 66.482846 -600.916771
18.004658 0.784885 16.788245 18.004658 0.784885 16.788245 0.424465 -0.337627 0.946142 498.694386 151.332414 -712.813347
18.349102 0.609549 17.227624 18.349102 0.609549 17.227624 0.723682 -0.246828 0.518454 498.694386 151.332414 -712.813347
