-0.906626 6.093220 -7.437645 -0.906626 6.093220 -7.437645 2.831550 -0.296828 0.942932 -413.441097 -456.941236 623.736376
0.717885 5.832873 -6.759613 0.717885 5.832873 -6.759613 2.583486 -0.570993 1.317174 -413.441097 -456.941236 623.736376
2.184858 5.412671 -5.860462 2.184858 5.412671 -5.860462 2.291928 -0.821943 1.674284 -558.416885 -379.559151 566.630632
3.450675 4.860512 -4.760165 3.450675 4.860512 -4.760165 1.912753 -1.003042 1.982928 -705.499100 -224.104640 462.180148
4.468627 4.230555 -3.497608 4.468627 4.230555 -3.497608 1.475903 -1.076473 2.208276 -750.669497 -20.664347 288.980447
5.221994 3.591634 -2.134317 5.221994 3.591634 -2.134317 1.040230 -1.035457 2.313211 -701.571823 157.381821 60.802337
5.726855 3.009095 -0.749631 5.726855 3.009095 -0.749631 0.654317 -0.888999 2.278766 -584.805873 330.811309 -175.619236
6.023255 2.543563 0.573549 6.023255 2.543563 0.573549 0.348806 -0.648904 2.111054 -433.564311 469.507145 -383.418783
6.167006 2.243024 1.760695 6.167006 2.243024 1.760695 0.151213 -0.345736 1.828651 -225.080692 541.053423 -557.925211
6.230563 2.133894 2.749242 6.230563 2.133894 2.749242 0.082883 -0.016499 1.452810 -2.683307 556.403465 -694.879129
6.291257 2.220479 3.493184 6.291257 2.220479 3.493184 0.138508 0.299002 1.022554 188.099603 495.266582 -739.306198
6.418932 2.483066 3.974851 6.418932 2.483066 3.974851 0.304927 0.566350 0.585016 366.630128 395.890707 -719.152570
6.674292 2.884268 4.202770 6.674292 2.884268 4.202770 0.556961 0.754545 0.185310 473.482114 231.426466 -613.203168
7.096689 3.367813 4.213015 7.096689 3.367813 4.213015 0.856015 0.839210 -0.135433 523.364478 50.789798 -455.940676
7.704393 3.869188 4.062548 7.704393 3.869188 4.062548 1.169483 0.813218 -0.344687 521.529118 -137.428828 -241.571501
8.495968 4.323019 3.825867 8.495968 4.323019 3.825867 1.462450 0.683944 -0.421560 455.028133 -293.484084 -14.671152
9.449037 4.672213 3.582599 9.449037 4.672213 3.582599 1.703937 0.466131 -0.368819 349.928890 -432.559030 190.474287
10.526136 4.870624 3.408012 10.526136 4.870624 3.408012 1.872640 0.189561 -0.192437 212.415599 -489.340969 397.466955
11.678844 4.896553 3.372359 11.678844 4.896553 3.372359 1.954539 -0.102677 0.087368 60.579815 -484.785738 535.213530
12.855626 4.749571 3.525262 12.855626 4.749571 3.525262 1.956654 -0.384121 0.429215 -53.530089 -453.360977 604.279023
14.014133 4.444221 3.892052 14.014133 4.444221 3.892052 1.895288 -0.622501 0.794234 -151.023075 -341.240372 612.448332
15.120035 4.017231 4.475083 15.120035 4.017231 4.475083 1.784241 -0.787572 1.142954 -219.132189 -208.993693 549.952307
16.150902 3.516860 5.253414 16.150902 3.516860 5.253414 1.651591 -0.864015 1.440764 -223.036294 -45.817152 442.749723
17.103430 2.999366 6.187008 17.103430 2.999366 6.187008 1.526371 -0.845696 1.653614 -194.363868 106.878606 266.749131
17.985641 2.516857 7.219145 17.985641 2.516857 7.219145 1.416620 -0.753216 1.773436 -171.473949 201.387690 132.655911
18.804747 2.101177 8.307085 18.804747 2.101177 8.307085 1.313735 -0.632384 1.853029 -171.473949 201.387690 132.655911
