-8.408463 -2.497128 6.723351 -8.408463 -2.497128 6.723351 -0.546948 0.055287 -1.587834 -119.847776 -287.246692 289.723181
-8.758205 -2.515660 5.822800 -8.758205 -2.515660 5.822800 -0.618857 -0.117061 -1.414000 -119.847776 -287.246692 289.723181
-9.139855 -2.633324 5.036175 -9.139855 -2.633324 5.036175 -0.634584 -0.268024 -1.192042 67.421808 -215.964524 450.137016
-9.494068 -2.826727 4.411905 -9.494068 -2.826727 4.411905 -0.522122 -0.366175 -0.872309 307.453099 -111.204915 615.639645
-9.738811 -3.059037 4.003713 -9.738811 -3.059037 4.003713 -0.271710 -0.395837 -0.481036 527.253955 12.333110 688.604402
-9.797853 -3.287565 3.838380 -9.797853 -3.287565 3.838380 0.090036 -0.354668 -0.071171 678.565164 124.894626 677.611079
-9.616338 -3.473140 3.913227 -9.616338 -3.473140 3.913227 0.523932 -0.256005 0.313295 767.753751 203.982129 603.943622
-9.161769 -3.588030 4.201949 -9.161769 -3.588030 4.201949 0.994659 -0.123635 0.635835 801.338791 237.252354 471.189053
-8.424238 -3.619606 4.656817 -8.424238 -3.619606 4.656817 1.457935 0.018214 0.861312 742.912179 235.578750 280.401514
-7.424202 -3.568570 5.212236 -7.424202 -3.568570 5.212236 1.861435 0.148081 0.970350 602.087785 197.308873 83.058933
-6.209369 -3.449536 5.798199 -6.209369 -3.449536 5.798199 2.170668 0.239814 0.964196 428.690735 108.467995 -103.574369
-4.843076 -3.292105 6.347784 -4.843076 -3.292105 6.347784 2.361524 0.274988 0.850605 207.496098 8.778498 -275.062258
-3.402652 -3.131962 6.800641 -3.402652 -3.131962 6.800641 2.416822 0.248106 0.645597 -23.170375 -98.382663 -408.296584
-1.969400 -3.006465 7.110636 -1.969400 -3.006465 7.110636 2.339568 0.160788 0.381268 -234.341201 -192.680123 -472.800367
-0.618199 -2.948781 7.253704 -0.618199 -2.948781 7.253704 2.147167 0.024647 0.094646 -406.998467 -261.120987 -482.605935
0.590762 -2.981943 7.226271 0.590762 -2.981943 7.226271 1.872576 -0.136765 -0.181674 -508.304452 -276.920289 -438.462537
1.619930 -3.111730 7.043553 1.619930 -3.111730 7.043553 1.553177 -0.292329 -0.418706 -556.357045 -241.625906 -351.643966
2.452228 -3.326623 6.735309 2.452228 -3.326623 6.735309 1.222043 -0.417319 -0.598311 -547.425278 -175.005924 -247.037474
3.091412 -3.601885 6.339068 3.091412 -3.601885 6.339068 0.916061 -0.489174 -0.710472 -472.514822 -64.512568 -126.831653
3.564062 -3.898257 5.897135 3.564062 -3.898257 5.897135 0.672886 -0.484158 -0.750674 -338.067490 81.233468 -7.176611
3.915480 -4.165050 5.449903 3.915480 -4.165050 5.449903 0.512736 -0.390018 -0.732657 -195.765495 232.564788 67.233054
4.196807 -4.349764 5.024821 4.196807 -4.349764 5.024821 0.439893 -0.213300 -0.680269 -47.044987 356.496337 107.392708
4.460823 -4.407551 4.637441 4.460823 -4.407551 4.637441 0.454411 0.030713 -0.608576 95.438219 456.879061 131.584190
4.756949 -4.304354 4.294204 4.756949 -4.304354 4.294204 0.543176 0.317498 -0.538510 200.445660 499.071173 101.971859
5.122900 -4.024572 3.986276 5.122900 -4.024572 3.986276 0.683271 0.614192 -0.493212 266.537627 489.909786 49.019158
5.582344 -3.572520 3.696223 5.582344 -3.572520 3.696223 0.850715 0.884907 -0.478547 291.610737 412.472233 -0.135540
6.143634 -2.975242 3.405536 6.143634 -2.975242 3.405536 1.017536 1.092835 -0.496297 264.457339 280.622960 -59.031481
6.798212 -2.278564 3.094812 6.798212 -2.278564 3.094812 1.158481 1.213530 -0.543316 205.360360 121.692366 -97.697730
7.526153 -1.539200 2.751351 7.526153 -1.539200 2.751351 1.261134 1.233256 -0.601365 136.816247 -55.937828 -95.797510
8.303461 -0.820358 2.374951 8.303461 -0.820358 2.374951 1.323228 1.144478 -0.650530 70.164516 -239.989996 -68.088188
9.106297 -0.186926 1.976402 9.106297 -0.186926 1.976402 1.346674 0.950203 -0.671260 7.988892 -407.592056 -1.011496
9.913380 0.304089 1.579039 9.913380 0.304089 1.579039 1.339671 0.676947 -0.643989 -31.335053 -503.263164 91.915445
10.710794 0.617064 1.215861 10.710794 0.617064 1.215861 1.317128 0.361960 -0.555487 -43.806662 -546.693410 203.091788
11.495810 0.736334 0.926396 11.495810 0.736334 0.926396 1.303966 0.036441 -0.397282 -0.066158 -538.367188 324.257945
12.282581 0.667517 0.752509 12.282581 0.667517 0.752509 1.325940 -0.255461 -0.172145 73.312991 -434.641146 426.196905
13.094724 0.443973 0.728250 13.094724 0.443973 0.728250 1.386843 -0.476406 0.095136 129.695872 -301.841469 464.740135
13.950175 0.103798 0.868985 13.950175 0.103798 0.868985 1.464660 -0.657511 0.373980 129.695872 -301.841469 464.740135
