-4.683204 -4.630809 11.026905 -4.683204 -4.630809 11.026905 -0.172250 -0.051997 0.978813 42.896802 209.018561 -496.892419
-4.778833 -4.624384 11.524752 -4.778833 -4.624384 11.524752 -0.146512 0.073414 0.680678 42.896802 209.018561 -496.892419
-4.856013 -4.545725 11.838677 -4.856013 -4.545725 11.838677 -0.105746 0.183756 0.357336 92.988522 158.788103 -580.912971
-4.900917 -4.414056 11.946486 -4.900917 -4.414056 11.946486 -0.040925 0.243196 -0.001352 123.082462 39.342690 -614.714088
-4.904015 -4.268350 11.837627 -4.904015 -4.268350 11.837627 0.029434 0.230337 -0.357177 111.449296 -82.204547 -571.367707
-4.869739 -4.149376 11.525863 -4.869739 -4.149376 11.525863 0.079079 0.158857 -0.673057 54.033822 -156.063521 -481.567692
-4.816056 -4.084496 11.043848 -4.816056 -4.084496 11.043848 0.094047 0.053507 -0.919489 -4.143212 -195.103376 -339.873231
-4.762963 -4.089026 10.443516 -4.762963 -4.089026 10.443516 0.078615 -0.071133 -1.060719 -47.296351 -220.363732 -130.892936
-4.727351 -4.168621 9.796835 -4.727351 -4.168621 9.796835 0.035017 -0.189596 -1.072700 -98.029464 -174.511352 90.955670
-4.725788 -4.309381 9.182352 -4.725788 -4.309381 9.182352 -0.032809 -0.272256 -0.954301 -128.055406 -101.022035 303.710058
-4.766589 -4.484707 8.676166 -4.766589 -4.484707 8.676166 -0.099972 -0.301811 -0.713438 -95.822150 2.505652 499.167255
-4.840666 -4.657875 8.345885 -4.840666 -4.657875 8.345885 -0.141695 -0.262973 -0.374280 -43.253596 126.954733 631.358194
-4.927832 -4.784886 8.238638 -4.927832 -4.784886 8.238638 -0.139464 -0.147192 0.022917 50.688188 258.979986 692.632558
-4.995010 -4.821006 8.377334 -4.995010 -4.821006 8.377334 -0.072170 0.036088 0.439854 173.626972 351.955131 697.156600
-4.999832 -4.732355 8.761430 -4.999832 -4.732355 8.761430 0.068141 0.265493 0.831627 294.075050 412.727881 608.752458
-4.898102 -4.498159 9.360821 -4.898102 -4.498159 9.360821 0.284145 0.516176 1.151072 425.939872 422.882274 456.064000
-4.645221 -4.115653 10.121672 -4.645221 -4.115653 10.121672 0.568333 0.753315 1.365293 521.351599 367.580274 258.008221
-4.208175 -3.603603 10.973427 -4.208175 -3.603603 10.973427 0.892158 0.943343 1.450788 558.064366 265.845867 26.972814
-3.573050 -2.997482 11.834941 -3.573050 -2.997482 11.834941 1.223891 1.064166 1.397904 547.714220 136.898104 -203.252152
-2.744560 -2.344574 12.624591 -2.744560 -2.344574 12.624591 1.530352 1.095139 1.213414 473.820047 -33.653818 -411.714339
-1.747809 -1.703791 13.269533 -1.747809 -1.703791 13.269533 1.780907 1.023732 0.921400 361.365853 -204.370350 -561.665964
-0.625621 -1.135750 13.714707 -0.625621 -1.135750 13.714707 1.940716 0.854057 0.551569 171.329488 -361.214091 -671.101935
0.557153 -0.694375 13.923739 0.557153 -0.694375 13.923739 1.981037 0.607124 0.143349 -36.927285 -461.894860 -689.631577
1.727080 -0.416377 13.887993 1.727080 -0.416377 13.887993 1.898643 0.314311 -0.258537 -237.719178 -514.148607 -649.990666
2.811585 -0.320621 13.622263 2.811585 -0.320621 13.622263 1.696554 0.004405 -0.616577 -435.910105 -518.871104 -543.473866
3.742420 -0.406992 13.163876 3.742420 -0.406992 13.163876 1.391842 -0.285006 -0.895744 -579.795330 -445.832413 -387.083670
4.467999 -0.650005 12.566882 4.467999 -0.650005 12.566882 1.018147 -0.511303 -1.077353 -665.855672 -308.490657 -218.279347
4.958204 -1.002193 11.891301 4.958204 -1.002193 11.891301 0.614491 -0.645788 -1.157716 -679.664893 -139.794118 -49.598509
5.207897 -1.403025 11.197725 5.207897 -1.403025 11.197725 0.223382 -0.670643 -1.137571 -624.031905 56.944889 116.749259
5.237396 -1.784639 10.543047 5.237396 -1.784639 10.543047 -0.112059 -0.583868 -1.033273 -494.102878 232.305358 230.909055
5.093116 -2.083369 9.969582 5.093116 -2.083369 9.969582 -0.349052 -0.395603 -0.870049 -295.874528 395.246135 313.171128
4.843967 -2.241951 9.505367 4.843967 -2.241951 9.505367 -0.458877 -0.120280 -0.674927 -70.210020 522.494565 337.236899
4.570048 -2.216990 9.159720 4.570048 -2.216990 9.159720 -0.430779 0.208617 -0.479552 163.869333 573.829439 314.011483
4.354610 -1.989271 8.924306 4.354610 -1.989271 8.924306 -0.264791 0.549217 -0.312170 389.424950 561.504826 243.929950
4.276017 -1.562639 8.776414 4.276017 -1.562639 8.776414 0.019789 0.866272 -0.188297 559.176376 495.346099 168.981146
4.395987 -0.961353 8.688565 4.395987 -0.961353 8.688565 0.392519 1.125281 -0.113348 683.256473 368.017231 80.846497
4.757735 -0.229572 8.630655 4.757735 -0.229572 8.630655 0.818726 1.297938 -0.087105 737.433742 207.504895 6.630083
5.379772 0.575189 8.577040 5.379772 0.575189 8.577040 1.251500 1.365678 -0.095854 705.147517 18.293824 -35.793551
6.252190 1.387850 8.510990 6.252190 1.387850 8.510990 1.647546 1.326463 -0.127804 615.005708 -149.009618 -70.704927
7.342622 2.148660 8.422794 7.342622 2.148660 8.422794 1.972566 1.195827 -0.164157 468.393906 -286.441990 -50.471845
8.599986 2.809268 8.318480 8.599986 2.809268 8.318480 2.201166 0.997315 -0.178114 293.605701 -375.266797 3.947031
9.961754 3.336867 8.216288 9.961754 3.336867 8.216288 2.318428 0.755950 -0.155917 97.268511 -429.280650 70.045410
11.358667 3.714336 8.139097 11.358667 3.714336 8.139097 2.318526 0.504227 -0.095135 -96.944841 -409.796151 132.561843
12.724002 3.947143 8.108586 12.724002 3.947143 8.108586 2.218709 0.278518 -0.002055 -235.777396 -342.567826 177.702960
14.012788 4.052592 8.139339 14.012788 4.052592 8.139339 2.077242 0.072977 0.104567 -235.777396 -342.567826 177.702960
