11.699862 4.321564 -5.376063 11.699862 4.321564 -5.376063 1.924627 0.735035 0.607424 -731.199073 -256.715780 -678.487925
12.723023 4.716376 -5.133736 12.723023 4.716376 -5.133736 1.485908 0.581006 0.200332 -731.199073 -256.715780 -678.487925
13.481144 5.011394 -5.129759 13.481144 5.011394 -5.129759 1.038151 0.390092 -0.177231 -761.325881 -379.664185 -580.055786
13.969286 5.169360 -5.331190 13.969286 5.169360 -5.331190 0.592808 0.123547 -0.478675 -723.147967 -508.817460 -424.757216
14.202347 5.149695 -5.682702 14.202347 5.149695 -5.682702 0.196633 -0.192776 -0.672780 -597.437160 -545.593756 -222.258907
14.223027 4.936841 -6.111902 14.223027 4.936841 -6.111902 -0.110637 -0.515038 -0.733761 -426.796633 -528.612286 18.990937
14.091448 4.537194 -6.535696 14.091448 4.537194 -6.535696 -0.308582 -0.809575 -0.657149 -233.019985 -453.178471 236.382187
13.876330 3.978031 -6.876734 13.876330 3.978031 -6.876734 -0.388519 -1.040711 -0.461804 -33.436480 -317.273653 414.765897
13.648236 3.307448 -7.070234 13.648236 3.307448 -7.070234 -0.353398 -1.176311 -0.168324 150.505955 -134.726047 563.500779
13.471725 2.588353 -7.065519 13.471725 2.588353 -7.065519 -0.220908 -1.202437 0.191175 291.127758 47.638641 634.829403
13.396940 1.887311 -6.835859 13.396940 1.887311 -6.835859 -0.019448 -1.114628 0.575500 380.407470 245.056508 646.256088
13.456435 1.271649 -6.377689 13.456435 1.271649 -6.377689 0.222249 -0.922568 0.945973 425.248293 395.146241 588.653871
13.665251 0.796001 -5.710863 13.665251 0.796001 -5.710863 0.472003 -0.651653 1.265588 407.266215 507.904097 476.727936
14.017252 0.499684 -4.874641 14.017252 0.499684 -4.874641 0.693818 -0.330651 1.506913 332.117271 562.102421 327.689473
14.487493 0.401657 -3.920773 14.487493 0.401657 -3.920773 0.863935 0.002535 1.657209 234.937892 548.514624 173.297285
15.041039 0.497412 -2.904789 15.041039 0.497412 -2.904789 0.969379 0.309152 1.713511 116.542539 473.543031 14.373726
15.636991 0.759555 -1.882119 15.636991 0.759555 -1.882119 1.006039 0.550349 1.682015 5.658579 330.446101 -119.358249
16.236127 1.139135 -0.899886 16.236127 1.139135 -0.899886 0.981903 0.698070 1.582944 -86.113783 161.958297 -210.880276
16.806217 1.576775 0.008877 16.806217 1.576775 0.008877 0.912481 0.743471 1.441191 -145.292873 -10.621551 -261.629408
17.326078 2.010474 0.827094 17.326078 2.010474 0.827094 0.817929 0.684741 1.287193 -169.879382 -185.144249 -251.695342
17.787459 2.379638 1.556464 17.787459 2.379638 1.556464 0.722010 0.531880 1.147974 -149.852262 -324.393070 -212.369106
18.195546 2.635035 2.210082 18.195546 2.635035 2.210082 0.641372 0.310545 1.035849 -118.941038 -413.391379 -161.379776
18.562322 2.744613 2.806734 18.562322 2.744613 2.806734 0.586819 0.050816 0.959977 -62.902710 -452.370783 -91.529009
18.907613 2.694724 3.371500 18.907613 2.694724 3.371500 0.571689 -0.215362 0.931335 12.472323 -434.890707 -3.942266
19.255845 2.492176 3.932141 19.255845 2.492176 3.932141 0.594037 -0.451550 0.941716 62.018432 -352.400311 38.545931
19.624108 2.165118 4.504914 19.624108 2.165118 4.504914 0.634638 -0.626471 0.968871 73.320919 -230.670870 51.969277
20.017056 1.755147 5.094780 20.017056 1.755147 5.094780 0.673465 -0.727709 0.995995 56.099731 -106.789740 38.445294
20.428390 1.307804 5.696425 20.428390 1.307804 5.696425 0.692914 -0.749263 1.004705 8.729804 34.943349 -9.413725
20.841068 0.872532 6.294373 20.841068 0.872532 6.294373 0.674945 -0.688317 0.983152 -68.626327 168.211569 -62.427680
21.227387 0.494759 6.867786 21.227387 0.494759 6.867786 0.602290 -0.562691 0.919490 -173.556256 250.542442 -149.781040
21.550588 0.204193 7.387498 21.550588 0.204193 7.387498 0.463493 -0.402616 0.804513 -289.098346 283.040693 -233.475906
21.770455 0.013480 7.825772 21.770455 0.013480 7.825772 0.259077 -0.233246 0.652387 -392.288324 281.523224 -273.609124
21.850747 -0.079006 8.166923 21.850747 -0.079006 8.166923 0.000991 -0.080390 0.483066 -467.999103 227.999147 -290.794638
21.765894 -0.090744 8.406342 21.765894 -0.090744 8.406342 -0.285846 0.033688 0.318200 -488.123809 152.260942 -258.757825
21.508093 -0.049651 8.554331 21.508093 -0.049651 8.554331 -0.570876 0.092411 0.181172 -461.977910 43.481578 -198.001719
21.087219 0.007412 8.634808 21.087219 0.007412 8.634808 -0.824025 0.087447 0.099441 -381.851062 -60.027664 -74.437837
20.532126 0.044248 8.690622 20.532126 0.044248 8.690622 -1.012860 0.027293 0.102521 -247.597806 -140.487986 84.707686
19.892498 0.031673 8.777217 19.892498 0.031673 8.777217 -1.098142 -0.075312 0.202518 -36.678239 -201.526820 248.614552
19.236954 -0.050790 8.950945 19.236954 -0.050790 8.950945 -1.070432 -0.201234 0.389019 129.045408 -218.214310 373.054621
18.617923 -0.210809 9.251506 18.617923 -0.210809 9.251506 -0.993005 -0.332163 0.612852 129.045408 -218.214310 373.054621
