9.141571 3.006049 -4.204839 9.141571 3.006049 -4.204839 0.121507 -0.234214 -0.050287 193.214964 402.091381 393.785503
9.249253 2.937897 -4.164130 9.249253 2.937897 -4.164130 0.237436 0.007040 0.185985 193.214964 402.091381 393.785503
9.423777 3.018499 -3.978437 9.423777 3.018499 -3.978437 0.339784 0.268305 0.438360 147.945157 468.791098 447.466648
9.649236 3.265170 -3.636157 9.649236 3.265170 -3.636157 0.403343 0.556103 0.700435 63.921085 490.536309 426.117502
9.898167 3.684278 -3.143139 9.898167 3.684278 -3.143139 0.418789 0.836173 0.936388 -12.434360 443.030038 360.389924
10.144618 4.258577 -2.522190 10.144618 4.258577 -2.522190 0.398407 1.066238 1.123849 -55.506745 323.851571 264.481381
10.371119 4.947730 -1.806256 10.371119 4.947730 -1.806256 0.352343 1.216134 1.252629 -98.039905 175.801164 164.786124
10.566149 5.697540 -1.031390 10.566149 5.697540 -1.031390 0.299878 1.264043 1.319638 -76.842628 -16.104938 58.576572
10.735210 6.440915 -0.233451 10.735210 6.440915 -0.233451 0.268600 1.193626 1.332842 -27.417108 -218.618441 -14.562288
10.894845 7.108557 0.559927 10.894845 7.108557 0.559927 0.269197 1.016542 1.305573 29.404173 -371.660298 -76.334430
11.066300 7.643848 1.327817 11.066300 7.643848 1.327817 0.310061 0.754871 1.251203 106.811920 -500.577139 -104.901405
11.276013 8.001617 2.062287 11.276013 8.001617 2.062287 0.396399 0.429275 1.201417 180.981112 -584.743212 -61.051559
11.549501 8.152975 2.774511 11.549501 8.152975 2.774511 0.520346 0.073667 1.176604 232.173876 -600.615598 -21.658860
11.903596 8.092772 3.479702 11.903596 8.092772 3.479702 0.660129 -0.268166 1.179244 233.770888 -538.826362 30.458655
12.341423 7.841557 4.196507 12.341423 7.841557 4.196507 0.798748 -0.558095 1.216400 228.291862 -427.603204 93.395216
12.856998 7.439555 4.945106 12.856998 7.439555 4.945106 0.911889 -0.765540 1.282180 148.845730 -263.882580 125.872103
13.422012 6.945187 5.738075 13.422012 6.945187 5.738075 0.956637 -0.861594 1.362724 0.314554 -56.295426 142.609082
13.988817 6.426790 6.579848 13.988817 6.426790 6.579848 0.920655 -0.851912 1.440633 -120.257694 88.567619 117.087216
14.519563 5.931585 7.465304 14.519563 5.931585 7.465304 0.848500 -0.798771 1.510886 -120.257694 88.567619 117.087216
