9.239836 0.933612 4.238389 9.239836 0.933612 4.238389 0.118387 0.676402 1.155011 -160.607666 311.525019 344.123068
9.281958 1.395527 4.993338 9.281958 1.395527 4.993338 0.022022 0.863317 1.361484 -160.607666 311.525019 344.123068
9.266167 1.962181 5.871130 9.266167 1.962181 5.871130 -0.074817 1.013174 1.562758 -162.190063 187.999508 326.788080
9.192490 2.594945 6.860562 9.192490 2.594945 6.860562 -0.170097 1.081075 1.723606 -155.409977 38.335637 209.373063
9.068690 3.241071 7.923938 9.068690 3.241071 7.923938 -0.232181 1.056979 1.806855 -51.536243 -118.654690 68.123990
8.925449 3.847424 9.011321 8.925449 3.847424 9.011321 -0.236381 0.953405 1.802770 37.536598 -226.593060 -81.740262
8.797414 4.374253 10.066922 8.797414 4.374253 10.066922 -0.178677 0.795313 1.696984 154.810148 -300.378288 -270.881658
8.725496 4.795494 11.024963 8.725496 4.795494 11.024963 -0.048678 0.605689 1.477503 278.520204 -331.701543 -460.721990
8.753384 5.101262 11.820718 8.753384 5.101262 11.820718 0.153237 0.416970 1.161989 394.529039 -297.363738 -590.991123
8.918801 5.302172 12.405763 8.918801 5.302172 12.405763 0.402251 0.259824 0.778542 435.515819 -226.455683 -687.163442
9.238544 5.417305 12.749199 9.238544 5.417305 12.749199 0.663560 0.123951 0.366244 435.515819 -226.455683 -687.163442
