5.212239 -2.594616 -8.697551 5.212239 -2.594616 -8.697551 1.053693 0.881869 -1.040302 -549.290488 400.440964 339.194913
5.745583 -1.993415 -9.260677 5.745583 -1.993415 -9.260677 0.724119 1.122134 -0.836785 -549.290488 400.440964 339.194913
6.080586 -1.255057 -9.693134 6.080586 -1.255057 -9.693134 0.391565 1.327392 -0.590473 -559.224230 283.753627 481.846006
6.216297 -0.418350 -9.952996 6.216297 -0.418350 -9.952996 0.063191 1.443622 -0.262919 -535.354536 103.679663 609.998259
6.163167 0.456086 -9.998509 6.163167 0.456086 -9.998509 -0.231422 1.453834 0.115274 -446.690095 -69.640476 650.646370
5.951420 1.305156 -9.814261 5.951420 1.305156 -9.814261 -0.461886 1.358574 0.495498 -321.522425 -247.892426 616.768606
5.624894 2.065401 -9.411320 5.624894 2.065401 -9.411320 -0.612400 1.158442 0.838681 -180.191165 -419.215817 527.173605
5.233207 2.678915 -8.820159 5.233207 2.678915 -8.820159 -0.679578 0.876455 1.120287 -43.733050 -520.739627 411.511426
4.825060 3.108181 -8.083164 4.825060 3.108181 -8.083164 -0.668459 0.549640 1.320952 80.795516 -568.644251 257.373011
4.442773 3.336443 -7.254327 4.442773 3.336443 -7.254327 -0.598755 0.212623 1.425070 151.549393 -554.746633 89.688048
4.113490 3.368359 -6.391145 4.113490 3.368359 -6.391145 -0.494369 -0.099242 1.438860 196.405376 -484.800277 -43.721633
3.853061 3.230630 -5.541723 3.853061 3.230630 -5.541723 -0.372329 -0.344722 1.382506 210.395679 -333.466956 -144.124139
3.665481 2.973325 -4.741954 3.665481 2.973325 -4.741954 -0.256360 -0.497041 1.277071 176.167202 -174.262805 -207.326800
3.539746 2.655222 -4.014131 3.539746 2.655222 -4.014131 -0.168808 -0.544153 1.147172 115.670814 17.223098 -225.670124
3.455498 2.343333 -3.365359 3.455498 2.343333 -3.365359 -0.118323 -0.476308 1.017214 52.614394 208.926893 -207.524007
3.390203 2.104603 -2.789229 3.390203 2.104603 -2.789229 -0.105612 -0.303711 0.908478 -10.244217 366.396070 -154.929329
3.323680 1.994402 -2.267808 3.323680 1.994402 -2.267808 -0.118320 -0.053502 0.836631 -32.115546 467.632268 -84.560804
3.245669 2.048472 -1.776352 3.245669 2.048472 -1.776352 -0.143784 0.237063 0.809389 -52.766841 500.919656 -6.245594
3.152118 2.280278 -1.288890 3.152118 2.280278 -1.288890 -0.164354 0.534624 0.820402 -15.800056 490.949104 42.957507
3.054611 2.685771 -0.787328 3.054611 2.685771 -0.787328 -0.154084 0.810937 0.854121 50.035683 430.094048 69.438846
2.976269 3.241614 -0.262361 2.976269 3.241614 -0.262361 -0.098555 1.028309 0.895759 135.059324 294.481002 69.352729
2.947057 3.902073 0.285825 2.947057 3.902073 0.285825 0.010532 1.157333 0.928609 228.565743 135.597909 40.147581
2.999304 4.611152 0.845899 2.999304 4.611152 0.845899 0.171603 1.190049 0.931107 308.337222 -26.545076 -31.820462
3.161968 5.311927 1.393531 3.161968 5.311927 1.393531 0.377613 1.131743 0.885490 378.361257 -167.808571 -120.236662
3.458365 5.954150 1.898589 3.458365 5.954150 1.898589 0.613250 0.997970 0.790380 407.095990 -278.102270 -196.796330
3.897155 6.498176 2.334346 3.897155 6.498176 2.334346 0.845323 0.807619 0.657065 366.479673 -356.400675 -247.587417
4.465734 6.917286 2.681954 4.465734 6.917286 2.681954 1.042306 0.587236 0.498188 290.132743 -378.207729 -282.003298
5.136766 7.203814 2.930453 5.136766 7.203814 2.930453 1.183507 0.371630 0.330720 180.537511 -340.479993 -276.220857
5.869733 7.369944 3.082291 5.869733 7.369944 3.082291 1.243655 0.189534 0.180613 19.955325 -266.505753 -224.136497
6.607874 7.441923 3.156631 6.607874 7.441923 3.156631 1.197412 0.060776 0.077717 -174.099748 -162.689775 -118.850552
7.284650 7.456282 3.190892 7.284650 7.456282 3.190892 1.041287 -0.000949 0.051528 -346.316978 -43.059969 31.554639
7.838791 7.454425 3.236546 7.838791 7.454425 3.236546 0.792021 0.005533 0.115743 -484.567695 64.669024 182.492973
8.220418 7.474409 3.348130 8.220418 7.474409 3.348130 0.469465 0.069454 0.271688 -590.621241 148.399032 337.325388
8.393348 7.546233 3.581271 8.393348 7.546233 3.581271 0.102906 0.175691 0.521131 -631.242389 205.724238 494.149574
8.344141 7.687427 3.989049 8.344141 7.687427 3.989049 -0.262473 0.292871 0.848383 -586.686531 184.875869 596.691570
8.086647 7.894889 4.607229 8.086647 7.894889 4.607229 -0.586517 0.396107 1.215128 -493.459376 159.245785 625.793317
7.645914 8.161218 5.448949 7.645914 8.161218 5.448949 -0.882592 0.491655 1.590604 -493.459376 159.245785 625.793317
