-8.360263 5.053224 -6.210281 -8.360263 5.053224 -6.210281 1.107991 -0.909657 0.845887 -68.931355 -225.588329 38.124059
-7.707876 4.466823 -5.695887 -7.707876 4.466823 -5.695887 1.066632 -1.045010 0.868761 -68.931355 -225.588329 38.124059
-7.085167 3.809372 -5.176359 -7.085167 3.809372 -5.176359 1.000960 -1.129559 0.848677 -149.975513 -56.239962 -105.070465
-6.518227 3.134186 -4.696342 -6.518227 3.134186 -4.696342 0.877773 -1.099942 0.734255 -260.648669 154.961928 -276.335606
-6.042606 2.511345 -4.314921 -6.042606 2.511345 -4.314921 0.700751 -0.960807 0.521491 -329.423228 308.821355 -432.877829
-5.683269 1.997363 -4.086043 -5.683269 1.997363 -4.086043 0.494009 -0.740942 0.231274 -359.719222 424.063493 -534.513541
-5.451124 1.633452 -4.047196 -5.451124 1.633452 -4.047196 0.280623 -0.464895 -0.107960 -351.566021 496.090701 -596.267208
-5.341065 1.443598 -4.218523 -5.341065 1.443598 -4.218523 0.094521 -0.168303 -0.461834 -268.772945 492.549651 -583.311323
-5.324625 1.426281 -4.594695 -5.324625 1.426281 -4.594695 -0.026212 0.102256 -0.782201 -133.673461 409.316270 -484.578542
-5.355364 1.556479 -5.143712 -5.355364 1.556479 -5.143712 -0.061166 0.323680 -1.035307 17.160609 328.763196 -359.107279
-5.388975 1.809864 -5.829535 -5.388975 1.809864 -5.829535 -0.050870 0.520938 -1.250771 17.160609 328.763196 -359.107279
