-3.023459 -3.041134 9.359098 -3.023459 -3.041134 9.359098 -0.196270 0.311990 1.015916 -369.898929 -223.952078 -556.781481
-3.207803 -2.894252 9.868427 -3.207803 -2.894252 9.868427 -0.418209 0.177619 0.681847 -369.898929 -223.952078 -556.781481
-3.522802 -2.823559 10.176509 -3.522802 -2.823559 10.176509 -0.627611 0.065413 0.343753 -328.106241 -150.066531 -570.199516
-3.953386 -2.803204 10.282195 -3.953386 -2.803204 10.282195 -0.799265 0.015966 0.011981 -244.074182 -14.756628 -535.704824
-4.467916 -2.789277 10.198376 -4.467916 -2.789277 10.198376 -0.900896 0.042133 -0.282345 -94.694723 101.980425 -445.381802
-5.014505 -2.740721 9.955898 -5.014505 -2.740721 9.955898 -0.902748 0.127921 -0.514083 88.521290 183.978577 -327.080383
-5.529626 -2.627281 9.596628 -5.529626 -2.627281 9.596628 -0.796668 0.256164 -0.670060 265.077691 243.499245 -192.842426
-5.948804 -2.429622 9.167764 -5.948804 -2.429622 9.167764 -0.582076 0.402914 -0.746346 450.229600 245.666042 -61.442497
-6.208230 -2.146582 8.716018 -6.208230 -2.146582 8.716018 -0.268049 0.535672 -0.747607 596.526268 196.861579 57.237106
-6.255924 -1.794123 8.282333 -6.255924 -1.794123 8.282333 0.118670 0.631896 -0.690381 692.537778 123.885977 133.517742
-6.057329 -1.398094 7.893388 -6.057329 -1.398094 7.893388 0.547873 0.679184 -0.604019 738.138131 33.740967 154.356792
-5.598689 -0.991937 7.558858 -5.598689 -0.991937 7.558858 0.976016 0.662296 -0.510923 689.003614 -90.037061 155.963297
-4.896581 -0.616060 7.278052 -4.896581 -0.616060 7.278052 1.351806 0.581802 -0.428972 563.631219 -178.274260 117.205487
-3.994428 -0.302887 7.038225 -3.994428 -0.302887 7.038225 1.638062 0.455743 -0.376355 390.556522 -241.924784 58.184589
-2.953549 -0.075124 6.819160 -2.953549 -0.075124 6.819160 1.811103 0.299907 -0.360067 186.245780 -277.525621 -3.893165
-1.847806 0.055805 6.599549 -1.847806 0.055805 6.599549 1.850637 0.138087 -0.376752 -54.464735 -261.876207 -51.722725
-0.761298 0.095744 6.362254 -0.761298 0.095744 6.362254 1.747605 0.002086 -0.417454 -288.976084 -191.460580 -83.950334
0.224385 0.069420 6.096780 0.224385 0.069420 6.096780 1.519898 -0.078354 -0.467279 -470.049132 -76.670871 -82.134112
1.042739 0.016143 5.804218 1.042739 0.016143 5.804218 1.192990 -0.086677 -0.503611 -619.642514 48.927240 -38.970456
1.642928 -0.018971 5.499237 1.642928 -0.018971 5.499237 0.800859 -0.016893 -0.505990 -687.461051 183.684032 31.039976
2.000330 0.012546 5.206380 2.000330 0.012546 5.206380 0.391528 0.136266 -0.461619 -676.974684 326.846959 116.863433
2.118746 0.158296 4.956638 2.118746 0.158296 4.956638 0.012118 0.358164 -0.360530 -587.726527 412.814630 220.100388
2.028496 0.449772 4.785272 2.028496 0.449772 4.785272 -0.299171 0.617208 -0.201803 -449.903614 450.665386 308.989771
1.779016 0.901474 4.722994 1.779016 0.901474 4.722994 -0.514084 0.888891 -0.000479 -266.474119 454.943726 362.088730
1.436220 1.511857 4.788972 1.436220 1.511857 4.788972 -0.605869 1.137649 0.222223 -39.475585 374.248735 380.251609
1.077660 2.254428 4.989089 1.077660 2.254428 4.989089 -0.569218 1.325283 0.442062 161.647609 251.198641 352.546447
0.776199 3.085831 5.312544 0.776199 3.085831 5.312544 -0.417365 1.431089 0.627388 344.528691 101.488951 265.207520
0.596086 3.951263 5.728635 0.596086 3.951263 5.728635 -0.169195 1.434532 0.746116 482.704565 -90.013341 130.550216
0.585532 4.785008 6.189711 0.585532 4.785008 6.189711 0.140812 1.326668 0.773979 550.651373 -269.534982 -37.671549
0.770344 5.523352 6.636601 0.770344 5.523352 6.636601 0.477238 1.119244 0.697793 570.770722 -421.876094 -216.283749
1.157460 6.112845 7.005950 1.157460 6.112845 7.005950 0.809871 0.835538 0.516046 538.003736 -523.812532 -389.537390
1.734220 6.516264 7.236173 1.734220 6.516264 7.236173 1.102658 0.503165 0.235886 437.954381 -584.094965 -544.331998
2.467919 6.714778 7.274228 2.467919 6.714778 7.274228 1.331790 0.161469 -0.118199 325.818804 -554.894342 -635.948834
3.317228 6.716826 7.087279 3.317228 6.716826 7.087279 1.485220 -0.146232 -0.507561 185.615397 -470.774896 -661.927099
4.233935 6.551999 6.666061 4.233935 6.551999 6.666061 1.557410 -0.390438 -0.892389 55.017435 -343.244213 -620.832929
5.173311 6.266484 6.024994 5.173311 6.266484 6.024994 1.565555 -0.543726 -1.234308 -27.867775 -167.716740 -518.896586
6.103187 5.921629 5.201340 6.103187 5.921629 5.201340 1.526629 -0.586505 -1.493984 -101.886095 25.120498 -346.690584
6.998552 5.585306 4.256072 6.998552 5.585306 4.256072 1.454133 -0.516141 -1.634367 -139.768368 209.424668 -121.250918
7.847129 5.322923 3.267466 7.847129 5.322923 3.267466 1.376547 -0.342457 -1.637917 -118.852394 369.521981 109.417905
8.654096 5.190467 2.318114 8.654096 5.190467 2.318114 1.317400 -0.088226 -1.503756 -78.301086 477.915511 337.784866
9.434316 5.225218 1.489319 9.434316 5.225218 1.489319 1.289788 0.206837 -1.237797 -13.740798 505.629998 548.743624
10.209024 5.439157 0.853923 10.209024 5.439157 0.853923 1.298089 0.504327 -0.866006 41.410936 486.002092 690.559386
10.998498 5.825368 0.462311 10.998498 5.825368 0.462311 1.338767 0.776604 -0.433217 94.182556 421.587349 752.071623
11.819638 6.359277 0.338440 11.819638 6.359277 0.338440 1.399913 0.989860 0.021460 109.637916 289.264924 763.520308
12.679202 6.995970 0.484245 12.679202 6.995970 0.484245 1.465103 1.116965 0.457046 107.663063 134.419469 688.431688
13.574512 7.680655 0.873154 13.574512 7.680655 0.873154 1.514043 1.149168 0.823926 55.467480 -27.074906 534.502246
14.486839 8.355691 1.451593 14.486839 8.355691 1.451593 1.516908 1.084970 1.083989 -45.916640 -186.919221 332.372511
15.384805 8.966712 2.151010 15.384805 8.966712 2.151010 1.469789 0.941240 1.229395 -111.146189 -292.181569 152.316220
16.246672 9.478863 2.916064 16.246672 9.478863 2.916064 1.403101 0.765931 1.320785 -111.146189 -292.181569 152.316220
