3.184978 -3.559269 0.441334 3.184978 -3.559269 0.441334 0.667571 0.811194 -0.758789 570.263972 -466.589257 -545.051414
3.688168 -3.156538 -0.112048 3.688168 -3.156538 -0.112048 1.009729 0.531241 -1.085820 570.263972 -466.589257 -545.051414
4.387155 -2.923847 -0.851652 4.387155 -2.923847 -0.851652 1.304399 0.240952 -1.362861 411.969176 -501.041271 -378.418501
5.230161 -2.867551 -1.724163 5.230161 -2.867551 -1.724163 1.482638 -0.050112 -1.523312 182.161467 -469.172344 -156.418924
6.138783 -2.976948 -2.652550 6.138783 -2.976948 -2.652550 1.523189 -0.306008 -1.548386 -46.992622 -383.812621 72.840457
7.030299 -3.221676 -3.556560 7.030299 -3.221676 -3.556560 1.425295 -0.496479 -1.445128 -279.320796 -251.091242 271.350401
7.823621 -3.554715 -4.365030 7.823621 -3.554715 -4.365030 1.199820 -0.596908 -1.233497 -472.263275 -83.673318 434.088139
8.449352 -3.918416 -5.020261 8.449352 -3.918416 -5.020261 0.870695 -0.599589 -0.939390 -624.819088 74.738755 546.266296
8.854193 -4.256175 -5.482217 8.854193 -4.256175 -5.482217 0.470259 -0.512041 -0.594878 -709.969549 217.088829 602.107209
9.008089 -4.518082 -5.732056 9.008089 -4.518082 -5.732056 0.041952 -0.350576 -0.240068 -717.720235 321.124641 580.593201
8.907620 -4.667323 -5.775915 8.907620 -4.667323 -5.775915 -0.370929 -0.141392 0.086660 -658.547981 376.156604 508.499595
8.574188 -4.684076 -5.639055 8.574188 -4.684076 -5.639055 -0.727737 0.086175 0.358433 -530.813350 382.401056 397.411014
8.053221 -4.565733 -5.361756 8.053221 -4.565733 -5.361756 -0.990119 0.304643 0.550408 -343.793584 345.823668 242.507591
7.408864 -4.326466 -4.996384 7.408864 -4.326466 -4.996384 -1.138409 0.483304 0.653287 -150.506203 249.714559 100.419828
6.710401 -3.998615 -4.593511 6.710401 -3.998615 -4.593511 -1.170343 0.597732 0.677669 44.060822 131.710973 -19.145399
6.027271 -3.622885 -4.196115 6.027271 -3.622885 -4.196115 -1.088181 0.643671 0.637386 229.811474 21.420879 -115.129310
5.423794 -3.238714 -3.838182 5.423794 -3.238714 -3.838182 -0.909967 0.627087 0.549429 364.235759 -76.702406 -178.063574
4.947699 -2.881774 -3.541418 4.947699 -2.881774 -3.541418 -0.669811 0.553539 0.438384 436.284764 -168.458027 -192.085154
4.625857 -2.582468 -3.310836 4.625857 -2.582468 -3.310836 -0.400476 0.439990 0.333767 461.499455 -210.038821 -156.637304
4.467795 -2.355561 -3.136084 4.467795 -2.355561 -3.136084 -0.127810 0.317566 0.253213 447.386063 -198.039891 -111.876758
4.466903 -2.197781 -3.000109 4.466903 -2.197781 -3.000109 0.116945 0.213177 0.207013 368.462385 -149.923636 -42.124888
4.596800 -2.091594 -2.879628 4.596800 -2.091594 -2.879628 0.305060 0.149559 0.201018 258.588174 -62.136699 22.144590
4.820088 -2.007230 -2.751434 4.820088 -2.007230 -2.751434 0.428744 0.141345 0.232288 153.691352 34.755395 82.088315
5.098874 -1.909929 -2.596516 5.098874 -1.909929 -2.596516 0.490332 0.193391 0.285390 51.604354 138.732581 94.918044
5.397541 -1.763021 -2.409248 5.397541 -1.763021 -2.409248 0.497192 0.306139 0.337084 -28.738189 237.093489 77.393916
5.687582 -1.533670 -2.195284 5.687582 -1.533670 -2.195284 0.464441 0.463347 0.372435 -80.433219 286.933527 40.443303
5.951059 -1.202763 -1.968515 5.951059 -1.202763 -1.968515 0.412634 0.641762 0.376839 -92.255665 307.783579 -25.764811
6.183775 -0.764444 -1.752499 6.183775 -0.764444 -1.752499 0.365989 0.815735 0.334135 -63.227691 272.127842 -116.580929
6.394912 -0.231234 -1.578253 6.394912 -0.231234 -1.578253 0.342675 0.952940 0.237936 -14.487270 185.220759 -204.080917
6.601216 0.367108 -1.476199 6.601216 0.367108 -1.476199 0.350517 1.030264 0.095621 40.629918 72.527526 -270.304253
6.822837 0.989731 -1.469721 6.822837 0.989731 -1.469721 0.394882 1.030829 -0.077762 107.252444 -70.645973 -307.639771
7.081403 1.587232 -1.570226 7.081403 1.587232 -1.570226 0.470890 0.947039 -0.254707 146.108016 -208.652231 -282.174603
7.390938 2.110259 -1.770311 7.390938 2.110259 -1.770311 0.562060 0.783656 -0.406358 157.791031 -335.959736 -223.327876
7.755369 2.515002 -2.048801 7.755369 2.515002 -2.048801 0.650699 0.557187 -0.512740 137.672716 -418.937997 -131.279104
8.167049 2.771507 -2.370578 8.167049 2.771507 -2.370578 0.715698 0.293835 -0.544019 78.990476 -458.902123 27.013549
8.604303 2.866749 -2.681144 8.604303 2.866749 -2.681144 0.731178 0.026215 -0.472898 -27.390843 -433.163882 210.058810
9.031400 2.809458 -2.916973 9.031400 2.809458 -2.916973 0.681344 -0.208936 -0.296365 -138.722785 -350.671188 378.384560
9.408894 2.629864 -3.017741 9.408894 2.629864 -3.017741 0.566401 -0.374898 -0.024627 -244.420778 -202.536549 527.407528
9.699193 2.377026 -2.931254 9.699193 2.377026 -2.931254 0.392020 -0.453631 0.323466 -336.847422 -59.904962 632.901176
9.873773 2.094065 -2.623252 9.873773 2.094065 -2.623252 0.189912 -0.489574 0.703206 -336.847422 -59.904962 632.901176
