-10.620737 -4.420648 -6.264396 -10.620737 -4.420648 -6.264396 1.457120 -0.894737 1.143351 494.852458 227.067927 -654.785266
-9.657391 -4.916618 -5.696247 -9.657391 -4.916618 -5.696247 1.754032 -0.758496 0.750480 494.852458 227.067927 -654.785266
-8.521742 -5.323493 -5.364819 -8.521742 -5.323493 -5.364819 2.021730 -0.585504 0.352617 397.476775 349.572292 -671.425050
-7.245721 -5.604451 -5.268135 -7.245721 -5.604451 -5.268135 2.217400 -0.338651 -0.020388 254.756853 473.272863 -571.926510
-5.882057 -5.718274 -5.374541 -5.882057 -5.718274 -5.374541 2.307089 -0.033800 -0.319675 44.205819 542.897568 -425.694889
-4.501495 -5.641073 -5.632509 -4.501495 -5.641073 -5.632509 2.275370 0.290736 -0.522784 -149.937444 538.886894 -251.336379
-3.176182 -5.373318 -5.979431 -3.176182 -5.373318 -5.979431 2.120808 0.595639 -0.613637 -365.268497 477.456320 -51.505126
-1.979642 -4.936391 -6.345588 -1.979642 -4.936391 -6.345588 1.850667 0.850123 -0.588063 -535.200770 370.825101 136.750723
-0.972486 -4.369683 -6.662561 -0.972486 -4.369683 -6.662561 1.495005 1.022045 -0.449762 -650.338820 202.246353 324.252955
-0.195547 -3.731600 -6.867217 -0.195547 -3.731600 -6.867217 1.089787 1.085653 -0.221034 -700.390082 9.782382 438.173768
0.334766 -3.089880 -6.917978 0.334766 -3.089880 -6.917978 0.682108 1.034356 0.056811 -658.537972 -180.773865 487.974397
0.631387 -2.511232 -6.795440 0.631387 -2.511232 -6.795440 0.316449 0.878763 0.352676 -560.326519 -337.868358 498.243241
0.729593 -2.052972 -6.495899 0.729593 -2.052972 -6.495899 0.026231 0.635133 0.642883 -407.067927 -474.233432 469.114872
0.685549 -1.761452 -6.031902 0.685549 -1.761452 -6.031902 -0.150562 0.329609 0.893484 -182.241668 -544.178011 366.222030
0.576617 -1.661529 -5.436611 0.576617 -1.661529 -5.436611 -0.188865 0.003645 1.079620 54.566428 -542.367774 254.228918
0.486330 -1.752746 -4.749697 0.486330 -1.752746 -4.749697 -0.090075 -0.300662 1.199062 274.733153 -471.989212 143.911957
0.493960 -2.010760 -4.010314 0.493960 -2.010760 -4.010314 0.135883 -0.547152 1.255616 478.458744 -349.645859 44.602966
0.671210 -2.392972 -3.254376 0.671210 -2.392972 -3.254376 0.470944 -0.711863 1.255079 638.414149 -199.388606 -46.393389
1.072313 -2.845000 -2.512331 1.072313 -2.845000 -2.512331 0.872104 -0.776598 1.213983 698.784102 -16.396781 -90.594418
1.721314 -3.301742 -1.799694 1.721314 -3.301742 -1.799694 1.291162 -0.725594 1.162398 698.077229 186.410093 -81.353987
2.619081 -3.695801 -1.116276 2.619081 -3.695801 -1.116276 1.697086 -0.575026 1.116701 655.001026 315.485516 -70.971888
3.755232 -3.984029 -0.459030 3.755232 -3.984029 -0.459030 2.090086 -0.385734 1.074117 655.001026 315.485516 -70.971888
