5.973264 -1.890980 -0.561971 5.973264 -1.890980 -0.561971 0.168185 0.046953 0.696123 -86.159906 -451.787557 163.159005
6.058666 -1.944130 -0.114928 6.058666 -1.944130 -0.114928 0.116489 -0.224119 0.794019 -86.159906 -451.787557 163.159005
6.116760 -2.152402 0.381668 6.116760 -2.152402 0.381668 0.083339 -0.457586 0.845994 -24.339602 -326.432905 10.089876
6.165778 -2.475125 0.880075 6.165778 -2.475125 0.880075 0.085714 -0.600512 0.797023 32.254939 -149.987362 -173.325936
6.223342 -2.850351 1.318643 6.223342 -2.850351 1.318643 0.106714 -0.630112 0.650791 37.744321 51.319596 -314.111643
6.291807 -3.208390 1.647211 6.291807 -3.208390 1.647211 0.117575 -0.545366 0.435488 -1.540631 231.168205 -403.564955
6.358925 -3.483916 1.834256 6.358925 -3.483916 1.834256 0.100905 -0.356252 0.185321 -54.023669 399.210951 -430.325701
6.405663 -3.619071 1.869804 6.405663 -3.619071 1.869804 0.048085 -0.083037 -0.063807 -122.043521 511.506715 -400.101364
6.407659 -3.574148 1.763459 6.407659 -3.574148 1.763459 -0.049574 0.237239 -0.284081 -203.487869 556.078197 -334.145450
6.337318 -3.332106 1.538302 6.337318 -3.332106 1.538302 -0.191510 0.568908 -0.457378 -269.631298 549.486057 -243.511800
6.171379 -2.895703 1.227093 6.171379 -2.895703 1.227093 -0.365786 0.879352 -0.568238 -311.288894 485.325041 -126.022038
5.896216 -2.288066 0.869935 5.896216 -2.288066 0.869935 -0.550857 1.133887 -0.611506 -305.615947 363.127860 -18.204703
5.513325 -1.553046 0.504175 5.513325 -1.553046 0.504175 -0.721056 1.298382 -0.600326 -261.712559 185.188708 55.471846
5.039302 -0.750639 0.156290 5.039302 -0.750639 0.156290 -0.849487 1.359718 -0.555414 -166.390759 19.262190 94.235247
4.507605 0.058504 -0.159012 4.507605 0.058504 -0.159012 -0.909595 1.320498 -0.493954 -33.969339 -149.993263 110.631978
3.965723 0.815921 -0.436519 3.965723 0.815921 -0.436519 -0.880032 1.191086 -0.432814 132.511472 -281.381796 93.167270
3.471553 1.474328 -0.682462 3.471553 1.474328 -0.682462 -0.750536 0.994279 -0.392041 299.142435 -374.640015 42.743467
3.084602 2.000909 -0.913518 3.084602 2.000909 -0.913518 -0.523427 0.756738 -0.384018 457.887774 -417.164406 -16.002166
2.860286 2.381644 -1.150138 2.860286 2.381644 -1.150138 -0.212089 0.515351 -0.410263 579.906241 -387.458959 -71.478874
2.841072 2.624662 -1.411527 2.841072 2.624662 -1.411527 0.154136 0.300622 -0.464974 640.842418 -328.302644 -110.892666
3.049146 2.752186 -1.710906 3.049146 2.752186 -1.710906 0.539843 0.134869 -0.533682 644.847250 -224.207542 -118.134327
3.484813 2.801099 -2.050453 3.484813 2.801099 -2.050453 0.905200 0.042084 -0.594929 573.010169 -85.075709 -86.020506
4.122925 2.818671 -2.419277 4.122925 2.818671 -2.419277 1.208258 0.029214 -0.628459 437.182922 42.174952 -25.746840
4.916061 2.849320 -2.795107 4.916061 2.849320 -2.795107 1.418007 0.082168 -0.614508 261.981879 134.337400 72.249786
5.800784 2.927607 -3.143231 5.800784 2.927607 -3.143231 1.509008 0.186798 -0.533277 41.355686 214.428517 198.521961
6.699302 3.080899 -3.419953 6.699302 3.080899 -3.419953 1.462166 0.328535 -0.376612 -197.497130 258.029504 323.693399
7.528325 3.322721 -3.580871 7.528325 3.322721 -3.580871 1.280030 0.474629 -0.148477 -409.621401 228.949921 436.756066
8.212921 3.644729 -3.587140 8.212921 3.644729 -3.587140 0.985807 0.592099 0.134583 -571.124350 162.618065 506.778755
8.694582 4.024642 -3.413326 8.694582 4.024642 -3.413326 0.608028 0.666582 0.447871 -688.137079 85.656265 537.514041
8.933732 4.433641 -3.049488 8.933732 4.433641 -3.049488 0.186134 0.686133 0.762194 -718.177964 -20.485571 510.230215
8.918607 4.835462 -2.505838 8.918607 4.835462 -2.505838 -0.232435 0.642985 1.040790 -677.052145 -123.339275 418.420823
8.664300 5.194172 -1.814761 8.664300 5.194172 -1.814761 -0.603549 0.544581 1.248278 -559.994886 -204.676777 273.205781
8.213729 5.480763 -1.028569 8.213729 5.480763 -1.028569 -0.877759 0.405198 1.352446 -354.036438 -259.931933 74.022730
7.633468 5.676710 -0.213386 7.633468 5.676710 -0.213386 -1.039578 0.247317 1.348815 -185.360908 -266.336513 -86.128522
6.976356 5.777159 0.580400 6.976356 5.777159 0.580400 -1.150795 0.087515 1.297137 -185.360908 -266.336513 -86.128522
