10.331043 -3.528443 1.498459 10.331043 -3.528443 1.498459 1.618431 0.814173 0.039400 58.896371 112.134413 696.527141
11.312703 -3.019754 1.647474 11.312703 -3.019754 1.647474 1.653769 0.881454 0.457317 58.896371 112.134413 696.527141
12.306808 -2.480616 2.047272 12.306808 -2.480616 2.047272 1.645317 0.899142 0.875400 -87.066826 -53.174912 697.084003
13.267391 -1.961931 2.696108 13.267391 -1.961931 2.696108 1.538400 0.811096 1.284255 -269.323460 -240.312339 665.767531
14.132439 -1.527950 3.579459 14.132439 -1.527950 3.579459 1.329238 0.619805 1.648512 -427.883950 -397.323303 548.422778
14.844064 -1.233233 4.655829 14.844064 -1.233233 4.655829 1.028013 0.353173 1.920302 -576.198323 -491.449951 357.543719
15.351445 -1.112461 5.860059 15.351445 -1.112461 5.860059 0.653739 0.044951 2.073278 -671.383658 -535.955864 152.376551
15.621556 -1.180295 7.118605 15.621556 -1.180295 7.118605 0.244491 -0.268285 2.100462 -692.776836 -508.166067 -61.764319
15.645611 -1.426723 8.356818 15.645611 -1.426723 8.356818 -0.160872 -0.543123 2.008668 -658.432731 -407.958965 -244.216023
15.436985 -1.818201 9.507345 15.436985 -1.818201 9.507345 -0.523858 -0.748755 1.808563 -551.518346 -277.481123 -422.799810
15.033021 -2.307448 10.510272 15.033021 -2.307448 10.510272 -0.806648 -0.865483 1.524352 -391.115506 -111.612410 -524.572324
14.492049 -2.836544 11.329034 14.492049 -2.836544 11.329034 -0.974233 -0.881032 1.202478 -167.502195 59.781223 -548.341112
13.891485 -3.345534 11.951771 13.891485 -3.345534 11.951771 -1.004099 -0.800817 0.873232 67.949056 207.604156 -549.144547
13.314060 -3.780963 12.381556 13.314060 -3.780963 12.381556 -0.899313 -0.637795 0.567205 281.338208 335.801703 -470.945922
12.838124 -4.099561 12.644064 12.838124 -4.099561 12.644064 -0.665460 -0.418139 0.319412 498.172162 396.384212 -355.029524
12.536053 -4.277363 12.778412 12.536053 -4.277363 12.778412 -0.328884 -0.171646 0.139428 623.746116 425.259540 -244.918948
12.450997 -4.303803 12.817984 12.450997 -4.303803 12.817984 0.045364 0.083510 -0.007524 623.746116 425.259540 -244.918948
