6.046580 -4.179515 6.915791 6.046580 -4.179515 6.915791 0.218163 -0.895524 0.211591 86.775314 -10.115599 83.063238
6.193098 -4.718650 7.057697 6.193098 -4.718650 7.057697 0.270229 -0.901593 0.261429 86.775314 -10.115599 83.063238
6.367588 -5.252342 7.227741 6.367588 -5.252342 7.227741 0.305961 -0.862241 0.302446 32.334020 141.286887 53.660620
6.552213 -5.732697 7.413949 6.552213 -5.732697 7.413949 0.301499 -0.719679 0.310047 -47.209650 333.922705 -28.323123
6.723242 -6.095336 7.589233 6.723242 -6.095336 7.589233 0.266314 -0.474016 0.264826 -70.074066 484.953012 -122.413499
6.869086 -6.287324 7.719677 6.869086 -6.287324 7.719677 0.217615 -0.157392 0.159289 -92.253104 570.458854 -229.378407
6.986517 -6.278086 7.766903 6.986517 -6.278086 7.766903 0.179601 0.189838 -0.013632 -34.461880 586.975077 -347.024858
7.091209 -6.060439 7.691537 7.091209 -6.060439 7.691537 0.174593 0.532468 -0.245459 17.767459 555.125498 -425.730026
7.203447 -5.647520 7.463281 7.203447 -5.647520 7.463281 0.206677 0.833121 -0.522640 89.179872 447.050845 -498.208569
7.347646 -5.077140 7.062122 7.347646 -5.077140 7.062122 0.280888 1.051544 -0.811054 158.189480 281.027319 -463.171270
7.546834 -4.404170 6.496364 7.546834 -4.404170 6.496364 0.386707 1.177453 -1.067730 194.542882 138.669266 -392.412963
7.813876 -3.672737 5.785092 7.813876 -3.672737 5.785092 0.503433 1.260655 -1.303177 194.542882 138.669266 -392.412963
