-6.101699 4.976835 -9.464695 -6.101699 4.976835 -9.464695 0.400081 -0.195841 -0.786540 -660.074194 100.508519 290.283211
-5.980464 4.877422 -9.884367 -5.980464 4.877422 -9.884367 0.004037 -0.135535 -0.612370 -660.074194 100.508519 290.283211
-6.090421 4.817501 -10.189345 -6.090421 4.817501 -10.189345 -0.359835 -0.058685 -0.387233 -552.831761 155.659071 460.172354
-6.395369 4.813598 -10.328625 -6.395369 4.813598 -10.328625 -0.639221 0.051157 -0.059988 -378.453448 210.482801 630.645973
-6.835427 4.882517 -10.245323 -6.835427 4.882517 -10.245323 -0.808314 0.179134 0.347294 -185.189857 216.104169 726.960518
-7.339719 5.025518 -9.904402 -7.339719 5.025518 -9.904402 -0.849274 0.291906 0.791926 48.656845 159.803998 755.143218
-7.825183 5.225313 -9.295471 -7.825183 5.225313 -9.295471 -0.743368 0.367225 1.234262 304.361862 91.258307 719.311726
-8.204661 5.454409 -8.432344 -8.204661 5.454409 -8.432344 -0.501965 0.383653 1.631319 500.315885 -36.498523 604.213022
-8.407913 5.671339 -7.356179 -8.407913 5.671339 -7.356179 -0.162423 0.328295 1.936919 631.490013 -148.027114 414.452754
-8.385554 5.834098 -6.133097 -8.385554 5.834098 -6.133097 0.247191 0.201612 2.117239 733.890492 -274.247877 186.613435
-8.104103 5.899887 -4.843119 -8.104103 5.899887 -4.843119 0.692707 0.007996 2.159427 751.163419 -371.140290 -45.987735
-7.557887 5.836181 -3.569487 -7.557887 5.836181 -3.569487 1.120316 -0.223179 2.063101 674.200244 -399.442765 -275.099390
-6.772637 5.630341 -2.393220 -6.772637 5.630341 -2.393220 1.483357 -0.463013 1.837664 535.933331 -400.005407 -476.356952
-5.794681 5.283675 -1.383490 -5.794681 5.283675 -1.383490 1.762287 -0.687298 1.516228 393.833854 -347.608267 -595.094434
-4.666419 4.808727 -0.580871 -4.666419 4.808727 -0.580871 1.998587 -0.895862 1.159172 393.833854 -347.608267 -595.094434
