10.632674 -0.182417 3.813542 10.632674 -0.182417 3.813542 -0.240087 0.406089 2.191388 -613.451471 245.042628 134.134770
10.378200 0.105344 5.152519 10.378200 0.105344 5.152519 -0.608158 0.553114 2.271869 -613.451471 245.042628 134.134770
9.912089 0.477932 6.528258 9.912089 0.477932 6.528258 -0.930206 0.683198 2.294713 -460.041342 188.569908 -57.986857
9.285012 0.914400 7.879418 9.285012 0.914400 7.879418 -1.136962 0.759371 2.183770 -229.145852 65.341328 -311.822690
8.574834 1.374507 9.120649 8.574834 1.374507 9.120649 -1.208221 0.762191 1.932164 -8.384815 -55.943452 -526.862980
7.861057 1.816988 10.176837 7.861057 1.816988 10.176837 -1.149929 0.704808 1.574670 202.690721 -135.332204 -664.785766
7.217964 2.211507 10.996773 7.217964 2.211507 10.996773 -0.976412 0.603579 1.149775 375.701169 -202.099407 -751.531533
6.707370 2.534590 11.551188 6.707370 2.534590 11.551188 -0.712858 0.468890 0.697984 502.810216 -246.861619 -754.436782
6.374002 2.773850 11.839122 6.374002 2.773850 11.839122 -0.391968 0.332573 0.270033 566.825388 -207.528467 -672.065779
6.239772 2.939978 11.887694 6.239772 2.939978 11.887694 -0.057263 0.227756 -0.095583 548.857805 -141.862474 -546.654943
6.300222 3.056140 11.742178 6.300222 3.056140 11.742178 0.252118 0.167857 -0.372422 482.412244 -57.798923 -376.140657
6.531313 3.153350 11.463342 6.531313 3.153350 11.463342 0.506497 0.167675 -0.536494 365.516283 57.191018 -170.768912
6.893134 3.270936 11.123314 6.893134 3.270936 11.123314 0.686453 0.235421 -0.575921 234.335916 168.629503 39.348625
7.338473 3.448014 10.795316 7.338473 3.448014 10.795316 0.783492 0.363956 -0.499951 89.129681 259.820381 213.884562
7.816339 3.715608 10.541357 7.816339 3.715608 10.541357 0.795606 0.532111 -0.334063 -48.749647 300.695429 339.075565
8.277830 4.089520 10.407336 8.277830 4.089520 10.407336 0.730867 0.715133 -0.103702 -167.048298 309.377156 428.791948
8.682778 4.571554 10.423908 8.682778 4.571554 10.423908 0.613117 0.887091 0.161630 -225.451605 263.816799 455.648912
9.008205 5.145207 10.599732 9.008205 5.145207 10.599732 0.468540 1.014939 0.419163 -256.473251 162.343200 402.794103
9.245188 5.775610 10.918186 9.245188 5.775610 10.918186 0.324778 1.073433 0.633106 -222.730637 32.637507 310.348454
9.403213 6.417779 11.349106 9.403213 6.417779 11.349106 0.207387 1.054184 0.795286 -168.572764 -96.801019 230.252730
9.497303 7.032865 11.867723 9.497303 7.032865 11.867723 0.106244 0.996103 0.933438 -168.572764 -96.801019 230.252730
