10.944362 -5.273256 -1.496475 10.944362 -5.273256 -1.496475 1.985553 0.718787 1.970798 -515.656932 151.188469 -406.282366
12.042875 -4.814770 -0.387127 12.042875 -4.814770 -0.387127 1.676159 0.809500 1.727029 -515.656932 151.188469 -406.282366
12.953142 -4.310983 0.573449 12.953142 -4.310983 0.573449 1.353712 0.854582 1.470704 -559.165080 -0.914613 -448.133599
13.663689 -3.808440 1.374683 13.663689 -3.808440 1.374683 1.013062 0.803820 1.199201 -576.334441 -168.293290 -456.875427
14.170609 -3.364620 2.016470 14.170609 -3.364620 2.016470 0.681377 0.661952 0.947597 -529.281641 -304.599363 -381.806914
14.490778 -3.026493 2.522260 14.490778 -3.026493 2.522260 0.396875 0.458107 0.748295 -419.060751 -374.885486 -282.531562
14.661056 -2.820329 2.926352 14.661056 -2.820329 2.926352 0.183358 0.227075 0.608631 -292.660991 -395.219521 -183.016135
14.726486 -2.753590 3.265062 14.726486 -2.753590 3.265062 0.048233 -0.001891 0.531192 -157.755790 -368.001676 -75.114019
14.734235 -2.816140 3.576168 14.734235 -2.816140 3.576168 -0.010399 -0.198564 0.515683 -37.684141 -287.575466 23.416210
14.726839 -2.980289 3.894169 14.726839 -2.980289 3.894169 -0.004877 -0.337344 0.551615 56.090485 -175.024061 96.360412
14.737516 -3.206313 4.243414 14.737516 -3.206313 4.243414 0.046311 -0.402927 0.614085 114.537446 -43.586852 111.871659
14.786982 -3.447941 4.630985 14.786982 -3.447941 4.630985 0.120347 -0.389208 0.676121 132.247172 89.318433 94.914519
14.882356 -3.659063 5.051515 14.882356 -3.659063 5.051515 0.196506 -0.303991 0.721935 121.616900 194.738739 57.797383
15.019070 -3.802695 5.491916 15.019070 -3.802695 5.491916 0.254071 -0.168600 0.740798 70.265092 256.564550 5.079676
15.180472 -3.856258 5.933355 15.180472 -3.856258 5.933355 0.277788 -0.007585 0.724075 8.791611 280.153160 -60.821416
15.345374 -3.811728 6.354093 15.345374 -3.811728 6.354093 0.266300 0.153775 0.673789 -47.085044 257.712332 -106.799622
15.493241 -3.677283 6.737108 15.493241 -3.677283 6.737108 0.220858 0.287359 0.599536 -104.386231 187.568784 -140.709351
15.605768 -3.476144 7.072221 15.605768 -3.476144 7.072221 0.152238 0.374705 0.518708 -124.348293 103.582638 -128.718581
15.676463 -3.239557 7.363172 15.676463 -3.239557 7.363172 0.086300 0.402451 0.455954 -95.443167 -11.096067 -80.461798
15.714265 -3.006039 7.627447 15.714265 -3.006039 7.627447 0.045046 0.366019 0.433605 -42.070641 -110.342603 5.966962
15.738218 -2.810617 7.894803 15.738218 -2.810617 7.894803 0.042292 0.278176 0.467778 32.891286 -182.466995 107.943944
15.774978 -2.678456 8.201341 15.774978 -2.678456 8.201341 0.089347 0.159192 0.564753 123.955817 -214.147613 215.304599
15.857287 -2.621683 8.585174 15.857287 -2.621683 8.585174 0.195664 0.029724 0.725067 230.434451 -217.411533 319.073801
16.020788 -2.640107 9.082682 16.020788 -2.640107 9.082682 0.357049 -0.086348 0.941686 307.518226 -169.494834 402.990520
16.292660 -2.716195 9.722139 16.292660 -2.716195 9.722139 0.553004 -0.156893 1.193013 345.662203 -65.657773 434.765355
16.687277 -2.815231 10.515354 16.687277 -2.815231 10.515354 0.763379 -0.161697 1.449622 355.589596 49.645399 420.599860
17.206139 -2.895808 11.456123 17.206139 -2.895808 11.456123 0.960874 -0.094384 1.678420 302.727229 174.733021 342.060317
17.830742 -2.914158 12.516560 17.830742 -2.914158 12.516560 1.110448 0.044596 1.842726 195.853449 288.533274 205.625068
18.524065 -2.830111 13.648538 18.524065 -2.830111 13.648538 1.186966 0.244482 1.912753 59.204032 377.751669 27.800213
19.235751 -2.611950 14.790171 19.235751 -2.611950 14.790171 1.166735 0.488516 1.874317 -126.639300 435.695353 -155.921319
19.901752 -2.241597 15.874243 19.901752 -2.241597 15.874243 1.034528 0.744028 1.718503 -314.051063 416.013516 -363.458215
20.456283 -1.724315 16.828799 20.456283 -1.724315 16.828799 0.797815 0.973547 1.444811 -474.991042 349.047172 -548.850104
20.841675 -1.083722 17.588949 20.841675 -1.083722 17.588949 0.473823 1.151161 1.075781 -604.984458 242.999013 -681.249565
21.012174 -0.359007 18.107484 21.012174 -0.359007 18.107484 0.086348 1.248351 0.645488 -686.596744 80.970535 -753.061334
20.939228 0.394200 18.359440 20.939228 0.394200 18.359440 -0.331449 1.245040 0.194723 -706.060214 -92.007084 -749.486621
20.618597 1.114338 18.347679 20.618597 1.114338 18.347679 -0.728439 1.138211 -0.223405 -617.241565 -264.092638 -644.273485
20.077919 1.742648 18.105048 20.077919 1.742648 18.105048 -1.061338 0.944358 -0.573061 -492.419787 -382.082450 -521.245539
19.352481 2.240488 17.667388 19.352481 2.240488 17.667388 -1.356790 0.715109 -0.885808 -492.419787 -382.082450 -521.245539
