2.965687 -3.458534 10.098042 2.965687 -3.458534 10.098042 1.782689 0.095348 1.364875 -524.637521 21.744650 -723.160183
3.940865 -3.397411 10.786798 3.940865 -3.397411 10.786798 1.467907 0.108395 0.930979 -524.637521 21.744650 -723.160183
4.731546 -3.333451 11.213275 4.731546 -3.333451 11.213275 1.174980 0.096490 0.487371 -451.784263 -61.426353 -755.535469
5.362193 -3.292718 11.371703 5.362193 -3.292718 11.371703 0.938811 0.029109 0.044061 -335.446049 -163.179397 -722.163804
5.872721 -3.307211 11.275274 5.872721 -3.307211 11.275274 0.775650 -0.081727 -0.353615 -208.424486 -206.272561 -603.421029
6.308808 -3.394356 10.965162 6.308808 -3.394356 10.965162 0.691665 -0.210390 -0.662306 -71.523676 -222.605049 -425.549098
6.718401 -3.558183 10.504335 6.718401 -3.558183 10.504335 0.686092 -0.331569 -0.851861 52.945483 -181.324565 -206.300323
7.144823 -3.785019 9.970738 7.144823 -3.785019 9.970738 0.744041 -0.416647 -0.902372 140.218503 -102.269263 37.929436
7.619006 -4.046665 9.448984 7.619006 -4.046665 9.448984 0.840770 -0.444254 -0.815407 182.209887 10.247555 251.954266
8.156413 -4.304116 9.016580 8.156413 -4.304116 9.016580 0.950831 -0.401820 -0.606791 184.662800 131.196848 443.432044
8.757634 -4.514326 8.741428 8.757634 -4.514326 8.741428 1.049042 -0.286769 -0.295209 142.706974 252.309212 595.172577
9.409276 -4.635017 8.675762 9.409276 -4.635017 8.675762 1.117314 -0.105610 0.083537 84.864363 351.553867 667.313831
10.091509 -4.631667 8.845142 10.091509 -4.631667 8.845142 1.151078 0.122500 0.479634 27.683420 408.812572 653.011553
10.783259 -4.483890 9.245597 10.783259 -4.483890 9.245597 1.148289 0.371244 0.847104 -36.980151 420.333437 571.889352
11.462701 -4.189074 9.848684 11.462701 -4.189074 9.848684 1.111722 0.605490 1.149655 -84.909075 360.487894 436.613265
12.113448 -3.766683 10.606773 12.113448 -3.766683 10.606773 1.055765 0.792828 1.360155 -101.613896 263.971716 265.053270
12.730874 -3.251503 11.458514 12.730874 -3.251503 11.458514 1.006083 0.911051 1.458876 -63.994925 130.104261 64.015500
13.326507 -2.691891 12.333997 13.326507 -2.691891 12.333997 0.985197 0.936925 1.440461 -5.623995 -43.856437 -125.397867
13.920898 -2.147935 13.165886 13.920898 -2.147935 13.165886 1.003249 0.859088 1.316140 65.796833 -215.600422 -289.005134
14.539879 -1.679651 13.895961 14.539879 -1.679651 13.895961 1.068665 0.687924 1.104795 152.257083 -354.949024 -415.478468
15.213680 -1.337110 14.480283 15.213680 -1.337110 14.480283 1.186000 0.443344 0.836666 238.859452 -460.316014 -478.284706
15.972192 -1.157443 14.895806 15.972192 -1.157443 14.895806 1.348900 0.149739 0.547765 304.138532 -518.367799 -484.720702
16.837955 -1.160280 15.139520 16.837955 -1.160280 15.139520 1.539776 -0.158151 0.268458 332.115663 -507.930656 -446.300378
17.820646 -1.341652 15.225245 17.820646 -1.341652 15.225245 1.734269 -0.438181 0.025602 316.193378 -425.504434 -363.219900
18.912596 -1.673810 15.181270 18.912596 -1.673810 15.181270 1.896355 -0.656775 -0.162118 224.095222 -303.141228 -262.512367
20.083441 -2.112532 15.043511 20.083441 -2.112532 15.043511 1.994286 -0.789118 -0.285805 102.341581 -138.003326 -149.778904
21.290077 -2.598518 14.851024 21.290077 -2.598518 14.851024 2.013906 -0.810291 -0.345888 -36.941714 67.426104 -50.498926
22.480250 -3.061307 14.638944 22.480250 -3.061307 14.638944 1.934133 -0.713592 -0.353475 -228.968990 254.905859 25.208321
23.588239 -3.434094 14.433737 23.588239 -3.434094 14.433737 1.740370 -0.513219 -0.326649 -416.908563 413.003501 64.213669
24.548538 -3.660842 14.249417 24.548538 -3.660842 14.249417 1.445833 -0.231207 -0.287564 -564.880589 527.036697 66.068270
25.308737 -3.701381 14.087109 25.308737 -3.701381 14.087109 1.078792 0.101612 -0.256231 -658.588627 582.358416 38.375633
25.834043 -3.536410 13.937287 25.834043 -3.536410 13.937287 0.666522 0.446921 -0.248159 -715.646180 568.673820 -11.469081
26.105785 -3.169838 13.782235 26.105785 -3.169838 13.782235 0.240359 0.768416 -0.275505 -704.897641 502.975015 -79.682883
26.129553 -2.626605 13.599226 26.129553 -2.626605 13.599226 -0.150407 1.028442 -0.340128 -597.653707 363.777766 -135.728980
25.941587 -1.953667 13.369470 25.941587 -1.953667 13.369470 -0.459720 1.198674 -0.427804 -433.389532 203.662381 -156.524441
25.599525 -1.208757 13.084532 25.599525 -1.208757 13.084532 -0.660853 1.266103 -0.522124 -237.053739 21.101075 -157.875869
25.174033 -0.455479 12.744617 25.174033 -0.455479 12.744617 -0.734638 1.227854 -0.607962 -8.895769 -148.597659 -128.249057
24.746048 0.246888 12.361874 24.746048 0.246888 12.361874 -0.667983 1.100708 -0.659316 231.077921 -275.221113 -42.929995
24.399355 0.850996 11.965151 24.399355 0.850996 11.965151 -0.466822 0.901689 -0.652108 439.460502 -388.177001 66.956309
24.207149 1.320354 11.592351 24.207149 1.320354 11.592351 -0.159223 0.659865 -0.579872 585.869553 -417.902848 173.829408
24.222916 1.642855 11.283011 24.222916 1.642855 11.283011 0.221517 0.418149 -0.439104 683.261200 -387.816951 295.396780
24.479578 1.826919 11.079138 24.479578 1.826919 11.079138 0.635298 0.200364 -0.229776 696.010584 -338.132778 402.364581
24.981722 1.892767 11.016886 24.981722 1.892767 11.016886 1.031322 0.029952 0.027581 624.067980 -229.907260 455.492833
25.705385 1.877959 11.116171 25.705385 1.877959 11.116171 1.368450 -0.064970 0.304613 499.692339 -86.497512 467.947212
26.605126 1.831217 11.380031 26.605126 1.831217 11.380031 1.611898 -0.077824 0.569693 311.802490 43.648515 415.652323
27.615623 1.799124 11.789616 27.615623 1.799124 11.789616 1.735149 -0.017908 0.783838 99.032827 156.072728 298.163933
28.661010 1.821667 12.303443 28.661010 1.821667 12.303443 1.726925 0.101706 0.912014 -126.447202 242.641092 129.087607
29.664434 1.927652 12.864657 29.664434 1.927652 12.864657 1.601206 0.253722 0.943313 -292.614088 264.078446 -24.757830
30.572487 2.127420 13.426188 30.572487 2.127420 13.426188 1.425638 0.412169 0.928458 -292.614088 264.078446 -24.757830
