-4.451654 3.884478 4.271345 -4.451654 3.884478 4.271345 0.503207 -0.369190 1.780507 112.290759 -39.110928 366.322734
-4.129517 3.655924 5.405587 -4.129517 3.655924 5.405587 0.570581 -0.392657 2.000301 112.290759 -39.110928 366.322734
-3.768837 3.420300 6.661036 -3.768837 3.420300 6.661036 0.628554 -0.381072 2.166746 80.951627 77.726563 188.495161
-3.383894 3.212976 7.979899 -3.383894 3.212976 7.979899 0.643318 -0.297791 2.204274 -31.736555 199.877021 -63.403416
-3.010298 3.074357 9.277137 -3.010298 3.074357 9.277137 0.590865 -0.157480 2.096665 -143.107304 267.828079 -295.290363
-2.688674 3.031140 10.469479 -2.688674 3.031140 10.469479 0.469322 0.018529 1.856966 -262.038271 318.865904 -503.707891
-2.459652 3.100653 11.483405 -2.459652 3.100653 11.483405 0.285076 0.214847 1.506810 -352.114072 335.528587 -663.477513
-2.356326 3.286213 12.262115 -2.356326 3.286213 12.262115 0.052114 0.397449 1.078973 -424.424752 273.144475 -762.647380
-2.402893 3.566859 12.771570 -2.402893 3.566859 12.771570 -0.209736 0.526387 0.618126 -448.410319 156.648662 -773.509805
-2.606070 3.903853 13.006876 -2.606070 3.903853 13.006876 -0.461888 0.585202 0.172328 -392.095542 39.400478 -712.482584
-2.953780 4.262066 12.982025 -2.953780 4.262066 12.982025 -0.697145 0.608842 -0.255162 -392.095542 39.400478 -712.482584
