-1.032005 3.324687 6.680679 -1.032005 3.324687 6.680679 1.241911 -0.608927 0.581034 -161.033698 228.324175 26.967691
-0.315845 3.000429 7.034153 -0.315845 3.000429 7.034153 1.145290 -0.471933 0.597215 -161.033698 228.324175 26.967691
0.347283 2.765527 7.398026 0.347283 2.765527 7.398026 1.073367 -0.299143 0.616843 -78.710780 347.641371 38.458579
0.982985 2.654211 7.773133 0.982985 2.654211 7.773133 1.055390 -0.062586 0.630315 18.786634 440.882926 6.450183
1.622828 2.697372 8.148894 1.622828 2.697372 8.148894 1.082800 0.208714 0.616237 72.580048 463.450224 -53.376829
2.286198 2.904144 8.504831 2.286198 2.904144 8.504831 1.129479 0.477395 0.563224 83.016886 432.152472 -123.332353
2.977974 3.263060 8.816606 2.977974 3.263060 8.816606 1.175016 0.710144 0.469425 68.773134 343.676070 -189.333212
3.693225 3.743533 9.063064 3.693225 3.743533 9.063064 1.205592 0.878978 0.350241 33.147510 219.104027 -207.946005
4.419218 4.301414 9.234863 4.419218 4.301414 9.234863 1.208833 0.965718 0.220896 -22.344156 70.031220 -223.203293
5.136064 4.884752 9.330538 5.136064 4.884752 9.330538 1.173267 0.964240 0.103546 -96.209278 -74.957025 -167.964859
5.819612 5.442324 9.366553 5.819612 5.442324 9.366553 1.100072 0.881868 0.023370 -147.773585 -199.618580 -99.287349
6.451424 5.930084 9.369530 6.451424 5.930084 9.369530 1.003246 0.734952 -0.002069 -174.980523 -290.099421 14.491010
7.023059 6.316158 9.379067 7.023059 6.316158 9.379067 0.904176 0.547494 0.047476 -155.253270 -334.761253 150.659598
7.540767 6.585180 9.442320 7.540767 6.585180 9.442320 0.826764 0.350551 0.176115 -102.787543 -321.717034 278.136105
8.022715 6.740640 9.605011 8.022715 6.740640 9.605011 0.787052 0.172713 0.377782 -29.585448 -271.074296 394.087213
8.496890 6.801530 9.906952 8.496890 6.801530 9.906952 0.805649 0.040342 0.635916 91.575025 -170.162587 466.358086
9.004882 6.801190 10.373541 9.004882 6.801190 10.373541 0.901189 -0.031337 0.921208 226.892642 -68.767063 484.617214
9.593081 6.776199 11.011857 9.593081 6.776199 11.011857 1.070550 -0.041652 1.203780 337.643532 34.383812 457.289829
10.301754 6.762676 11.811167 10.301754 6.762676 11.811167 1.300969 0.005375 1.451801 430.422088 122.373109 369.447116
11.163232 6.791810 12.738712 11.163232 6.791810 12.738712 1.576324 0.098206 1.623285 487.427652 187.061960 202.164400
12.196222 6.885336 13.737761 12.196222 6.885336 13.737761 1.866075 0.215101 1.688029 478.407719 202.589343 13.648870
13.398525 7.048933 14.739808 13.398525 7.048933 14.739808 2.135841 0.327006 1.630084 420.812396 170.427294 -206.798930
14.748704 7.271159 15.668535 14.748704 7.271159 15.668535 2.352973 0.405988 1.445504 302.960670 92.845732 -408.467923
16.204401 7.525365 16.451184 16.204401 7.525365 16.451184 2.481650 0.431200 1.144777 125.963653 -8.807709 -593.956347
17.703455 7.776553 17.022911 17.703455 7.776553 17.022911 2.494180 0.396183 0.747270 -84.199284 -107.913585 -731.063876
19.171471 7.988162 17.337951 19.171471 7.988162 17.337951 2.376979 0.298051 0.299980 -306.467671 -219.195356 -759.905260
20.532366 8.121437 17.381401 20.532366 8.121437 17.381401 2.142456 0.136033 -0.154736 -475.276589 -320.862488 -755.814104
21.732289 8.145302 17.152513 21.732289 8.145302 17.152513 1.857290 -0.056484 -0.608225 -475.276589 -320.862488 -755.814104
