-5.955767 3.330510 -2.493424 -5.955767 3.330510 -2.493424 -0.989967 -0.475095 -0.781267 255.257571 141.472366 373.754006
-6.503800 3.070918 -2.894909 -6.503800 3.070918 -2.894909 -0.836812 -0.390211 -0.557015 255.257571 141.472366 373.754006
-6.951846 2.864976 -3.157848 -6.951846 2.864976 -3.157848 -0.643179 -0.291727 -0.312792 390.185751 186.807943 440.321472
-7.257020 2.724243 -3.262039 -7.257020 2.724243 -3.262039 -0.356570 -0.176253 -0.027469 565.178131 198.107254 510.755799
-7.362567 2.653570 -3.185640 -7.362567 2.653570 -3.185640 0.015854 -0.060293 0.283708 676.234707 188.425936 526.500598
-7.228914 2.648564 -2.923939 -7.228914 2.648564 -2.923939 0.433686 0.039029 0.583136 716.540495 142.645755 471.593015
-6.841543 2.690287 -2.496491 -6.841543 2.690287 -2.496491 0.854522 0.087764 0.829488 686.245546 19.804102 349.580215
-6.211973 2.740034 -1.945559 -6.211973 2.740034 -1.945559 1.232933 0.067263 0.990809 575.125042 -88.138448 188.156703
-5.378938 2.759222 -1.329323 -5.378938 2.759222 -1.329323 1.526769 -0.012145 1.043113 404.327434 -176.556961 -13.810205
-4.402042 2.714635 -0.718520 -4.402042 2.714635 -0.718520 1.709643 -0.145676 0.971934 205.251459 -268.544215 -223.452514
-3.352821 2.576429 -0.186773 -3.352821 2.576429 -0.186773 1.765245 -0.319118 0.781903 -19.911191 -309.597423 -409.986707
-2.311511 2.329715 0.199175 -2.311511 2.329715 0.199175 1.682034 -0.502450 0.488929 -257.459343 -301.508173 -566.592563
-1.361157 1.976799 0.383506 -1.361157 1.976799 0.383506 1.464943 -0.669230 0.113776 -466.174880 -254.425690 -683.915856
-0.574723 1.534743 0.327031 -0.574723 1.534743 0.327031 1.142133 -0.795493 -0.304757 -609.860081 -166.451537 -711.194239
-0.003755 1.036294 0.019289 -0.003755 1.036294 0.019289 0.753536 -0.851322 -0.715839 -685.461217 -19.645802 -659.079741
0.324970 0.530073 -0.521867 0.324970 0.530073 -0.521867 0.342187 -0.822566 -1.076376 -685.704064 115.500652 -542.709273
0.410946 0.066725 -1.254483 0.410946 0.066725 -1.254483 -0.048780 -0.706258 -1.347519 -617.517786 272.191943 -361.100726
0.278733 -0.301354 -2.114954 0.278733 -0.301354 -2.114954 -0.378253 -0.509540 -1.498986 -480.727639 383.534674 -143.790402
-0.021554 -0.532924 -3.024320 -0.021554 -0.532924 -3.024320 -0.600711 -0.253827 -1.505724 -260.796940 468.843271 121.329954
-0.418794 -0.599324 -3.894288 -0.418794 -0.599324 -3.894288 -0.706536 0.034998 -1.374788 -91.954119 493.905204 315.122479
-0.859267 -0.489423 -4.662439 -0.859267 -0.489423 -4.662439 -0.761708 0.331341 -1.185715 -91.954119 493.905204 315.122479
