-4.143022 5.298956 9.112770 -4.143022 5.298956 9.112770 -0.100986 0.450297 1.483765 9.541096 -15.759370 -105.586073
-4.201896 5.566298 9.984024 -4.201896 5.566298 9.984024 -0.095261 0.440842 1.420413 9.541096 -15.759370 -105.586073
-4.254283 5.821766 10.806916 -4.254283 5.821766 10.806916 -0.074274 0.400383 1.305313 60.416197 -119.102053 -278.080824
-4.285865 6.033591 11.527533 -4.285865 6.033591 11.527533 -0.027489 0.294089 1.075881 95.532299 -235.211129 -486.691963
-4.285065 6.162883 12.076764 -4.285065 6.162883 12.076764 0.030322 0.128848 0.740399 97.172229 -315.593186 -631.582788
-4.251119 6.180528 12.401389 -4.251119 6.180528 12.401389 0.079931 -0.074797 0.331802 68.190947 -363.222943 -730.406939
-4.195519 6.070894 12.466251 -4.195519 6.070894 12.466251 0.097681 -0.289606 -0.120171 -9.022699 -352.808254 -776.170617
-4.142164 5.837662 12.257617 -4.142164 5.837662 12.257617 0.074120 -0.481107 -0.569974 -69.513660 -285.527697 -723.170401
-4.112142 5.503514 11.793634 -4.112142 5.503514 11.793634 0.022725 -0.622870 -0.963016 -101.804203 -187.015478 -586.969885
-4.120193 5.104056 11.120720 -4.120193 5.104056 11.120720 -0.055166 -0.695446 -1.262449 -157.832738 -54.905975 -411.141497
-4.180715 4.686907 10.302277 -4.180715 4.686907 10.302277 -0.144929 -0.678377 -1.443975 -141.376276 111.802236 -193.944690
-4.289763 4.309113 9.415595 -4.289763 4.309113 9.415595 -0.212968 -0.565759 -1.487276 -85.421530 263.593390 49.608844
-4.428707 4.023869 8.545905 -4.428707 4.023869 8.545905 -0.243159 -0.373778 -1.388780 -15.215414 376.341949 278.710402
-4.570429 3.872760 7.774068 -4.570429 3.872760 7.774068 -0.217726 -0.120892 -1.165242 99.993090 466.610417 466.415744
-4.674186 3.885704 7.167079 -4.674186 3.885704 7.167079 -0.113331 0.166521 -0.844386 247.989302 491.433813 603.105662
-4.689997 4.071909 6.773190 -4.689997 4.071909 6.773190 0.073206 0.450553 -0.461603 373.801753 455.340770 672.835834
-4.571314 4.416470 6.616434 -4.571314 4.416470 6.616434 0.334863 0.685095 -0.062423 498.387715 326.464505 657.765366
-4.276817 4.879045 6.693314 -4.276817 4.879045 6.693314 0.653243 0.844745 0.311914 562.878237 205.703260 590.024505
-3.783553 5.422919 6.986667 -3.783553 5.422919 6.986667 0.990970 0.968167 0.665929 562.878237 205.703260 590.024505
