2.327463 -3.343540 7.192945 2.327463 -3.343540 7.192945 0.748978 -0.418601 1.549986 -344.385053 -213.209511 256.405210
2.714860 -3.633079 8.169089 2.714860 -3.633079 8.169089 0.542347 -0.546527 1.703829 -344.385053 -213.209511 256.405210
2.984033 -3.994712 9.228521 2.984033 -3.994712 9.228521 0.364488 -0.651153 1.812580 -248.480172 -135.544838 106.097936
3.167593 -4.401496 10.321701 3.167593 -4.401496 10.321701 0.263365 -0.690950 1.808911 -88.596520 2.887802 -118.328162
3.320878 -4.806159 11.372527 3.320878 -4.806159 11.372527 0.266276 -0.642280 1.671807 98.302122 159.346799 -338.684915
3.510411 -5.153958 12.303348 3.510411 -5.153958 12.303348 0.385624 -0.502241 1.412100 299.522903 307.449333 -527.004388
3.805867 -5.393455 13.046954 3.805867 -5.393455 13.046954 0.616174 -0.285234 1.051929 468.978295 415.907532 -673.565277
4.267597 -5.485550 13.551409 4.267597 -5.485550 13.551409 0.935607 -0.014781 0.620487 595.798009 485.601569 -764.574298
4.940520 -5.405455 13.785024 4.940520 -5.405455 13.785024 1.314662 0.284354 0.156474 667.718336 511.514658 -782.134208
5.850203 -5.145541 13.741615 5.850203 -5.145541 13.741615 1.718774 0.577409 -0.295356 679.323310 465.336259 -723.966327
6.999303 -4.720849 13.442209 6.999303 -4.720849 13.442209 2.104154 0.829045 -0.689128 605.275891 373.448945 -588.608879
8.361930 -4.166084 12.935094 8.361930 -4.166084 12.935094 2.423248 1.003698 -0.980733 458.369754 208.728191 -383.407213
9.885305 -3.537301 12.292226 9.885305 -3.537301 12.292226 2.632865 1.073901 -1.137855 240.353206 25.283541 -140.332100
11.496716 -2.898264 11.595721 11.496716 -2.898264 11.595721 2.719223 1.039797 -1.164714 47.507309 -138.963369 50.800393
13.136801 -2.299399 10.906036 13.136801 -2.299399 10.906036 2.747727 0.956419 -1.134234 47.507309 -138.963369 50.800393
