-10.155495 1.905331 10.618648 -10.155495 1.905331 10.618648 -0.183509 0.861881 -0.073014 90.694822 -325.517847 -229.431505
-10.249275 2.363866 10.533542 -10.249275 2.363866 10.533542 -0.129092 0.666570 -0.210673 90.694822 -325.517847 -229.431505
-10.301692 2.701900 10.373603 -10.301692 2.701900 10.373603 -0.031110 0.454682 -0.309522 235.912561 -380.774086 -100.065329
-10.267603 2.904119 10.180055 -10.267603 2.904119 10.180055 0.161890 0.215963 -0.318673 407.420886 -414.957495 69.560493
-10.089794 2.961407 10.006594 -10.089794 2.961407 10.006594 0.443038 -0.020997 -0.250828 529.738190 -374.909633 156.591289
-9.723378 2.886787 9.887454 -9.723378 2.886787 9.887454 0.787083 -0.218633 -0.141021 617.077291 -283.876041 209.431976
-9.137430 2.712810 9.841916 -9.137430 2.712810 9.841916 1.170450 -0.347452 -0.008481 660.812766 -145.520484 232.368494
-8.318040 2.487172 9.876526 -8.318040 2.487172 9.876526 1.557810 -0.389630 0.120304 630.387880 4.928571 196.915187
-7.276088 2.264421 9.980901 -7.276088 2.264421 9.980901 1.905024 -0.335977 0.222190 526.992368 173.912957 142.704156
-6.047840 2.104239 10.135559 -6.047840 2.104239 10.135559 2.173091 -0.181130 0.286100 366.563548 342.245542 70.329796
-4.690413 2.064056 10.315036 -4.690413 2.064056 10.315036 2.330987 0.058672 0.304083 159.755931 457.092984 -10.387842
-3.276270 2.185183 10.492449 -3.276270 2.185183 10.492449 2.360813 0.351160 0.282015 -60.334879 517.867465 -63.170671
-1.884168 2.489609 10.649039 -1.884168 2.489609 10.649039 2.256985 0.664451 0.237872 -285.756793 526.436292 -83.974395
-0.593493 2.979935 10.776549 -0.593493 2.979935 10.776549 2.025132 0.964799 0.186995 -487.087766 474.722118 -85.616292
0.525578 3.636513 10.876041 0.525578 3.636513 10.876041 1.691217 1.210873 0.149158 -625.963931 345.526850 -40.506990
1.423166 4.415657 10.961778 1.423166 4.415657 10.961778 1.293296 1.370314 0.142521 -700.437422 185.942842 18.383753
2.073136 5.260456 11.055327 2.073136 5.260456 11.055327 0.873392 1.427585 0.177192 -699.243685 4.960522 97.185777
2.476088 6.105743 11.183944 2.476088 6.105743 11.183944 0.477749 1.369773 0.259544 -619.564865 -197.667397 177.321720
2.659305 6.881305 11.374789 2.659305 6.881305 11.374789 0.146454 1.197566 0.381942 -484.753550 -376.355853 230.672255
2.671566 7.524827 11.647218 2.671566 7.524827 11.647218 -0.086176 0.935384 0.529056 -290.678750 -497.585407 259.706376
2.581715 7.992692 12.010709 2.581715 7.992692 12.010709 -0.189696 0.617834 0.681432 -54.387500 -560.913768 248.213960
2.471987 8.261369 12.460102 2.471987 8.261369 12.460102 -0.152933 0.275988 0.809637 176.930551 -578.573117 179.138159
2.423312 8.325917 12.971384 2.423312 8.325917 12.971384 0.009412 -0.055661 0.883396 364.219718 -526.925478 66.724652
2.503783 8.205662 13.504847 2.503783 8.205662 13.504847 0.274264 -0.331878 0.880503 518.618602 -393.794915 -76.370375
2.767799 7.943936 14.010254 2.767799 7.943936 14.010254 0.615966 -0.526737 0.788945 620.389244 -255.737524 -228.822504
3.251078 7.592228 14.432689 3.251078 7.592228 14.432689 0.998347 -0.628342 0.602930 654.213279 -82.944070 -391.225415
3.965882 7.211711 14.715563 3.965882 7.211711 14.715563 1.381063 -0.621018 0.325879 621.506609 107.356547 -532.278197
4.900356 6.866076 14.809552 4.900356 6.866076 14.809552 1.723795 -0.518349 -0.022133 520.934337 234.873367 -627.762596
6.018350 6.604123 14.681707 6.018350 6.604123 14.681707 1.986097 -0.343526 -0.406628 353.405154 347.868766 -653.885741
7.265108 6.464035 14.322010 7.265108 6.464035 14.322010 2.155575 -0.117749 -0.789064 211.522012 404.721591 -620.901650
8.596527 6.466235 13.736810 8.596527 6.466235 13.736810 2.282488 0.125084 -1.161605 211.522012 404.721591 -620.901650
