-7.269516 -2.569740 -2.197664 -7.269516 -2.569740 -2.197664 1.593477 -1.181464 -0.489471 -649.604070 190.712171 -117.561934
-6.430359 -3.244290 -2.512508 -6.430359 -3.244290 -2.512508 1.203715 -1.067037 -0.560008 -649.604070 190.712171 -117.561934
-5.825712 -3.841807 -2.871020 -5.825712 -3.841807 -2.871020 0.810684 -0.910726 -0.637276 -660.499869 330.323236 -139.999465
-5.456539 -4.318697 -3.276471 -5.456539 -4.318697 -3.276471 0.422651 -0.662092 -0.710705 -632.942595 498.455242 -104.761579
-5.310301 -4.621517 -3.717836 -5.310301 -4.621517 -3.717836 0.075771 -0.339451 -0.753984 -523.321801 577.017752 -39.503662
-5.348081 -4.720568 -4.171933 -5.348081 -4.720568 -4.171933 -0.183446 0.010538 -0.750666 -340.737903 589.612274 50.563147
-5.507688 -4.611294 -4.606141 -5.507688 -4.611294 -4.606141 -0.328923 0.348407 -0.684877 -144.183652 536.616972 168.733588
-5.719112 -4.312501 -4.978396 -5.719112 -4.312501 -4.978396 -0.356021 0.636168 -0.542140 53.855754 422.586290 307.057713
-5.911216 -3.864120 -5.242103 -5.911216 -3.864120 -5.242103 -0.264633 0.842793 -0.326373 250.772344 266.164250 412.166187
-6.015315 -3.321859 -5.359037 -6.015315 -3.321859 -5.359037 -0.066458 0.945867 -0.055571 409.811665 77.412958 490.508072
-5.975963 -2.750933 -5.301191 -5.975963 -2.750933 -5.301191 0.206731 0.939676 0.253218 500.815676 -98.048131 538.786056
-5.759497 -2.215744 -5.053681 -5.759497 -2.215744 -5.053681 0.518622 0.826008 0.569476 538.821064 -280.845625 515.409421
-5.352124 -1.778537 -4.625134 -5.352124 -1.778537 -4.625134 0.837977 0.618274 0.849163 525.697312 -411.601485 416.878786
-4.759199 -1.485884 -4.048738 -4.759199 -1.485884 -4.048738 1.130964 0.350195 1.058590 450.925403 -481.992881 281.212262
-4.005813 -1.363305 -3.372543 -4.005813 -1.363305 -3.372543 1.369722 0.057102 1.179427 344.934968 -494.984096 121.578685
-3.128399 -1.414954 -2.656215 -3.128399 -1.414954 -2.656215 1.544145 -0.223955 1.186315 236.474372 -441.872547 -98.621708
-2.167445 -1.622900 -1.974899 -2.167445 -1.622900 -1.974899 1.645538 -0.459256 1.063536 101.504156 -342.464853 -310.638535
-1.168581 -1.951662 -1.403333 -1.168581 -1.951662 -1.403333 1.672795 -0.622563 0.823951 -10.650342 -201.891170 -487.981225
-0.170336 -2.351738 -1.003897 -0.170336 -2.351738 -1.003897 1.648831 -0.694685 0.495671 -69.227780 -38.515548 -606.283340
0.804717 -2.766653 -0.820277 0.804717 -2.766653 -0.820277 1.598367 -0.673653 0.108642 -98.984312 108.622529 -683.814653
1.745034 -3.143818 -0.878054 1.745034 -3.143818 -0.878054 1.534546 -0.571108 -0.301021 -113.753076 233.193481 -681.729098
2.647463 -3.438674 -1.176659 2.647463 -3.438674 -1.176659 1.477180 -0.402018 -0.686463 -77.466336 330.437706 -603.077345
3.523910 -3.617307 -1.687908 3.523910 -3.617307 -1.687908 1.451114 -0.188263 -1.002396 -9.421534 382.080628 -450.030967
4.395926 -3.662656 -2.357191 4.395926 -3.662656 -2.357191 1.460677 0.035159 -1.206613 41.296861 362.659111 -230.692376
5.283148 -3.580120 -3.110136 5.283148 -3.580120 -3.110136 1.502368 0.233566 -1.282296 97.673225 298.698440 -21.584820
6.203252 -3.391276 -3.869011 6.203252 -3.391276 -3.869011 1.566481 0.387474 -1.223306 116.036405 214.328512 218.216665
7.163522 -3.127322 -4.549926 7.163522 -3.127322 -4.549926 1.633581 0.480524 -1.023428 107.633116 95.836067 448.045687
8.161361 -2.829226 -5.073383 8.161361 -2.829226 -5.073383 1.689742 0.500682 -0.704843 79.569371 -28.642159 613.904647
9.184443 -2.539149 -5.380026 9.184443 -2.539149 -5.380026 1.712052 0.457615 -0.307702 -5.202845 -114.913139 709.898156
10.204244 -2.288957 -5.435378 10.204244 -2.288957 -5.435378 1.676462 0.370206 0.125677 -113.429949 -176.452288 734.696710
11.183861 -2.099859 -5.229660 11.183861 -2.099859 -5.229660 1.579191 0.258012 0.556828 -210.808315 -197.526179 702.475494
12.087197 -1.979778 -4.774771 12.087197 -1.979778 -4.774771 1.421539 0.143637 0.950046 -314.699183 -183.722530 608.251582
12.879135 -1.922547 -4.105733 12.879135 -1.922547 -4.105733 1.211027 0.053996 1.262618 -387.007408 -115.081258 433.653591
13.533865 -1.904954 -3.281380 13.533865 -1.904954 -3.281380 0.967694 0.014499 1.466435 -424.100959 -16.575406 245.735131
14.039038 -1.893032 -2.368036 14.039038 -1.893032 -2.368036 0.717711 0.035582 1.560131 -409.176560 86.852056 66.585921
14.400809 -1.850051 -1.431005 14.400809 -1.850051 -1.431005 0.496185 0.117687 1.544917 -329.243207 186.829532 -117.298691
14.647899 -1.740362 -0.534374 14.647899 -1.740362 -0.534374 0.341852 0.257022 1.428507 -185.201135 277.621626 -270.735002
14.827819 -1.533301 0.269107 14.827819 -1.533301 0.269107 0.271460 0.437973 1.241612 -49.436531 325.546654 -352.247953
14.981797 -1.211919 0.950669 14.981797 -1.211919 0.950669 0.241798 0.633301 1.030263 -49.436531 325.546654 -352.247953
