7.553135 4.786787 -5.692559 7.553135 4.786787 -5.692559 0.024836 -0.564232 1.358295 -249.567880 34.106117 289.346168
7.523114 4.454386 -4.825500 7.523114 4.454386 -4.825500 -0.124905 -0.543769 1.531902 -249.567880 34.106117 289.346168
7.401451 4.141844 -3.862688 7.401451 4.141844 -3.862688 -0.283637 -0.485408 1.663451 -279.537861 160.428453 149.150173
7.181084 3.888576 -2.846786 7.181084 3.888576 -2.846786 -0.450699 -0.343648 1.707862 -277.337477 312.104548 -1.114200
6.864613 3.744874 -1.829429 6.864613 3.744874 -1.829429 -0.597757 -0.124847 1.671398 -212.853712 417.232409 -120.432820
6.472952 3.747486 -0.852274 6.472952 3.747486 -0.852274 -0.698936 0.137587 1.579109 -124.411677 457.548082 -187.196224
6.038487 3.912476 0.058776 6.038487 3.912476 0.058776 -0.737129 0.412514 1.453189 -2.898728 458.874527 -232.539469
5.605898 4.238015 0.889578 5.605898 4.238015 0.889578 -0.687818 0.665004 1.317394 167.268628 382.760973 -220.110678
5.232119 4.698511 1.643308 5.232119 4.698511 1.643308 -0.543437 0.857645 1.199897 314.001460 259.374369 -171.545324
4.969853 5.249996 2.335531 4.969853 5.249996 2.335531 -0.318658 0.964321 1.112786 435.263814 96.212048 -118.824650
4.864077 5.834905 2.985970 4.864077 5.834905 2.985970 -0.022144 0.967038 1.062271 553.116475 -87.153187 -49.556267
4.952581 6.388320 3.618511 4.952581 6.388320 3.618511 0.320875 0.859147 1.053029 590.278557 -272.484491 18.749164
5.249463 6.844855 4.255192 5.249463 6.844855 4.255192 0.665575 0.646125 1.071722 558.721837 -437.589054 43.558372
5.744101 7.147832 4.905740 5.744101 7.147832 4.905740 0.974426 0.353911 1.096228 470.782852 -536.458316 38.128017
6.404666 7.260525 5.568904 6.404666 7.260525 5.568904 1.212737 0.016580 1.111929 323.584178 -587.976621 14.209319
7.179005 7.164917 6.235126 7.179005 7.164917 6.235126 1.349148 -0.334807 1.102987 131.120477 -583.313032 -44.015633
7.998947 6.864489 6.883513 7.998947 6.864489 6.883513 1.362074 -0.657535 1.049167 -88.034984 -492.448432 -135.383080
8.786480 6.389464 7.483238 8.786480 6.389464 7.483238 1.239930 -0.912316 0.940904 -319.108826 -356.821252 -225.494516
9.461609 5.787892 8.003169 9.461609 5.787892 8.003169 0.991517 -1.076186 0.785498 -508.934733 -189.411495 -292.526593
9.956788 5.119812 8.418864 9.956788 5.119812 8.418864 0.645538 -1.131202 0.595237 -644.329364 6.022327 -341.674223
10.223126 4.452799 8.713735 10.223126 4.452799 8.713735 0.233915 -1.074466 0.386384 -727.746981 183.097814 -354.503506
10.231756 3.850525 8.884716 10.231756 3.850525 8.884716 -0.206359 -0.917366 0.188487 -739.832125 340.569669 -305.154196
9.979360 3.368260 8.948059 9.979360 3.368260 8.948059 -0.627312 -0.678767 0.031286 -663.344740 454.759666 -218.848403
9.492511 3.044922 8.934867 9.492511 3.044922 8.934867 -0.980617 -0.395583 -0.062879 -514.338561 489.188307 -95.034230
8.823462 2.894966 8.890464 8.823462 2.894966 8.890464 -1.229713 -0.105370 -0.067747 -315.982087 478.187331 78.807986
8.041841 2.913346 8.874109 8.041841 2.913346 8.874109 -1.353886 0.159183 0.030080 -97.929138 403.658544 247.279795
7.226527 3.074268 8.946165 7.226527 3.074268 8.946165 -1.339416 0.365148 0.225936 146.162585 282.888905 405.575474
6.461850 3.336366 9.162199 6.461850 3.336366 9.162199 -1.188401 0.495330 0.506625 357.220834 151.053610 530.053697
5.822541 3.650621 9.566360 5.822541 3.650621 9.566360 -0.926910 0.535295 0.848538 514.414489 -17.839230 609.655828
5.365691 3.959802 10.185640 5.365691 3.959802 10.185640 -0.584756 0.480670 1.216426 626.100452 -164.244641 616.639408
5.130189 4.213019 11.022579 5.130189 4.213019 11.022579 -0.195829 0.354020 1.566852 670.323042 -257.920940 551.446630
5.130902 4.375570 12.054703 5.130902 4.375570 12.054703 0.194126 0.182092 1.861479 629.526523 -315.173572 430.641299
5.355572 4.426284 13.237972 5.355572 4.426284 13.237972 0.546243 -0.016061 2.064196 544.197986 -345.335056 245.083393
5.772854 4.356528 14.506876 5.772854 4.356528 14.506876 0.830666 -0.213062 2.142604 403.876332 -311.334372 16.275111
6.334587 4.178197 15.781237 6.334587 4.178197 15.781237 1.026169 -0.372131 2.081716 247.801323 -218.895493 -219.233861
6.985493 3.922162 16.978061 6.985493 3.922162 16.978061 1.127851 -0.470245 1.886459 91.137877 -108.150695 -431.623487
7.668002 3.627776 18.021128 7.668002 3.627776 18.021128 1.129504 -0.498993 1.571904 -85.626275 12.322680 -616.892714
8.324066 3.335442 18.846288 8.324066 3.335442 18.846288 1.046999 -0.467382 1.167063 -189.389576 93.048491 -732.577679
8.918176 3.071762 19.414662 8.918176 3.071762 19.414662 0.933366 -0.411553 0.727516 -189.389576 93.048491 -732.577679
