-3.075170 1.524168 -3.076318 -3.075170 1.524168 -3.076318 -0.095805 0.284873 1.786183 -85.640065 244.567192 -634.163174
-3.148068 1.739114 -2.118757 -3.148068 1.739114 -2.118757 -0.147190 0.431613 1.405685 -85.640065 244.567192 -634.163174
-3.247209 2.039352 -1.393069 -3.247209 2.039352 -1.393069 -0.175634 0.564595 1.007318 -9.173950 198.706915 -693.726915
-3.349805 2.408263 -0.915179 -3.349805 2.408263 -0.915179 -0.158958 0.655751 0.582931 64.760245 105.146296 -720.896582
-3.431123 2.813226 -0.689986 -3.431123 2.813226 -0.689986 -0.108104 0.681772 0.176373 104.753336 -18.408965 -634.298620
-3.476598 3.213030 -0.689663 -3.476598 3.213030 -0.689663 -0.042594 0.640997 -0.160841 113.612218 -117.510370 -489.748348
-3.484195 3.571991 -0.862644 -3.484195 3.571991 -0.862644 0.013121 0.548064 -0.396300 72.104782 -192.266065 -295.115381
-3.465777 3.863065 -1.139529 -3.465777 3.863065 -1.139529 0.044216 0.416926 -0.503286 31.544113 -244.860113 -61.504896
-3.437862 4.068921 -1.438372 -3.437862 4.068921 -1.438372 0.041682 0.268883 -0.469192 -39.989765 -248.615348 175.152330
-3.423495 4.189238 -1.676180 -3.423495 4.189238 -1.676180 0.000468 0.138404 -0.303202 -97.391543 -186.315136 378.149331
-3.442446 4.243684 -1.780888 -3.442446 4.243684 -1.780888 -0.066475 0.051317 -0.030583 -125.748789 -103.976108 530.578488
-3.504790 4.261221 -1.696273 -3.504790 4.261221 -1.696273 -0.141044 0.016246 0.325069 -122.816271 -12.924371 654.930327
-3.609405 4.275866 -1.381909 -3.609405 4.275866 -1.381909 -0.204141 0.044609 0.725206 -87.505658 107.466277 678.857159
-3.743483 4.329302 -0.827791 -3.743483 4.329302 -0.827791 -0.235861 0.145721 1.116520 -18.229744 229.572399 625.523504
-3.881027 4.462854 -0.050173 -3.881027 4.462854 -0.050173 -0.210524 0.307446 1.467392 102.686081 309.512114 544.051305
-3.981194 4.705512 0.918888 -3.981194 4.705512 0.918888 -0.110593 0.505544 1.747306 230.418179 350.813137 388.993385
-3.998680 5.071053 2.025934 -3.998680 5.071053 2.025934 0.064632 0.711378 1.923920 353.665510 335.301790 199.721304
-3.888789 5.554746 3.205902 -3.888789 5.554746 3.205902 0.314090 0.895117 1.992088 477.862432 277.159680 27.505450
-3.610341 6.135034 4.396890 -3.610341 6.135034 4.396890 0.620699 1.028061 1.962511 544.165713 165.989845 -126.096229
-3.138448 6.772260 5.543580 -3.138448 6.772260 5.543580 0.954816 1.080208 1.846258 569.556756 7.831637 -261.413889
-2.465039 7.412107 6.598756 -2.465039 7.412107 6.598756 1.286550 1.036469 1.661786 536.224984 -153.628356 -353.493090
-1.602477 7.997212 7.530848 -1.602477 7.997212 7.530848 1.578840 0.898678 1.442941 438.074924 -305.675720 -375.987647
-0.585346 8.473371 8.329729 -0.585346 8.473371 8.329729 1.796555 0.675144 1.221315 287.640738 -439.436469 -362.768038
0.532374 8.793963 9.000829 0.532374 8.793963 9.000829 1.909194 0.384500 1.021704 87.824717 -529.376592 -302.601182
1.681639 8.927968 9.564888 1.681639 8.927968 9.564888 1.901588 0.059840 0.867665 -113.177948 -552.823391 -210.862877
2.789936 8.865999 10.052763 2.789936 8.865999 10.052763 1.772266 -0.263677 0.767307 -317.897210 -525.567711 -123.661421
3.785085 8.619135 10.495225 3.785085 8.619135 10.495225 1.526579 -0.549297 0.714792 -501.060783 -426.498971 -51.390953
4.602951 8.222329 10.918264 4.602951 8.222329 10.918264 1.186494 -0.757485 0.701028 -632.554105 -267.461043 5.511102
5.197693 7.729770 11.342322 5.197693 7.729770 11.342322 0.790486 -0.867585 0.716580 -687.473506 -99.538646 46.331104
5.549516 7.202756 11.779799 5.549516 7.202756 11.779799 0.384385 -0.870037 0.740329 -666.197152 91.367590 32.831332
5.665723 6.708822 12.226927 5.665723 6.708822 12.226927 0.012125 -0.757009 0.745132 -574.669702 285.391044 -16.820450
5.579102 6.314621 12.668197 5.579102 6.314621 12.668197 -0.284949 -0.542606 0.721128 -415.574086 429.285413 -63.192616
5.345618 6.071145 13.085570 5.345618 6.071145 13.085570 -0.472853 -0.260949 0.663568 -210.774439 509.572009 -128.676330
5.038328 6.008208 13.456384 5.038328 6.008208 13.456384 -0.527512 0.054340 0.565533 28.578721 541.389579 -198.104797
4.740578 6.136966 13.757325 4.740578 6.136966 13.757325 -0.442299 0.372692 0.433071 255.463987 519.786441 -243.435821
4.533807 6.446833 13.974837 4.533807 6.446833 13.974837 -0.225897 0.648016 0.294449 465.874607 397.957996 -218.637878
4.490852 6.899134 14.114223 4.490852 6.899134 14.114223 0.097259 0.846087 0.173625 611.314557 262.278990 -184.110189
4.659244 7.453997 14.185259 4.659244 7.453997 14.185259 0.464048 1.003454 0.063159 611.314557 262.278990 -184.110189
