-8.573960 4.613984 -8.523983 -8.573960 4.613984 -8.523983 2.024899 -0.193460 0.326966 -193.122187 -334.629965 90.229546
-7.393783 4.437675 -8.311562 -7.393783 4.437675 -8.311562 1.909025 -0.394238 0.381104 -193.122187 -334.629965 90.229546
-6.287271 4.149266 -8.063775 -6.287271 4.149266 -8.063775 1.772444 -0.553182 0.449657 -262.149323 -195.183478 138.281313
-5.273465 3.793287 -7.766532 -5.273465 3.793287 -7.766532 1.602790 -0.614977 0.545420 -303.364320 -10.799580 180.928465
-4.364678 3.433369 -7.406840 -4.364678 3.433369 -7.406840 1.429364 -0.566397 0.653342 -274.720288 172.732486 178.813573
-3.552830 3.134829 -6.984793 -3.552830 3.134829 -6.984793 1.282929 -0.411726 0.749903 -213.399153 342.836936 143.056778
-2.817102 2.957319 -6.512700 -2.817102 2.957319 -6.512700 1.176802 -0.166947 0.817744 -140.357543 473.092091 83.078088
-2.131552 2.946975 -6.014245 -2.131552 2.946975 -6.014245 1.116254 0.140242 0.831863 -61.467316 550.873029 -36.015384
-1.468343 3.130026 -5.528533 -1.468343 3.130026 -5.528533 1.101976 0.469508 0.775638 13.874945 546.679471 -151.399189
-0.801816 3.506199 -5.096820 -0.801816 3.506199 -5.096820 1.124518 0.777847 0.652706 61.263938 481.116085 -258.375060
-0.114817 4.052728 -4.757907 -0.114817 4.052728 -4.757907 1.167579 1.032616 0.466666 82.271023 368.113193 -361.757392
0.599198 4.729106 -4.547832 0.599198 4.729106 -4.547832 1.210241 1.206225 0.225569 59.935786 210.585356 -441.899035
1.333483 5.479593 -4.492804 1.333483 5.479593 -4.492804 1.232962 1.276811 -0.043430 15.803536 24.702024 -454.764694
2.072041 6.238207 -4.597500 2.072041 6.238207 -4.597500 1.222121 1.232034 -0.300191 -51.941377 -173.959952 -401.106099
2.792165 6.936779 -4.843441 2.792165 6.936779 -4.843441 1.171963 1.080980 -0.508990 -115.250510 -329.552489 -294.889817
3.470108 7.519566 -5.192731 3.470108 7.519566 -5.192731 1.080364 0.850841 -0.640001 -190.079834 -437.579845 -141.814616
4.082113 7.946244 -5.591345 4.082113 7.946244 -5.591345 0.956316 0.562985 -0.670526 -223.413482 -521.940286 40.066476
4.616707 8.190064 -5.974007 4.616707 8.190064 -5.974007 0.827361 0.249713 -0.584280 -206.437641 -522.296940 247.418930
5.078119 8.249954 -6.267513 5.078119 8.249954 -6.267513 0.714270 -0.043292 -0.373194 -170.531729 -454.386038 456.199701
5.481217 8.148268 -6.399565 5.481217 8.148268 -6.399565 0.638111 -0.285530 -0.050731 -83.331840 -353.076524 618.679604
5.856294 7.921709 -6.312802 5.856294 7.921709 -6.312802 0.624158 -0.455811 0.349670 36.821999 -214.526095 715.988062
6.246281 7.619167 -5.971572 6.246281 7.619167 -5.971572 0.690573 -0.536729 0.792017 184.561509 -55.200256 758.501011
6.702947 7.294833 -5.361700 6.702947 7.294833 -5.361700 0.846818 -0.531651 1.237774 336.253856 72.128191 727.357155
7.278602 6.996655 -4.494125 7.278602 6.996655 -4.494125 1.083760 -0.449232 1.644123 453.552462 202.601877 627.139248
8.015957 6.768605 -3.404963 8.015957 6.768605 -3.404963 1.383192 -0.302567 1.969422 544.554889 286.279856 457.190025
8.946549 6.639264 -2.154956 8.946549 6.639264 -2.154956 1.723208 -0.127454 2.174037 588.830498 297.429701 224.859540
10.083986 6.614720 -0.823891 10.083986 6.614720 -0.823891 2.064121 0.042961 2.239790 547.547061 270.622380 -5.681264
11.415196 6.685144 0.505520 11.415196 6.685144 0.505520 2.363545 0.185010 2.169180 450.534572 202.871261 -229.684527
12.906201 6.827281 1.752953 12.906201 6.827281 1.752953 2.592776 0.279803 1.967712 313.568332 113.105382 -441.876225
14.506190 7.009377 2.845152 14.506190 7.009377 2.845152 2.720322 0.316945 1.658131 111.582799 10.701459 -590.060201
16.144574 7.193810 3.729170 16.144574 7.193810 3.729170 2.717801 0.285065 1.280846 -119.983127 -116.966221 -667.556020
17.740972 7.339096 4.376661 17.740972 7.339096 4.376661 2.582379 0.191392 0.876031 -331.424976 -195.278352 -681.827647
19.218090 7.417067 4.785507 19.218090 7.417067 4.785507 2.320263 0.065654 0.496717 -542.294968 -223.846070 -582.553593
20.504932 7.415303 4.984624 20.504932 7.415303 4.984624 1.956370 -0.072975 0.176915 -670.681235 -238.252872 -483.450987
21.558031 7.328632 5.003752 21.558031 7.328632 5.003752 1.553961 -0.215927 -0.113155 -670.681235 -238.252872 -483.450987
