-6.825910 -2.038788 -1.979571 -6.825910 -2.038788 -1.979571 0.269100 0.558627 0.809220 618.329800 -328.198450 -431.559893
-6.553151 -1.762687 -1.571720 -6.553151 -1.762687 -1.571720 0.640098 0.361708 0.550284 618.329800 -328.198450 -431.559893
-6.064916 -1.606896 -1.325614 -6.064916 -1.606896 -1.325614 0.975477 0.153997 0.259430 499.601693 -364.171835 -537.953685
-5.401537 -1.578987 -1.273088 -5.401537 -1.578987 -1.273088 1.216062 -0.059200 -0.094844 302.348684 -346.486442 -642.958395
-4.630182 -1.673414 -1.447657 -4.630182 -1.673414 -1.447657 1.333942 -0.249787 -0.490272 90.584802 -288.802217 -675.134906
-3.825005 -1.869935 -1.859234 -3.825005 -1.869935 -1.859234 1.330829 -0.396390 -0.874797 -100.961978 -199.875851 -606.615293
-3.054063 -2.136022 -2.485514 -3.054063 -2.136022 -2.485514 1.223336 -0.477692 -1.199824 -257.349202 -71.129246 -476.808541
-2.373335 -2.428197 -3.280725 -2.373335 -2.428197 -3.280725 1.034173 -0.484151 -1.433365 -373.192339 49.597954 -301.660820
-1.823968 -2.703409 -4.180768 -1.823968 -2.703409 -4.180768 0.790447 -0.422637 -1.542985 -439.228678 155.448606 -63.741781
-1.428840 -2.925032 -5.103743 -1.428840 -2.925032 -5.103743 0.526512 -0.309477 -1.509786 -440.555372 221.753566 174.407698
-1.189244 -3.068901 -5.965630 -1.189244 -3.068901 -5.965630 0.277123 -0.166919 -1.342183 -390.741046 253.439557 384.268558
-1.087385 -3.124493 -6.690215 -1.087385 -3.124493 -6.690215 0.072270 -0.020152 -1.053841 -292.101651 235.781037 576.869909
-1.089448 -3.097643 -7.210374 -1.089448 -3.097643 -7.210374 -0.067222 0.103821 -0.666174 -172.872526 177.464222 715.355791
-1.154405 -3.008302 -7.477435 -1.154405 -3.008302 -7.477435 -0.138481 0.185821 -0.217563 -64.658171 95.868049 780.013476
-1.242748 -2.886039 -7.469319 -1.242748 -2.886039 -7.469319 -0.145353 0.210917 0.241702 41.753739 -12.214639 750.867573
-1.317379 -2.768494 -7.194639 -1.317379 -2.768494 -7.194639 -0.094975 0.169554 0.664734 126.169801 -125.660224 659.242364
-1.349280 -2.694399 -6.686399 -1.349280 -2.694399 -6.686399 -0.007404 0.069064 1.013958 165.733824 -209.307063 504.836173
-1.323310 -2.692079 -5.998531 -1.323310 -2.692079 -5.998531 0.094938 -0.063737 1.259977 175.408023 -233.364259 315.227750
-1.236382 -2.773124 -5.198039 -1.236382 -2.773124 -5.198039 0.192141 -0.207740 1.387933 148.601431 -246.646438 111.291169
-1.097941 -2.940005 -4.358209 -1.097941 -2.940005 -4.358209 0.263340 -0.344931 1.389898 88.729611 -210.654364 -104.740796
-0.927409 -3.178794 -3.553430 -0.927409 -3.178794 -3.553430 0.299363 -0.440887 1.275524 31.347481 -109.199392 -276.505469
-0.745300 -3.455489 -2.845452 -0.745300 -3.455489 -2.845452 0.302410 -0.468940 1.071791 -21.193678 15.689934 -402.604960
-0.570117 -3.726410 -2.278845 -0.570117 -3.726410 -2.278845 0.277457 -0.421435 0.810234 -61.980125 142.658454 -469.250148
-0.414832 -3.945598 -1.877184 -0.414832 -3.945598 -1.877184 0.240102 -0.295867 0.528609 -62.537391 275.902024 -469.500049
-0.279049 -4.066524 -1.641894 -0.279049 -4.066524 -1.641894 0.217471 -0.095663 0.260085 -12.899462 391.443960 -425.582283
-0.147373 -4.049294 -1.557355 -0.147373 -4.049294 -1.557355 0.227309 0.160040 0.030199 45.693269 460.901004 -340.703855
0.002381 -3.869502 -1.592519 0.002381 -3.869502 -1.592519 0.280441 0.440611 -0.134007 131.413023 474.334209 -206.648079
0.201638 -3.522060 -1.701720 0.201638 -3.522060 -1.701720 0.395980 0.713687 -0.215995 253.716702 435.919704 -66.646774
0.491514 -3.022135 -1.837082 0.491514 -3.022135 -1.837082 0.581304 0.941474 -0.224826 364.030438 323.368984 37.211694
0.911130 -2.407902 -1.959364 0.911130 -2.407902 -1.959364 0.826262 1.091210 -0.172925 452.495627 175.751778 135.792010
1.491140 -1.730846 -2.034655 1.491140 -1.730846 -2.034655 1.111778 1.150135 -0.071344 499.225120 20.664671 202.809924
2.247438 -1.048506 -2.040642 2.247438 -1.048506 -2.040642 1.408167 1.105228 0.051912 488.737096 -170.355476 208.044552
3.177203 -0.425817 -1.972518 3.177203 -0.425817 -1.972518 1.685868 0.954100 0.174382 436.933984 -333.402386 200.186893
4.260155 0.078941 -1.834862 4.260155 0.078941 -1.834862 1.911946 0.715607 0.279461 316.660046 -461.576380 150.076578
5.454740 0.420880 -1.644369 5.454740 0.420880 -1.644369 2.054033 0.416956 0.348521 156.962975 -533.926915 80.122918
6.704596 0.574277 -1.424269 6.704596 0.574277 -1.424269 2.094125 0.093251 0.379422 -23.323585 -545.086716 22.881252
7.944879 0.536306 -1.195081 7.944879 0.536306 -1.195081 2.020160 -0.212829 0.380231 -223.228612 -475.180477 -20.184757
9.105113 0.329596 -0.971588 9.105113 0.329596 -0.971588 1.827821 -0.465341 0.363060 -417.899431 -366.526419 -37.051512
10.117941 -0.005593 -0.759741 10.117941 -0.005593 -0.759741 1.533865 -0.635307 0.344229 -561.954276 -200.026477 -25.718850
10.932063 -0.411986 -0.554664 10.932063 -0.411986 -0.554664 1.171471 -0.701343 0.344642 -646.026899 -20.094149 27.097342
11.516856 -0.824002 -0.337899 11.516856 -0.824002 -0.337899 0.774831 -0.651365 0.386412 -676.104745 186.686614 112.133322
11.863730 -1.171455 -0.080779 11.863730 -1.171455 -0.080779 0.387538 -0.490542 0.479134 -614.872647 349.390352 196.942774
11.995291 -1.395856 0.248341 11.995291 -1.395856 0.248341 0.067190 -0.245738 0.628251 -452.952439 466.621434 300.113590
11.962405 -1.454976 0.684639 11.962405 -1.454976 0.684639 -0.162923 0.055891 0.834953 -314.092106 538.811537 388.892877
11.808115 -1.324455 1.255612 11.808115 -1.324455 1.255612 -0.351378 0.379178 1.068289 -314.092106 538.811537 388.892877
