-0.886228 -1.647556 -7.751375 -0.886228 -1.647556 -7.751375 0.234480 -0.732193 0.424033 -35.410901 -172.362950 -87.365408
-0.751914 -2.117897 -7.512681 -0.751914 -2.117897 -7.512681 0.213233 -0.835610 0.371613 -35.410901 -172.362950 -87.365408
-0.627003 -2.641844 -7.305511 -0.627003 -2.641844 -7.305511 0.208713 -0.896807 0.318834 20.342856 -31.624409 -88.565555
-0.495849 -3.176037 -7.126113 -0.495849 -3.176037 -7.126113 0.232242 -0.867861 0.285890 58.086351 128.108198 -21.248427
-0.343660 -3.665216 -6.955221 -0.343660 -3.665216 -6.955221 0.279034 -0.748607 0.289055 97.887863 269.407515 31.797743
-0.158452 -4.060201 -6.772981 -0.158452 -4.060201 -6.772981 0.338605 -0.558535 0.323552 100.683794 364.164506 83.194332
0.059470 -4.327675 -6.560800 0.059470 -4.327675 -6.560800 0.382197 -0.329546 0.388841 44.622456 399.132429 134.432764
0.292899 -4.454913 -6.301997 0.292899 -4.454913 -6.301997 0.389361 -0.096838 0.476006 -20.742717 376.560319 156.118026
0.516595 -4.449000 -5.990419 0.516595 -4.449000 -5.990419 0.345981 0.110274 0.559043 -123.858202 313.813775 120.672010
0.697035 -4.331534 -5.635905 0.697035 -4.331534 -5.635905 0.247398 0.272637 0.618282 -204.749819 227.397173 76.793546
0.802059 -4.135372 -5.257617 0.802059 -4.135372 -5.257617 0.091750 0.367316 0.631838 -314.078163 88.198275 -31.609297
0.797764 -3.905477 -4.888958 0.797764 -3.905477 -4.888958 -0.110754 0.388386 0.589101 -360.935604 -17.966082 -110.847864
0.666343 -3.675679 -4.555451 0.666343 -3.675679 -4.555451 -0.327316 0.377606 0.522592 -360.935604 -17.966082 -110.847864
