-6.429360 2.079005 -4.605379 -6.429360 2.079005 -4.605379 1.357376 -0.624377 0.920362 54.404812 -148.880851 30.104599
-5.605142 1.677581 -4.047742 -5.605142 1.677581 -4.047742 1.390019 -0.713705 0.938425 54.404812 -148.880851 30.104599
-4.772240 1.229737 -3.477429 -4.772240 1.229737 -3.477429 1.368149 -0.767146 0.965688 -127.304626 -29.254535 60.769711
-3.986640 0.772161 -2.886208 -3.986640 0.772161 -2.886208 1.229895 -0.744810 1.006496 -333.539094 103.707777 75.258724
-3.318659 0.350307 -2.270323 -3.318659 0.350307 -2.270323 0.980176 -0.650762 1.043858 -498.859527 209.786513 49.281571
-2.827835 0.001401 -1.639147 -2.827835 0.001401 -1.639147 0.643425 -0.505943 1.053378 -623.644215 272.942717 -17.549144
-2.557222 -0.252005 -1.014806 -2.557222 -0.252005 -1.014806 0.253310 -0.337030 1.020215 -676.738604 290.101151 -92.994363
-2.525381 -0.404761 -0.424863 -2.525381 -0.404761 -0.424863 -0.144393 -0.176748 0.937184 -648.936857 244.169898 -183.774250
-2.723769 -0.471346 0.099369 -2.723769 -0.471346 0.099369 -0.508473 -0.052679 0.801923 -564.665528 169.394153 -267.095785
-3.121110 -0.477970 0.529286 -3.121110 -0.477970 0.529286 -0.800359 0.021416 0.625864 -408.287086 77.589074 -319.768417
-3.661684 -0.457323 0.847075 -3.661684 -0.457323 0.847075 -0.979664 0.037128 0.433147 -189.395565 -25.216496 -322.623033
-4.268818 -0.446155 1.051362 -4.268818 -0.446155 1.051362 -1.019524 -0.010848 0.251933 56.529579 -134.703362 -281.422969
-4.856965 -0.480266 1.156231 -4.856965 -0.480266 1.156231 -0.918647 -0.108451 0.104907 279.726489 -190.638924 -208.664238
-5.345592 -0.581183 1.189421 -5.345592 -0.581183 1.189421 -0.689759 -0.230492 0.018732 483.232763 -216.164595 -78.584699
-5.662647 -0.757900 1.196425 -5.662647 -0.757900 1.196425 -0.350726 -0.357747 0.021133 646.877785 -208.018037 86.587292
-5.750692 -1.006250 1.234548 -5.750692 -1.006250 1.234548 0.067165 -0.463855 0.122373 746.090961 -145.676817 250.880238
-5.574805 -1.304861 1.363295 -5.574805 -1.304861 1.363295 0.521278 -0.521641 0.323727 767.619543 -46.943849 420.298771
-5.127401 -1.619400 1.641252 -5.127401 -1.619400 1.641252 0.964181 -0.515329 0.616243 708.725009 67.984889 554.755253
-4.428983 -1.909005 2.115111 -4.428983 -1.909005 2.115111 1.351108 -0.437761 0.970383 581.030318 190.574381 625.712091
-3.523789 -2.131253 2.811056 -3.523789 -2.131253 2.811056 1.649446 -0.292890 1.351242 413.430557 292.329568 643.818168
-2.471024 -2.250160 3.734745 -2.471024 -2.250160 3.734745 1.840907 -0.096452 1.722816 224.772399 362.463638 594.762421
-1.338354 -2.240878 4.867627 -1.338354 -2.240878 4.867627 1.914105 0.130577 2.040352 19.221219 394.300373 463.689689
-0.197522 -2.094087 6.165155 -0.197522 -2.094087 6.165155 1.870181 0.354510 2.267829 -165.635138 352.143163 294.567155
0.887362 -1.821952 7.565212 0.887362 -1.821952 7.565212 1.733751 0.546010 2.376254 -289.132283 286.189965 66.849623
1.870089 -1.450089 8.988424 1.870089 -1.450089 8.988424 1.532875 0.681442 2.343499 -380.451513 165.249667 -176.032159
2.718725 -1.021719 10.349862 2.718725 -1.021719 10.349862 1.291561 0.729389 2.173000 -423.929563 -5.426485 -392.299222
3.418928 -0.594604 11.572437 3.418928 -0.594604 11.572437 1.045075 0.678426 1.884564 -397.690345 -164.450267 -569.153047
3.979405 -0.225898 12.592157 3.979405 -0.225898 12.592157 0.831538 0.536014 1.500219 -314.100935 -310.256917 -711.998957
4.427694 0.032556 13.360624 4.427694 0.032556 13.360624 0.672600 0.313320 1.055497 -215.692698 -432.056778 -770.405008
4.798772 0.138401 13.856387 4.798772 0.138401 13.856387 0.574903 0.032202 0.598943 -109.962554 -505.002784 -751.442992
5.130526 0.066569 14.086222 5.130526 0.066569 14.086222 0.541952 -0.272059 0.176718 0.125091 -509.199079 -655.972144
5.461448 -0.183568 14.084929 5.461448 -0.183568 14.084929 0.570667 -0.553811 -0.163108 95.593098 -429.975052 -476.781422
5.823330 -0.588241 13.911200 5.823330 -0.588241 13.911200 0.639400 -0.786749 -0.399398 133.516769 -346.484838 -310.854372
6.231004 -1.122658 13.615607 6.231004 -1.122658 13.615607 0.719510 -0.994640 -0.585911 133.516769 -346.484838 -310.854372
