-8.330908 2.791223 6.927420 -8.330908 2.791223 6.927420 0.332838 0.730713 1.279557 142.279489 -141.824422 380.215253
-8.105595 3.204123 7.763593 -8.105595 3.204123 7.763593 0.418206 0.645619 1.507686 142.279489 -141.824422 380.215253
-7.827169 3.561887 8.725803 -7.827169 3.561887 8.725803 0.513031 0.540130 1.681611 173.802620 -209.804824 199.534775
-7.486978 3.843664 9.755625 -7.486978 3.843664 9.755625 0.622755 0.391570 1.726026 191.945828 -285.394849 -51.485705
-7.081829 4.025117 10.767744 -7.081829 4.025117 10.767744 0.722651 0.209743 1.623992 141.040334 -320.695691 -288.627005
-6.626641 4.094772 11.678468 -6.626641 4.094772 11.678468 0.788328 0.025000 1.392219 77.882235 -295.113283 -483.949678
-6.142692 4.062074 12.416778 -6.142692 4.062074 12.416778 0.819726 -0.124958 1.052299 26.780379 -204.746301 -649.118439
-5.649090 3.957380 12.926222 -5.649090 3.957380 12.926222 0.820521 -0.212133 0.637356 -24.130773 -85.836526 -734.025762
-5.163940 3.822629 13.175148 -5.163940 3.822629 13.175148 0.791945 -0.223739 0.190126 -71.122310 47.148362 -756.739114
-4.700063 3.704914 13.156607 -4.700063 3.704914 13.156607 0.756830 -0.155241 -0.245932 -45.928000 181.177861 -696.789178
-4.252470 3.652141 12.891487 -4.252470 3.652141 12.891487 0.738085 -0.007736 -0.624700 -16.557582 310.507744 -565.770147
-3.807840 3.709417 12.424685 -3.807840 3.709417 12.424685 0.751948 0.208704 -0.914881 62.769135 410.955959 -401.497778
-3.339098 3.911029 11.815718 -3.339098 3.911029 11.815718 0.820980 0.467363 -1.094622 167.338672 451.241106 -197.640306
-2.811041 4.271926 11.135122 -2.811041 4.271926 11.135122 0.948125 0.734389 -1.154445 256.476936 438.848157 -1.771378
-2.189314 4.786901 10.452204 -2.189314 4.786901 10.452204 1.135443 0.974442 -1.105169 367.915568 361.325733 166.025601
-1.437657 5.428759 9.827748 -1.437657 5.428759 9.827748 1.377021 1.152009 -0.961748 437.345851 230.565436 312.045886
-0.530469 6.151552 9.312355 -0.530469 6.151552 9.312355 1.650693 1.240777 -0.747083 474.894479 65.327189 403.502730
0.544056 6.896655 8.937857 0.544056 6.896655 8.937857 1.928772 1.224364 -0.499375 452.034559 -120.035770 422.191560
1.777825 7.599540 8.712625 1.777825 7.599540 8.712625 2.175690 1.101708 -0.254067 371.024173 -288.817403 395.499624
3.142220 8.199278 8.627468 3.142220 8.199278 8.627468 2.359288 0.881916 -0.036300 240.970512 -443.824678 330.393132
4.591393 8.641301 8.659305 4.591393 8.641301 8.659305 2.454997 0.579436 0.132666 78.059035 -564.440584 232.825410
6.066679 8.885516 8.773458 6.066679 8.885516 8.773458 2.443020 0.231530 0.235589 -117.981043 -595.244776 110.249940
7.499230 8.918769 8.929020 7.499230 8.918769 8.929020 2.312105 -0.118218 0.273556 -318.403659 -570.584575 16.307968
8.818389 8.749786 9.090943 8.818389 8.749786 9.090943 2.067108 -0.437302 0.257613 -498.252336 -493.026444 -69.450741
9.961833 8.409049 9.230058 9.961833 8.409049 9.230058 1.732479 -0.681177 0.201180 -617.177853 -319.890227 -118.657828
10.886498 7.951640 9.328355 10.886498 7.951640 9.328355 1.343522 -0.828723 0.124721 -679.347253 -171.929335 -136.208693
11.570329 7.423459 9.378669 11.570329 7.423459 9.378669 0.935913 -0.931880 0.042995 -679.347253 -171.929335 -136.208693
