-10.661595 -5.282136 -8.365618 -10.661595 -5.282136 -8.365618 1.876607 1.208735 1.974454 46.758423 -131.653076 122.206469
-9.527214 -4.580592 -7.158949 -9.527214 -4.580592 -7.158949 1.904662 1.129743 2.047778 46.758423 -131.653076 122.206469
-8.382607 -3.934212 -5.918511 -8.382607 -3.934212 -5.918511 1.899684 1.011911 2.069969 -63.353830 -261.118470 -48.233679
-7.263743 -3.381437 -4.697457 -7.263743 -3.381437 -4.697457 1.813960 0.818387 1.979804 -222.391300 -383.961626 -252.318541
-6.220250 -2.963306 -3.564449 -6.220250 -2.963306 -3.564449 1.656259 0.569067 1.781128 -303.279497 -447.106107 -409.933396
-5.280899 -2.701518 -2.574356 -5.280899 -2.701518 -2.574356 1.475224 0.304942 1.511186 -300.171109 -433.311149 -489.874491
-4.448370 -2.593162 -1.757199 -4.448370 -2.593162 -1.757199 1.302249 0.061885 1.210376 -276.410791 -376.879839 -512.823323
-3.713474 -2.617623 -1.121632 -3.713474 -2.617623 -1.121632 1.152904 -0.133006 0.910932 -221.406930 -272.754513 -485.323622
-3.056733 -2.738702 -0.657336 -3.056733 -2.738702 -0.657336 1.044321 -0.257562 0.645208 -140.536780 -142.432769 -400.424455
-2.450034 -2.909652 -0.334457 -2.450034 -2.909652 -0.334457 0.987014 -0.296892 0.444107 -50.484259 11.331163 -269.910638
-1.862700 -3.077448 -0.108380 -1.862700 -3.077448 -0.108380 0.977786 -0.248596 0.323146 19.723607 149.658103 -133.293814
-1.269604 -3.194258 0.068239 -1.269604 -3.194258 0.068239 1.003994 -0.131757 0.276789 67.637619 239.804607 -21.229359
-0.653633 -3.226884 0.237111 -0.653633 -3.226884 0.237111 1.051573 0.028440 0.297148 90.957346 294.182994 89.093253
-0.006680 -3.155763 0.436713 -0.006680 -3.155763 0.436713 1.104331 0.210471 0.376989 84.901872 312.589350 177.043549
0.667397 -2.975221 0.696672 0.667397 -2.975221 0.696672 1.136254 0.387990 0.492701 21.507789 279.138623 208.662468
1.349292 -2.697284 1.028583 1.349292 -2.697284 1.028583 1.130517 0.529964 0.611556 -40.630635 194.109838 187.518740
2.016750 -2.349933 1.426852 2.016750 -2.349933 1.426852 1.088444 0.618596 0.711978 -99.613203 101.329320 147.221346
2.647862 -1.966994 1.877372 2.647862 -1.966994 1.877372 1.008557 0.647104 0.784478 -166.676275 -6.301837 94.446686
3.221309 -1.586235 2.360915 3.221309 -1.586235 2.360915 0.900124 0.611476 0.820425 -194.766142 -112.457741 25.377118
3.726482 -1.243530 2.854099 3.726482 -1.243530 2.854099 0.784048 0.524308 0.817458 -192.152610 -178.102872 -35.267428
4.165441 -0.963098 3.336609 4.165441 -0.963098 3.336609 0.684342 0.406976 0.788214 -140.201758 -213.004962 -62.212033
4.556110 -0.756662 3.798333 4.556110 -0.756662 3.798333 0.626725 0.282131 0.750851 -51.855290 -203.143963 -62.330232
4.929987 -0.619974 4.239071 4.929987 -0.619974 4.239071 0.631492 0.180119 0.720687 67.744723 -136.897989 -38.218386
5.329535 -0.531736 4.669104 5.329535 -0.531736 4.669104 0.714432 0.122024 0.720260 208.721327 -56.748989 36.795276
5.804481 -0.461745 5.113468 5.804481 -0.461745 5.113468 0.883247 0.122933 0.770260 353.995688 59.777323 129.872539
6.404732 -0.370046 5.604326 6.404732 -0.370046 5.604326 1.128567 0.194694 0.874807 463.739610 179.425578 218.617508
7.170171 -0.215139 6.173169 7.170171 -0.215139 6.173169 1.430936 0.331317 1.029016 544.156895 275.986101 295.411109
8.129144 0.037763 6.847244 8.129144 0.037763 6.847244 1.769744 0.519082 1.223721 585.202785 349.897278 353.604965
9.294002 0.412951 7.646307 9.294002 0.412951 7.646307 2.109240 0.732808 1.441789 546.449741 362.521511 373.289574
10.651232 0.915692 8.576477 10.651232 0.915692 8.576477 2.403736 0.939331 1.655287 435.204778 325.887136 338.370564
12.162145 1.533920 9.625232 12.162145 1.533920 9.625232 2.616534 1.114713 1.831687 274.120117 258.721945 249.629064
13.769613 2.241723 10.761178 13.769613 2.241723 10.761178 2.722036 1.231972 1.941470 77.554154 132.138953 116.312917
15.404246 2.994765 11.936689 15.404246 2.994765 11.936689 2.705827 1.261626 1.959719 -131.585534 -33.290636 -55.482509
16.990631 3.736120 13.091460 16.990631 3.736120 13.091460 2.559746 1.193508 1.871064 -355.348487 -193.768690 -240.032102
18.450226 4.408921 14.160177 18.450226 4.408921 14.160177 2.285087 1.035122 1.673465 -560.181840 -334.185124 -418.631944
19.712950 4.962964 15.080070 19.712950 4.962964 15.080070 1.911498 0.800224 1.378124 -685.116829 -448.807817 -565.837007
20.733072 5.358227 15.798924 20.733072 5.358227 15.798924 1.483149 0.510508 1.007772 -742.713341 -516.912985 -668.672794
21.489143 5.571305 16.281067 21.489143 5.571305 16.281067 1.036876 0.199451 0.595775 -744.863784 -519.944829 -704.648043
21.981690 5.600900 16.513330 21.981690 5.600900 16.513330 0.612441 -0.094946 0.181157 -669.918993 -461.378265 -677.411227
22.238044 5.468412 16.506567 22.238044 5.468412 16.506567 0.257863 -0.334130 -0.192905 -512.005694 -335.901804 -569.462854
22.313608 5.216424 16.298939 22.313608 5.216424 16.298939 0.015695 -0.490913 -0.481490 -295.220924 -186.705670 -392.489099
22.283319 4.899953 15.951775 22.283319 4.899953 15.951775 -0.094268 -0.544515 -0.655097 -71.321859 8.031194 -186.200461
22.226718 4.586728 15.539240 22.226718 4.586728 15.539240 -0.073073 -0.479504 -0.696618 141.970590 208.671613 47.798793
22.220914 4.345680 15.143888 22.220914 4.345680 15.143888 0.074535 -0.308834 -0.597866 350.055374 360.229402 281.372909
22.338584 4.232482 14.847865 22.338584 4.232482 14.847865 0.334261 -0.056394 -0.368791 515.697168 481.235071 482.211952
22.637604 4.289215 14.721171 22.637604 4.289215 14.721171 0.671868 0.252086 -0.040552 609.661365 547.031588 611.916439
23.150463 4.538932 14.806985 23.150463 4.538932 14.806985 1.037665 0.580305 0.326598 609.661365 547.031588 611.916439
