-8.003303 -2.136416 -5.779168 -8.003303 -2.136416 -5.779168 0.721890 0.910713 -0.452429 -177.187436 -544.171379 289.200404
-7.602063 -1.687939 -5.998570 -7.602063 -1.687939 -5.998570 0.615578 0.584211 -0.278909 -177.187436 -544.171379 289.200404
-7.261146 -1.434850 -6.104141 -7.261146 -1.434850 -6.104141 0.526585 0.260276 -0.056798 -119.455936 -535.610938 451.169213
-6.961230 -1.372147 -6.046586 -6.961230 -1.372147 -6.046586 0.482246 -0.046357 0.266016 -28.341002 -486.499260 624.877207
-6.672845 -1.480573 -5.768354 -6.672845 -1.480573 -5.768354 0.485938 -0.303465 0.671666 40.648114 -370.525842 727.290846
-6.370807 -1.719443 -5.233075 -6.370807 -1.719443 -5.233075 0.526122 -0.476260 1.114877 93.297981 -205.457095 750.077563
-6.038287 -2.031376 -4.432132 -6.038287 -2.031376 -4.432132 0.582366 -0.545509 1.549935 94.184723 -25.372616 700.115427
-5.673626 -2.351798 -3.383770 -5.673626 -2.351798 -3.383770 0.630317 -0.503482 1.931908 65.651022 165.460003 573.129795
-5.286229 -2.614869 -2.132193 -5.286229 -2.614869 -2.132193 0.656654 -0.358027 2.222129 22.138713 319.392000 394.272739
-4.891762 -2.766269 -0.741196 -4.891762 -2.766269 -0.741196 0.652386 -0.136767 2.392442 -36.366812 418.139571 173.436084
-4.511456 -2.769578 0.710275 -4.511456 -2.769578 0.710275 0.607666 0.131547 2.420443 -112.697415 476.242307 -80.099105
-4.171543 -2.605118 2.134805 -4.171543 -2.605118 2.134805 0.518045 0.416333 2.305790 -186.041259 473.042701 -302.077203
-3.895254 -2.273417 3.452748 -3.895254 -2.273417 3.452748 0.401165 0.683927 2.068758 -203.557591 418.936934 -488.029264
-3.690714 -1.794193 4.597799 -3.690714 -1.794193 4.597799 0.281436 0.902589 1.734148 -195.538833 309.937848 -627.337033
-3.554351 -1.204985 5.521663 -3.554351 -1.204985 5.521663 0.177609 1.047879 1.339225 -150.552789 174.360319 -689.074267
-3.469025 -0.554100 6.201228 -3.469025 -0.554100 6.201228 0.116575 1.106361 0.926097 -52.892174 20.582753 -688.018985
-3.400721 0.105350 6.638144 -3.400721 0.105350 6.638144 0.124237 1.078352 0.538792 78.431373 -113.948757 -602.996770
-3.303113 0.726006 6.861067 -3.303113 0.726006 6.861067 0.216039 0.980760 0.217933 227.574124 -211.356505 -466.532823
-3.123658 1.272305 6.918147 -3.123658 1.272305 6.918147 0.396924 0.833381 -0.010508 375.378331 -279.908139 -294.938235
-2.809610 1.721238 6.870260 -2.809610 1.721238 6.870260 0.663776 0.661877 -0.129940 514.125701 -291.771606 -103.169564
-2.313421 2.067171 6.785034 -2.313421 2.067171 6.785034 0.999160 0.493443 -0.135295 603.821880 -269.673577 85.322302
-1.603211 2.319747 6.727650 -1.603211 2.319747 6.727650 1.371583 0.356896 -0.041929 637.589148 -185.482833 225.895335
-0.667421 2.506489 6.749618 -0.667421 2.506489 6.749618 1.744505 0.275562 0.125930 605.482654 -85.631131 333.633959
0.482758 2.662223 6.889620 0.482758 2.662223 6.889620 2.080241 0.253231 0.348060 513.637584 11.195594 406.800880
1.814740 2.823022 7.171725 1.814740 2.823022 7.171725 2.345337 0.294175 0.592365 370.016431 125.283678 407.548067
3.275977 3.025697 7.597047 3.275977 3.025697 7.597047 2.504507 0.387442 0.819618 160.550945 185.604519 349.964710
4.794216 3.292946 8.146966 4.794216 3.292946 8.146966 2.534013 0.505677 1.005370 -62.196706 208.514436 269.205624
6.289743 3.634211 8.792280 6.289743 3.634211 8.792280 2.428268 0.632415 1.135069 -290.287971 213.943940 163.126803
7.683018 4.049025 9.496666 7.683018 4.049025 9.496666 2.196926 0.745057 1.202851 -480.853235 161.528758 62.812442
8.905535 4.519037 10.224919 8.905535 4.519037 10.224919 1.862989 0.811488 1.216720 -632.267775 59.910173 -16.581631
9.904616 5.009720 10.947974 9.904616 5.009720 10.947974 1.459106 0.812466 1.186806 -714.010629 -56.651209 -83.133224
10.652039 5.480484 11.642728 10.652039 5.480484 11.642728 1.033110 0.745883 1.125102 -705.974922 -165.292798 -122.546994
11.148696 5.891700 12.296157 11.148696 5.891700 12.296157 0.628856 0.613902 1.053704 -641.539689 -274.645024 -115.446353
11.418728 6.206310 12.910899 11.418728 6.206310 12.910899 0.284910 0.427641 1.000936 -504.947337 -346.222756 -60.445335
11.510974 6.399798 13.503857 11.510974 6.399798 13.503857 0.042892 0.216026 0.981053 -301.776880 -359.161463 -5.832345
11.495755 6.466299 14.094162 11.495755 6.466299 14.094162 -0.071347 0.008202 0.991165 -79.019836 -333.584453 39.537622
11.452133 6.414979 14.699349 11.452133 6.414979 14.699349 -0.051710 -0.172931 1.031744 144.474247 -270.192955 95.727351
11.459491 6.270672 15.337581 11.459491 6.270672 15.337581 0.096868 -0.294615 1.098955 350.785245 -135.418707 128.309647
11.590899 6.078369 16.018677 11.590899 6.078369 16.018677 0.358071 -0.331661 1.169080 519.893844 11.929847 105.439306
11.905414 5.890621 16.736202 11.905414 5.890621 16.736202 0.700465 -0.278995 1.217833 621.419682 163.623538 57.071827
12.439432 5.761932 17.472417 12.439432 5.761932 17.472417 1.082730 -0.134543 1.228284 652.795520 317.882641 -22.237245
13.203704 5.745406 18.198408 13.203704 5.745406 18.198408 1.460062 0.091091 1.180062 604.977542 434.231489 -138.500231
14.183185 5.882030 18.873560 14.183185 5.882030 18.873560 1.795791 0.370669 1.057182 514.119452 497.696467 -271.100307
15.345287 6.193798 19.451985 15.345287 6.193798 19.451985 2.064693 0.668192 0.859092 382.220244 494.047093 -389.199146
16.641932 6.679115 19.891459 16.641932 6.679115 19.891459 2.239169 0.941989 0.595946 199.365887 418.608248 -487.954832
18.012139 7.313530 20.157524 18.012139 7.313530 20.157524 2.312887 1.162513 0.284819 46.362935 316.472372 -549.134519
19.408216 8.068003 20.229572 19.408216 8.068003 20.229572 2.340705 1.352397 -0.044661 46.362935 316.472372 -549.134519
