5.983728 2.596460 -9.346323 5.983728 2.596460 -9.346323 -1.331675 0.729540 0.532286 374.833520 -386.109083 308.918552
5.252192 2.964684 -8.971346 5.252192 2.964684 -8.971346 -1.106775 0.497874 0.717637 374.833520 -386.109083 308.918552
4.663001 3.187768 -8.486667 4.663001 3.187768 -8.486667 -0.844857 0.235504 0.895444 498.227859 -488.457984 283.770660
4.253461 3.236273 -7.901611 4.253461 3.236273 -7.901611 -0.507456 -0.081942 1.049265 626.439804 -569.694320 228.967380
4.063542 3.084541 -7.237433 4.063542 3.084541 -7.237433 -0.122613 -0.423872 1.153670 656.370324 -570.073281 119.048156
4.105162 2.732063 -6.532727 4.105162 2.732063 -6.532727 0.256417 -0.743625 1.180475 607.065426 -495.769642 -29.695643
4.362339 2.204601 -5.839670 4.362339 2.204601 -5.839670 0.590927 -1.001326 1.113241 507.966534 -363.233681 -194.418310
4.799350 1.547787 -5.215210 4.799350 1.547787 -5.215210 0.850813 -1.172448 0.954144 358.318734 -207.174926 -335.906012
5.364026 0.818916 -4.710264 5.364026 0.818916 -4.710264 1.014257 -1.237310 0.717211 186.497524 -9.028968 -453.868967
5.995147 0.086405 -4.367307 5.995147 0.086405 -4.367307 1.071142 -1.185227 0.416527 3.118420 182.636857 -548.412290
6.628150 -0.582053 -4.216984 6.628150 -0.582053 -4.216984 1.021794 -1.026625 0.083083 -167.613286 346.035852 -563.068326
7.204116 -1.128482 -4.265608 7.204116 -1.128482 -4.265608 0.886529 -0.782706 -0.240366 -283.269861 467.027446 -515.094043
7.680512 -1.510089 -4.496502 7.680512 -1.510089 -4.496502 0.693902 -0.482726 -0.519212 -358.817847 532.905714 -414.392992
8.030650 -1.703810 -4.872141 8.030650 -1.703810 -4.872141 0.470531 -0.163027 -0.715450 -385.754647 532.759270 -239.733961
8.244862 -1.709926 -5.331403 8.244862 -1.709926 -5.331403 0.245727 0.135646 -0.793491 -363.589576 462.818379 -20.401221
8.330929 -1.552108 -5.797837 8.330929 -1.552108 -5.797837 0.047957 0.378951 -0.739067 -295.646937 348.198748 201.813067
8.312005 -1.270192 -6.192725 8.312005 -1.270192 -6.192725 -0.101839 0.547221 -0.556851 -203.669963 212.699477 405.573298
8.220015 -0.913506 -6.441951 8.220015 -0.913506 -6.441951 -0.195176 0.625174 -0.254102 -107.456298 47.144642 603.590865
8.088634 -0.540007 -6.478273 8.088634 -0.540007 -6.478273 -0.234315 0.603003 0.145518 -23.005602 -121.047851 728.474980
7.947374 -0.207720 -6.256809 7.947374 -0.207720 -6.256809 -0.230767 0.491746 0.597739 34.833034 -249.807947 778.928392
7.817204 0.037694 -5.758250 7.817204 0.037694 -5.758250 -0.199767 0.318520 1.063642 68.500853 -327.614060 774.080462
7.710155 0.168554 -4.986984 7.710155 0.168554 -4.986984 -0.156263 0.115543 1.496824 76.510842 -348.976529 669.861134
7.628313 0.175799 -3.978475 7.628313 0.175799 -3.978475 -0.119637 -0.090167 1.847935 45.577443 -336.723753 500.510186
7.561031 0.064601 -2.791256 7.561031 0.064601 -2.791256 -0.110809 -0.274640 2.090073 -16.151398 -278.184950 306.615177
7.487502 -0.143926 -1.495406 7.487502 -0.143926 -1.495406 -0.141183 -0.409901 2.207119 -85.096704 -172.683616 83.537013
7.384281 -0.413360 -0.171035 7.384281 -0.413360 -0.171035 -0.208208 -0.475560 2.182556 -138.320717 -46.182772 -165.412573
7.232495 -0.699929 1.097019 7.232495 -0.699929 1.097019 -0.301018 -0.467872 2.024780 -171.043796 71.809831 -360.507766
7.021213 -0.961814 2.239214 7.021213 -0.961814 2.239214 -0.403058 -0.395221 1.769571 -169.091741 170.360410 -490.188867
6.751726 -1.164872 3.207006 6.751726 -1.164872 3.207006 -0.490591 -0.275958 1.446872 -122.684172 227.185495 -585.475710
6.440187 -1.288181 3.968627 6.440187 -1.288181 3.968627 -0.539706 -0.132782 1.090006 -41.032978 250.066721 -604.076776
6.115854 -1.324702 4.517364 6.115854 -1.324702 4.517364 -0.529946 0.007935 0.744897 73.567039 218.989270 -546.286779
5.818921 -1.283738 4.871430 5.818921 -1.283738 4.871430 -0.446843 0.123257 0.444424 203.444783 165.417307 -455.288836
5.595734 -1.185442 5.065459 5.595734 -1.185442 5.065459 -0.283279 0.195340 0.217883 341.765928 74.861025 -299.846462
5.494938 -1.062154 5.151380 5.494938 -1.062154 5.151380 -0.039952 0.203299 0.083792 469.324494 -48.333894 -147.124964
5.560376 -0.954717 5.185589 5.560376 -0.954717 5.185589 0.266296 0.145087 0.047597 551.501985 -145.703841 26.474277
5.821295 -0.897967 5.226530 5.821295 -0.897967 5.226530 0.606556 0.037290 0.101566 582.698294 -213.621164 153.422904
6.288181 -0.916775 5.320216 6.288181 -0.916775 5.320216 0.946506 -0.104536 0.219275 550.469344 -259.132687 238.939653
6.949520 -1.025538 5.498562 6.949520 -1.025538 5.498562 1.248542 -0.257003 0.381500 456.316172 -249.088962 301.809832
7.772343 -1.221256 5.782569 7.772343 -1.221256 5.782569 1.480139 -0.389857 0.566490 315.673394 -193.759465 314.823617
8.705504 -1.484421 6.176017 8.705504 -1.484421 6.176017 1.610825 -0.477978 0.739814 119.948776 -99.977319 262.923545
9.679646 -1.780392 6.662836 9.679646 -1.780392 6.662836 1.613075 -0.493909 0.875593 -112.448289 46.876555 189.672831
10.617169 -2.061353 7.218891 10.617169 -2.061353 7.218891 1.495197 -0.431049 0.972185 -280.480308 162.656016 132.299880
11.463800 -2.290704 7.826015 11.463800 -2.290704 7.826015 1.326909 -0.333455 1.051564 -280.480308 162.656016 132.299880
