-7.129744 3.702896 5.888810 -7.129744 3.702896 5.888810 2.337915 0.013393 -0.001443 165.423468 67.564480 -144.411643
-5.697219 3.723093 5.861950 -5.697219 3.723093 5.861950 2.437169 0.053932 -0.088090 165.423468 67.564480 -144.411643
-4.215928 3.773177 5.792489 -4.215928 3.773177 5.792489 2.482490 0.122284 -0.127800 -14.351800 160.275428 12.042524
-2.743110 3.881323 5.727555 -2.743110 3.881323 5.727555 2.403414 0.248079 -0.072685 -249.236389 259.042324 171.675727
-1.357434 4.080032 5.721370 -1.357434 4.080032 5.721370 2.196321 0.419672 0.062941 -441.075344 312.934047 280.409955
-0.128441 4.388841 5.813281 -0.128441 4.388841 5.813281 1.884646 0.610819 0.249552 -597.839602 324.221878 341.627229
0.889071 4.810469 6.024086 0.889071 4.810469 6.024086 1.497619 0.789238 0.452431 -692.250662 270.507364 334.637128
1.662479 5.326823 6.353637 1.662479 5.326823 6.353637 1.079480 0.922141 0.642501 -701.546512 172.502772 298.927870
2.186905 5.903420 6.788974 2.186905 5.903420 6.788974 0.673634 0.986952 0.802007 -651.272546 43.533108 232.759486
2.480968 6.493579 7.306493 2.480968 6.493579 7.306493 0.318430 0.963830 0.913751 -532.739729 -120.605041 139.721464
2.587956 7.040932 7.874242 2.587956 7.040932 7.874242 0.057897 0.845291 0.969328 -335.704957 -274.526813 45.533847
2.575874 7.490748 8.458960 2.575874 7.490748 8.458960 -0.075492 0.640854 0.971270 -108.923899 -406.927389 -39.059430
2.524649 7.796534 9.031782 2.524649 7.796534 9.031782 -0.072461 0.369297 0.933288 119.025001 -498.262589 -87.549706
2.516060 7.926092 9.575180 2.516060 7.926092 9.575180 0.066268 0.058677 0.876681 343.406256 -537.140010 -101.137625
2.628635 7.865432 10.084278 2.628635 7.865432 10.084278 0.327316 -0.259512 0.822469 526.752652 -523.488143 -79.571281
2.926724 7.621570 10.566064 2.926724 7.621570 10.566064 0.677788 -0.543241 0.787864 641.487309 -422.276686 -35.776887
3.452406 7.228151 11.035742 3.452406 7.228151 11.035742 1.080388 -0.753926 0.783396 700.514221 -280.006281 20.883369
4.225783 6.734948 11.514021 4.225783 6.734948 11.514021 1.495956 -0.874163 0.818336 684.711630 -120.783006 95.584028
5.241043 6.199754 12.024966 5.241043 6.199754 12.024966 1.878975 -0.891409 0.889377 592.019679 63.295307 141.218961
6.466089 5.687789 12.584694 6.466089 5.687789 12.584694 2.189673 -0.795995 0.977517 443.637847 254.752496 152.579695
7.848481 5.266031 13.198033 7.848481 5.266031 13.198033 2.399526 -0.593226 1.065890 255.872741 421.144550 141.998321
9.323297 4.991395 13.860219 9.323297 4.991395 13.860219 2.498264 -0.313071 1.136547 73.255915 512.703884 93.524933
10.824173 4.897742 14.552681 10.824173 4.897742 14.552681 2.485877 0.004068 1.161160 -114.546589 544.428271 -11.481989
12.285828 4.996690 15.239649 12.285828 4.996690 15.239649 2.370881 0.323276 1.115961 -268.774585 519.598609 -139.180883
13.653433 5.278952 15.876318 13.653433 5.278952 15.876318 2.176898 0.608877 0.993177 -377.833160 432.403184 -270.099967
14.888575 5.714290 16.415309 14.888575 5.714290 16.415309 1.935261 0.829217 0.789635 -427.626255 302.062332 -408.374379
15.972378 6.255224 16.808798 15.972378 6.255224 16.808798 1.676784 0.955615 0.510688 -433.963501 119.266009 -521.448636
16.903351 6.838295 17.017405 16.903351 6.838295 17.017405 1.431488 0.968347 0.178090 -383.688191 -76.827417 -587.209783
17.698165 7.395455 17.018034 17.698165 7.395455 17.018034 1.226196 0.872156 -0.176869 -300.618837 -243.807766 -595.989024
18.386154 7.867290 16.808452 18.386154 7.867290 16.808452 1.077743 0.688002 -0.515377 -194.225822 -370.037657 -532.370911
19.003380 8.207185 16.410495 19.003380 8.207185 16.410495 0.988913 0.434483 -0.799317 -101.873697 -475.028059 -414.093517
19.583315 8.380349 15.865887 19.583315 8.380349 15.865887 0.952409 0.139363 -1.000179 -19.804851 -508.704516 -255.448468
20.155240 8.374280 15.231681 20.155240 8.374280 15.231681 0.960747 -0.156459 -1.094038 47.598629 -477.368539 -57.413739
20.740885 8.200334 14.578746 20.740885 8.200334 14.578746 0.992451 -0.413603 -1.059372 58.079326 -379.779424 172.965666
21.345480 7.891415 13.987794 21.345480 7.891415 13.987794 1.020651 -0.603454 -0.887909 35.919794 -253.055235 398.579307
21.962487 7.490774 13.534939 21.962487 7.490774 13.534939 1.032958 -0.720382 -0.608028 5.105553 -136.704834 534.356584
22.583181 7.033938 13.266307 22.583181 7.033938 13.266307 1.036021 -0.802405 -0.287414 5.105553 -136.704834 534.356584
