-2.045741 2.548103 9.540007 -2.045741 2.548103 9.540007 1.222882 0.501416 0.098468 587.745731 -553.387972 -50.883730
-1.206218 2.749342 9.589929 -1.206218 2.749342 9.589929 1.575530 0.169383 0.067938 587.745731 -553.387972 -50.883730
-0.161735 2.757793 9.627359 -0.161735 2.757793 9.627359 1.895029 -0.130497 0.066538 477.254012 -446.211750 46.219321
1.052045 2.606078 9.678448 1.052045 2.606078 9.678448 2.135668 -0.363717 0.108505 324.873497 -331.187582 93.668537
2.381537 2.337365 9.761674 2.381537 2.337365 9.761674 2.278660 -0.516775 0.171022 151.767021 -179.005887 114.721641
3.766068 2.006869 9.883646 3.766068 2.006869 9.883646 2.319805 -0.565231 0.233397 -14.615743 17.486901 93.195499
5.147016 1.683051 10.037441 5.147016 1.683051 10.037441 2.269518 -0.493874 0.274222 -153.008790 220.369436 42.889090
6.473505 1.436006 10.205871 6.473505 1.436006 10.205871 2.139309 -0.313587 0.280842 -281.022129 380.584538 -20.824070
7.704502 1.322350 10.366494 7.704502 1.322350 10.366494 1.960675 -0.055281 0.247678 -314.421750 480.436405 -89.722561
8.822529 1.380012 10.497790 8.822529 1.380012 10.497790 1.763110 0.254742 0.188043 -344.128659 552.972624 -109.061436
9.818452 1.632392 10.590985 9.818452 1.632392 10.590985 1.556633 0.586525 0.122606 -344.128659 552.972624 -109.061436
