-3.572902 4.877505 2.254806 -3.572902 4.877505 2.254806 0.413799 0.137784 1.430682 439.425028 -85.514200 75.362467
-3.245527 4.944782 3.126781 -3.245527 4.944782 3.126781 0.677454 0.086476 1.475900 439.425028 -85.514200 75.362467
-2.759714 4.987282 4.021267 -2.759714 4.987282 4.021267 0.942328 0.065199 1.498019 443.490357 14.592745 -1.630716
-2.115889 5.034867 4.912937 -2.115889 5.034867 4.912937 1.201423 0.103151 1.462799 420.158930 111.913729 -115.769396
-1.323600 5.120863 5.761722 -1.323600 5.120863 5.761722 1.432548 0.190102 1.353060 350.258607 177.922646 -250.028854
-0.406558 5.269421 6.521917 -0.406558 5.269421 6.521917 1.615035 0.309212 1.169862 258.031003 219.109910 -360.630052
0.601947 5.494066 7.152959 0.601947 5.494066 7.152959 1.735045 0.439069 0.923678 142.002979 213.748373 -459.984782
1.662132 5.792164 7.621450 1.662132 5.792164 7.621450 1.788232 0.548226 0.633091 35.285546 150.107024 -508.638932
2.736865 6.142011 7.909513 2.736865 6.142011 7.909513 1.786620 0.607752 0.326727 -40.659203 48.313540 -512.573508
3.798314 6.508323 8.016577 3.798314 6.508323 8.016577 1.746201 0.601563 0.035636 -94.068989 -68.944133 -457.729629
4.828854 6.850000 7.962903 4.828854 6.850000 7.962903 1.688518 0.525940 -0.202320 -98.210670 -183.131817 -335.457797
5.825010 7.125431 7.791560 5.825010 7.125431 7.791560 1.633209 0.380217 -0.351436 -86.151460 -302.612637 -161.593429
6.792141 7.293690 7.562942 6.792141 7.293690 7.562942 1.595082 0.171647 -0.391745 -40.939398 -392.619680 27.227906
7.745774 7.324425 7.344927 7.745774 7.324425 7.344927 1.590285 -0.071835 -0.314752 24.951385 -418.987046 229.417523
8.708048 7.206914 7.209143 8.708048 7.206914 7.209143 1.623313 -0.318189 -0.118243 85.141852 -402.194419 425.610899
9.699256 6.947027 7.224244 9.699256 6.947027 7.224244 1.683868 -0.542397 0.184311 116.708591 -345.164267 582.904153
10.731224 6.566727 7.445390 10.731224 6.566727 7.445390 1.757093 -0.713158 0.562232 127.372772 -224.040009 676.831158
11.806207 6.108797 7.905677 11.806207 6.108797 7.905677 1.822519 -0.796118 0.973922 90.713662 -52.492850 695.470206
12.911839 5.631841 8.611223 12.911839 5.631841 8.611223 1.855910 -0.776799 1.371245 20.589163 116.889074 628.938242
14.023649 5.195821 9.540117 14.023649 5.195821 9.540117 1.841052 -0.661565 1.713298 -70.113326 267.226198 511.237594
15.108090 4.855242 10.649957 15.108090 4.855242 10.649957 1.761135 -0.459933 1.969237 -196.276050 404.880031 341.893189
16.122057 4.658305 11.878273 16.122057 4.658305 11.878273 1.606444 -0.186284 2.100535 -319.361662 507.284603 95.767101
17.022489 4.638932 13.141383 17.022489 4.638932 13.141383 1.385080 0.123513 2.085750 -418.519798 525.371241 -145.049696
17.773824 4.805299 14.353654 17.773824 4.805299 14.353654 1.112074 0.427201 1.933372 -491.498861 486.921820 -362.876589
18.350336 5.143581 15.437617 18.350336 5.143581 15.437617 0.805862 0.690930 1.661931 -529.207568 392.173587 -541.927330
18.740680 5.619770 16.329089 18.740680 5.619770 16.329089 0.498756 0.881433 1.296077 -494.478193 242.835474 -677.586129
18.957380 6.181532 16.980213 18.957380 6.181532 16.980213 0.234329 0.973095 0.866738 -386.947778 62.707211 -753.545924
19.036434 6.764952 17.366323 19.036434 6.764952 17.366323 0.042697 0.952094 0.423143 -251.825813 -132.712281 -725.101547
19.027540 7.301442 17.494780 19.027540 7.301442 17.494780 -0.054315 0.818078 0.013527 -71.547622 -314.006861 -640.285733
18.995302 7.727400 17.395624 18.995302 7.727400 17.395624 -0.031094 0.587837 -0.330749 148.953263 -453.464407 -507.300770
19.014536 7.992959 17.117398 19.014536 7.992959 17.117398 0.113674 0.288162 -0.577443 333.606464 -545.450975 -315.013349
19.152711 8.065519 16.725269 19.152711 8.065519 16.725269 0.363444 -0.049888 -0.711254 498.958532 -581.381861 -131.023360
19.468904 7.933424 16.286379 19.468904 7.933424 16.286379 0.704392 -0.386287 -0.732634 637.535278 -539.947165 59.757720
20.009454 7.610118 15.866319 20.009454 7.610118 15.866319 1.102704 -0.681973 -0.652963 690.171530 -445.674165 205.812362
20.793490 7.129542 15.519232 20.793490 7.129542 15.519232 1.507723 -0.905233 -0.491249 659.893542 -298.526601 333.233481
21.809655 6.544063 15.287151 21.809655 6.544063 15.287151 1.867409 -1.027371 -0.277878 539.058230 -108.599094 378.003132
23.019294 5.917165 15.188476 23.019294 5.917165 15.188476 2.151660 -1.047170 -0.051019 408.446373 42.603311 378.194470
24.383811 5.296532 15.225940 24.383811 5.296532 15.225940 2.396728 -1.021608 0.175898 408.446373 42.603311 378.194470
