-0.679115 -3.030585 -5.399523 -0.679115 -3.030585 -5.399523 2.676426 -0.256905 0.470106 -322.194047 395.506689 -507.667241
0.868746 -3.113537 -5.208840 0.868746 -3.113537 -5.208840 2.483110 -0.019601 0.165506 -322.194047 395.506689 -507.667241
2.294180 -3.049610 -5.196500 2.294180 -3.049610 -5.196500 2.257609 0.240188 -0.117012 -429.474891 470.457324 -434.059567
3.566685 -2.817175 -5.338063 3.566685 -2.817175 -5.338063 1.976151 0.540658 -0.343571 -508.720705 531.108156 -321.136441
4.660757 -2.397842 -5.594504 4.660757 -2.397842 -5.594504 1.670677 0.856019 -0.498720 -509.525278 520.095430 -196.027387
5.574151 -1.794874 -5.919856 5.574151 -1.794874 -5.919856 1.378470 1.146773 -0.570516 -464.497991 449.085110 -43.290701
6.322626 -1.034624 -6.261636 6.322626 -1.034624 -6.261636 1.124788 1.372978 -0.554879 -381.109449 304.932071 95.413246
6.937180 -0.166557 -6.572168 6.937180 -0.166557 -6.572168 0.937527 1.502901 -0.471528 -243.093342 128.144897 182.422816
7.463230 0.747380 -6.818570 7.463230 0.747380 -6.818570 0.828124 1.525437 -0.343680 -121.582404 -53.027509 243.737533
7.944410 1.641518 -6.979874 7.944410 1.641518 -6.979874 0.786129 1.435724 -0.192279 -18.401554 -246.014532 260.934134
8.418594 2.449571 -7.048842 8.418594 2.449571 -7.048842 0.804180 1.242622 -0.038562 78.573681 -397.659929 251.453034
8.918893 3.116068 -7.031006 8.918893 3.116068 -7.031006 0.869560 0.966541 0.090869 139.358549 -522.610320 179.985494
9.465896 3.598363 -6.947987 9.465896 3.598363 -6.947987 0.954092 0.635176 0.179360 142.413171 -581.936728 114.983000
10.062425 3.876489 -6.822449 10.062425 3.876489 -6.822449 1.031736 0.294858 0.234474 116.401132 -552.457086 68.730203
10.699806 3.958675 -6.672745 10.699806 3.958675 -6.672745 1.088512 -0.013048 0.258953 72.853311 -473.896440 12.868606
11.362590 3.873299 -6.516793 11.362590 3.873299 -6.516793 1.115041 -0.258618 0.257994 15.574811 -344.670031 -16.066674
12.030382 3.666080 -6.364414 12.030382 3.666080 -6.364414 1.104204 -0.415456 0.250729 -51.695940 -178.123397 -8.150775
12.680566 3.395318 -6.212631 12.680566 3.395318 -6.212631 1.058019 -0.469463 0.259903 -102.254752 -1.901496 38.733338
13.296040 3.123724 -6.044606 13.296040 3.123724 -6.044606 0.992010 -0.418473 0.308698 -117.774900 171.869693 123.913884
13.871826 2.912264 -5.832161 13.871826 2.912264 -5.832161 0.930241 -0.271917 0.407658 -88.122085 316.650421 205.952748
14.417004 2.811987 -5.545575 14.417004 2.811987 -5.545575 0.891844 -0.052546 0.555828 -39.868866 414.584977 287.949780
14.949489 2.857384 -5.155832 14.949489 2.857384 -5.155832 0.890698 0.207703 0.750672 36.048818 452.912538 361.530085
15.496959 3.062373 -4.638634 15.496959 3.062373 -4.638634 0.945138 0.473664 0.976188 145.419703 433.623915 390.190508
16.095931 3.420446 -3.983686 16.095931 3.420446 -3.983686 1.060958 0.712953 1.205304 240.644883 364.004804 373.526646
16.780478 3.905785 -3.195557 16.780478 3.905785 -3.195557 1.228629 0.891587 1.417980 318.259502 231.444042 335.394158
17.577650 4.474127 -2.291504 17.577650 4.474127 -2.291504 1.433119 0.989100 1.583686 363.374207 93.599345 216.958081
18.503481 5.077097 -1.312100 18.503481 5.077097 -1.312100 1.653908 1.008572 1.664561 372.589031 -28.693183 52.627159
19.559780 5.669079 -0.313602 19.559780 5.669079 -0.313602 1.861902 0.951371 1.647581 320.725105 -161.976627 -109.228111
20.727717 6.204869 0.645184 20.727717 6.204869 0.645184 2.019660 0.824802 1.531536 205.133024 -259.920381 -277.586899
21.966845 6.650779 1.504026 21.966845 6.650779 1.504026 2.094781 0.657920 1.314414 45.269658 -296.353418 -446.154133
23.221823 6.991958 2.205372 23.221823 6.991958 2.205372 2.071747 0.478960 1.011747 -122.050040 -300.179837 -562.735090
24.431091 7.227837 2.707137 24.431091 7.227837 2.707137 1.939465 0.311529 0.654153 -318.890124 -257.923567 -629.245685
25.526374 7.374425 2.988156 25.526374 7.374425 2.988156 1.693153 0.187263 0.285564 -502.148926 -156.296751 -599.384416
26.444706 7.464724 3.055215 26.444706 7.464724 3.055215 1.355999 0.123856 -0.056020 -621.696982 -55.060394 -539.228216
27.146400 7.529126 2.924542 27.146400 7.529126 2.924542 0.982981 0.090820 -0.379557 -621.696982 -55.060394 -539.228216
