-10.509071 1.583999 0.067909 -10.509071 1.583999 0.067909 -0.637548 1.429848 -1.141011 598.353505 66.106918 -379.388877
-10.783896 2.453807 -0.684987 -10.783896 2.453807 -0.684987 -0.278536 1.469512 -1.368644 598.353505 66.106918 -379.388877
-10.841218 3.336861 -1.564160 -10.841218 3.336861 -1.564160 0.090959 1.456414 -1.544761 633.297587 -109.766607 -207.666906
-10.671004 4.179113 -2.514520 -10.671004 4.179113 -2.514520 0.479162 1.331364 -1.599975 660.709972 -307.066511 23.621010
-10.268007 4.914132 -3.456921 -10.268007 4.914132 -3.456921 0.858446 1.104483 -1.519146 603.571480 -449.202652 245.808241
-9.652052 5.490116 -4.311745 -9.652052 5.490116 -4.311745 1.181811 0.805716 -1.309568 474.312655 -546.690243 452.783655
-8.866720 5.872656 -5.005806 -8.866720 5.872656 -5.005806 1.420746 0.465277 -0.987003 322.137564 -588.106031 622.435080
-7.965187 6.047243 -5.479209 -7.965187 6.047243 -5.479209 1.569530 0.118814 -0.579744 173.807179 -566.768689 735.092343
-7.001333 6.022021 -5.692135 -7.001333 6.022021 -5.692135 1.628069 -0.193708 -0.125669 21.324454 -474.973750 778.492650
-6.029294 5.829626 -5.630573 -6.029294 5.829626 -5.630573 1.597661 -0.432067 0.325599 -122.686304 -319.554078 725.735046
-5.096931 5.523523 -5.311150 -5.096931 5.523523 -5.311150 1.503299 -0.570514 0.728197 -191.851737 -141.935702 616.255913
-4.231959 5.166413 -4.773987 -4.231959 5.166413 -4.773987 1.375817 -0.601943 1.044546 -233.088141 37.173077 438.240704
-3.448644 4.821854 -4.080737 -3.448644 4.821854 -4.080737 1.234865 -0.530062 1.245688 -236.753346 202.429095 232.234817
-2.747857 4.548329 -3.305390 -2.747857 4.548329 -3.305390 1.105231 -0.368231 1.315687 -195.359594 337.008548 1.094057
-2.114636 4.393475 -2.529715 -2.114636 4.393475 -2.529715 1.014250 -0.138909 1.246671 -107.910971 427.398003 -231.147898
-1.521477 4.388944 -1.834471 -1.521477 4.388944 -1.834471 0.969671 0.126939 1.052222 -40.684079 458.760085 -417.013829
-0.943824 4.545228 -1.285890 -0.943824 4.545228 -1.285890 0.961129 0.389915 0.763565 12.209015 417.828965 -545.178427
-0.361434 4.849134 -0.929836 -0.361434 4.849134 -0.929836 0.986029 0.614354 0.416697 70.791201 330.298141 -611.047802
0.244355 5.269991 -0.789235 0.244355 5.269991 -0.789235 1.035647 0.776486 0.052924 94.602839 210.141502 -601.529657
0.881705 5.765134 -0.861125 0.881705 5.765134 -0.861125 1.087075 0.859702 -0.284840 76.824979 67.248057 -524.348118
1.544526 6.284658 -1.119159 1.544526 6.284658 -1.119159 1.116906 0.858043 -0.563183 22.610934 -72.780283 -403.462583
2.214657 6.779317 -1.520231 2.214657 6.779317 -1.520231 1.110059 0.779042 -0.757956 -45.434687 -190.554761 -245.781300
2.867337 7.207264 -2.009252 2.867337 7.207264 -2.009252 1.056913 0.638817 -0.855462 -131.719315 -276.862151 -79.237094
3.474926 7.537418 -2.526421 3.474926 7.537418 -2.526421 0.963636 0.456191 -0.851151 -179.204834 -331.889970 93.606522
4.016911 7.752471 -3.011701 4.016911 7.752471 -3.011701 0.836418 0.262453 -0.752179 -244.853581 -313.904284 236.300872
4.473737 7.857460 -3.415227 4.473737 7.857460 -3.415227 0.684747 0.094207 -0.584164 -260.717272 -246.914875 323.746620
4.840714 7.874443 -3.704769 4.840714 7.874443 -3.704769 0.543606 -0.029425 -0.376502 -209.751753 -165.194976 368.461430
5.134243 7.833314 -3.864523 5.134243 7.833314 -3.864523 0.443361 -0.097233 -0.156305 -124.397060 -60.829955 365.527754
5.384346 7.770566 -3.894817 5.384346 7.770566 -3.894817 0.401110 -0.101028 0.051479 -16.439604 48.178938 327.087100
5.630518 7.723453 -3.809720 5.630518 7.723453 -3.809720 0.433570 -0.047959 0.224404 124.636462 128.718619 249.328966
5.923906 7.721627 -3.635170 5.923906 7.721627 -3.635170 0.562412 0.048170 0.349140 304.839214 191.710910 166.458375
6.325170 7.785985 -3.399828 6.325170 7.785985 -3.399828 0.790044 0.167938 0.428491 453.934597 207.516519 98.043596
6.886966 7.921255 -3.129150 6.886966 7.921255 -3.129150 1.092710 0.278220 0.466999 554.951960 160.089848 30.315937
7.646425 8.112127 -2.845600 7.646425 8.112127 -2.845600 1.445390 0.349892 0.474655 620.646958 78.817787 -4.795839
8.625956 8.331995 -2.561942 8.625956 8.331995 -2.561942 1.820678 0.375907 0.470419 630.311406 7.899341 -9.323630
9.831818 8.558961 -2.281369 9.831818 8.558961 -2.281369 2.198864 0.380647 0.464825 630.311406 7.899341 -9.323630
