-5.732252 3.047901 -5.420965 -5.732252 3.047901 -5.420965 1.063184 0.124987 0.235867 -124.276067 -140.114505 232.458111
-5.116711 3.097672 -5.237603 -5.116711 3.097672 -5.237603 0.988619 0.040918 0.375342 -124.276067 -140.114505 232.458111
-4.551030 3.093587 -4.972855 -4.551030 3.093587 -4.972855 0.888451 -0.060229 0.503318 -209.617392 -197.042887 194.128745
-4.059600 3.019092 -4.640610 -4.059600 3.019092 -4.640610 0.743135 -0.192906 0.596352 -274.769698 -245.215285 115.983331
-3.663040 2.859960 -4.269484 -3.663040 2.859960 -4.269484 0.578961 -0.336280 0.628129 -272.474747 -232.697995 -10.059074
-3.363028 2.620475 -3.902326 -3.363028 2.620475 -3.902326 0.423884 -0.455058 0.582551 -244.450477 -163.227052 -141.866116
-3.148375 2.323602 -3.586870 -3.148375 2.323602 -3.586870 0.298833 -0.525280 0.454735 -172.385594 -70.848716 -284.187417
-2.995382 2.002871 -3.373006 -2.995382 2.002871 -3.373006 0.219011 -0.531839 0.245108 -93.688230 48.987133 -414.569687
-2.876341 1.698975 -3.305141 -2.876341 1.698975 -3.305141 0.185291 -0.470499 -0.026522 -18.711457 155.478085 -490.863414
-2.764524 1.451441 -3.411944 -2.764524 1.451441 -3.411944 0.194120 -0.343313 -0.333710 48.141695 268.477264 -533.098643
-2.637233 1.298183 -3.706687 -2.637233 1.298183 -3.706687 0.233771 -0.160208 -0.646363 84.027752 341.871865 -509.078049
-2.481645 1.264727 -4.179781 -2.481645 1.264727 -4.179781 0.285189 0.050573 -0.920023 87.365780 360.730852 -403.121991
-2.296430 1.358462 -4.795031 -2.296430 1.358462 -4.795031 0.329493 0.259311 -1.115266 60.313718 335.062754 -247.685322
-2.091846 1.569619 -5.497023 -2.091846 1.569619 -5.497023 0.345836 0.436646 -1.205123 -5.836380 256.054779 -51.838221
-1.889669 1.870288 -6.217326 -1.889669 1.870288 -6.217326 0.320967 0.553234 -1.175720 -77.060095 132.572807 149.847931
-1.714523 2.216906 -6.882524 -1.714523 2.216906 -6.882524 0.256915 0.586849 -1.019502 -136.446170 -20.524734 370.878910
-1.588622 2.555674 -7.415051 -1.588622 2.555674 -7.415051 0.156609 0.526300 -0.734898 -197.906698 -181.305099 577.799368
-1.531385 2.829549 -7.744441 -1.531385 2.829549 -7.744441 0.032340 0.371165 -0.350490 -216.323867 -335.810022 703.562506
-1.549341 2.984768 -7.823175 -1.549341 2.984768 -7.823175 -0.089563 0.134506 0.096237 -190.017918 -453.054728 785.528034
-1.633454 2.980131 -7.624798 -1.633454 2.980131 -7.624798 -0.184438 -0.156278 0.563755 -126.234184 -516.225072 772.862578
-1.760110 2.793157 -7.151637 -1.760110 2.793157 -7.151637 -0.226532 -0.467445 1.006434 -14.079229 -520.998204 702.733659
-1.890064 2.422655 -6.430301 -1.890064 2.422655 -6.430301 -0.192481 -0.761322 1.382996 127.582927 -458.592486 552.474982
-1.973694 1.890086 -5.513191 -1.973694 1.890086 -5.513191 -0.071463 -1.002625 1.653815 275.810558 -345.749104 350.253491
-1.958138 1.235770 -4.471176 -1.958138 1.235770 -4.471176 0.137963 -1.162602 1.797367 422.277561 -187.508512 128.255826
-1.791658 0.516364 -3.384187 -1.791658 0.516364 -3.384187 0.429792 -1.215578 1.801735 550.485860 10.923046 -113.696916
-1.429708 -0.199867 -2.335737 -1.429708 -0.199867 -2.335737 0.785016 -1.153277 1.672888 633.592605 196.745881 -315.792225
-0.843837 -0.845976 -1.399225 -0.843837 -0.845976 -1.399225 1.169248 -0.983011 1.431520 647.180099 370.806375 -488.767629
-0.029040 -1.361538 -0.634667 -0.029040 -1.361538 -0.634667 1.541334 -0.723032 1.106383 593.106671 495.790206 -595.025029
0.996184 -1.701626 -0.079233 0.996184 -1.701626 -0.079233 1.865520 -0.403110 0.742909 487.514741 570.618248 -616.555340
2.193071 -1.840369 0.257968 2.193071 -1.840369 0.257968 2.107140 -0.058683 0.385156 317.883446 577.469455 -575.952336
3.502114 -1.774716 0.391027 3.502114 -1.774716 0.391027 2.235573 0.272389 0.067770 110.228118 526.106605 -482.001198
4.849169 -1.524444 0.353485 4.849169 -1.524444 0.353485 2.231061 0.548752 -0.178650 -125.268729 395.101899 -339.398912
6.152253 -1.133346 0.195518 6.152253 -1.133346 0.195518 2.090879 0.739456 -0.330716 -342.005420 240.578295 -167.488530
7.334987 -0.656393 -0.022257 7.334987 -0.656393 -0.022257 1.834516 0.833678 -0.377196 -512.537055 73.494999 12.555655
8.335559 -0.154719 -0.237009 8.335559 -0.154719 -0.237009 1.487585 0.818969 -0.323134 -643.899379 -122.525783 167.651044
9.108396 0.305978 -0.393130 9.108396 0.305978 -0.393130 1.082189 0.702304 -0.184635 -707.419859 -266.355171 294.013650
9.631861 0.672731 -0.446113 9.631861 0.672731 -0.446113 0.665170 0.509060 0.016148 -682.644887 -377.793746 375.261184
9.913465 0.906619 -0.367803 9.913465 0.906619 -0.367803 0.282476 0.264659 0.246678 -593.000664 -436.876159 393.173452
9.985852 0.986870 -0.151230 9.985852 0.986870 -0.151230 -0.025119 0.003001 0.471558 -432.315142 -435.317701 356.427125
9.905404 0.913722 0.192705 9.905404 0.913722 0.192705 -0.222307 -0.241146 0.669629 -224.979698 -378.503894 303.809518
9.745707 0.707319 0.644944 9.745707 0.707319 0.644944 -0.286378 -0.436174 0.830790 11.409233 -271.591714 233.393903
9.589326 0.405239 1.179283 9.589326 0.405239 1.179283 -0.212570 -0.556572 0.940099 234.618605 -129.731902 130.966923
9.515447 0.055379 1.762322 9.515447 0.055379 1.762322 -0.014641 -0.597237 0.995705 425.145282 -5.820906 54.386668
9.591865 -0.295674 2.365856 9.591865 -0.295674 2.365856 0.283828 -0.559045 1.009943 569.749717 133.128519 -6.924525
9.869633 -0.600384 2.968952 9.869633 -0.600384 2.968952 0.650256 -0.445399 0.997673 651.675942 245.692251 -33.977439
10.377694 -0.820450 3.562346 10.377694 -0.820450 3.562346 1.044292 -0.283239 0.981818 661.778270 294.840177 -18.872785
11.120204 -0.937147 4.150324 11.120204 -0.937147 4.150324 1.425436 -0.105460 0.981914 608.704118 297.758727 19.192988
12.077764 -0.948598 4.746690 12.077764 -0.948598 4.746690 1.754312 0.064339 1.012248 487.548095 268.235268 81.919527
13.210405 -0.865362 5.372907 13.210405 -0.865362 5.372907 2.008320 0.207033 1.082012 359.143960 207.411975 150.627778
14.480043 -0.703808 6.049227 14.480043 -0.703808 6.049227 2.223806 0.331480 1.172388 359.143960 207.411975 150.627778
