11.161163 -5.414698 -1.944840 11.161163 -5.414698 -1.944840 0.721083 0.015705 -1.467067 -54.334124 368.490312 -140.114458
11.584033 -5.338947 -2.850301 11.584033 -5.338947 -2.850301 0.688482 0.236799 -1.551136 -54.334124 368.490312 -140.114458
11.989678 -5.133554 -3.795392 11.989678 -5.133554 -3.795392 0.667564 0.442822 -1.581153 -15.393519 318.252479 40.056875
12.388373 -4.816863 -4.722049 12.388373 -4.816863 -4.722049 0.662962 0.602335 -1.482996 0.053634 213.458352 287.134392
12.785501 -4.423392 -5.547882 12.785501 -4.423392 -5.547882 0.659701 0.698651 -1.249313 -10.925429 107.594608 491.808565
13.176468 -3.992227 -6.199348 13.176468 -3.992227 -6.199348 0.638711 0.726246 -0.906250 -59.037938 -15.611738 651.734270
13.543698 -3.566169 -6.619630 13.543698 -3.566169 -6.619630 0.576439 0.682482 -0.484431 -148.536641 -130.267526 754.330143
13.858662 -3.183842 -6.773490 13.858662 -3.183842 -6.773490 0.466502 0.585750 -0.026737 -217.921031 -192.171347 771.316377
14.094476 -2.867874 -6.653647 14.094476 -2.867874 -6.653647 0.311444 0.465992 0.421292 -298.938866 -207.021091 722.113232
14.223130 -2.624996 -6.278254 14.223130 -2.624996 -6.278254 0.110064 0.344511 0.817749 -372.328739 -197.918027 599.410395
14.221727 -2.449927 -5.691152 14.221727 -2.449927 -5.691152 -0.115442 0.245697 1.120185 -379.354901 -131.460454 408.709218
14.085591 -2.320580 -4.958084 14.085591 -2.320580 -4.958084 -0.335989 0.194779 1.302360 -355.803748 -38.265506 198.541252
13.824610 -2.204595 -4.155033 13.824610 -2.204595 -4.155033 -0.526187 0.201847 1.350968 -278.189900 61.825015 -36.517319
13.465513 -2.066040 -3.364098 13.465513 -2.066040 -3.364098 -0.659656 0.270535 1.263695 -166.706480 167.133246 -254.390158
13.049852 -1.868492 -2.662084 13.049852 -1.868492 -2.662084 -0.708978 0.396529 1.058998 2.301699 252.846752 -427.935214
12.635359 -1.582612 -2.110727 12.635359 -1.582612 -2.110727 -0.655204 0.560486 0.767168 176.944063 293.678113 -544.829455
12.283527 -1.194501 -1.751885 12.283527 -1.194501 -1.751885 -0.501832 0.731484 0.423322 334.295008 276.314408 -601.325181
12.051309 -0.708478 -1.604572 12.051309 -0.708478 -1.604572 -0.257714 0.884250 0.070322 479.430828 232.907364 -575.341181
11.989834 -0.141496 -1.661304 11.989834 -0.141496 -1.661304 0.064225 0.996538 -0.251703 593.699992 141.385714 -498.076425
12.137443 0.474532 -1.894349 12.137443 0.474532 -1.894349 0.431482 1.044645 -0.512396 630.491277 18.969606 -370.898965
12.507314 1.096442 -2.258457 12.507314 1.096442 -2.258457 0.797246 1.014572 -0.684478 588.722263 -119.213905 -202.706581
13.085234 1.674784 -2.696332 13.085234 1.674784 -2.696332 1.118486 0.898330 -0.759607 482.077980 -268.258278 -47.724084
13.833601 2.159003 -3.151066 13.833601 2.159003 -3.151066 1.360239 0.704912 -0.740142 323.764777 -376.466740 112.605926
14.696102 2.511010 -3.566547 14.696102 2.511010 -3.566547 1.494900 0.463152 -0.630901 125.105722 -429.402399 251.530011
15.600906 2.710466 -3.895814 15.600906 2.710466 -3.895814 1.496688 0.199797 -0.459993 -119.146319 -448.445659 318.163694
16.464295 2.752166 -4.112701 16.464295 2.752166 -4.112701 1.359311 -0.056565 -0.259898 -338.776864 -406.095435 348.820917
17.207397 2.651560 -4.206025 17.207397 2.651560 -4.206025 1.098522 -0.268069 -0.051468 -530.521849 -298.916814 345.946174
17.761807 2.445642 -4.177397 17.761807 2.445642 -4.177397 0.734164 -0.403776 0.142292 -684.004350 -153.441827 299.921156
18.075230 2.185665 -4.042674 18.075230 2.185665 -4.042674 0.303988 -0.446302 0.299052 -749.914029 11.689501 222.609839
18.123071 1.931748 -3.828515 18.123071 1.931748 -3.828515 -0.143801 -0.380487 0.405908 -742.716512 207.692818 133.577823
17.906921 1.750622 -3.564829 17.906921 1.750622 -3.564829 -0.570330 -0.206964 0.466543 -679.047817 370.719337 68.538453
17.450969 1.700097 -3.275878 17.450969 1.700097 -3.275878 -0.935388 0.050085 0.491105 -537.810076 486.109898 13.334773
16.805754 1.821472 -2.979984 16.805754 1.821472 -2.979984 -1.193956 0.360873 0.493261 -324.084349 549.849651 -6.148155
16.043572 2.137422 -2.684273 16.043572 2.137422 -2.684273 -1.325774 0.693051 0.493879 -115.308746 557.408837 8.207077
15.240737 2.649906 -2.383799 15.240737 2.649906 -2.383799 -1.328035 1.009092 0.512150 107.771874 496.062626 52.697526
14.475479 3.336942 -2.062818 14.475479 3.336942 -2.062818 -1.202552 1.268180 0.564795 310.504492 367.563148 122.787347
13.818844 4.154790 -1.697791 13.818844 4.154790 -1.697791 -0.971220 1.442612 0.658707 460.602418 213.878835 190.252098
13.324574 5.047297 -1.264485 13.324574 5.047297 -1.264485 -0.667090 1.513146 0.792043 553.164536 21.232478 254.201758
13.025640 5.947102 -0.740833 13.025640 5.947102 -0.740833 -0.326442 1.466364 0.957911 582.327865 -177.172126 298.691825
12.932935 6.785090 -0.112643 12.932935 6.785090 -0.112643 0.014659 1.310365 1.135520 554.674933 -342.822938 293.336471
13.035561 7.502278 0.618734 13.035561 7.502278 0.618734 0.317410 1.068056 1.297843 454.497183 -464.875932 247.739307
13.300974 8.055000 1.437138 13.300974 8.055000 1.437138 0.555898 0.766963 1.422013 340.462118 -538.767616 166.161953
13.686975 8.417901 2.312819 13.686975 8.417901 2.312819 0.716071 0.442206 1.484528 193.448841 -543.752769 42.222653
14.142689 8.588949 3.202184 14.142689 8.588949 3.202184 0.788388 0.133956 1.465105 47.607469 -483.749007 -106.967631
14.617266 8.588344 4.052760 14.617266 8.588344 4.052760 0.781826 -0.125812 1.354760 -69.481420 -382.145282 -260.849566
15.068315 8.453752 4.810349 15.068315 8.453752 4.810349 0.712441 -0.306691 1.156680 -161.801544 -220.783998 -399.415626
15.464205 8.240595 5.425880 15.464205 8.240595 5.425880 0.603106 -0.386172 0.884117 -202.649104 -44.151028 -509.127678
15.789810 8.009029 5.861499 15.789810 8.009029 5.861499 0.482605 -0.372238 0.562603 -199.019874 90.596881 -562.587986
16.043549 7.801994 6.097795 16.043549 7.801994 6.097795 0.363193 -0.317880 0.225050 -199.019874 90.596881 -562.587986
