-3.045650 -3.228953 5.580339 -3.045650 -3.228953 5.580339 0.246340 -0.625797 -1.493008 129.572442 -75.619062 -216.555558
-2.874522 -3.618043 4.645554 -2.874522 -3.618043 4.645554 0.324084 -0.671169 -1.622941 129.572442 -75.619062 -216.555558
-2.661199 -4.024398 3.644251 -2.661199 -4.024398 3.644251 0.379578 -0.666751 -1.695668 55.407579 90.345752 -25.867023
-2.428756 -4.396318 2.637963 -2.428756 -4.396318 2.637963 0.386436 -0.553205 -1.632344 -32.546016 288.139712 236.947782
-2.205303 -4.668462 1.714183 -2.205303 -4.668462 1.714183 0.354158 -0.340749 -1.425294 -75.049014 420.047327 453.219795
-2.005847 -4.792016 0.949645 -2.005847 -4.792016 0.949645 0.311482 -0.062286 -1.108072 -67.202200 508.163927 604.185224
-1.829009 -4.736185 0.399324 -1.829009 -4.736185 0.399324 0.281384 0.251276 -0.716713 -33.126844 537.040086 700.344256
-1.662785 -4.491453 0.096817 -1.662785 -4.491453 0.096817 0.278294 0.559996 -0.289213 22.829344 492.029000 724.656041
-1.488460 -4.071981 0.049711 -1.488460 -4.071981 0.049711 0.308187 0.829761 0.125499 76.813454 407.187952 657.716839
-1.285457 -3.509443 0.236692 -1.285457 -3.509443 0.236692 0.375594 1.031010 0.486594 147.877519 263.641439 545.933444
-1.032499 -2.852845 0.616460 -1.032499 -2.852845 0.616460 0.469239 1.141878 0.761872 164.272400 105.917262 371.661541
-0.720231 -2.157247 1.128168 -0.720231 -2.157247 1.128168 0.573579 1.162457 0.923300 183.526615 -37.318442 166.430357
-0.344608 -1.474730 1.700101 -0.344608 -1.474730 1.700101 0.675898 1.098865 0.963136 157.537591 -174.656626 -33.641267
0.083846 -0.853015 2.260189 0.083846 -0.853015 2.260189 0.743215 0.963243 0.884256 66.850383 -277.416123 -229.292105
0.535613 -0.328548 2.740783 0.535613 -0.328548 2.740783 0.752346 0.779074 0.703247 -36.411382 -336.480839 -374.071259
0.973602 0.079045 3.090538 0.973602 0.079045 3.090538 0.696179 0.580758 0.454499 -150.813331 -324.571701 -455.090196
1.356893 0.371933 3.279294 1.356893 0.371933 3.279294 0.569337 0.400297 0.171310 -271.992532 -276.966156 -488.873482
1.643229 0.567257 3.295228 1.643229 0.567257 3.295228 0.374604 0.259113 -0.116287 -377.119651 -193.646301 -469.783578
1.795381 0.694846 3.145810 1.795381 0.694846 3.145810 0.124692 0.177815 -0.373580 -455.919585 -77.346034 -387.858239
1.788073 0.794656 2.858667 1.788073 0.794656 2.858667 -0.149151 0.166620 -0.572197 -456.889372 40.026956 -274.199352
1.618368 0.907203 2.473077 1.618368 0.907203 2.473077 -0.413155 0.217491 -0.701299 -423.124646 129.542620 -156.140510
1.300261 1.064977 2.031463 1.300261 1.064977 2.031463 -0.637285 0.315023 -0.758629 -323.975697 195.564029 -34.959773
0.868940 1.291029 1.576142 0.868940 1.291029 1.576142 -0.784845 0.441548 -0.748857 -167.889768 226.188084 67.531824
0.379219 1.595969 1.143123 0.379219 1.595969 1.143123 -0.828547 0.573745 -0.687640 22.215177 214.467393 136.525469
-0.101344 1.975347 0.757549 -0.101344 1.975347 0.757549 -0.752384 0.685064 -0.593549 231.663694 156.597274 177.112119
-0.498274 2.408438 0.432831 -0.498274 2.408438 0.432831 -0.549381 0.748345 -0.489626 445.010113 54.336874 169.298533
-0.737168 2.860021 0.167033 -0.737168 2.860021 0.167033 -0.229210 0.744923 -0.400527 622.227837 -65.740755 127.697807
-0.757343 3.290424 -0.053691 -0.757343 3.290424 -0.053691 0.170876 0.681894 -0.340877 711.392592 -144.355550 71.136298
-0.526766 3.673577 -0.245413 -0.526766 3.673577 -0.245413 0.597712 0.595281 -0.298195 711.392592 -144.355550 71.136298
