-5.333281 3.966250 9.859467 -5.333281 3.966250 9.859467 1.205780 0.617281 0.883001 -684.223015 241.058257 -19.448181
-4.732973 4.380009 10.385767 -4.732973 4.380009 10.385767 0.795246 0.761916 0.871332 -684.223015 241.058257 -19.448181
-4.374574 4.876556 10.899561 -4.374574 4.876556 10.899561 0.406766 0.886583 0.832143 -610.711004 174.499445 -111.181819
-4.230356 5.430782 11.370350 -4.230356 5.430782 11.370350 0.090773 0.945616 0.723014 -442.598412 22.275216 -252.583130
-4.244914 5.994367 11.750593 -4.244914 5.994367 11.750593 -0.121557 0.920012 0.530963 -265.167398 -107.619871 -387.586153
-4.350936 6.517280 11.993672 -4.350936 6.517280 11.993672 -0.207447 0.806823 0.269744 -21.132701 -269.678320 -483.142116
-4.466509 6.945366 12.065835 -4.466509 6.945366 12.065835 -0.156634 0.607691 -0.033734 190.508991 -394.093598 -528.452411
-4.514531 7.233337 11.949696 -4.514531 7.233337 11.949696 0.016008 0.342699 -0.354688 384.961893 -489.214348 -541.393899
-4.426706 7.348759 11.641401 -4.426706 7.348759 11.641401 0.291622 0.038479 -0.669683 533.751438 -524.850275 -508.591167
-4.152221 7.280742 11.156167 -4.152221 7.280742 11.156167 0.629057 -0.259591 -0.934225 591.033354 -468.717701 -373.212888
-3.666649 7.043974 10.537325 -3.666649 7.043974 10.537325 0.992435 -0.524045 -1.113797 620.225825 -412.794746 -225.363499
-2.959547 6.655244 9.828481 -2.959547 6.655244 9.828481 1.364570 -0.771722 -1.249016 620.225825 -412.794746 -225.363499
