-3.104395 1.659741 -6.684966 -3.104395 1.659741 -6.684966 1.501220 0.486559 0.985506 -296.497813 195.102431 -309.460511
-2.257032 1.986795 -6.149366 -2.257032 1.986795 -6.149366 1.323321 0.603620 0.799830 -296.497813 195.102431 -309.460511
-1.520378 2.380205 -5.720495 -1.520378 2.380205 -5.720495 1.125579 0.701279 0.637533 -362.642711 130.425718 -231.527948
-0.912700 2.818720 -5.374574 -0.912700 2.818720 -5.374574 0.896024 0.750890 0.523996 -402.541825 34.943984 -146.929338
-0.445478 3.268097 -5.080442 -0.445478 3.268097 -5.080442 0.664826 0.734623 0.466748 -368.116895 -89.166682 -43.897025
-0.108215 3.687306 -4.804632 -0.108215 3.687306 -4.804632 0.467096 0.653549 0.458721 -290.984862 -181.079017 17.141238
0.126578 4.040783 -4.522168 0.126578 4.040783 -4.522168 0.327069 0.514611 0.489733 -175.769653 -282.050149 86.231576
0.301348 4.295943 -4.210906 0.301348 4.295943 -4.210906 0.272446 0.331195 0.550978 -6.309237 -329.334076 117.918781
0.475824 4.435102 -3.861343 0.475824 4.435102 -3.861343 0.329383 0.132204 0.610480 196.099182 -333.970672 80.421696
0.719521 4.456969 -3.483040 0.719521 4.456969 -3.483040 0.500888 -0.054882 0.646427 375.586966 -289.647498 39.401037
1.096407 4.377342 -3.091185 1.096407 4.377342 -3.091185 0.769977 -0.201478 0.654602 521.374062 -199.007601 -12.150987
1.652240 4.220634 -2.700611 1.652240 4.220634 -2.700611 1.082801 -0.320883 0.647312 521.374062 -199.007601 -12.150987
