7.544084 6.001146 2.835202 7.544084 6.001146 2.835202 0.172602 0.159769 -1.292696 -179.857456 -327.584545 -187.664710
7.615271 6.038042 2.025805 7.615271 6.038042 2.025805 0.064688 -0.036782 -1.405295 -179.857456 -327.584545 -187.664710
7.619324 5.961121 1.159292 7.619324 5.961121 1.159292 -0.055154 -0.212767 -1.465677 -219.617053 -259.031231 -13.609700
7.543270 5.794228 0.289395 7.543270 5.794228 0.289395 -0.204073 -0.331221 -1.414050 -276.779093 -135.815934 185.700221
7.368571 5.578314 -0.516550 7.368571 5.578314 -0.516550 -0.382316 -0.376385 -1.257333 -317.361940 -14.732945 336.688577
7.084544 5.356328 -1.204453 7.084544 5.356328 -1.204453 -0.560296 -0.352739 -1.025858 -275.904994 93.554581 434.894729
6.702983 5.166454 -1.738781 6.702983 5.166454 -1.738781 -0.704443 -0.271958 -0.750389 -204.586457 175.714494 483.334164
6.250670 5.036993 -2.102927 6.250670 5.036993 -2.102927 -0.791299 -0.156106 -0.464954 -84.934734 210.460415 468.115908
5.768812 4.980982 -2.301936 5.768812 4.980982 -2.301936 -0.801215 -0.030978 -0.205568 51.884136 206.631276 396.507148
5.306366 4.996440 -2.359906 5.306366 4.996440 -2.359906 -0.725363 0.077253 0.002333 200.955663 154.137855 296.494050
4.918232 5.065074 -2.311338 4.918232 5.065074 -2.311338 -0.550234 0.142425 0.149225 382.807665 63.102134 193.146949
4.664328 5.155914 -2.193914 4.664328 5.155914 -2.193914 -0.283895 0.150422 0.230725 504.989397 -36.443566 78.517737
4.588897 5.233197 -2.047150 4.588897 5.233197 -2.047150 0.039140 0.096501 0.248817 571.793861 -143.292801 -18.211014
4.717396 5.260691 -1.904489 4.717396 5.260691 -1.904489 0.392676 -0.012545 0.221132 606.657519 -220.193362 -74.070076
5.059856 5.210374 -1.786927 5.059856 5.210374 -1.786927 0.744950 -0.160435 0.167769 567.590145 -272.774079 -103.805862
5.602347 5.063279 -1.704210 5.602347 5.063279 -1.704210 1.052275 -0.332776 0.109188 456.827459 -301.697373 -91.464526
6.305863 4.812237 -1.652284 6.305863 4.812237 -1.652284 1.275985 -0.499145 0.068694 288.869706 -252.865833 -43.516527
7.111162 4.472712 -1.615728 7.111162 4.472712 -1.615728 1.387863 -0.623477 0.058442 84.058351 -161.573821 9.343573
7.944914 4.076427 -1.575493 7.944914 4.076427 -1.575493 1.367819 -0.685995 0.081489 -150.869892 -46.818928 67.478466
8.725324 3.664379 -1.510656 8.725324 3.664379 -1.510656 1.211671 -0.674208 0.140966 -369.626540 86.107711 130.777883
9.374916 3.283371 -1.401265 9.374916 3.283371 -1.401265 0.935507 -0.582455 0.225791 -550.918671 219.735891 151.972641
9.829569 2.980443 -1.239669 9.829569 2.980443 -1.239669 0.567526 -0.415650 0.310806 -675.683742 336.282413 131.411515
10.045100 2.796534 -1.032567 10.045100 2.796534 -1.032567 0.145308 -0.189131 0.374475 -731.710142 418.780788 80.817239
10.001681 2.759682 -0.798138 10.001681 2.759682 -0.798138 -0.288197 0.068368 0.398951 -713.307334 439.547711 0.768898
9.705604 2.877509 -0.564457 9.705604 2.877509 -0.564457 -0.690002 0.320536 0.370272 -626.041805 401.013646 -96.363975
9.188232 3.136614 -0.366269 9.188232 3.136614 -0.366269 -1.019041 0.534147 0.279305 -470.756148 311.022576 -206.857699
8.505277 3.505568 -0.242254 8.505277 3.505568 -0.242254 -1.235467 0.683172 0.123523 -250.662936 185.728788 -312.416044
7.732897 3.938395 -0.229419 7.732897 3.938395 -0.229419 -1.315766 0.742071 -0.089149 -16.999822 10.598812 -396.491811
6.953158 4.374523 -0.356229 6.953158 4.374523 -0.356229 -1.262065 0.693317 -0.336804 196.001861 -173.112424 -429.023865
6.242946 4.749836 -0.633815 6.242946 4.749836 -0.633815 -1.085729 0.541867 -0.585615 391.785928 -331.718874 -400.346595
5.671266 5.007282 -1.051971 5.671266 5.007282 -1.051971 -0.804479 0.303013 -0.799449 545.714879 -464.461111 -312.433761
5.292270 5.099786 -1.580528 5.292270 5.099786 -1.580528 -0.449734 -0.004172 -0.950154 636.766342 -559.488741 -189.917006
5.137887 4.996334 -2.173899 5.137887 4.996334 -2.173899 -0.063476 -0.341068 -1.009574 650.760792 -563.497676 -8.149701
5.214295 4.693010 -2.769306 5.214295 4.693010 -2.769306 0.313764 -0.665437 -0.955439 606.704996 -517.733756 188.601307
5.504949 4.207574 -3.296978 5.504949 4.207574 -3.296978 0.643730 -0.940984 -0.784065 493.182824 -400.754573 382.645884
5.972183 3.580147 -3.687866 5.972183 3.580147 -3.687866 0.900756 -1.134941 -0.501106 363.569477 -245.768781 560.549454
6.567738 2.865365 -3.880279 6.567738 2.865365 -3.880279 1.067193 -1.230302 -0.128019 191.223109 -72.102827 683.074088
7.233098 2.126813 -3.829960 7.233098 2.126813 -3.829960 1.135047 -1.210524 0.302713 34.955769 138.029361 752.699293
7.913274 1.435840 -3.512829 7.913274 1.435840 -3.512829 1.120295 -1.075227 0.754417 -84.129657 312.960008 752.979685
8.563905 0.855125 -2.929950 8.563905 0.855125 -2.929950 1.037807 -0.847008 1.179671 -190.829365 447.771455 664.535263
9.149152 0.432090 -2.112173 9.149152 0.432090 -2.112173 0.907871 -0.555489 1.530179 -242.291900 523.959063 503.824645
9.650419 0.194287 -1.115262 9.650419 0.194287 -1.115262 0.763279 -0.235227 1.773047 -239.680498 543.578415 305.734456
10.066452 0.148357 -0.009735 10.066452 0.148357 -0.009735 0.625509 0.077733 1.889822 -219.552611 499.623863 83.516949
10.405995 0.279348 1.124870 10.405995 0.279348 1.124870 0.512563 0.349603 1.868324 -156.934874 406.609383 -155.179475
10.690976 0.553406 2.203997 10.690976 0.553406 2.203997 0.446858 0.549098 1.705541 -62.080851 258.374776 -387.429191
10.952919 0.918044 3.147850 10.952919 0.918044 3.147850 0.434627 0.647482 1.424415 21.310315 69.569195 -549.657774
11.219174 1.311212 3.898874 11.219174 1.311212 3.898874 0.455625 0.650005 1.071186 48.684483 -61.158484 -627.773478
11.501312 1.690206 4.428586 11.501312 1.690206 4.428586 0.484836 0.613310 0.694522 48.684483 -61.158484 -627.773478
