-1.473639 -2.372936 -2.322849 -1.473639 -2.372936 -2.322849 -0.917442 -0.275042 0.151775 431.082002 250.771358 547.598982
-1.946509 -2.492822 -2.133216 -1.946509 -2.492822 -2.133216 -0.658793 -0.124579 0.480334 431.082002 250.771358 547.598982
-2.262212 -2.518009 -1.755983 -2.262212 -2.518009 -1.755983 -0.390250 0.047993 0.761216 464.061116 324.467407 388.674377
-2.414383 -2.429307 -1.241875 -2.414383 -2.429307 -1.241875 -0.119576 0.250187 0.931506 438.187355 349.514764 178.958794
-2.411586 -2.218029 -0.662524 -2.411586 -2.218029 -0.662524 0.121680 0.451159 0.980058 365.999185 320.390416 -17.117407
-2.279529 -1.894204 -0.089706 -2.279529 -1.894204 -0.089706 0.307127 0.620689 0.909105 252.157676 244.711468 -219.394873
-2.056253 -1.482999 0.407611 -2.056253 -1.482999 0.407611 0.426475 0.741232 0.734194 145.669159 157.097480 -363.639548
-1.779325 -1.017127 0.777008 -1.779325 -1.017127 0.777008 0.487989 0.799768 0.487691 59.374532 38.021395 -458.039635
-1.481584 -0.537736 0.984373 -1.481584 -0.537736 0.984373 0.494916 0.786013 0.198852 -36.282207 -83.870120 -504.755146
-1.193403 -0.086026 1.015134 -1.193403 -0.086026 1.015134 0.461955 0.711687 -0.092473 -73.588044 -163.884853 -466.327562
-0.930281 0.308231 0.879582 -0.930281 0.308231 0.879582 0.413779 0.597077 -0.352913 -86.999510 -218.146909 -401.806788
-0.696509 0.627816 0.601992 -0.696509 0.627816 0.601992 0.367401 0.469216 -0.561581 -67.592833 -208.057857 -293.755063
-0.484415 0.873611 0.220030 -0.484415 0.873611 0.220030 0.345948 0.352960 -0.698524 -3.916860 -179.459754 -162.718930
-0.274583 1.057070 -0.221065 -0.274583 1.057070 -0.221065 0.358437 0.265210 -0.759612 45.544698 -113.041312 -40.909453
-0.046947 1.202737 -0.677806 -0.046947 1.202737 -0.677806 0.407642 0.231828 -0.752205 118.472405 1.766498 65.600846
0.220731 1.348824 -1.112193 0.220731 1.348824 -1.112193 0.487567 0.266249 -0.687208 147.943888 112.970694 151.056046
0.540349 1.534805 -1.494979 0.540349 1.534805 -1.494979 0.578574 0.363520 -0.584834 155.414368 211.265446 190.190896
0.913947 1.793910 -1.812901 0.913947 1.793910 -1.812901 0.664216 0.505107 -0.476998 130.058698 260.691442 169.261910
1.332917 2.146854 -2.070706 1.332917 2.146854 -2.070706 0.727402 0.676298 -0.385811 80.561545 309.946529 134.694850
1.783860 2.608423 -2.277948 1.783860 2.608423 -2.277948 0.775739 0.862266 -0.304994 80.561545 309.946529 134.694850
