-11.157861 -2.910576 -6.369361 -11.157861 -2.910576 -6.369361 1.246612 -1.074065 -1.035773 189.393846 414.878243 26.477761
-10.375803 -3.480337 -6.986059 -10.375803 -3.480337 -6.986059 1.360248 -0.825138 -1.019886 189.393846 414.878243 26.477761
-9.533898 -3.896311 -7.584001 -9.533898 -3.896311 -7.584001 1.432212 -0.554057 -0.957881 50.485854 488.725901 180.206816
-8.673848 -4.138752 -8.117048 -8.673848 -4.138752 -8.117048 1.420680 -0.250713 -0.803538 -88.925883 522.419981 334.269776
-7.842864 -4.197920 -8.532738 -7.842864 -4.197920 -8.532738 1.340237 0.048862 -0.571653 -179.217961 476.163798 438.678361
-7.074142 -4.088190 -8.794716 -7.074142 -4.088190 -8.794716 1.216902 0.308078 -0.298189 -231.897950 387.889796 472.868410
-6.385005 -3.841793 -8.889948 -6.385005 -3.841793 -8.889948 1.081452 0.499456 -0.021643 -219.603604 250.037095 448.953433
-5.773164 -3.506721 -8.825218 -5.773164 -3.506721 -8.825218 0.962182 0.601436 0.232249 -177.961124 89.895117 397.351295
-5.223597 -3.138431 -8.619885 -5.223597 -3.138431 -8.619885 0.876860 0.611612 0.442962 -106.446300 -55.976526 305.027221
-4.712858 -2.788585 -8.306179 -4.712858 -2.788585 -8.306179 0.831907 0.542798 0.591099 -43.397736 -173.402913 188.763278
-4.217567 -2.500056 -7.923367 -4.217567 -2.500056 -7.923367 0.825662 0.409070 0.675235 22.582319 -272.355092 91.687332
-3.715105 -2.306612 -7.505825 -3.715105 -2.306612 -7.505825 0.854211 0.230786 0.709732 72.579329 -321.926527 23.303074
-3.188193 -2.224882 -7.079348 -3.188193 -2.224882 -7.079348 0.904367 0.043656 0.705929 94.607893 -301.841194 -35.978297
-2.629266 -2.250035 -6.663269 -2.629266 -2.250035 -6.663269 0.957517 -0.122520 0.679333 82.560602 -252.078656 -52.675694
-2.043073 -2.362838 -6.263362 -2.043073 -2.362838 -6.263362 0.991163 -0.243353 0.656673 29.593208 -150.697601 -22.859013
-1.447309 -2.529028 -5.871075 -1.447309 -2.529028 -5.871075 0.987618 -0.299032 0.654944 -41.411873 -34.899570 17.098737
-0.867035 -2.708593 -5.471743 -0.867035 -2.708593 -5.471743 0.938556 -0.289293 0.681645 -122.129167 67.364103 71.904029
-0.329817 -2.864505 -5.045256 -0.329817 -2.864505 -5.045256 0.845621 -0.221184 0.747572 -187.654078 159.665590 147.853007
0.140771 -2.963709 -4.567645 0.140771 -2.963709 -4.567645 0.717994 -0.101549 0.848552 -237.768575 239.117554 188.745272
0.527536 -2.981699 -4.024862 0.527536 -2.981699 -4.024862 0.569166 0.041415 0.960191 -258.325492 237.428962 183.385870
0.824726 -2.915490 -3.416754 0.824726 -2.915490 -3.416754 0.425116 0.176986 1.065141 -221.840052 214.474381 166.445713
1.044458 -2.773397 -2.750924 1.044458 -2.773397 -2.750924 0.314983 0.292149 1.148934 -145.269817 169.403961 112.864823
1.214079 -2.574319 -2.047071 1.214079 -2.574319 -2.047071 0.261718 0.360272 1.187539 -32.279881 57.671747 15.820212
1.374970 -2.354903 -1.339709 1.374970 -2.354903 -1.339709 0.290706 0.359232 1.156985 128.906835 -61.139723 -117.667530
1.582460 -2.155661 -0.674085 1.582460 -2.155661 -0.674085 0.417365 0.296091 1.049449 293.291023 -149.329962 -240.785791
1.894247 -2.009992 -0.094575 1.894247 -2.009992 -0.094575 0.636214 0.180962 0.870886 436.204717 -234.434014 -354.426037
2.362347 -1.946682 0.359712 2.362347 -1.946682 0.359712 0.937214 0.024959 0.635993 567.127305 -285.575730 -428.549046
3.030732 -1.983455 0.662527 3.030732 -1.983455 0.662527 1.297358 -0.148113 0.370653 633.354321 -291.330335 -455.919520
3.923151 -2.124763 0.802853 3.923151 -2.124763 0.802853 1.677371 -0.322911 0.097101 633.354321 -291.330335 -455.919520
