2.788027 -4.356366 0.618727 2.788027 -4.356366 0.618727 -0.113245 -0.807374 1.063434 -34.678670 81.903517 169.434348
2.713838 -4.826047 1.287285 2.713838 -4.826047 1.287285 -0.134052 -0.758232 1.165094 -34.678670 81.903517 169.434348
2.629818 -5.256324 2.019554 2.629818 -5.256324 2.019554 -0.141592 -0.659491 1.280324 9.543585 247.233121 214.665568
2.551262 -5.597204 2.827324 2.551262 -5.597204 2.827324 -0.112459 -0.459590 1.413803 87.566148 419.102047 230.265358
2.505642 -5.790923 3.715405 2.505642 -5.790923 3.715405 -0.029451 -0.175145 1.543720 189.128549 529.047981 202.790476
2.526834 -5.797379 4.674613 2.526834 -5.797379 4.674613 0.108123 0.159294 1.647762 269.452119 585.747968 144.014619
2.643379 -5.596251 5.682714 2.643379 -5.596251 5.682714 0.285643 0.511328 1.701778 322.279592 587.699647 36.038275
2.874395 -5.188346 6.701783 2.874395 -5.188346 6.701783 0.487111 0.840559 1.680980 349.280999 509.738367 -105.364372
3.228104 -4.600887 7.682330 3.228104 -4.600887 7.682330 0.689539 1.103256 1.572383 325.480338 365.917118 -256.623345
3.695138 -3.883151 8.570735 3.695138 -3.883151 8.570735 0.858447 1.272393 1.374243 237.543927 197.872145 -403.844215
4.245760 -3.094443 9.315493 4.245760 -3.094443 9.315493 0.964951 1.339390 1.096459 117.469439 25.450782 -522.103146
4.836592 -2.297215 9.875144 4.836592 -2.297215 9.875144 0.989019 1.299725 0.761969 -37.242590 -157.666372 -592.862476
5.412789 -1.554670 10.224269 5.412789 -1.554670 10.224269 0.914122 1.160578 0.399544 -212.414512 -306.158248 -615.220012
5.913037 -0.919121 10.356707 5.913037 -0.919121 10.356707 0.736723 0.948439 0.047667 -378.914288 -400.971587 -557.704425
6.278189 -0.425357 10.291523 6.278189 -0.425357 10.291523 0.465988 0.692230 -0.253942 -523.534941 -453.055976 -447.658805
6.458610 -0.090931 10.069111 6.458610 -0.090931 10.069111 0.127188 0.423586 -0.469880 -605.799805 -442.426681 -272.136526
6.423320 0.089010 9.751667 6.423320 0.089010 9.751667 -0.249085 0.185264 -0.565818 -648.442072 -351.978939 -47.654372
6.160621 0.142234 9.414885 6.160621 0.142234 9.414885 -0.620794 0.001187 -0.537979 -590.588753 -261.610739 140.448824
5.681838 0.095857 9.117378 5.681838 0.095857 9.117378 -0.975147 -0.155779 -0.453710 -590.588753 -261.610739 140.448824
