-10.054350 2.299649 -1.970991 -10.054350 2.299649 -1.970991 1.567037 1.477436 0.399438 -53.149533 -410.414252 -104.194629
-9.123695 3.112236 -1.750083 -9.123695 3.112236 -1.750083 1.535147 1.231187 0.336921 -53.149533 -410.414252 -104.194629
-8.219175 3.770929 -1.559842 -8.219175 3.770929 -1.559842 1.468247 0.954212 0.308622 -169.850433 -512.837364 9.864800
-7.376574 4.248026 -1.365871 -7.376574 4.248026 -1.365871 1.327467 0.630912 0.349648 -299.417043 -564.830218 126.886262
-6.637175 4.525621 -1.130216 -6.637175 4.525621 -1.130216 1.131887 0.295605 0.440917 -352.514863 -552.858635 177.344352
-6.020705 4.607922 -0.833498 -6.020705 4.607922 -0.833498 0.924333 -0.013850 0.548553 -339.332676 -478.657084 181.444020
-5.524237 4.521879 -0.472630 -5.524237 4.521879 -0.472630 0.735471 -0.258919 0.652796 -290.205851 -338.239846 166.030534
-5.130935 4.315347 -0.053110 -5.130935 4.315347 -0.053110 0.582629 -0.413347 0.742201 -219.269876 -176.519601 131.985793
-4.814086 4.046139 0.411156 -4.814086 4.046139 0.411156 0.484770 -0.466393 0.797336 -106.925454 -0.299775 51.797179
-4.537208 3.776000 0.895135 -4.537208 3.776000 0.895135 0.446927 -0.417820 0.809684 -19.216680 162.209359 -10.635522
-4.267758 3.562730 1.376377 -4.267758 3.562730 1.376377 0.459163 -0.279373 0.790033 60.003516 299.279973 -54.867241
-3.977937 3.453845 1.839185 -3.977937 3.453845 1.839185 0.512775 -0.075465 0.750430 118.703348 380.412061 -77.142770
-3.649208 3.478754 2.277230 -3.649208 3.478754 2.277230 0.582483 0.161354 0.712510 113.655346 408.984994 -49.258642
-3.280350 3.648151 2.697748 -3.280350 3.648151 2.697748 0.645228 0.401580 0.692347 95.494604 391.767806 -17.950118
-2.877916 3.954758 3.114133 -2.877916 3.954758 3.114133 0.693064 0.612345 0.702617 63.957260 310.781854 52.181435
-2.454887 4.371294 3.552154 -2.454887 4.371294 3.552154 0.709832 0.764761 0.769215 -8.064183 197.271306 169.814402
-2.033799 4.857597 4.049884 -2.033799 4.857597 4.049884 0.688195 0.842809 0.899274 -64.057120 62.888775 263.714357
-1.635121 5.366804 4.640166 -1.635121 5.366804 4.640166 0.636221 0.841551 1.073750 -109.191623 -67.081751 317.872141
-1.275424 5.853342 5.344702 -1.275424 5.853342 5.344702 0.558799 0.769718 1.279821 -148.879538 -172.360138 369.031930
-0.966943 6.284149 6.179021 -0.966943 6.284149 6.179021 0.469471 0.666302 1.501240 -148.879538 -172.360138 369.031930
