-11.018928 -6.223345 -4.152739 -11.018928 -6.223345 -4.152739 2.084305 -0.195065 0.521842 188.860227 553.317007 490.800925
-9.734350 -6.240787 -3.751290 -9.734350 -6.240787 -3.751290 2.197621 0.136925 0.816323 188.860227 553.317007 490.800925
-8.392466 -6.060637 -3.182718 -8.392466 -6.060637 -3.182718 2.257522 0.460900 1.062974 10.810548 526.600564 331.371651
-7.049589 -5.694183 -2.500388 -7.049589 -5.694183 -2.500388 2.196096 0.752490 1.186289 -215.562835 445.364010 79.676885
-5.780437 -5.171337 -1.788243 -5.780437 -5.171337 -1.788243 2.018238 0.975645 1.164241 -377.299289 298.484999 -153.170045
-4.643820 -4.543567 -1.129621 -4.643820 -4.543567 -1.129621 1.759801 1.098014 1.010580 -484.156063 109.413426 -359.033388
-3.677426 -3.875766 -0.597260 -3.677426 -3.875766 -0.597260 1.457612 1.110149 0.748356 -523.140147 -68.962165 -515.045788
-2.895334 -3.233420 -0.246661 -2.895334 -3.233420 -0.246661 1.152179 1.012124 0.410795 -494.971854 -257.789149 -610.156849
-2.289129 -2.681637 -0.111427 -2.289129 -2.681637 -0.111427 0.875157 0.812000 0.037628 -428.434996 -409.292495 -633.736393
-1.833906 -2.274242 -0.200418 -1.833906 -2.274242 -0.200418 0.654333 0.535768 -0.330092 -307.644193 -511.480766 -591.994006
-1.487582 -2.047041 -0.498605 -1.487582 -2.047041 -0.498605 0.515250 0.217914 -0.653154 -155.964950 -548.031654 -484.881486
-1.198283 -2.012433 -0.969012 -1.198283 -2.012433 -0.969012 0.462784 -0.098379 -0.900263 -18.920659 -506.277313 -338.813417
-0.917305 -2.157656 -1.559570 -0.917305 -2.157656 -1.559570 0.484998 -0.377474 -1.050619 92.967511 -424.038727 -162.373522
-0.604288 -2.451906 -2.208904 -0.604288 -2.451906 -2.208904 0.567195 -0.589094 -1.096721 181.020352 -281.361001 8.698076
-0.228125 -2.845143 -2.855825 -0.228125 -2.845143 -2.855825 0.692118 -0.703587 -1.043771 235.391099 -100.282702 167.802991
0.230359 -3.274804 -3.444500 0.230359 -3.274804 -3.444500 0.837568 -0.711048 -0.906171 249.441573 75.410417 290.864049
0.775959 -3.678594 -3.931970 0.775959 -3.678594 -3.931970 0.978032 -0.619475 -0.712268 218.772866 229.834500 355.480864
1.398937 -4.000759 -4.293812 1.398937 -4.000759 -4.293812 1.093191 -0.440828 -0.491319 165.089558 365.655153 381.015364
2.079677 -4.194223 -4.521137 2.079677 -4.194223 -4.521137 1.167793 -0.195361 -0.268296 83.582349 452.568813 362.392396
2.791497 -4.228250 -4.620445 2.791497 -4.228250 -4.620445 1.198439 0.084816 -0.068665 18.570674 481.355260 303.046557
3.511625 -4.093549 -4.612259 3.511625 -4.093549 -4.612259 1.198193 0.359464 0.087348 -19.388668 434.138140 216.994294
4.226026 -3.805060 -4.526224 4.226026 -3.805060 -4.526224 1.181434 0.593277 0.190382 -36.476135 345.236525 126.452726
4.929309 -3.393612 -4.393292 4.929309 -3.393612 -4.393292 1.164494 0.767116 0.245961 -19.989756 234.227055 58.812697
5.627167 -2.898891 -4.238149 5.627167 -2.898891 -4.238149 1.166299 0.869104 0.266147 26.006075 105.734284 8.473947
6.336076 -2.367084 -4.078881 6.336076 -2.367084 -4.078881 1.204142 0.889107 0.261504 100.138887 -39.057597 -23.952511
7.082044 -1.847665 -3.925033 7.082044 -1.847665 -3.925033 1.291517 0.830597 0.253419 191.108576 -155.975382 -2.995510
7.896505 -1.381504 -3.770125 7.896505 -1.381504 -3.770125 1.431935 0.716402 0.268596 276.951438 -224.676782 53.584238
8.809346 -0.994156 -3.596132 8.809346 -0.994156 -3.596132 1.617253 0.571340 0.316701 340.777231 -258.862768 106.766985
9.842424 -0.697055 -3.382665 9.842424 -0.697055 -3.382665 1.828651 0.420483 0.401901 363.883195 -243.992087 177.231346
11.003691 -0.484744 -3.106005 11.003691 -0.484744 -3.106005 2.039864 0.293787 0.526330 340.157826 -178.329959 237.531015
12.284728 -0.334949 -2.745840 12.284728 -0.334949 -2.745840 2.223414 0.214900 0.676907 271.676111 -84.626167 264.392813
13.660967 -0.215218 -2.292188 13.660967 -0.215218 -2.292188 2.352864 0.194244 0.835130 159.823880 15.771993 263.017442
15.091645 -0.090019 -1.746923 15.091645 -0.090019 -1.746923 2.399714 0.232775 0.977159 -3.656820 112.665550 210.413795
16.520213 0.075551 -1.128611 16.520213 0.075551 -1.128611 2.344508 0.328500 1.074117 -180.362562 206.417794 112.778270
17.884285 0.311835 -0.470810 17.884285 0.311835 -0.470810 2.185456 0.462493 1.106939 -349.812538 240.224576 -3.369249
19.122911 0.632186 0.184785 19.122911 0.632186 0.184785 1.927162 0.604705 1.065104 -511.167606 233.814771 -136.082965
20.180391 1.034916 0.790477 20.180391 1.034916 0.790477 1.586426 0.734096 0.939080 -624.616826 197.491816 -283.997056
21.016822 1.506029 1.294473 21.016822 1.506029 1.294473 1.196690 0.828126 0.727020 -674.503791 115.938702 -422.870289
21.614672 2.016909 1.649613 21.614672 2.016909 1.649613 0.798222 0.863364 0.448522 -653.723118 1.524007 -505.455268
21.981406 2.527569 1.826673 21.981406 2.527569 1.826673 0.433342 0.826117 0.139893 -562.544648 -125.682001 -523.306562
22.148760 2.993799 1.818270 22.148760 2.993799 1.818270 0.138847 0.716619 -0.164813 -419.103575 -239.311361 -492.380760
22.168845 3.375378 1.636288 22.168845 3.375378 1.636288 -0.051536 0.546447 -0.432567 -215.505351 -327.928785 -400.132158
22.112682 3.642091 1.313723 22.112682 3.642091 1.313723 -0.113096 0.339052 -0.627655 10.305152 -363.388132 -250.160838
22.061224 3.779669 0.904139 22.061224 3.779669 0.904139 -0.034187 0.118804 -0.717560 252.722650 -370.772861 -49.524246
22.098653 3.787946 0.478016 22.098653 3.787946 0.478016 0.179701 -0.084992 -0.680641 460.239067 -308.547340 172.589506
22.297893 3.688925 0.114157 22.297893 3.688925 0.114157 0.498728 -0.232557 -0.509790 603.181950 -183.333171 396.911661
22.710203 3.524383 -0.110881 22.710203 3.524383 -0.110881 0.883141 -0.302594 -0.224684 678.195364 -50.125764 553.442483
23.362163 3.333804 -0.146072 23.362163 3.333804 -0.146072 1.290058 -0.332670 0.107382 678.195364 -50.125764 553.442483
