-1.917308 1.912062 -2.829042 -1.917308 1.912062 -2.829042 0.108278 1.357926 -0.376333 -162.142646 -462.407573 716.617304
-1.881527 2.643585 -2.925851 -1.881527 2.643585 -2.925851 0.010993 1.080482 0.053637 -162.142646 -462.407573 716.617304
-1.893823 3.203801 -2.770647 -1.893823 3.203801 -2.770647 -0.034825 0.778842 0.453759 9.417554 -543.060019 617.121727
-1.898722 3.570661 -2.396138 -1.898722 3.570661 -2.396138 0.042331 0.439535 0.779888 247.768105 -587.960681 469.976461
-1.817226 3.731887 -1.855660 -1.817226 3.731887 -1.855660 0.248487 0.103446 1.001621 439.419483 -532.337017 269.130330
-1.581724 3.703740 -1.220164 -1.581724 3.703740 -1.220164 0.548710 -0.187926 1.093501 561.324630 -438.902704 37.139025
-1.147907 3.520566 -0.569805 -1.147907 3.520566 -0.569805 0.903266 -0.408351 1.053652 620.525670 -295.846742 -169.971329
-0.494677 3.233762 0.020502 -0.494677 3.233762 0.020502 1.273462 -0.528563 0.895224 613.461347 -104.860762 -358.120349
0.376173 2.908838 0.485208 0.376173 2.908838 0.485208 1.623288 -0.536036 0.640516 552.627362 79.950810 -490.907606
1.442421 2.612287 0.777063 1.442421 2.612287 0.777063 1.918877 -0.434670 0.325515 432.668018 257.936709 -559.095372
2.661905 2.405871 0.871402 2.661905 2.405871 0.871402 2.129864 -0.240121 -0.011603 270.621273 390.557915 -564.630079
3.978706 2.336594 0.766470 3.978706 2.336594 0.766470 2.243090 0.016692 -0.332067 106.799567 465.486090 -503.583165
5.335071 2.431511 0.482940 5.335071 2.431511 0.482940 2.263606 0.301553 -0.602444 -38.413114 484.050525 -397.673058
6.678640 2.697983 0.058032 6.678640 2.697983 0.058032 2.202160 0.584040 -0.800350 -166.407774 457.571486 -262.015940
7.964599 3.125137 -0.459647 7.964599 3.125137 -0.459647 2.075395 0.830420 -0.909090 -256.140906 363.698207 -100.450031
9.161203 3.680507 -1.015157 9.161203 3.680507 -1.015157 1.909076 1.006900 -0.929233 -298.256603 224.566778 33.305775
10.253084 4.315465 -1.559804 10.253084 4.315465 -1.559804 1.730728 1.093620 -0.874761 -296.234253 64.499873 148.269598
11.240820 4.974179 -2.052376 11.240820 4.974179 -2.052376 1.566095 1.086982 -0.757820 -252.543708 -86.626430 241.533083
12.139703 5.603112 -2.461556 12.139703 5.603112 -2.461556 1.437988 0.996689 -0.602717 -174.479205 -214.350308 275.477681
12.975196 6.157515 -2.774629 12.975196 6.157515 -2.774629 1.353828 0.842940 -0.442579 -106.055043 -298.146911 258.315898
13.772092 6.606606 -2.995899 13.772092 6.606606 -2.995899 1.308643 0.649019 -0.298686 -44.563054 -348.256777 221.325936
14.552574 6.932944 -3.138420 14.552574 6.932944 -3.138420 1.298496 0.438130 -0.181632 10.741615 -354.704999 168.854881
15.334388 7.136020 -3.221581 15.334388 7.136020 -3.221581 1.308852 0.245532 -0.103196 23.776868 -287.288610 92.597316
16.122877 7.237194 -3.270218 16.122877 7.237194 -3.270218 1.317610 0.100992 -0.064571 5.416708 -194.512924 36.152864
16.911543 7.268506 -3.305231 16.911543 7.268506 -3.305231 1.306487 0.012932 -0.056769 -42.493237 -99.017932 -10.144076
17.683539 7.265572 -3.341348 17.683539 7.265572 -3.341348 1.259752 -0.010828 -0.064007 -113.290590 19.816117 -13.983797
18.414082 7.268315 -3.380218 18.414082 7.268315 -3.380218 1.167199 0.029422 -0.062141 -195.217766 114.350865 20.204418
19.075621 7.310522 -3.410473 19.075621 7.310522 -3.410473 1.031866 0.117890 -0.033052 -255.893440 180.542841 76.757867
19.645991 7.415162 -3.411789 19.645991 7.415162 -3.411789 0.864883 0.233256 0.036495 -300.714523 204.010272 155.066686
20.109771 7.590379 -3.357247 20.109771 7.590379 -3.357247 0.679347 0.348368 0.153202 -317.739399 179.695387 233.954369
20.462417 7.827192 -3.218781 20.462417 7.827192 -3.218781 0.499861 0.433423 0.315739 -280.546420 103.822219 307.835380
20.717088 8.100689 -2.970768 20.717088 8.100689 -2.970768 0.357793 0.469493 0.516236 -193.014753 16.411712 360.488903
20.904341 8.378998 -2.595195 20.904341 8.378998 -2.595195 0.278583 0.447636 0.737246 -71.019735 -89.268383 376.212089
21.067443 8.624820 -2.088072 21.067443 8.624820 -2.088072 0.279651 0.360616 0.948259 74.582255 -200.797281 327.163245
21.257960 8.799675 -1.465276 21.257960 8.799675 -1.465276 0.370910 0.213279 1.119316 229.614170 -290.326102 243.026440
21.531133 8.872804 -0.757320 21.531133 8.872804 -0.757320 0.555157 0.026189 1.228238 384.541703 -333.308998 120.049578
21.940282 8.828470 -0.008881 21.940282 8.828470 -0.008881 0.820066 -0.174058 1.249703 498.489245 -334.179646 -48.501453
22.525477 8.667168 0.721575 22.525477 8.667168 0.721575 1.136297 -0.358140 1.167424 555.613595 -279.429412 -225.761248
23.307833 8.406884 1.372264 23.307833 8.406884 1.372264 1.472501 -0.501311 0.986328 565.064044 -197.805129 -377.891911
24.289277 8.078722 1.888532 24.289277 8.078722 1.888532 1.792702 -0.578844 0.722050 502.272613 -60.640326 -503.034119
25.447153 7.729432 2.226352 25.447153 7.729432 2.226352 2.053292 -0.570571 0.395907 366.361343 88.219197 -584.108983
26.734414 7.412346 2.356922 26.734414 7.412346 2.356922 2.219813 -0.470754 0.036270 188.710557 244.503554 -614.681841
28.086639 7.180434 2.272359 28.086639 7.180434 2.272359 2.264885 -0.291404 -0.310952 -38.471325 353.329092 -542.725767
29.423658 7.073828 1.997549 29.423658 7.073828 1.997549 2.166866 -0.056220 -0.589329 -288.259238 430.617224 -385.196680
30.661672 7.120071 1.582682 30.661672 7.120071 1.582682 1.942815 0.214473 -0.780118 -458.576449 471.692485 -250.765852
31.744817 7.333660 1.069473 31.744817 7.333660 1.069473 1.667669 0.497488 -0.930577 -458.576449 471.692485 -250.765852
