8.530628 4.913610 6.909397 8.530628 4.913610 6.909397 0.525703 -0.393506 0.837691 350.030554 -253.046079 494.598026
8.909055 4.631958 7.501040 8.909055 4.631958 7.501040 0.735721 -0.545334 1.134450 350.030554 -253.046079 494.598026
9.414753 4.268900 8.261982 9.414753 4.268900 8.261982 0.952039 -0.648707 1.387430 371.030597 -91.530037 348.668218
10.050905 3.875446 9.144576 10.050905 3.875446 9.144576 1.165369 -0.642399 1.533511 340.068106 112.556036 138.268091
10.806340 3.521054 10.077048 10.806340 3.521054 10.077048 1.344417 -0.520930 1.553861 256.757114 292.341179 -70.434130
11.651157 3.269734 10.982763 11.651157 3.269734 10.982763 1.458225 -0.302442 1.441979 122.602866 435.951979 -302.505012
12.537888 3.172623 11.781137 12.537888 3.172623 11.781137 1.480424 -0.011461 1.198665 -48.604345 533.983847 -508.543692
13.405208 3.261611 12.398866 13.405208 3.261611 12.398866 1.390337 0.307668 0.843879 -251.684367 529.778643 -674.075885
14.184186 3.540236 12.778754 14.184186 3.540236 12.778754 1.189720 0.618855 0.413906 -417.041481 507.513134 -759.166747
14.822951 4.002901 12.890447 14.822951 4.002901 12.890447 0.939495 0.923363 -0.041594 -417.041481 507.513134 -759.166747
