-8.233498 1.400243 10.673763 -8.233498 1.400243 10.673763 0.614133 -0.934908 0.017752 -80.246311 45.253268 -591.930937
-7.879463 0.847444 10.577867 -7.879463 0.847444 10.577867 0.565985 -0.907756 -0.337406 -80.246311 45.253268 -591.930937
-7.551061 0.318931 10.277539 -7.551061 0.318931 10.277539 0.534112 -0.840625 -0.649249 -25.998846 178.518441 -447.544555
-7.230220 -0.143527 9.821120 -7.230220 -0.143527 9.821120 0.543780 -0.684598 -0.849335 58.226649 341.570307 -219.408007
-6.890905 -0.486812 9.285833 -6.890905 -0.486812 9.285833 0.591548 -0.449702 -0.911944 100.999652 441.417347 10.710137
-6.518580 -0.673332 8.754751 -6.518580 -0.673332 8.754751 0.648227 -0.165618 -0.834733 87.929817 505.528033 246.660254
-6.115263 -0.681559 8.310593 -6.115263 -0.681559 8.310593 0.693752 0.138439 -0.625323 63.821287 507.995142 451.372740
-5.690080 -0.511461 8.025237 -5.690080 -0.511461 8.025237 0.719265 0.421214 -0.311544 21.221152 434.587278 594.558002
-5.259526 -0.187568 7.950649 -5.259526 -0.187568 7.950649 0.707877 0.646663 0.071780 -59.182362 316.911613 683.188687
-4.850023 0.247271 8.116834 -4.850023 0.247271 8.116834 0.649513 0.785794 0.482406 -135.362134 146.856770 685.562601
-4.487531 0.734099 8.525530 -4.487531 0.734099 8.525530 0.554043 0.818496 0.872998 -182.872881 -37.847758 616.410309
-4.188758 1.207452 9.152654 -4.188758 1.207452 9.152654 0.440641 0.741128 1.204703 -195.131568 -220.045996 489.274252
-3.958852 1.602752 9.952931 -3.958852 1.602752 9.952931 0.326785 0.560258 1.445200 -184.389392 -382.856425 312.384188
-3.791936 1.862908 10.863037 -3.791936 1.862908 10.863037 0.236328 0.295118 1.566414 -117.133924 -500.941189 91.660397
-3.664533 1.945800 11.806760 -3.664533 1.945800 11.806760 0.199501 -0.025492 1.558288 -5.622370 -567.759601 -118.744841
-3.537879 1.829060 12.709018 -3.537879 1.829060 12.709018 0.235952 -0.362389 1.430334 127.124241 -555.231677 -307.770826
-3.365240 1.516308 13.502887 -3.365240 1.516308 13.502887 0.353158 -0.672411 1.201008 263.561836 -478.173435 -456.648876
-3.096518 1.033730 14.135705 -3.096518 1.033730 14.135705 0.558225 -0.924617 0.899070 419.996593 -362.515198 -549.810728
-2.678638 0.424504 14.575284 -2.678638 0.424504 14.575284 0.846952 -1.088141 0.564698 542.425616 -182.562026 -564.763036
-2.068829 -0.249810 14.813345 -2.068829 -0.249810 14.813345 1.192411 -1.140522 0.230340 609.104744 7.956992 -549.762388
-1.243044 -0.922390 14.857942 -1.243044 -0.922390 14.857942 1.561370 -1.084239 -0.072770 620.760154 179.654548 -460.605044
-0.197025 -1.531473 14.738810 -0.197025 -1.531473 14.738810 1.921128 -0.930837 -0.311936 578.432200 331.684631 -336.616467
1.052826 -2.023669 14.498347 1.052826 -2.023669 14.498347 2.233469 -0.698811 -0.477456 462.705742 441.735226 -215.115502
2.465950 -2.360327 14.180808 2.465950 -2.360327 14.180808 2.459870 -0.418189 -0.568250 291.962113 493.670925 -87.532644
3.981830 -2.522948 13.831542 3.981830 -2.522948 13.831542 2.572074 -0.124829 -0.583567 82.050708 484.195203 36.476091
5.526149 -2.514101 13.492424 5.526149 -2.514101 13.492424 2.552831 0.148637 -0.539401 -146.193490 427.358911 110.746364
7.018706 -2.354864 13.189940 7.018706 -2.354864 13.189940 2.400979 0.370704 -0.466840 -359.978766 312.864141 131.123112
8.383562 -2.084993 12.933332 8.383562 -2.084993 12.933332 2.130317 0.514087 -0.388699 -542.227752 165.080898 129.347700
9.556628 -1.755390 12.722601 9.556628 -1.755390 12.722601 1.767365 0.570315 -0.315062 -667.613629 22.345196 116.107633
10.493033 -1.417177 12.550490 10.493033 -1.417177 12.550490 1.347580 0.543733 -0.265263 -731.670325 -110.953915 49.889828
11.171973 -1.117050 12.395749 11.171973 -1.117050 12.395749 0.919043 0.446455 -0.258148 -696.786260 -213.305988 -26.172252
11.603719 -0.891630 12.233321 11.603719 -0.891630 12.233321 0.529681 0.298182 -0.287991 -601.087410 -280.936733 -73.306861
11.822581 -0.763743 12.045912 11.822581 -0.763743 12.045912 0.215272 0.127353 -0.339069 -446.939558 -288.493204 -96.952630
11.884351 -0.736412 11.825060 11.884351 -0.736412 11.825060 0.012390 -0.031505 -0.397036 -229.333845 -241.033001 -96.271405
11.863653 -0.794208 11.572051 11.863653 -0.794208 11.572051 -0.059474 -0.153657 -0.442093 -10.213377 -166.140344 -53.918701
11.839852 -0.910669 11.300907 11.839852 -0.910669 11.300907 0.003009 -0.225148 -0.455356 218.489072 -72.164398 9.709077
11.893333 -1.051742 11.034647 11.893333 -1.051742 11.034647 0.195839 -0.233422 -0.423502 424.276162 44.587088 96.470208
12.094744 -1.178378 10.804627 12.094744 -1.178378 10.804627 0.488094 -0.179711 -0.332037 549.907433 134.449119 208.416110
12.491802 -1.256947 10.648327 12.491802 -1.256947 10.648327 0.844133 -0.073760 -0.179950 636.889718 218.720457 298.539163
13.113935 -1.260142 10.597103 13.113935 -1.260142 10.597103 1.231335 0.065931 0.014216 653.784422 246.916258 348.681989
13.965296 -1.177514 10.669961 13.965296 -1.177514 10.669961 1.597997 0.207199 0.231253 568.421127 223.976975 374.773469
15.020701 -1.015129 10.875519 15.020701 -1.015129 10.875519 1.910504 0.330334 0.452855 473.270691 186.471380 363.899013
16.252192 -0.783364 11.212734 16.252192 -0.783364 11.212734 2.194467 0.442216 0.671194 473.270691 186.471380 363.899013
