-10.235365 2.301253 -5.359675 -10.235365 2.301253 -5.359675 0.049520 -0.100244 0.792250 527.051729 451.059047 -526.436383
-10.110784 2.322298 -4.979084 -10.110784 2.322298 -4.979084 0.365751 0.170391 0.476388 527.051729 451.059047 -526.436383
-9.794389 2.501489 -4.782738 -9.794389 2.501489 -4.782738 0.692358 0.419855 0.186883 561.637854 380.488002 -438.580570
-9.278375 2.813083 -4.741055 -9.278375 2.813083 -4.741055 1.026863 0.604113 -0.033776 553.379518 233.704017 -296.948201
-8.565989 3.207554 -4.804254 -8.565989 3.207554 -4.804254 1.342195 0.694021 -0.159356 497.727105 65.990259 -121.652161
-7.678839 3.626292 -4.911555 -7.678839 3.626292 -4.911555 1.602040 0.685848 -0.181298 368.423747 -93.233970 48.511825
-6.662040 4.012058 -5.003760 -6.662040 4.012058 -5.003760 1.769389 0.585106 -0.112985 189.405011 -242.573671 179.196817
-5.578839 4.314117 -5.033514 -5.578839 4.314117 -5.033514 1.820403 0.412854 0.023441 -19.356688 -331.598274 275.558289
-4.502966 4.498791 -4.965837 -4.502966 4.498791 -4.965837 1.744367 0.197139 0.208839 -234.098196 -387.452739 342.433577
-3.509643 4.547472 -4.778910 -3.509643 4.547472 -4.778910 1.548113 -0.034635 0.414229 -420.080002 -385.128263 342.201824
-2.666180 4.460647 -4.471351 -2.666180 4.460647 -4.471351 1.247112 -0.249317 0.606672 -583.257176 -330.477121 299.275163
-2.027926 4.257249 -4.057240 -2.027926 4.257249 -4.057240 0.872022 -0.419211 0.767431 -667.044605 -235.837148 236.588541
-1.626162 3.970224 -3.558810 -1.626162 3.970224 -3.558810 0.464892 -0.525949 0.886309 -690.053703 -119.955985 159.668523
-1.467432 3.640395 -3.003040 -1.467432 3.640395 -3.003040 0.070882 -0.561261 0.958332 -623.313941 2.249785 80.409442
-1.529952 3.310777 -2.417640 -1.529952 3.310777 -2.417640 -0.267372 -0.526241 0.986213 -504.198430 114.482113 12.528820
-1.769127 3.020082 -1.825825 -1.769127 3.020082 -1.825825 -0.509871 -0.435341 0.982891 -304.132834 188.520192 -23.604777
-2.116590 2.794559 -1.240690 -2.116590 2.794559 -1.240690 -0.626331 -0.313485 0.966976 -84.065551 217.664626 -29.445627
-2.493556 2.645352 -0.663934 -2.493556 2.645352 -0.663934 -0.606948 -0.184365 0.958662 148.676383 212.737006 1.732826
-2.817643 2.570687 -0.084453 -2.817643 2.570687 -0.084453 -0.451142 -0.068415 0.979564 370.674740 173.761509 67.941000
-3.010158 2.555492 0.519494 -3.010158 2.555492 0.519494 -0.171496 0.008723 1.040221 561.478406 83.367325 134.248178
-3.004960 2.569027 1.171146 -3.004960 2.569027 1.171146 0.200541 0.025219 1.137547 678.646822 -28.383051 190.174642
-2.759697 2.573564 1.891157 -2.759697 2.573564 1.891157 0.621636 -0.019236 1.267909 725.002079 -119.798387 244.363018
-2.256976 2.534675 2.697205 -2.256976 2.534675 2.697205 1.052837 -0.120032 1.421111 712.335416 -216.188984 266.310249
-1.502391 2.420365 3.596244 -1.502391 2.420365 3.596244 1.453548 -0.266632 1.573082 623.368263 -272.477551 240.262434
-0.527070 2.211138 4.579913 -0.527070 2.211138 4.579913 1.782498 -0.431130 1.700102 473.130640 -275.848369 183.137224
0.618072 1.905717 5.626222 0.618072 1.905717 5.626222 2.018775 -0.582090 1.776399 314.460636 -227.352406 71.185811
1.873983 1.520262 6.696006 1.873983 1.520262 6.696006 2.147664 -0.694888 1.774765 115.167868 -148.640423 -76.633989
3.172219 1.083198 7.737741 3.172219 1.083198 7.737741 2.161303 -0.750950 1.682133 -69.704970 -38.234089 -232.139200
4.448282 0.634630 8.696472 4.448282 0.634630 8.696472 2.078623 -0.729470 1.499033 -205.892698 109.835496 -378.193369
5.651994 0.224693 9.520338 5.651994 0.224693 9.520338 1.923077 -0.623697 1.234722 -312.593996 242.741634 -502.843670
6.746482 -0.098877 10.165569 6.746482 -0.098877 10.165569 1.720064 -0.443283 0.907564 -364.116255 358.637640 -587.684060
7.713533 -0.295780 10.603601 7.713533 -0.295780 10.603601 1.504359 -0.205536 0.551339 -354.900937 433.850752 -599.732442
8.555394 -0.338954 10.828826 8.555394 -0.338954 10.828826 1.307056 0.065047 0.203366 -302.774875 468.093896 -560.175512
9.289323 -0.218098 10.856419 9.289323 -0.218098 10.856419 1.146365 0.333759 -0.100716 -232.862812 427.611805 -453.431687
9.942070 0.052774 10.726053 9.942070 0.052774 10.726053 1.040867 0.558556 -0.314367 -118.798871 321.712491 -258.738171
10.549973 0.438634 10.501119 10.549973 0.438634 10.501119 0.993419 0.715674 -0.418319 -39.361550 202.013624 -87.767755
11.138939 0.904401 10.234329 11.138939 0.904401 10.234329 0.969802 0.836882 -0.470979 -39.361550 202.013624 -87.767755
