9.698202 -5.246950 -4.326319 9.698202 -5.246950 -4.326319 2.076754 1.100104 0.774228 -211.265356 284.922415 82.138048
10.906227 -4.535602 -3.846997 10.906227 -4.535602 -3.846997 1.949994 1.271057 0.823511 -211.265356 284.922415 82.138048
12.028713 -3.731217 -3.341822 12.028713 -3.731217 -3.341822 1.775822 1.394331 0.854208 -369.309536 125.991447 20.183698
13.018334 -2.884601 -2.829246 13.018334 -2.884601 -2.829246 1.507254 1.406622 0.848413 -525.916111 -85.024197 -39.499753
13.823602 -2.066369 -2.327374 13.823602 -2.066369 -2.327374 1.169606 1.303425 0.824381 -599.578087 -258.964439 -40.605654
14.416495 -1.339206 -1.838076 14.416495 -1.339206 -1.838076 0.805131 1.106653 0.809909 -615.339516 -396.941502 -7.637074
14.792237 -0.750880 -1.351139 14.792237 -0.750880 -1.351139 0.453047 0.847405 0.817158 -558.273521 -467.220050 31.802659
14.969568 -0.327367 -0.850893 14.969568 -0.327367 -0.850893 0.148045 0.562922 0.857374 -458.397978 -481.055700 102.248310
14.983483 -0.074522 -0.312014 14.983483 -0.074522 -0.312014 -0.088998 0.282695 0.948976 -331.745991 -453.035179 203.094717
14.879034 0.018954 0.298528 14.879034 0.018954 0.298528 -0.244722 0.037902 1.093827 -187.334262 -362.940325 279.740482
14.706923 -0.015045 1.008137 14.706923 -0.015045 1.008137 -0.314911 -0.136914 1.276469 -46.629772 -219.780689 329.067554
14.516162 -0.128015 1.834367 14.516162 -0.128015 1.834367 -0.309995 -0.225088 1.479489 63.018188 -74.131524 347.663161
14.345983 -0.266889 2.781915 14.345983 -0.266889 2.781915 -0.249810 -0.221954 1.674465 137.598977 84.576178 302.259825
14.223307 -0.377412 3.836043 14.223307 -0.377412 3.836043 -0.155043 -0.134079 1.831031 178.287832 208.341920 219.625192
14.162008 -0.415355 4.966651 14.162008 -0.415355 4.966651 -0.049894 0.015940 1.925093 172.209273 291.721392 93.915867
14.160270 -0.350714 6.128748 14.160270 -0.350714 6.128748 0.039437 0.203806 1.932123 125.560876 334.497769 -70.482166
14.202836 -0.168382 7.265243 14.202836 -0.168382 7.265243 0.096286 0.403698 1.839371 63.936470 331.811148 -238.691006
14.268554 0.129716 8.316080 14.268554 0.129716 8.316080 0.116837 0.583554 1.647048 4.566953 267.707289 -402.388671
14.336141 0.522119 9.222841 14.336141 0.522119 9.222841 0.102894 0.714592 1.360425 -51.044820 169.087242 -553.020207
14.386794 0.975213 9.933691 14.386794 0.975213 9.933691 0.062792 0.785560 0.999310 -82.626295 67.473038 -650.697208
14.409121 1.451951 10.415077 14.409121 1.451951 10.415077 0.010839 0.792326 0.603517 -90.552476 -44.922225 -668.611404
14.401308 1.913223 10.659127 14.401308 1.913223 10.659127 -0.033578 0.735184 0.213800 -57.501994 -145.550477 -630.445723
14.375167 2.324633 10.680722 14.375167 2.324633 10.680722 -0.046299 0.630349 -0.130489 15.097229 -203.898032 -517.183409
14.355207 2.664607 10.519324 14.355207 2.664607 10.519324 -0.011731 0.500343 -0.390858 100.131556 -229.455616 -350.715224
14.371437 2.925541 10.234309 14.371437 2.925541 10.234309 0.074569 0.372818 -0.538143 187.534095 -195.629494 -140.234154
14.454823 3.117256 9.901108 14.454823 3.117256 9.901108 0.211535 0.271630 -0.547649 269.020075 -141.663698 108.547343
14.633295 3.260771 9.604519 14.633295 3.260771 9.604519 0.388579 0.216815 -0.420210 321.123789 -41.051755 316.249206
14.925130 3.390508 9.421372 14.925130 3.390508 9.421372 0.585683 0.227371 -0.170192 335.889983 76.236945 517.144564
15.334792 3.546838 9.420044 15.334792 3.546838 9.420044 0.776180 0.304035 0.178606 299.102001 179.312598 645.514628
15.848914 3.765894 9.647225 15.848914 3.765894 9.647225 0.928518 0.433418 0.585035 208.691550 251.962722 709.250230
16.435754 4.074294 10.125278 16.435754 4.074294 10.125278 1.014555 0.599576 1.007422 78.097516 301.896550 698.707602
17.048584 4.488270 10.850180 17.048584 4.488270 10.850180 1.011611 0.780156 1.400053 -87.909721 300.036466 610.059819
17.629732 5.007386 11.791568 17.629732 5.007386 11.791568 0.908890 0.945260 1.723817 -254.494282 250.309504 469.153247
18.119201 5.613646 12.898217 18.119201 5.613646 12.898217 0.705913 1.065688 1.944864 -422.097334 151.120087 267.672006
18.457928 6.271917 14.099377 18.457928 6.271917 14.099377 0.408435 1.114643 2.035770 -569.493927 12.060791 35.345911
18.595388 6.934049 15.314523 18.595388 6.934049 15.314523 0.041280 1.077753 1.993587 -654.355942 -135.027044 -175.955880
18.502003 7.547869 16.466993 18.502003 7.547869 16.466993 -0.353182 0.954105 1.827964 -660.518692 -277.133098 -376.117613
18.175676 8.063116 17.488092 18.175676 8.063116 17.488092 -0.727112 0.751164 1.562402 -585.915751 -399.337218 -509.090647
17.639614 8.436812 18.328899 17.639614 8.436812 18.328899 -1.050311 0.485957 1.231961 -491.413505 -484.686018 -592.379193
16.920973 8.641143 18.961448 16.920973 8.641143 18.961448 -1.345159 0.195145 0.876534 -491.413505 -484.686018 -592.379193
