-5.490705 2.895369 -2.400446 -5.490705 2.895369 -2.400446 0.950395 -0.198952 -1.692195 105.942143 186.692543 475.813837
-4.901399 2.809603 -3.330117 -4.901399 2.809603 -3.330117 1.013960 -0.086936 -1.406707 105.942143 186.692543 475.813837
-4.276819 2.787546 -4.080230 -4.276819 2.787546 -4.080230 1.063196 0.007578 -1.079893 58.177793 128.356087 613.567175
-3.632601 2.809155 -4.609906 -3.632601 2.809155 -4.609906 1.077245 0.054384 -0.672665 -11.348674 27.664315 743.858660
-2.991802 2.840070 -4.878988 -2.991802 2.840070 -4.878988 1.052910 0.037508 -0.223240 -69.767394 -83.919469 754.226029
-2.374797 2.841796 -4.881039 -2.374797 2.841796 -4.881039 1.000138 -0.041210 0.209956 -106.139853 -178.471935 689.758778
-1.794573 2.781641 -4.637931 -1.794573 2.781641 -4.637931 0.932687 -0.164815 0.588703 -118.693972 -233.545296 572.732525
-1.255932 2.639394 -4.192630 -1.255932 2.639394 -4.192630 0.863436 -0.311543 0.877279 -112.144960 -255.550048 389.188189
-0.754499 2.407756 -3.608612 -0.754499 2.407756 -3.608612 0.813940 -0.458435 1.048772 -52.841314 -234.087470 182.454264
-0.268938 2.094328 -2.958740 -0.268938 2.094328 -2.958740 0.815777 -0.580048 1.097082 58.966231 -171.289478 -21.422509
0.238248 1.721767 -2.316338 0.238248 1.721767 -2.316338 0.886684 -0.651321 1.024273 177.390251 -66.289273 -221.272733
0.808768 1.326793 -1.750775 0.808768 1.326793 -1.750775 1.026016 -0.652341 0.845652 287.049003 62.892238 -374.129009
1.482727 0.954536 -1.316196 1.482727 0.954536 -1.316196 1.231647 -0.575472 0.593827 398.388873 193.337017 -465.289495
2.298102 0.650279 -1.046344 2.298102 0.650279 -1.046344 1.494063 -0.428343 0.301193 476.330585 297.091480 -510.156200
3.282214 0.451946 -0.955697 3.282214 0.451946 -0.955697 1.789537 -0.224106 0.003895 508.581494 383.698438 -480.837815
4.445404 0.388666 -1.034920 4.445404 0.388666 -1.034920 2.084303 0.016705 -0.259653 473.971213 419.004668 -397.654116
5.776103 0.472446 -1.255633 5.776103 0.472446 -1.255633 2.342698 0.259787 -0.464964 387.347509 391.270061 -286.716266
7.243527 0.693936 -1.578400 7.243527 0.693936 -1.578400 2.535519 0.470496 -0.597894 255.389203 311.093049 -156.383268
8.799296 1.024280 -1.957335 8.799296 1.024280 -1.957335 2.631190 0.617400 -0.651974 63.511738 178.586705 -23.884224
10.376724 1.417748 -2.346068 10.376724 1.417748 -2.346068 2.605705 0.678967 -0.632553 -148.459325 26.637165 88.620438
11.901091 1.819567 -2.704184 11.901091 1.819567 -2.704184 2.454964 0.643169 -0.552059 -354.012602 -145.965697 179.694038
13.299908 2.168881 -3.001163 13.299908 2.168881 -3.001163 2.190360 0.504022 -0.434685 -527.998596 -317.857034 211.550822
14.510751 2.406361 -3.223683 14.510751 2.406361 -3.223683 1.831895 0.274711 -0.306695 -666.885497 -446.512249 215.081505
15.485249 2.486689 -3.370508 15.485249 2.486689 -3.370508 1.408762 -0.013825 -0.185261 -743.558738 -515.275856 189.699148
16.197416 2.383980 -3.451610 16.197416 2.383980 -3.451610 0.966382 -0.331314 -0.091895 -731.039300 -543.019578 121.520535
16.650791 2.089317 -3.488559 16.650791 2.089317 -3.488559 0.553422 -0.647779 -0.037408 -645.497042 -511.863460 60.102334
16.877052 1.616480 -3.502724 16.877052 1.616480 -3.502724 0.218109 -0.915069 -0.014040 -472.210751 -379.102773 17.793617
16.933005 1.007746 -3.510315 16.933005 1.007746 -3.510315 -0.014787 -1.099802 -0.015214 -304.110440 -236.675843 -21.707294
16.869393 0.305263 -3.523350 16.869393 0.305263 -3.523350 -0.197253 -1.241808 -0.028238 -304.110440 -236.675843 -21.707294
