-6.502666 -3.701621 6.319424 -6.502666 -3.701621 6.319424 0.150339 0.441226 -1.631854 -71.499878 300.355500 159.405458
-6.425333 -3.382821 5.369004 -6.425333 -3.382821 5.369004 0.107439 0.621440 -1.536211 -71.499878 300.355500 159.405458
-6.364142 -2.958478 4.486634 -6.364142 -2.958478 4.486634 0.112528 0.788728 -1.387249 88.462800 257.272545 337.133817
-6.267762 -2.443172 3.726329 -6.267762 -2.443172 3.726329 0.230303 0.921895 -1.128167 304.121668 186.615230 526.472847
-6.063986 -1.862948 3.149914 -6.063986 -1.862948 3.149914 0.467039 1.001347 -0.783681 484.998441 78.225384 621.812706
-5.688415 -1.256291 2.792683 -5.688415 -1.256291 2.792683 0.798278 1.007126 -0.405337 619.131755 -58.962561 639.335691
-5.093057 -0.671334 2.661879 -5.093057 -0.671334 2.661879 1.194497 0.928218 -0.035148 701.598628 -204.062215 594.627518
-4.248624 -0.158176 2.741618 -4.248624 -0.158176 2.741618 1.622688 0.770576 0.290603 725.705819 -321.411729 491.210018
-3.148169 0.240667 2.995198 -3.148169 0.240667 2.995198 2.039188 0.549486 0.539330 662.624752 -415.555864 337.878164
-1.812749 0.494494 3.369311 -1.812749 0.494494 3.369311 2.399936 0.294833 0.690541 539.868549 -433.287676 166.159390
-0.287223 0.593302 3.803538 -0.287223 0.593302 3.803538 2.665799 0.034357 0.740205 346.342196 -434.964922 -0.613085
1.360650 0.540920 4.238037 1.360650 0.540920 4.238037 2.803867 -0.200134 0.692270 113.884459 -346.672297 -159.171466
3.049827 0.366657 4.617737 3.049827 0.366657 4.617737 2.803985 -0.367040 0.561717 -113.491351 -209.680886 -276.004590
4.698482 0.118263 4.900842 4.698482 0.118263 4.900842 2.669351 -0.444987 0.374892 -335.288851 -50.142914 -346.745668
6.227690 -0.146838 5.062527 6.227690 -0.146838 5.062527 2.407928 -0.420489 0.162666 -536.121442 131.805097 -360.674490
7.567648 -0.364659 5.097386 7.567648 -0.364659 5.097386 2.044772 -0.287666 -0.042836 -674.398666 310.937540 -324.332172
8.671322 -0.473875 5.017961 8.671322 -0.473875 5.017961 1.631145 -0.064032 -0.214152 -704.358237 434.508028 -246.719725
9.523531 -0.428210 4.848492 9.523531 -0.428210 4.848492 1.210064 0.226037 -0.345022 -699.242691 532.389306 -189.513513
10.123706 -0.196758 4.607367 10.123706 -0.196758 4.607367 0.790519 0.545470 -0.458730 -699.242691 532.389306 -189.513513
