1.221579 2.364405 -6.904805 1.221579 2.364405 -6.904805 2.618996 0.035920 1.220802 -599.862790 6.638287 474.042302
2.685002 2.387151 -6.086997 2.685002 2.387151 -6.086997 2.259078 0.039903 1.505227 -599.862790 6.638287 474.042302
3.928378 2.407520 -5.103213 3.928378 2.407520 -5.103213 1.878685 0.020046 1.766251 -668.114750 -72.825773 396.035913
4.934401 2.400452 -3.978954 4.934401 2.400452 -3.978954 1.473177 -0.053584 1.969982 -683.577717 -172.607562 283.068106
5.698027 2.333159 -2.756529 5.698027 2.333159 -2.756529 1.076851 -0.177518 2.087241 -637.509460 -240.505855 107.794603
6.236291 2.181879 -1.497083 6.236291 2.181879 -1.497083 0.728870 -0.329214 2.090414 -522.426182 -265.147529 -97.218071
6.590312 1.937383 -0.272527 6.590312 1.937383 -0.272527 0.469092 -0.484510 1.971118 -343.500753 -252.507314 -300.433661
6.820974 1.605563 0.845372 6.820974 1.605563 0.845372 0.318175 -0.614325 1.737389 -159.558324 -180.210101 -478.663589
6.993803 1.211052 1.793506 6.993803 1.211052 1.793506 0.275666 -0.689841 1.409492 17.864530 -71.509258 -614.327310
7.172264 0.792141 2.523944 7.172264 0.792141 2.523944 0.335610 -0.693420 1.017504 181.946781 59.578721 -692.297093
7.414031 0.394273 3.009153 7.414031 0.394273 3.009153 0.483034 -0.620376 0.598722 309.467653 183.900514 -703.643552
7.763347 0.062502 3.246047 7.763347 0.062502 3.246047 0.687671 -0.473273 0.198121 372.654819 306.445353 -631.694350
8.244804 -0.161168 3.259886 8.244804 -0.161168 3.259886 0.920146 -0.263736 -0.137538 402.261500 392.009615 -487.168431
8.866760 -0.246463 3.100919 8.866760 -0.246463 3.100919 1.148812 -0.016605 -0.373608 359.959156 431.760494 -299.732314
9.616285 -0.179940 2.836913 9.616285 -0.179940 2.836913 1.342014 0.236299 -0.482894 284.048324 411.252334 -64.553314
10.466872 0.031579 2.549362 10.466872 0.031579 2.549362 1.483690 0.461619 -0.452604 188.205655 339.816685 165.519775
11.384824 0.361967 2.320314 11.384824 0.361967 2.320314 1.565920 0.626757 -0.289685 85.892581 210.643410 377.542931
12.334594 0.766866 2.226233 12.334594 0.766866 2.226233 1.591240 0.707789 -0.004296 -1.491670 59.463256 573.755163
13.284044 1.191163 2.332818 13.284044 1.191163 2.332818 1.565219 0.688064 0.369388 -85.246333 -125.213967 671.856622
14.206351 1.571292 2.676989 14.206351 1.571292 2.676989 1.506670 0.562083 0.780521 -109.917139 -294.723804 698.588900
15.090635 1.847646 3.269701 15.090635 1.847646 3.269701 1.441056 0.346022 1.192942 -108.794152 -425.477546 676.146878
15.936867 1.973058 4.101433 15.936867 1.973058 4.101433 1.381684 0.062654 1.569930 -89.113389 -519.084357 580.480804
16.753678 1.915322 5.137602 16.753678 1.915322 5.137602 1.347426 -0.258260 1.866839 -25.080547 -550.630132 409.214331
17.561395 1.663116 6.319264 17.561395 1.663116 6.319264 1.351255 -0.579322 2.051868 37.845028 -519.575287 207.550012
18.381701 1.228198 7.576534 18.381701 1.228198 7.576534 1.387668 -0.860070 2.120348 83.531221 -416.250931 20.715130
19.231608 0.646049 8.840594 19.231608 0.646049 8.840594 1.449136 -1.065731 2.073393 121.362266 -269.287438 -177.231884
20.122343 -0.029507 10.043539 20.122343 -0.029507 10.043539 1.518998 -1.165531 1.921105 111.509386 -63.378079 -330.393625
21.051154 -0.730449 11.130164 21.051154 -0.730449 11.130164 1.572606 -1.154633 1.690036 67.186209 99.703824 -439.837579
22.006812 -1.405282 12.065015 22.006812 -1.405282 12.065015 1.612918 -1.094811 1.426133 67.186209 99.703824 -439.837579
