10.637328 -1.133800 -3.704890 10.637328 -1.133800 -3.704890 1.500450 1.383600 -0.364045 -769.018887 -240.478737 421.855472
11.399175 -0.346927 -3.847383 11.399175 -0.346927 -3.847383 1.039039 1.239313 -0.110931 -769.018887 -240.478737 421.855472
11.886056 0.347566 -3.835852 11.886056 0.347566 -3.835852 0.587031 1.065984 0.152959 -737.673867 -337.284289 457.779445
12.112569 0.922383 -3.661948 12.112569 0.922383 -3.661948 0.179804 0.843302 0.426267 -619.750690 -404.987809 453.245725
12.118791 1.355384 -3.329287 12.118791 1.355384 -3.329287 -0.142569 0.599894 0.674798 -454.826714 -406.372248 375.192521
11.963700 1.646431 -2.864846 11.963700 1.646431 -2.864846 -0.353868 0.377363 0.860050 -249.502396 -335.398563 242.315107
11.720865 1.817295 -2.315442 11.720865 1.817295 -2.315442 -0.431591 0.200214 0.954224 -9.572751 -255.098185 71.595822
11.474669 1.898164 -1.741459 11.474669 1.898164 -1.741459 -0.364925 0.080447 0.939991 231.791578 -144.123181 -119.037063
11.309107 1.928979 -1.210111 11.309107 1.928979 -1.210111 -0.167499 0.036417 0.812467 426.293379 -2.646073 -306.043928
11.293345 1.957338 -0.788069 11.293345 1.957338 -0.788069 0.128302 0.069754 0.577088 559.710116 113.769617 -478.553930
11.475404 2.024413 -0.536413 11.475404 2.024413 -0.536413 0.485780 0.161739 0.247671 631.884345 192.849213 -619.500817
11.881794 2.158443 -0.502724 11.881794 2.158443 -0.502724 0.870826 0.288816 -0.141045 651.601975 230.740085 -676.221595
12.516482 2.373696 -0.708636 12.516482 2.373696 -0.708636 1.236306 0.429412 -0.544604 566.666210 237.912360 -668.973702
13.352424 2.671668 -1.150969 13.352424 2.671668 -1.150969 1.537097 0.559663 -0.921765 435.968111 196.257627 -588.230537
14.344053 3.037374 -1.800484 14.344053 3.037374 -1.800484 1.753160 0.650325 -1.227574 284.244111 105.951217 -431.130932
15.434735 3.440114 -2.602725 15.434735 3.440114 -2.602725 1.861819 0.681261 -1.426717 77.951501 -2.831919 -232.679217
16.554451 3.842504 -3.486905 16.554451 3.842504 -3.486905 1.851554 0.650279 -1.497663 -112.168256 -100.441183 -3.809776
17.636025 4.208770 -4.371119 17.636025 4.208770 -4.371119 1.738416 0.560903 -1.424600 -264.959017 -197.479533 247.353423
18.624820 4.506676 -5.168465 18.624820 4.506676 -5.168465 1.546628 0.426967 -1.211737 -374.333015 -248.973845 462.192709
19.480574 4.717194 -5.803191 19.480574 4.717194 -5.803191 1.297814 0.273347 -0.888814 -455.046816 -263.092787 614.214524
20.176596 4.835268 -6.219232 20.176596 4.835268 -6.219232 1.020998 0.122606 -0.486840 -467.672298 -239.377858 725.698481
20.707186 4.870003 -6.378559 20.707186 4.870003 -6.378559 0.751255 0.000274 -0.040662 -431.473602 -168.396286 761.564568
21.085005 4.846685 -6.267911 21.085005 4.846685 -6.267911 0.516029 -0.066617 0.406090 -352.610250 -54.571409 727.608646
21.337808 4.804143 -5.900033 21.337808 4.804143 -5.900033 0.337738 -0.063105 0.808928 -241.694326 66.276492 615.181888
21.502175 4.786323 -5.314652 21.502175 4.786323 -5.314652 0.218865 0.017226 1.124494 -154.550383 201.493835 436.705882
21.611343 4.839408 -4.572989 21.611343 4.839408 -4.572989 0.154478 0.170527 1.328316 -60.070369 309.509653 242.700952
21.697533 5.001451 -3.744155 21.697533 5.001451 -3.744155 0.140015 0.376308 1.414729 11.857232 376.427742 45.344098
21.785189 5.296290 -2.897901 21.785189 5.296290 -2.897901 0.154692 0.608649 1.388210 37.068688 398.040304 -133.740969
21.884165 5.731949 -2.099425 21.884165 5.731949 -2.099425 0.174372 0.841584 1.256079 28.531784 378.410928 -306.696631
21.992685 6.299168 -1.406439 21.992685 6.299168 -1.406439 0.185296 1.039408 1.044783 7.878752 281.002574 -397.624582
22.101143 6.965535 -0.853217 22.101143 6.965535 -0.853217 0.169336 1.168714 0.795828 -61.076395 150.016523 -432.224387
22.188639 7.683305 -0.453593 22.188639 7.683305 -0.453593 0.117133 1.206421 0.536135 -112.933548 -24.324267 -433.418360
22.235193 8.392158 -0.205061 22.235193 8.392158 -0.205061 0.032383 1.138716 0.300413 -169.567997 -201.360243 -352.323502
22.221802 9.029975 -0.081983 22.221802 9.029975 -0.081983 -0.080852 0.972061 0.120260 -207.881049 -354.158041 -248.186061
22.137514 9.541369 -0.047598 22.137514 9.541369 -0.047598 -0.197374 0.719097 0.005861 -180.526169 -489.053211 -133.142921
21.989055 9.880370 -0.062242 21.989055 9.880370 -0.062242 -0.293387 0.403528 -0.044997 -139.518039 -562.845236 -36.383754
21.787909 10.021175 -0.095789 21.787909 10.021175 -0.095789 -0.377098 0.065821 -0.066827 -139.518039 -562.845236 -36.383754
