-4.269039 -4.377436 8.441784 -4.269039 -4.377436 8.441784 2.646053 -0.297473 -0.114224 -478.372778 442.162038 -144.740008
-2.767514 -4.476331 8.347196 -2.767514 -4.476331 8.347196 2.359030 -0.032175 -0.201068 -478.372778 442.162038 -144.740008
-1.445228 -4.420596 8.203595 -1.445228 -4.420596 8.203595 2.036882 0.210378 -0.272446 -595.451639 366.348338 -93.187676
-0.337340 -4.236214 8.027938 -0.337340 -4.236214 8.027938 1.644312 0.391250 -0.305437 -713.115930 236.558952 -16.780285
0.519839 -3.967390 7.848077 0.519839 -3.967390 7.848077 1.211203 0.490651 -0.283398 -730.580688 94.779529 90.241787
1.119906 -3.663282 7.700626 1.119906 -3.663282 7.700626 0.797104 0.510804 -0.197531 -649.749699 -27.603905 195.983833
1.489124 -3.369012 7.623541 1.489124 -3.369012 7.623541 0.446807 0.458023 -0.049158 -517.905728 -148.331501 298.592709
1.674662 -3.126808 7.652637 1.674662 -3.126808 7.652637 0.189445 0.339470 0.154218 -339.969926 -246.845435 379.324951
1.740129 -2.968786 7.815467 1.740129 -2.968786 7.815467 0.050435 0.185222 0.391917 -123.394854 -267.314522 413.004869
1.761516 -2.904492 8.124595 1.761516 -2.904492 8.124595 0.043085 0.031221 0.637907 98.893452 -246.024390 406.961824
1.817085 -2.927368 8.575665 1.817085 -2.927368 8.575665 0.162005 -0.103013 0.857447 297.506834 -201.420990 324.838556
1.976557 -3.019657 9.140580 1.976557 -3.019657 9.140580 0.384098 -0.194996 1.012231 442.803469 -105.189010 191.108551
2.292368 -3.149145 9.772337 2.292368 -3.149145 9.772337 0.678023 -0.225887 1.076989 536.944729 2.217311 24.753587
2.798453 -3.278048 10.411419 2.798453 -3.278048 10.411419 1.013292 -0.193406 1.034004 580.619646 106.053043 -168.038997
3.509263 -3.369478 10.989906 3.509263 -3.369478 10.989906 1.353284 -0.102153 0.874844 552.687853 198.125363 -362.494907
4.415107 -3.392549 11.439370 4.415107 -3.392549 11.439370 1.656844 0.029512 0.606379 459.177556 240.757935 -532.386854
5.484500 -3.331052 11.699727 5.484500 -3.331052 11.699727 1.895526 0.176234 0.248744 336.430106 248.314936 -659.729803
6.673889 -3.182784 11.725908 6.673889 -3.182784 11.725908 2.054963 0.314374 -0.168668 195.026217 212.150967 -731.643082
7.932840 -2.961041 11.493712 7.932840 -2.961041 11.493712 2.126322 0.416322 -0.604148 42.837448 127.675879 -719.957994
9.208713 -2.694130 11.005954 9.208713 -2.694130 11.005954 2.113867 0.463611 -1.014511 -84.353657 29.952821 -647.919547
10.456516 -2.417394 10.290350 10.456516 -2.417394 10.290350 2.036588 0.447474 -1.354620 -173.242855 -83.742087 -485.774997
11.643975 -2.171623 9.401751 11.643975 -2.171623 9.401751 1.916093 0.359031 -1.588022 -228.407240 -211.065565 -292.232196
12.751928 -1.999159 8.410232 12.751928 -1.999159 8.410232 1.776100 0.207573 -1.693883 -238.235943 -293.797124 -60.637540
13.776176 -1.929323 7.397415 13.776176 -1.929323 7.397415 1.640507 0.022175 -1.658130 -213.739919 -324.194638 179.812159
14.725462 -1.974973 6.448431 14.725462 -1.974973 6.448431 1.529542 -0.175341 -1.482602 -156.145037 -334.191659 405.281061
15.619238 -2.136837 5.642213 15.619238 -2.136837 5.642213 1.456639 -0.358379 -1.187467 -86.866224 -275.935300 578.502978
16.481221 -2.394966 5.039198 16.481221 -2.394966 5.039198 1.422696 -0.491107 -0.813692 -26.274894 -166.493349 667.413549
17.332611 -2.711385 4.674030 17.332611 -2.711385 4.674030 1.419440 -0.549932 -0.398681 15.421991 -29.589463 715.957311
18.187929 -3.036299 4.561751 18.187929 -3.036299 4.561751 1.433081 -0.515831 0.021179 30.048274 143.259676 683.577351
19.052201 -3.310942 4.689797 19.052201 -3.310942 4.689797 1.446186 -0.384530 0.392797 13.632104 294.411124 555.148519
19.918967 -3.481221 5.016428 19.918967 -3.481221 5.016428 1.437369 -0.170655 0.681020 -43.020642 418.506464 405.595293
20.768942 -3.502477 5.486438 20.768942 -3.502477 5.486438 1.388041 0.109475 0.866328 -121.404766 515.260879 212.098405
21.575039 -3.342004 6.032065 21.575039 -3.342004 6.032065 1.290823 0.428837 0.931848 -202.657448 549.276530 6.301528
22.307912 -2.987352 6.581275 22.307912 -2.987352 6.581275 1.143517 0.750804 0.880461 -288.361585 523.948877 -177.592360
22.937921 -2.448096 7.068392 22.937921 -2.448096 7.068392 0.949521 1.037484 0.727939 -358.292071 431.649707 -330.814064
23.441532 -1.757004 7.439292 23.441532 -1.757004 7.439292 0.726500 1.250997 0.497869 -385.111278 280.061159 -436.085296
23.809402 -0.966645 7.657003 23.809402 -0.966645 7.657003 0.501882 1.365785 0.223641 -363.613896 102.566545 -478.008853
24.049089 -0.140330 7.707048 24.049089 -0.140330 7.707048 0.303756 1.369235 -0.053656 -296.807222 -91.069144 -446.315361
24.184987 0.654271 7.598410 24.184987 0.654271 7.598410 0.161021 1.261856 -0.301982 -178.977478 -266.861362 -381.438617
24.258625 1.354103 7.353595 24.258625 1.354103 7.353595 0.099841 1.055506 -0.505677 -24.953149 -420.969198 -297.544952
24.324210 1.906107 7.004575 24.324210 1.906107 7.004575 0.135729 0.775297 -0.644485 144.577412 -513.062964 -165.146785
24.441781 2.276268 6.595013 24.441781 2.276268 6.595013 0.273026 0.454130 -0.709298 313.079541 -557.493819 -50.897546
24.671094 2.449734 6.165950 24.671094 2.449734 6.165950 0.506585 0.126320 -0.711446 465.452721 -535.204443 43.737305
25.065178 2.435694 5.751597 25.065178 2.435694 5.751597 0.817615 -0.162279 -0.661997 571.312908 -426.794358 121.093904
25.661121 2.270391 5.378619 25.661121 2.270391 5.378619 1.173089 -0.373918 -0.577220 613.599930 -278.667982 161.494359
26.473875 2.005737 5.060204 26.473875 2.005737 5.060204 1.533515 -0.491833 -0.486083 587.821042 -114.383081 142.297775
27.493881 1.700824 4.791829 27.493881 1.700824 4.791829 1.856650 -0.506584 -0.412400 489.294208 65.215996 103.312053
28.684653 1.419252 4.560323 28.684653 1.419252 4.560323 2.093776 -0.414257 -0.363724 301.125679 242.540620 58.939007
29.985178 1.221424 4.349014 29.985178 1.221424 4.349014 2.224736 -0.233389 -0.346776 135.407436 360.352807 -2.444721
31.344393 1.146254 4.140509 31.344393 1.146254 4.140509 2.305980 -0.017177 -0.348243 135.407436 360.352807 -2.444721
