-12.030386 2.735553 -6.550223 -12.030386 2.735553 -6.550223 1.238116 -0.587436 -0.411432 626.739167 29.241398 720.170753
-11.174703 2.388355 -6.667452 -11.174703 2.388355 -6.667452 1.614160 -0.569891 0.020670 626.739167 29.241398 720.170753
-10.101982 2.060395 -6.527480 -10.101982 2.060395 -6.527480 1.947266 -0.508790 0.442465 483.616308 174.427707 685.813504
-8.858358 1.797669 -6.145433 -8.858358 1.797669 -6.145433 2.178501 -0.348381 0.819564 287.166462 360.269296 571.183597
-7.513178 1.660257 -5.560842 -7.513178 1.660257 -5.560842 2.282749 -0.098380 1.112467 60.327215 473.068049 405.157679
-6.147113 1.689093 -4.833709 -6.147113 1.689093 -4.833709 2.246727 0.199020 1.289186 -180.399888 518.263351 183.907437
-4.844212 1.901275 -4.041411 -4.844212 1.901275 -4.041411 2.075170 0.507391 1.327943 -391.458041 509.640162 -54.717296
-3.679908 2.293188 -3.267593 -3.679908 2.293188 -3.267593 1.788617 0.791896 1.229621 -563.719654 438.711554 -273.023988
-2.714633 2.839769 -2.590963 -2.714633 2.839769 -2.590963 1.418258 1.017495 1.005816 -670.808701 313.286008 -472.993931
-1.986095 3.497103 -2.081349 -1.986095 3.497103 -2.081349 1.007413 1.157696 0.678339 -698.676979 154.049682 -618.595358
-1.505306 4.209410 -1.789932 -1.505306 4.209410 -1.789932 0.598724 1.199928 0.285986 -663.618497 -13.275763 -689.247864
-1.257865 4.917744 -1.741947 -1.257865 4.917744 -1.741947 0.238844 1.145793 -0.125277 -535.979903 -167.176344 -681.627189
-1.200353 5.567706 -1.935007 -1.200353 5.567706 -1.935007 -0.029337 1.008378 -0.510256 -357.958704 -290.873345 -601.638327
-1.270482 6.115612 -2.341881 -1.270482 6.115612 -2.341881 -0.184580 0.810037 -0.833368 -159.518695 -370.262956 -475.399897
-1.397028 6.532808 -2.915286 -1.397028 6.532808 -2.915286 -0.215712 0.576987 -1.057667 55.745440 -406.571111 -272.264736
-1.504146 6.806984 -3.586135 -1.504146 6.806984 -3.586135 -0.120889 0.338874 -1.157229 260.333551 -387.137679 -59.608922
-1.519559 6.945493 -4.280290 -1.519559 6.945493 -4.280290 0.086608 0.130938 -1.138438 431.323504 -305.982794 122.245683
-1.383225 6.975314 -4.930294 -1.383225 6.975314 -4.930294 0.379059 -0.020973 -1.009813 543.512014 -200.386013 306.506426
-1.055398 6.933833 -5.472364 -1.055398 6.933833 -5.472364 0.717962 -0.105345 -0.782679 586.163076 -80.855789 450.606615
-0.519377 6.863274 -5.856693 -0.519377 6.863274 -5.856693 1.068331 -0.117848 -0.491468 581.734314 39.179936 520.096424
0.222343 6.805627 -6.056598 0.222343 6.805627 -6.056598 1.397421 -0.064291 -0.172620 515.231496 139.345007 542.730254
1.146207 6.795241 -6.065246 1.146207 6.795241 -6.065246 1.669907 0.034845 0.139179 393.056219 191.107251 496.597480
2.210699 6.851337 -5.896925 2.210699 6.851337 -5.896925 1.864731 0.153459 0.414269 256.356281 204.270745 420.369392
3.366968 6.978866 -5.579658 3.366968 6.978866 -5.579658 1.974978 0.269444 0.631689 111.135257 182.347409 304.363752
4.564045 7.169566 -5.153632 4.564045 7.169566 -5.153632 2.002089 0.359909 0.775444 -20.766551 119.201498 174.820088
5.755919 7.401170 -4.663424 5.755919 7.401170 -4.663424 1.961421 0.402444 0.847709 -114.793279 22.583738 66.064958
6.908903 7.640244 -4.148384 6.908903 7.640244 -4.148384 1.876518 0.383704 0.859958 -168.217350 -85.049906 -25.234234
8.002663 7.848730 -3.640574 8.002663 7.848730 -3.640574 1.766228 0.300535 0.826705 -199.413790 -192.180407 -85.610454
9.028180 7.990359 -3.160906 9.028180 7.990359 -3.160906 1.654956 0.164732 0.770614 -171.491993 -260.495853 -101.361129
9.993590 8.040482 -2.716206 9.993590 8.040482 -2.716206 1.568583 -0.000700 0.712679 -116.418457 -290.946997 -91.754333
10.916830 7.987752 -2.301590 10.916830 7.987752 -2.301590 1.513956 -0.174966 0.675249 -65.672014 -289.938840 -33.010722
11.817774 7.834218 -1.899650 11.817774 7.834218 -1.899650 1.496510 -0.330756 0.669108 7.517302 -229.361273 12.538313
12.719907 7.600419 -1.491727 12.719907 7.600419 -1.491727 1.515390 -0.438675 0.697639 55.415099 -130.368929 82.565538
13.639433 7.321743 -1.055470 13.639433 7.321743 -1.055470 1.550230 -0.476919 0.761235 60.719976 2.888596 129.421178
14.579605 7.044312 -0.575510 14.579605 7.044312 -0.575510 1.582182 -0.434182 0.838504 45.788144 139.568969 128.141596
15.534725 6.816151 -0.049683 15.534725 6.816151 -0.049683 1.597496 -0.314311 0.913689 5.256867 260.000613 122.474863
16.490061 6.680518 0.517055 16.490061 6.680518 0.517055 1.580112 -0.127542 0.969566 -63.203712 362.564829 63.782864
17.420234 6.672789 1.104953 17.420234 6.672789 1.104953 1.509602 0.107666 0.981228 -171.827826 421.458863 -24.909068
18.289539 6.813066 1.682920 18.289539 6.813066 1.682920 1.378869 0.359619 0.934850 -263.949627 418.385052 -129.684195
19.065786 7.100430 2.214569 19.065786 7.100430 2.214569 1.202683 0.592066 0.827452 -323.338083 356.440957 -228.310821
19.726632 7.512858 2.663774 19.726632 7.512858 2.663774 0.995862 0.771074 0.659615 -366.065754 240.249661 -331.144542
20.259338 8.008954 2.996862 20.259338 8.008954 2.996862 0.781628 0.866259 0.445553 -348.047790 77.033688 -382.394189
20.668465 8.534310 3.194962 20.668465 8.534310 3.194962 0.586796 0.871153 0.214111 -301.391518 -60.719743 -389.079523
20.966292 9.046072 3.253395 20.966292 9.046072 3.253395 0.405961 0.834721 -0.019337 -301.391518 -60.719743 -389.079523
