10.618467 -2.353446 1.777774 10.618467 -2.353446 1.777774 1.313134 -1.186484 -0.387805 27.542334 339.598980 -57.431363
11.411306 -3.004209 1.534754 11.411306 -3.004209 1.534754 1.329660 -0.982724 -0.422264 27.542334 339.598980 -57.431363
12.208951 -3.526354 1.282140 12.208951 -3.526354 1.282140 1.320645 -0.747156 -0.401311 -57.591334 445.628459 127.276473
12.983831 -3.889085 1.077837 12.983831 -3.889085 1.077837 1.250387 -0.453033 -0.257078 -176.602803 534.780775 353.500803
13.695055 -4.065393 0.999546 13.695055 -4.065393 0.999546 1.108328 -0.135908 0.016651 -296.925236 522.301604 558.928428
14.300539 -4.056746 1.117998 14.300539 -4.056746 1.117998 0.899842 0.158362 0.391278 -398.031127 458.601515 689.828338
14.764144 -3.885259 1.479086 14.764144 -3.885259 1.479086 0.637750 0.403128 0.815935 -475.606119 357.282430 725.693045
15.058314 -3.588644 2.098162 15.058314 -3.588644 2.098162 0.338028 0.569637 1.245805 -523.469476 197.747220 707.209368
15.167369 -3.220719 2.967855 15.167369 -3.220719 2.967855 0.026262 0.641025 1.644690 -515.749482 40.214545 622.404468
15.094856 -2.837133 4.056590 15.094856 -2.837133 4.056590 -0.260363 0.623817 1.967576 -439.665693 -97.574032 453.884955
14.868162 -2.487892 5.306757 14.868162 -2.487892 5.306757 -0.480846 0.527845 2.179516 -295.279149 -222.333090 252.581073
14.536015 -2.216221 6.645817 14.536015 -2.216221 6.645817 -0.610458 0.369364 2.260493 -136.762352 -305.938712 17.343247
14.156687 -2.051533 7.992439 14.156687 -2.051533 7.992439 -0.634697 0.176493 2.206921 55.967433 -336.964577 -195.917810
13.798123 -2.004112 9.270140 13.798123 -2.004112 9.270140 -0.540215 -0.014792 2.033438 258.973322 -300.650536 -382.359353
13.532527 -2.063244 10.411992 13.532527 -2.063244 10.411992 -0.325243 -0.175879 1.757092 457.598706 -236.307243 -538.793952
13.428180 -2.205703 11.364006 13.428180 -2.205703 11.364006 -0.008526 -0.289643 1.407523 598.124323 -142.904880 -626.437132
13.534082 -2.397592 12.095610 13.534082 -2.397592 12.095610 0.367122 -0.337290 1.030910 654.037113 -15.918150 -628.939416
13.872600 -2.596273 12.604143 13.872600 -2.596273 12.604143 0.762138 -0.314051 0.669526 662.683454 93.382023 -575.672543
14.445691 -2.762911 12.907649 14.445691 -2.762911 12.907649 1.142372 -0.233100 0.351176 604.762442 176.452807 -485.492902
15.231450 -2.867752 13.039787 15.231450 -2.867752 13.039787 1.462622 -0.110941 0.103990 462.736223 230.743623 -338.463433
16.179701 -2.891225 13.050718 16.179701 -2.891225 13.050718 1.677191 0.035294 -0.051789 252.493132 256.706764 -180.796908
17.218500 -2.826425 12.996151 17.218500 -2.826425 12.996151 1.763865 0.176400 -0.115019 36.422007 213.645611 -29.971438
18.269768 -2.686756 12.928749 18.269768 -2.686756 12.928749 1.717683 0.281451 -0.097980 -190.362207 136.525948 86.768547
19.251479 -2.499568 12.890567 19.251479 -2.499568 12.890567 1.530299 0.332082 -0.020981 -434.250765 32.243381 169.895385
20.081430 -2.299744 12.911407 20.081430 -2.299744 12.911407 1.219430 0.325284 0.095194 -601.978916 -54.901264 217.355084
20.704732 -2.114455 13.007648 20.704732 -2.114455 13.007648 0.858243 0.292344 0.225607 -601.978916 -54.901264 217.355084
