-3.820454 2.629318 5.115138 -3.820454 2.629318 5.115138 0.671186 0.875201 1.326206 205.422310 371.154392 -48.245519
-3.380767 3.221246 5.902177 -3.380767 3.221246 5.902177 0.794439 1.097894 1.297259 205.422310 371.154392 -48.245519
-2.859968 3.938436 6.660617 -2.859968 3.938436 6.660617 0.953491 1.278815 1.212160 324.752577 231.918731 -235.418124
-2.221182 4.734429 7.331948 -2.221182 4.734429 7.331948 1.189520 1.352757 1.002957 462.009229 14.554390 -461.922233
-1.419982 5.537063 7.841862 -1.419982 5.537063 7.841862 1.488358 1.303288 0.682232 534.117446 -179.453333 -607.164067
-0.429835 6.277106 8.137195 -0.429835 6.277106 8.137195 1.813785 1.147479 0.294353 550.637994 -339.909491 -685.763473
0.755399 6.896135 8.190333 0.755399 6.896135 8.190333 2.133405 0.902158 -0.117288 514.764926 -477.826261 -686.373324
2.121343 7.345700 8.000586 2.121343 7.345700 8.000586 2.408484 0.586855 -0.508247 402.162478 -573.184927 -616.824791
3.630152 7.593684 7.591620 3.630152 7.593684 7.591620 2.606426 0.238170 -0.843291 257.644051 -589.099430 -499.986308
5.228229 7.633705 7.004986 5.228229 7.633705 7.004986 2.700241 -0.099504 -1.096590 55.074845 -536.478482 -344.344121
6.845242 7.484081 6.296237 6.845242 7.484081 6.296237 2.668063 -0.388168 -1.247264 -162.337253 -425.735798 -157.903202
8.403196 7.183509 5.530737 8.403196 7.183509 5.530737 2.502345 -0.598803 -1.285599 -390.053389 -276.380405 30.119980
9.824402 6.784134 4.773792 9.824402 6.784134 4.773792 2.218353 -0.716355 -1.222568 -556.589121 -115.461045 179.983481
11.047718 6.345042 4.078989 11.047718 6.345042 4.078989 1.846852 -0.728111 -1.082874 -681.746601 76.276313 285.661202
12.028138 5.930259 3.484306 12.028138 5.930259 3.484306 1.412923 -0.640576 -0.893364 -764.684097 215.506349 346.038416
12.738249 5.584705 3.010574 12.738249 5.584705 3.010574 0.954112 -0.511272 -0.685741 -764.684097 215.506349 346.038416
