-10.076024 -4.186498 4.377511 -10.076024 -4.186498 4.377511 0.939198 1.382577 1.323075 351.727182 67.577508 161.702393
-9.449194 -3.344788 5.200463 -9.449194 -3.344788 5.200463 1.150234 1.423124 1.420097 351.727182 67.577508 161.702393
-8.698437 -2.488309 6.078341 -8.698437 -2.488309 6.078341 1.347799 1.415874 1.500689 306.821663 -91.742430 106.937815
-7.841355 -1.666235 6.992483 -7.841355 -1.666235 6.992483 1.497767 1.306144 1.537248 193.071940 -274.024922 14.927195
-6.917216 -0.940391 7.909856 -6.917216 -0.940391 7.909856 1.567240 1.099135 1.507890 38.504850 -416.005891 -112.786707
-5.979937 -0.359732 8.785510 -5.979937 -0.359732 8.785510 1.540362 0.829831 1.396326 -128.096593 -481.673877 -259.095266
-5.088532 0.050868 9.568702 -5.088532 0.050868 9.568702 1.414731 0.537839 1.201040 -290.675586 -491.632631 -391.856249
-4.301097 0.287641 10.212405 -4.301097 0.287641 10.212405 1.194918 0.255675 0.933989 -442.034029 -448.914305 -498.316071
-3.670022 0.366384 10.678588 -3.670022 0.366384 10.678588 0.898145 0.017044 0.612435 -547.207991 -346.523403 -573.528227
-3.232491 0.322849 10.941946 -3.232491 0.322849 10.941946 0.555532 -0.147806 0.263976 -594.837711 -202.974113 -588.002642
-3.005076 0.206198 10.998239 -3.005076 0.206198 10.998239 0.204460 -0.226753 -0.070088 -575.400855 -60.182264 -525.542644
-2.980655 0.068192 10.868055 -2.980655 0.068192 10.868055 -0.114192 -0.218471 -0.353081 -486.773394 87.786552 -417.768773
-3.127128 -0.038556 10.590750 -3.127128 -0.038556 10.590750 -0.357949 -0.123133 -0.555033 -325.749338 230.006395 -255.406184
-3.388810 -0.066922 10.224357 -3.388810 -0.066922 10.224357 -0.494788 0.035435 -0.645274 -130.381787 298.556364 -45.396644
-3.695793 0.010303 9.842096 -3.695793 0.010303 9.842096 -0.506222 0.225687 -0.607137 92.270175 335.616245 172.521378
-3.968986 0.205973 9.520611 -3.968986 0.205973 9.520611 -0.381205 0.426292 -0.444908 324.453058 333.066661 368.240525
-4.126702 0.517543 9.330640 -4.126702 0.517543 9.330640 -0.123505 0.605347 -0.170510 534.547908 263.781611 546.419451
-4.095319 0.922400 9.333296 -4.095319 0.922400 9.333296 0.243559 0.734456 0.190372 688.998406 166.582605 656.521085
-3.820269 1.385926 9.568492 -3.820269 1.385926 9.568492 0.681432 0.798744 0.598282 770.577360 47.712515 703.179385
-3.271792 1.867644 10.052383 -3.271792 1.867644 10.052383 1.148348 0.796789 1.011936 785.809494 -54.230858 675.668490
-2.444542 2.330196 10.774509 -2.444542 2.330196 10.774509 1.603814 0.735452 1.384056 732.410145 -150.225621 564.731852
-1.359922 2.740557 11.694134 -1.359922 2.740557 11.694134 1.995746 0.625969 1.660593 574.031718 -214.717546 357.056497
-0.069374 3.077471 12.744002 -0.069374 3.077471 12.744002 2.289041 0.497045 1.821035 403.618487 -215.027731 177.751530
1.376703 3.336993 13.868618 1.376703 3.336993 13.868618 2.531213 0.368029 1.927686 403.618487 -215.027731 177.751530
