-10.430620 -4.779755 5.683967 -10.430620 -4.779755 5.683967 0.190413 0.365065 0.033389 379.493296 -21.693442 658.861366
-10.248063 -4.564621 5.822595 -10.248063 -4.564621 5.822595 0.418109 0.352049 0.428706 379.493296 -21.693442 658.861366
-9.933814 -4.363487 6.193054 -9.933814 -4.363487 6.193054 0.621177 0.308077 0.797226 297.399643 -124.880101 569.537847
-9.513823 -4.205347 6.763622 -9.513823 -4.205347 6.763622 0.768383 0.212012 1.087526 193.285251 -195.337450 398.129370
-9.023378 -4.113632 7.475177 -9.023378 -4.113632 7.475177 0.857470 0.093156 1.263285 103.673135 -200.849259 187.733586
-8.494836 -4.092619 8.254465 -8.494836 -4.092619 8.254465 0.896669 -0.020995 1.313547 26.989525 -179.652443 -20.191643
-7.954002 -4.134418 9.026925 -7.954002 -4.134418 9.026925 0.902734 -0.113108 1.241265 -6.772064 -127.389817 -220.748188
-7.414056 -4.219306 9.721382 -7.414056 -4.219306 9.721382 0.896293 -0.160006 1.055980 -14.698491 -28.938986 -396.871444
-6.878079 -4.314131 10.276310 -6.878079 -4.314131 10.276310 0.891708 -0.145434 0.781738 -0.585645 77.513256 -517.267036
-6.340508 -4.380609 10.648886 -6.340508 -4.380609 10.648886 0.904614 -0.064777 0.454585 43.604168 191.344771 -573.242778
-5.785961 -4.380962 10.818713 -5.785961 -4.380962 10.818713 0.950427 0.070387 0.111938 109.107533 259.199409 -568.914867
-5.191661 -4.289895 10.787352 -5.191661 -4.289895 10.787352 1.037914 0.236799 -0.210004 182.516628 295.508328 -504.222862
-4.533991 -4.094595 10.577270 -4.533991 -4.094595 10.577270 1.157766 0.414250 -0.479136 216.988457 295.996181 -392.886863
-3.799655 -3.795614 10.226928 -3.799655 -3.795614 10.226928 1.291053 0.577608 -0.675575 227.302863 248.529536 -261.907909
-2.985233 -3.410401 9.782159 -2.985233 -3.410401 9.782159 1.421814 0.696289 -0.794122 208.567351 147.072589 -133.250450
-2.098470 -2.974296 9.289102 -2.098470 -2.974296 9.289102 1.527613 0.743823 -0.837064 144.093630 11.374549 -9.887731
-1.162206 -2.533730 8.791737 -1.162206 -2.533730 8.791737 1.582870 0.711777 -0.809731 40.097490 -118.195221 100.997204
-0.213168 -2.135415 8.327775 -0.213168 -2.135415 8.327775 1.567423 0.603477 -0.730646 -91.588480 -242.803453 162.618074
0.702761 -1.824288 7.919257 0.702761 -1.824288 7.919257 1.472272 0.421520 -0.630083 -225.581621 -363.718859 172.592522
1.538137 -1.640495 7.571208 1.538137 -1.640495 7.571208 1.300016 0.185045 -0.531858 -348.603645 -424.534037 154.824136
2.249477 -1.606131 7.277119 2.249477 -1.606131 7.277119 1.061247 -0.070911 -0.453174 -447.292393 -428.651134 107.456934
2.803168 -1.722475 7.020475 2.803168 -1.722475 7.020475 0.780149 -0.311303 -0.409108 -489.700043 -372.655932 39.428456
3.183857 -1.970430 6.778748 3.183857 -1.970430 6.778748 0.490052 -0.505372 -0.402246 -477.290252 -274.241820 -16.555598
3.396137 -2.313506 6.532314 3.396137 -2.313506 6.532314 0.224484 -0.622362 -0.422712 -407.938935 -115.724744 -51.663596
3.464841 -2.697389 6.268127 3.464841 -2.697389 6.268127 0.016935 -0.639973 -0.460009 -283.890567 57.022468 -72.658078
3.434817 -3.060096 5.979432 3.434817 -3.060096 5.979432 -0.098822 -0.550693 -0.501664 -101.965031 240.577404 -66.191770
3.369803 -3.337457 5.669990 3.369803 -3.337457 5.669990 -0.096837 -0.357592 -0.524025 108.582125 403.091850 -8.346943
3.343933 -3.472798 5.359001 3.343933 -3.472798 5.359001 0.031747 -0.082449 -0.504390 320.031623 514.051825 73.797160
3.432396 -3.426038 5.074944 3.432396 -3.426038 5.074944 0.282815 0.244487 -0.433644 516.861191 575.734174 162.024742
3.703902 -3.175568 4.850010 3.703902 -3.175568 4.850010 0.636842 0.590653 -0.305989 663.227231 578.153257 263.490674
4.210805 -2.720650 4.718497 4.210805 -2.720650 4.718497 1.061863 0.919838 -0.124634 753.509740 519.132529 341.025275
4.984058 -2.083518 4.706899 4.984058 -2.083518 4.706899 1.516485 1.190244 0.088972 761.898648 382.218422 370.995594
6.027130 -1.310598 4.827416 6.027130 -1.310598 4.827416 1.953817 1.369450 0.313343 695.875018 215.135544 376.909075
7.316973 -0.461135 5.080656 7.316973 -0.461135 5.080656 2.332819 1.443874 0.526440 567.464189 32.945160 333.413941
8.807010 0.399397 5.449959 8.807010 0.399397 5.449959 2.614310 1.405026 0.693608 370.839148 -162.439598 223.812590
10.428853 1.203154 5.897363 10.428853 1.203154 5.897363 2.769342 1.257465 0.782659 145.935289 -329.430237 73.021869
12.102422 1.890693 6.369356 12.102422 1.890693 6.369356 2.785377 1.021597 0.772742 -92.486179 -456.797308 -106.077152
13.743663 2.418319 6.802960 13.743663 2.418319 6.802960 2.663195 0.731973 0.654358 -314.788685 -508.613863 -288.535817
15.274314 2.765390 7.134295 15.274314 2.765390 7.134295 2.421306 0.423997 0.434520 -491.507753 -517.974830 -444.257821
16.630663 2.930485 7.307553 16.630663 2.930485 7.307553 2.086583 0.132872 0.130525 -624.233396 -452.442261 -569.057537
17.767521 2.936054 7.278326 17.767521 2.936054 7.278326 1.698392 -0.102165 -0.236466 -669.737162 -331.014125 -654.247957
18.667206 2.823869 7.019148 18.667206 2.823869 7.019148 1.302560 -0.257291 -0.626685 -649.702250 -186.072495 -646.481681
19.336700 2.645410 6.531387 19.336700 2.645410 6.531387 0.937259 -0.321888 -0.991488 -567.967873 -29.248151 -569.527476
19.805586 2.456646 5.841032 19.805586 2.456646 5.841032 0.640305 -0.291271 -1.297942 -421.879613 131.304353 -451.987052
20.124139 2.313601 4.992660 20.124139 2.313601 4.992660 0.438716 -0.172078 -1.510382 -250.085817 266.003881 -256.145691
20.353957 2.263046 4.056229 20.353957 2.263046 4.056229 0.346684 0.011585 -1.584543 -56.684902 346.205324 8.943245
20.560741 2.333533 3.118501 20.560741 2.333533 3.118501 0.357560 0.225404 -1.522240 92.937780 366.525527 198.732595
20.792006 2.534750 2.240929 20.792006 2.534750 2.240929 0.413323 0.445319 -1.403000 92.937780 366.525527 198.732595
