8.880837 -1.239107 4.620692 8.880837 -1.239107 4.620692 -0.494635 0.766796 1.311377 401.967574 -130.678423 -280.064221
8.656410 -0.802551 5.357107 8.656410 -0.802551 5.357107 -0.253454 0.688389 1.143338 401.967574 -130.678423 -280.064221
8.585134 -0.417413 5.982260 8.585134 -0.417413 5.982260 0.029938 0.588115 0.923107 542.674163 -203.569377 -454.039440
8.707338 -0.102610 6.443289 8.707338 -0.102610 6.443289 0.388344 0.458855 0.595142 652.010967 -227.296318 -639.178572
9.058473 0.133938 6.679144 9.058473 0.133938 6.679144 0.783384 0.333217 0.180747 664.791222 -191.497768 -742.136677
9.644669 0.303439 6.653541 9.644669 0.303439 6.653541 1.164771 0.238524 -0.266870 606.499492 -124.147345 -749.921368
10.444850 0.429397 6.362772 10.444850 0.429397 6.362772 1.489413 0.189987 -0.695128 475.638749 -37.641114 -677.603542
11.414299 0.543762 5.831080 11.414299 0.543762 5.831080 1.725728 0.203143 -1.064923 312.077734 81.494477 -555.046990
12.494087 0.687140 5.103256 12.494087 0.687140 5.103256 1.853863 0.286155 -1.342764 115.038575 195.210673 -371.089127
13.615553 0.899177 4.243052 13.615553 0.899177 4.243052 1.865091 0.429314 -1.504165 -77.611431 281.986554 -166.915514
14.709913 1.210199 3.323271 14.709913 1.210199 3.323271 1.764900 0.611887 -1.540499 -256.359389 326.591433 45.801490
15.714048 1.636044 2.418534 15.714048 1.636044 2.418534 1.567786 0.807475 -1.456427 -400.684564 325.367956 234.438848
16.577764 2.176411 1.596490 16.577764 2.176411 1.596490 1.303213 0.989275 -1.267697 -481.225763 280.631693 394.660171
17.272775 2.813911 0.912837 17.272775 2.813911 0.912837 1.012993 1.124758 -1.001268 -486.176577 170.978325 493.436837
17.793629 3.512082 0.401963 17.793629 3.512082 0.401963 0.724138 1.190046 -0.699869 -476.671802 46.647788 511.228531
18.142311 4.234506 0.074063 18.142311 4.234506 0.074063 0.438135 1.218034 -0.393132 -476.671802 46.647788 511.228531
