-0.945840 -3.452490 -6.713997 -0.945840 -3.452490 -6.713997 2.123043 0.429517 0.676538 -64.317258 -254.780426 -453.148365
0.316409 -3.240640 -6.389641 0.316409 -3.240640 -6.389641 2.084453 0.276649 0.404649 -64.317258 -254.780426 -453.148365
1.550926 -3.122278 -6.223960 1.550926 -3.122278 -6.223960 2.022972 0.114946 0.155052 -140.618509 -284.229005 -378.844182
2.735621 -3.102569 -6.190745 2.735621 -3.102569 -6.190745 1.919716 -0.046076 -0.030378 -203.570197 -252.513410 -239.254486
3.849921 -3.171696 -6.244122 3.849921 -3.171696 -6.244122 1.793144 -0.177730 -0.134350 -218.336995 -186.332598 -107.317813
4.887719 -3.305631 -6.336275 4.887719 -3.305631 -6.336275 1.668203 -0.258316 -0.159873 -198.132944 -82.288304 22.240814
5.856858 -3.468636 -6.421218 5.856858 -3.468636 -6.421218 1.568729 -0.273704 -0.111640 -133.445531 30.995972 138.534098
6.777838 -3.620957 -6.459167 6.777838 -3.620957 -6.459167 1.507476 -0.223497 -0.008025 -70.732878 136.359964 206.849864
7.673442 -3.726282 -6.425251 7.673442 -3.726282 -6.425251 1.484288 -0.120536 0.123575 -6.559526 206.845857 231.818068
8.564557 -3.759564 -6.309491 8.564557 -3.759564 -6.309491 1.488966 0.012607 0.262107 22.152272 236.962709 229.955120
9.463208 -3.709575 -6.113142 9.463208 -3.709575 -6.113142 1.508678 0.153642 0.388546 43.554508 233.155876 191.507584
10.375178 -3.577504 -5.849282 10.375178 -3.577504 -5.849282 1.529428 0.283123 0.484754 25.613612 198.444472 129.185753
11.293216 -3.377542 -5.539390 11.293216 -3.377542 -5.539390 1.523652 0.374032 0.541195 -44.868004 104.587618 58.952098
12.195354 -3.141407 -5.207584 12.195354 -3.141407 -5.207584 1.476848 0.401236 0.558957 -111.144972 -13.907829 0.253075
13.055710 -2.909866 -4.873626 13.055710 -2.909866 -4.873626 1.381427 0.359403 0.551798 -206.926078 -125.535407 -24.114562
13.841805 -2.722694 -4.547161 13.841805 -2.722694 -4.547161 1.229701 0.254716 0.535965 -298.824890 -223.423025 -28.664042
14.521763 -2.614674 -4.228320 14.521763 -2.614674 -4.228320 1.030032 0.097696 0.530870 -366.739485 -299.976415 11.682762
15.072007 -2.610709 -3.903650 15.072007 -2.610709 -3.903650 0.801180 -0.085578 0.558105 -396.102189 -310.935682 79.097958
15.482324 -2.717711 -3.549981 15.482324 -2.717711 -3.549981 0.568058 -0.270572 0.628409 -380.969828 -305.710664 155.250830
15.759207 -2.930506 -3.139053 15.759207 -2.930506 -3.139053 0.362588 -0.431119 0.751242 -303.931079 -229.448477 254.193021
15.928408 -3.222390 -2.637458 15.928408 -3.222390 -2.637458 0.212010 -0.528343 0.929235 -197.995944 -94.629714 339.116063
16.029394 -3.548013 -2.015880 16.029394 -3.548013 -2.015880 0.140308 -0.543045 1.147686 -41.007959 45.623907 389.054677
16.116605 -3.856527 -1.256343 16.116605 -3.856527 -1.256343 0.167739 -0.470165 1.385591 132.444390 197.308018 403.961928
16.251770 -4.093932 -0.355142 16.251770 -4.093932 -0.355142 0.300615 -0.305890 1.613634 310.473437 350.275576 356.180914
16.496809 -4.207892 0.671734 16.496809 -4.207892 0.671734 0.530822 -0.063100 1.800258 456.884293 459.024655 265.898354
16.904684 -4.158501 1.792163 16.904684 -4.158501 1.792163 0.840670 0.235444 1.921859 575.942623 536.123058 139.439952
17.515514 -3.921281 2.959989 17.515514 -3.921281 2.959989 1.200025 0.554378 1.953581 621.906373 526.987328 -33.700077
18.346248 -3.496869 4.114733 18.346248 -3.496869 4.114733 1.567047 0.855207 1.876666 601.501166 475.778601 -222.684903
19.389152 -2.904849 5.189838 19.389152 -2.904849 5.189838 1.899977 1.106950 1.689000 508.266917 363.364344 -402.869496
20.612172 -2.185115 6.122187 20.612172 -2.185115 6.122187 2.162664 1.275763 1.404604 367.353804 199.343638 -545.116768
21.962948 -1.394986 6.862023 21.962948 -1.394986 6.862023 2.318346 1.339317 1.053511 151.587656 12.506104 -625.193135
23.367029 -0.599871 7.379518 23.367029 -0.599871 7.379518 2.338241 1.293188 0.668012 -85.271361 -166.269556 -659.803040
24.741159 0.134933 7.663375 24.741159 0.134933 7.663375 2.219748 1.137523 0.281199 -309.706056 -352.616905 -629.574927
26.004311 0.746300 7.725814 26.004311 0.746300 7.725814 1.969177 0.887577 -0.061329 -525.531195 -480.535684 -512.183950
27.082087 1.188476 7.607394 27.082087 1.188476 7.607394 1.608185 0.579887 -0.315786 -677.772597 -545.097351 -336.004557
27.919511 1.439134 7.371912 27.919511 1.439134 7.371912 1.174083 0.257044 -0.445036 -769.233984 -531.046150 -94.828238
28.484574 1.499749 7.099315 28.484574 1.499749 7.099315 0.707917 -0.051697 -0.444465 -784.653596 -498.088663 96.730136
28.768087 1.379075 6.850048 28.768087 1.379075 6.850048 0.237125 -0.350550 -0.386427 -784.653596 -498.088663 96.730136
