0.950878 -4.675968 -6.176068 0.950878 -4.675968 -6.176068 1.316334 -0.412426 0.280859 352.601932 -112.121022 20.522036
1.804147 -4.943606 -6.003858 1.804147 -4.943606 -6.003858 1.527895 -0.479698 0.293173 352.601932 -112.121022 20.522036
2.779344 -5.243847 -5.821186 2.779344 -5.243847 -5.821186 1.714413 -0.508174 0.320862 269.123665 17.203984 71.776188
3.846764 -5.536553 -5.612020 3.846764 -5.536553 -5.612020 1.827535 -0.452344 0.382573 107.950609 168.894845 133.926664
4.955973 -5.769120 -5.358852 4.955973 -5.769120 -5.358852 1.858593 -0.308813 0.460514 -4.424233 309.540448 125.875537
6.066154 -5.891661 -5.060125 6.066154 -5.891661 -5.060125 1.835044 -0.087944 0.534845 -74.073822 426.691639 121.897417
7.149051 -5.862556 -4.721733 7.149051 -5.862556 -4.721733 1.766617 0.193408 0.585701 -154.014788 511.146586 47.622248
8.179818 -5.653689 -4.365527 8.179818 -5.653689 -4.365527 1.666806 0.504175 0.595338 -178.690831 524.744938 -15.499964
9.150869 -5.260655 -4.013831 9.150869 -5.260655 -4.013831 1.575249 0.799393 0.572458 -126.499094 459.315972 -60.767413
10.074430 -4.704628 -3.683845 10.074430 -4.704628 -3.683845 1.505259 1.043552 0.523242 -106.800426 354.547287 -103.286764
10.958361 -4.014678 -3.388492 10.958361 -4.014678 -3.388492 1.441179 1.256281 0.461269 -106.800426 354.547287 -103.286764
