4.878684 -0.744989 9.079925 4.878684 -0.744989 9.079925 -0.740477 0.106750 -0.629706 -473.345719 547.829245 -563.425049
4.349196 -0.582329 8.600685 4.349196 -0.582329 8.600685 -1.024484 0.435447 -0.967761 -473.345719 547.829245 -563.425049
3.660460 -0.222659 7.926207 3.660460 -0.222659 7.926207 -1.252707 0.763106 -1.267843 -287.397169 544.365195 -436.848051
2.871650 0.328787 7.098955 2.871650 0.328787 7.098955 -1.352417 1.067713 -1.469517 -44.970649 470.990801 -235.399785
2.065243 1.044347 6.188972 2.065243 1.044347 6.188972 -1.313708 1.301075 -1.540263 174.001105 306.882153 -0.420861
1.319361 1.870099 5.277994 1.319361 1.870099 5.277994 -1.154198 1.434548 -1.474236 357.698772 138.027968 220.511172
0.699211 2.744181 4.445011 0.699211 2.744181 4.445011 -0.899660 1.459907 -1.282599 490.760398 -53.497970 418.277040
0.253435 3.599981 3.761674 0.253435 3.599981 3.761674 -0.576789 1.375237 -0.976967 585.478979 -228.733373 600.499541
0.013384 4.375707 3.289968 0.013384 4.375707 3.289968 -0.222322 1.196775 -0.584748 596.077715 -366.140493 706.894128
-0.016369 5.021046 3.067633 -0.016369 5.021046 3.067633 0.117054 0.942989 -0.154246 535.174257 -479.812013 728.115096
0.144311 5.497824 3.103378 0.144311 5.497824 3.103378 0.408740 0.641850 0.268782 437.112713 -523.984140 681.977070
0.460464 5.791481 3.380869 0.460464 5.791481 3.380869 0.632154 0.341781 0.645299 307.599934 -476.245968 573.078591
0.885947 5.915285 3.860040 0.885947 5.915285 3.860040 0.770827 0.078330 0.933334 154.644151 -401.924275 387.039065
1.368006 5.896858 4.476217 1.368006 5.896858 4.476217 0.822247 -0.128215 1.098106 16.756793 -286.559215 162.202548
1.857288 5.777114 5.150884 1.857288 5.777114 5.150884 0.796888 -0.256325 1.128461 -101.286618 -140.475817 -61.020801
2.311976 5.606748 5.805149 2.311976 5.606748 5.805149 0.710046 -0.297037 1.032708 -188.188708 4.771284 -258.155686
2.702349 5.438290 6.367406 2.702349 5.438290 6.367406 0.588233 -0.249648 0.823316 -217.854142 153.192353 -439.818942
3.016683 5.321209 6.774635 3.016683 5.321209 6.774635 0.460556 -0.132070 0.521458 -207.736022 238.732673 -566.374504
3.257761 5.288360 6.982344 3.257761 5.288360 6.982344 0.346603 0.028279 0.165543 -172.107628 295.765418 -620.007579
3.439630 5.358461 6.970994 3.439630 5.358461 6.970994 0.267772 0.205214 -0.201833 -90.662743 294.015800 -604.580005
3.587321 5.531419 6.745840 3.587321 5.531419 6.745840 0.230106 0.366161 -0.540731 -34.888457 242.474055 -525.080480
3.719105 5.794761 6.326886 3.719105 5.794761 6.326886 0.209173 0.511645 -0.855780 -34.888457 242.474055 -525.080480
