2.682634 -4.061096 5.365872 2.682634 -4.061096 5.365872 -0.135472 -0.648753 -0.845679 -582.408553 3.075674 -303.779826
2.496517 -4.449795 4.803784 2.496517 -4.449795 4.803784 -0.484917 -0.646908 -1.027947 -582.408553 3.075674 -303.779826
2.103781 -4.829054 4.137840 2.103781 -4.829054 4.137840 -0.819126 -0.603402 -1.182689 -531.620759 141.944938 -212.025644
1.524490 -5.156882 3.399627 1.524490 -5.156882 3.399627 -1.098717 -0.474921 -1.262083 -400.349549 286.323212 -52.619655
0.804198 -5.382785 2.644029 0.804198 -5.382785 2.644029 -1.283921 -0.265568 -1.238038 -216.998140 411.520209 132.766443
0.007214 -5.464973 1.935459 0.007214 -5.464973 1.935459 -1.351976 -0.003259 -1.106601 -9.851958 462.845297 305.357818
-0.792031 -5.381802 1.336438 -0.792031 -5.381802 1.336438 -1.289314 0.283518 -0.873510 218.725864 493.076809 471.611947
-1.513423 -5.125449 0.904801 -1.513423 -5.125449 0.904801 -1.093949 0.566808 -0.552649 432.490962 451.222987 597.926937
-2.080934 -4.710647 0.684495 -2.080934 -4.710647 0.684495 -0.779403 0.805025 -0.175612 615.996458 342.835370 658.861332
-2.430695 -4.174546 0.697176 -2.430695 -4.174546 0.697176 -0.374798 0.967604 0.216971 732.685608 199.094759 649.749228
-2.521702 -3.568583 0.940227 -2.521702 -3.568583 0.940227 0.074754 1.034880 0.586390 765.823725 25.155945 581.646012
-2.340471 -2.954747 1.388161 -2.340471 -2.954747 1.388161 0.526898 0.991876 0.892398 741.320322 -168.500394 438.380735
-1.897503 -2.399964 1.990572 -1.897503 -2.399964 1.990572 0.938647 0.840712 1.095746 631.178660 -335.380357 239.446743
-1.231344 -1.962833 2.677333 -1.231344 -1.962833 2.677333 1.264148 0.604845 1.170478 453.823226 -450.841876 9.658946
-0.405236 -1.685408 3.366521 -0.405236 -1.685408 3.366521 1.466099 0.312683 1.102086 219.346350 -523.033535 -237.632561
0.502455 -1.593432 3.973620 0.502455 -1.593432 3.973620 1.540456 -0.008571 0.902617 28.509744 -547.813458 -427.262489
1.431861 -1.697181 4.438283 1.431861 -1.697181 4.438283 1.557561 -0.337259 0.646260 28.509744 -547.813458 -427.262489
