-0.909862 5.739711 -5.900148 -0.909862 5.739711 -5.900148 0.236122 0.842679 0.233832 208.283324 -429.979816 -90.945923
-0.730698 6.167922 -5.776219 -0.730698 6.167922 -5.776219 0.361092 0.584691 0.179265 208.283324 -429.979816 -90.945923
-0.467616 6.436848 -5.679805 -0.467616 6.436848 -5.679805 0.530743 0.304239 0.150821 357.220035 -504.862017 -3.867031
-0.073881 6.527647 -5.581871 -0.073881 6.527647 -5.581871 0.800020 -0.003023 0.189193 540.370485 -519.342512 131.774878
0.510034 6.436017 -5.435634 0.510034 6.436017 -5.435634 1.157425 -0.296305 0.313262 650.980695 -458.264359 281.789039
1.323604 6.182365 -5.189312 1.323604 6.182365 -5.189312 1.557706 -0.538170 0.520553 683.289903 -347.953308 409.179763
2.379573 5.805098 -4.797060 2.379573 5.805098 -4.797060 1.959444 -0.705609 0.797397 655.835064 -210.177235 513.633885
3.667274 5.355429 -4.222803 3.667274 5.355429 -4.222803 2.322869 -0.774073 1.122403 555.580963 -18.036564 569.718028
5.150997 4.898959 -3.446762 5.150997 4.898959 -3.446762 2.606200 -0.728794 1.464484 388.858157 168.967241 570.552801
6.771810 4.502039 -2.469064 6.771810 4.502039 -2.469064 2.775009 -0.577702 1.788359 173.835970 334.673636 509.030476
8.454246 4.223948 -1.312477 8.454246 4.223948 -1.312477 2.810013 -0.335451 2.053508 -57.155164 472.829109 374.800881
10.115376 4.111346 -0.023373 10.115376 4.111346 -0.023373 2.702767 -0.033957 2.226060 -300.330022 532.150531 200.372952
11.670648 4.187811 1.336251 11.670648 4.187811 1.336251 2.460926 0.290593 2.285888 -505.808337 549.681636 -0.945896
13.047462 4.457867 2.693975 13.047462 4.457867 2.693975 2.113961 0.604188 2.217127 -650.742768 495.638105 -228.259262
14.193435 4.901686 3.970569 14.193435 4.901686 3.970569 1.697169 0.862029 2.017197 -738.563422 363.831529 -438.172940
15.077605 5.474670 5.092192 15.077605 5.474670 5.092192 1.248082 1.031713 1.705171 -758.393655 201.781376 -601.916008
15.693548 6.118952 6.000704 15.693548 6.118952 6.000704 0.811070 1.097448 1.312794 -698.312471 17.335036 -706.004982
16.062471 6.770084 6.658687 16.062471 6.770084 6.658687 0.431968 1.055563 0.876130 -565.360536 -156.953038 -749.543300
16.231222 7.364342 7.052055 16.231222 7.364342 7.052055 0.149427 0.907249 0.439443 -376.442733 -337.427576 -706.080696
16.265647 7.840840 7.195865 16.265647 7.840840 7.195865 -0.013796 0.669221 0.051988 -167.632916 -455.998081 -585.433454
16.239744 8.157822 7.133571 16.239744 8.157822 7.133571 -0.051634 0.383267 -0.239815 41.505963 -497.181920 -387.245623
16.225797 8.296956 6.930785 16.225797 8.296956 6.930785 0.021080 0.078293 -0.418128 200.872728 -519.397202 -207.130031
16.274601 8.250441 6.642625 16.274601 8.250441 6.642625 0.141603 -0.233345 -0.542406 200.872728 -519.397202 -207.130031
