-4.522599 1.938770 -0.750199 -4.522599 1.938770 -0.750199 0.518049 0.321540 1.248900 -38.297547 395.488133 400.503738
-4.218664 2.202882 0.071232 -4.218664 2.202882 0.071232 0.495070 0.558833 1.489202 -38.297547 395.488133 400.503738
-3.934613 2.601527 1.033551 -3.934613 2.601527 1.033551 0.441603 0.756914 1.713040 -139.927346 264.780780 345.622687
-3.700361 3.092593 2.118146 -3.700361 3.092593 2.118146 0.330032 0.862067 1.893210 -231.974278 85.730645 254.944214
-3.549294 3.614588 3.292614 -3.549294 3.614588 3.292614 0.164866 0.860119 2.009435 -318.579147 -92.225502 132.471806
-3.511397 4.103006 4.510958 -3.511397 4.103006 4.510958 -0.044677 0.749519 2.033105 -379.897394 -276.439849 -53.573161
-3.606932 4.493212 5.710042 -3.606932 4.493212 5.710042 -0.274348 0.534927 1.945283 -385.673083 -438.868495 -239.165278
-3.837660 4.728791 6.822957 -3.837660 4.728791 6.822957 -0.489245 0.239702 1.745759 -330.649735 -545.213642 -425.916063
-4.184645 4.771971 7.784589 -4.184645 4.771971 7.784589 -0.657241 -0.099944 1.444417 -229.336827 -586.939112 -578.556407
-4.611612 4.608338 8.541659 -4.611612 4.608338 8.541659 -0.751550 -0.442192 1.070081 -85.025692 -553.888148 -669.229861
-5.067350 4.248234 9.060780 -5.067350 4.248234 9.060780 -0.750085 -0.749971 0.656214 89.908056 -472.042360 -710.328033
-5.489283 3.721407 9.328799 -5.489283 3.721407 9.328799 -0.636466 -0.992582 0.240762 288.823448 -336.660677 -674.510536
-5.807872 3.075840 9.359364 -5.807872 3.075840 9.359364 -0.406662 -1.141670 -0.126344 477.187509 -160.299740 -549.177734
-5.956878 2.373364 9.194961 -5.956878 2.373364 9.194961 -0.074863 -1.180953 -0.404574 628.809743 29.356006 -378.254753
-5.883742 1.680581 8.896196 -5.883742 1.680581 8.896196 0.326766 -1.110812 -0.571201 709.952080 204.448747 -177.169212
-5.558219 1.060016 8.535589 -5.558219 1.060016 8.535589 0.761099 -0.942537 -0.607480 737.826555 356.467409 56.237953
-4.971032 0.564542 8.195702 -4.971032 0.564542 8.195702 1.192387 -0.699235 -0.501346 699.799747 454.540671 297.544808
-4.136390 0.228494 7.960167 -4.136390 0.228494 7.960167 1.578496 -0.418137 -0.264249 587.228912 482.450617 492.775728
-3.095234 0.063249 7.898228 -3.095234 0.063249 7.898228 1.872623 -0.134682 0.070970 393.196679 462.399440 624.623153
-1.913244 0.061136 8.057463 -1.913244 0.061136 8.057463 2.046741 0.120079 0.466847 187.196847 386.804878 694.965636
-0.665733 0.195749 8.462148 -0.665733 0.195749 8.462148 2.087916 0.316862 0.881243 -49.949185 269.139130 686.354041
0.563560 0.425422 9.110420 0.563560 0.425422 9.110420 1.985616 0.433900 1.272967 -291.048825 120.985258 619.394246
1.691764 0.698899 9.976603 1.691764 0.698899 9.976603 1.757103 0.463292 1.599162 -470.662654 -23.010718 467.920408
2.652639 0.964493 11.009352 2.652639 0.964493 11.009352 1.431369 0.408285 1.825046 -615.116238 -160.344710 285.027567
3.396373 1.175380 12.141829 3.396373 1.175380 12.141829 1.040468 0.285968 1.926789 -687.888519 -247.378836 54.115544
3.898442 1.299818 13.295336 3.898442 1.299818 13.295336 0.635776 0.124469 1.897722 -661.084746 -290.951969 -151.004838
4.165747 1.320998 14.396904 4.165747 1.320998 14.396904 0.263297 -0.055754 1.757697 -580.510815 -309.790768 -315.745835
4.227466 1.235667 15.385325 4.227466 1.235667 15.385325 -0.043845 -0.222212 1.521435 -443.295488 -245.070808 -471.794964
4.132879 1.063185 16.208066 4.132879 1.063185 16.208066 -0.252256 -0.344464 1.212374 -251.407119 -162.436233 -558.408723
3.948450 0.833238 16.834046 3.948450 0.833238 16.834046 -0.342212 -0.412075 0.872675 -48.446032 -62.934094 -573.920048
3.747336 0.581523 17.257445 3.747336 0.581523 17.257445 -0.306613 -0.415544 0.543820 167.107927 51.371280 -522.263999
3.603793 0.347371 17.494958 3.603793 0.347371 17.494958 -0.154621 -0.355081 0.256604 339.533253 150.171384 -435.121812
3.579571 0.165592 17.576637 3.579571 0.165592 17.576637 0.086271 -0.243783 0.025723 463.440059 220.825049 -334.482614
3.719114 0.059738 17.540777 3.719114 0.059738 17.540777 0.386138 -0.107952 -0.130397 536.115186 231.941895 -185.916094
4.047141 0.035350 17.436908 4.047141 0.035350 17.436908 0.707027 0.024381 -0.202776 533.515903 209.169321 -55.349027
4.566193 0.084568 17.309915 4.566193 0.084568 17.309915 1.021148 0.134579 -0.212811 513.554529 158.156492 21.900830
5.271322 0.193784 17.186170 5.271322 0.193784 17.186170 1.329281 0.229473 -0.199670 513.554529 158.156492 21.900830
