-2.414123 -3.371548 -7.067526 -2.414123 -3.371548 -7.067526 0.391732 -0.744040 0.006344 216.747324 -166.412777 72.860277
-2.140069 -3.847926 -7.050605 -2.140069 -3.847926 -7.050605 0.521781 -0.843887 0.050060 216.747324 -166.412777 72.860277
-1.779851 -4.374657 -7.007074 -1.779851 -4.374657 -7.007074 0.692507 -0.895958 0.095675 352.340344 -7.157591 79.190852
-1.290931 -4.902008 -6.934947 -1.290931 -4.902008 -6.934947 0.953881 -0.842689 0.145527 518.906178 184.722124 86.980595
-0.619671 -5.364482 -6.834282 -0.619671 -5.364482 -6.834282 1.292866 -0.682411 0.186175 611.045838 349.538845 48.513522
0.267589 -5.704480 -6.718297 0.267589 -5.704480 -6.718297 1.667257 -0.440028 0.193023 636.922956 458.402105 -25.685145
1.381000 -5.882698 -6.610511 1.381000 -5.882698 -6.610511 2.041461 -0.148554 0.160591 610.424574 513.178455 -82.422332
2.710255 -5.879704 -6.532779 2.710255 -5.879704 -6.532779 2.380225 0.158126 0.092200 518.786821 509.089927 -145.547734
4.221431 -5.697144 -6.507082 4.221431 -5.697144 -6.507082 2.639795 0.443820 -0.012249 346.446999 443.221070 -202.616258
5.854734 -5.357424 -6.551129 5.854734 -5.357424 -6.551129 2.782996 0.677992 -0.134953 130.889247 337.355132 -206.395437
7.534337 -4.899099 -6.667727 7.534337 -4.899099 -6.667727 2.792754 0.834436 -0.251167 -98.359934 184.122784 -180.985901
9.178832 -4.374448 -6.846732 9.178832 -4.374448 -6.846732 2.666476 0.899143 -0.338394 -322.568318 31.568673 -109.771986
10.708195 -3.836681 -7.061590 10.708195 -3.836681 -7.061590 2.410632 0.881079 -0.364568 -530.246635 -91.783670 22.525334
12.049949 -3.331491 -7.268109 12.049949 -3.331491 -7.268109 2.046581 0.791329 -0.310219 -683.255518 -207.382942 158.637296
13.150734 -2.898434 -7.417141 13.150734 -2.898434 -7.417141 1.615739 0.644843 -0.172309 -752.884564 -280.902827 301.063163
13.984301 -2.563385 -7.457255 13.984301 -2.563385 -7.457255 1.162223 0.469827 0.053730 -758.833375 -302.484584 452.402660
14.548842 -2.333388 -7.336928 14.548842 -2.333388 -7.336928 0.725907 0.301081 0.358452 -695.555936 -260.001112 563.337374
14.867774 -2.195364 -7.016072 14.867774 -2.195364 -7.016072 0.351517 0.165956 0.718375 -552.409605 -190.415996 636.403557
14.991312 -2.124295 -6.470821 14.991312 -2.124295 -6.470821 0.080377 0.080557 1.098584 -351.391834 -94.246792 630.960184
14.989916 -2.085638 -5.703483 14.989916 -2.085638 -5.703483 -0.062313 0.060445 1.450233 -124.240992 27.206774 541.203611
14.940832 -2.039390 -4.742697 14.940832 -2.039390 -4.742697 -0.083524 0.102186 1.741104 53.538795 111.928802 428.367279
14.900355 -1.957932 -3.620928 14.900355 -1.957932 -3.620928 -0.051401 0.169343 1.998125 53.538795 111.928802 428.367279
