-2.257325 4.188760 3.899278 -2.257325 4.188760 3.899278 -1.487062 -0.137032 -1.236985 341.464940 -130.157459 547.940269
-3.088098 4.083112 3.255716 -3.088098 4.083112 3.255716 -1.282183 -0.215127 -0.908221 341.464940 -130.157459 547.940269
-3.786609 3.938218 2.810555 -3.786609 3.938218 2.810555 -1.030626 -0.255174 -0.573748 497.056891 -3.332305 566.969853
-4.304611 3.793188 2.568343 -4.304611 3.793188 2.568343 -0.677875 -0.213799 -0.233651 678.780534 141.247735 566.685486
-4.584181 3.698901 2.525906 -4.584181 3.698901 2.525906 -0.245734 -0.086216 0.085107 761.691112 284.028986 495.842723
-4.595303 3.703450 2.658174 -4.595303 3.703450 2.658174 0.207347 0.109968 0.342372 748.578173 369.918867 361.707036
-4.340287 3.839280 2.919107 -4.340287 3.839280 2.919107 0.635811 0.348238 0.511408 679.635697 424.313875 201.745139
-3.844457 4.125724 3.252843 -3.844457 4.125724 3.252843 1.003639 0.608451 0.585342 546.456359 443.061831 44.702591
-3.155729 4.566205 3.604266 -3.155729 4.566205 3.604266 1.272425 0.852582 0.573020 349.497167 370.706590 -85.777994
-2.342112 5.137528 3.926028 -2.342112 5.137528 3.926028 1.418388 1.040241 0.488504 137.047818 254.824355 -195.940529
-1.478636 5.798731 4.179685 -1.478636 5.798731 4.179685 1.439485 1.149088 0.350058 -66.725563 107.998551 -265.546863
-0.638619 6.496147 4.341131 -0.638619 6.496147 4.341131 1.341134 1.156503 0.186778 -261.112229 -83.279993 -278.720594
0.110206 7.164775 4.404367 0.110206 7.164775 4.404367 1.140190 1.055117 0.026242 -408.700626 -254.675275 -256.397350
0.715321 7.742254 4.376863 0.715321 7.742254 4.376863 0.867808 0.853566 -0.113084 -499.238648 -417.160327 -208.022958
1.145039 8.172722 4.276015 1.145039 8.172722 4.276015 0.562745 0.570356 -0.215666 -517.639373 -526.872409 -133.918945
1.391810 8.415943 4.127391 1.391810 8.415943 4.127391 0.263654 0.233456 -0.271614 -479.330216 -596.128853 -52.571884
1.468726 8.449070 3.958850 1.468726 8.449070 3.958850 0.001071 -0.122441 -0.283702 -395.947794 -590.195072 12.276497
1.405697 8.274450 3.792772 1.405697 8.274450 3.792772 -0.198500 -0.451157 -0.266671 -269.288232 -505.524136 44.494339
1.246733 7.920795 3.641352 1.246733 7.920795 3.641352 -0.317032 -0.714304 -0.237103 -125.818687 -371.631393 54.065204
1.041718 7.435462 3.507218 1.041718 7.435462 3.507218 -0.353264 -0.886566 -0.212686 5.045949 -202.575918 27.326086
0.837995 6.877906 3.380202 0.837995 6.877906 3.380202 -0.313603 -0.953876 -0.217908 127.158087 -21.789555 -44.735011
0.677461 6.312899 3.237264 0.677461 6.312899 3.237264 -0.213607 -0.910749 -0.265452 206.160496 165.545866 -113.743566
0.588628 5.805996 3.053519 0.588628 5.805996 3.053519 -0.078802 -0.762681 -0.353698 243.192134 328.013920 -180.408369
0.585211 5.414447 2.805013 0.585211 5.414447 2.805013 0.067562 -0.530789 -0.481011 244.685150 444.958273 -243.969599
0.667784 5.179854 2.470486 0.667784 5.179854 2.470486 0.204337 -0.244870 -0.637423 211.231579 508.105583 -277.405249
0.824820 5.124020 2.039063 0.824820 5.124020 2.039063 0.313140 0.058138 -0.799044 151.444954 501.920739 -261.329345
1.035825 5.244859 1.515325 1.035825 5.244859 1.515325 0.383309 0.337341 -0.942207 82.451988 428.756455 -215.879836
1.277329 5.516607 0.917282 1.277329 5.516607 0.917282 0.416168 0.555433 -1.041034 27.079866 298.215715 -113.544266
1.529634 5.895146 0.281009 1.529634 5.895146 0.281009 0.421068 0.692361 -1.065234 -10.748041 158.213491 32.875400
1.779965 6.329509 -0.342848 1.779965 6.329509 -0.342848 0.412744 0.739628 -0.998679 -16.997614 -0.658713 188.976738
2.026989 6.763676 -0.897881 2.026989 6.763676 -0.897881 0.414731 0.691777 -0.834501 23.619751 -158.843258 358.282863
2.283779 7.142806 -1.325478 2.283779 7.142806 -1.325478 0.447400 0.559752 -0.576468 85.279654 -281.241135 501.826935
2.572013 7.423740 -1.574570 2.572013 7.423740 -1.574570 0.520785 0.369538 -0.243075 159.335413 -352.805877 609.483214
2.918930 7.580002 -1.608268 2.918930 7.580002 -1.608268 0.645216 0.148075 0.134816 255.433472 -385.402256 650.152319
3.357058 7.600477 -1.411307 3.357058 7.600477 -1.411307 0.823577 -0.078155 0.520127 339.103980 -368.699975 634.217829
3.915969 7.492136 -0.989958 3.915969 7.492136 -0.989958 1.045669 -0.274786 0.876228 401.204458 -286.735964 552.785733
4.616804 7.281942 -0.373556 4.616804 7.281942 -0.373556 1.292476 -0.415379 1.163721 421.484999 -181.906575 405.523672
5.466027 7.007163 0.385553 5.466027 7.007163 0.385553 1.534717 -0.488565 1.346444 385.982863 -62.046801 203.553800
6.450691 6.709999 1.215610 6.450691 6.709999 1.215610 1.738093 -0.490076 1.396331 291.937533 57.010502 -37.263839
7.539965 6.431447 2.035292 7.539965 6.431447 2.035292 1.882603 -0.429709 1.316930 189.762827 144.210728 -227.405639
8.703684 6.199580 2.784517 8.703684 6.199580 2.784517 1.996461 -0.343183 1.180487 189.762827 144.210728 -227.405639
