-8.426112 -3.777423 -1.335397 -8.426112 -3.777423 -1.335397 1.207435 -0.224506 1.504377 123.641420 -107.077349 548.007999
-7.679395 -3.931401 -0.334130 -7.679395 -3.931401 -0.334130 1.281620 -0.288753 1.833182 123.641420 -107.077349 548.007999
-6.886117 -4.116851 0.856463 -6.886117 -4.116851 0.856463 1.366062 -0.317624 2.122197 157.832717 10.841564 415.376550
-6.034638 -4.297357 2.192546 -6.034638 -4.297357 2.192546 1.477920 -0.270538 2.311408 215.027099 146.111270 215.328640
-5.107965 -4.428308 3.605186 -5.107965 -4.428308 3.605186 1.613017 -0.157511 2.375785 235.296970 230.644840 -0.739923
-4.098278 -4.478165 5.015943 -4.098278 -4.478165 5.015943 1.751814 -0.003456 2.302435 227.359376 282.872704 -243.758669
-3.009666 -4.429498 6.341232 -3.009666 -4.429498 6.341232 1.871225 0.165382 2.094701 170.676626 279.919520 -448.690859
-1.862420 -4.282510 7.506923 -1.862420 -4.282510 7.506923 1.942578 0.320201 1.773665 67.166901 236.142934 -621.427316
-0.692687 -4.052135 8.452138 -0.692687 -4.052135 8.452138 1.943359 0.440633 1.365170 -64.562849 165.297548 -740.222413
0.452841 -3.764382 9.136550 0.452841 -3.764382 9.136550 1.860289 0.507907 0.913786 -212.337889 58.949151 -764.391917
1.523196 -3.455704 9.548947 1.523196 -3.455704 9.548947 1.694900 0.509892 0.463730 -338.956719 -52.332517 -735.795209
2.472668 -3.164263 9.701874 2.472668 -3.164263 9.701874 1.459249 0.453120 0.057914 -446.549038 -136.908677 -616.923695
3.263012 -2.920792 9.637019 3.263012 -2.920792 9.637019 1.167185 0.352187 -0.255024 -526.996114 -199.533728 -426.202115
3.867916 -2.747129 9.419179 3.867916 -2.747129 9.419179 0.848252 0.223806 -0.451293 -536.115450 -228.402538 -228.027728
4.284007 -2.652221 9.120457 4.284007 -2.652221 9.120457 0.544786 0.095445 -0.522615 -475.435405 -199.466166 -9.714381
4.531731 -2.625987 8.818292 4.531731 -2.625987 8.818292 0.291678 0.000122 -0.462681 -368.258633 -118.280155 209.496566
4.650546 -2.641322 8.588221 4.650546 -2.641322 8.588221 0.121194 -0.041433 -0.287843 -200.021546 -20.235473 373.293677
4.699035 -2.663031 8.490099 4.699035 -2.663031 8.490099 0.060066 -0.019610 -0.026911 -3.738591 92.978226 496.479805
4.747944 -2.650149 8.567487 4.747944 -2.650149 8.567487 0.125534 0.075737 0.291819 221.966232 224.845099 565.953375
4.875574 -2.558163 8.843553 4.875574 -2.558163 8.843553 0.320490 0.241003 0.626904 427.885784 326.042341 550.998194
5.154267 -2.350905 9.313557 5.154267 -2.350905 9.313557 0.624121 0.456472 0.930913 584.218389 392.188090 462.366395
5.641505 -2.005209 9.949261 5.641505 -2.005209 9.949261 1.012679 0.697879 1.177985 710.975122 412.501950 361.205741
6.379065 -1.514803 10.712443 6.379065 -1.514803 10.712443 1.449151 0.932521 1.351578 743.930885 369.636427 217.437166
7.380550 -0.893949 11.552904 7.380550 -0.893949 11.552904 1.885942 1.128340 1.433916 712.038749 283.094684 57.024061
8.633514 -0.173434 12.415473 8.633514 -0.173434 12.415473 2.279327 1.260967 1.427909 599.245514 158.994519 -77.047914
10.098769 0.601549 13.251469 10.098769 0.601549 13.251469 2.587844 1.305281 1.347274 429.144403 -11.278905 -191.735047
11.715541 1.372088 14.020304 11.715541 1.372088 14.020304 2.779428 1.245517 1.207145 209.469123 -187.934402 -275.361202
13.406316 2.076637 14.694019 13.406316 2.076637 14.694019 2.832176 1.088092 1.036894 -33.642685 -336.815477 -292.142974
15.086152 2.661561 15.264881 15.086152 2.661561 15.264881 2.744921 0.849478 0.868164 -257.207147 -458.565598 -270.289962
16.674357 3.084800 15.739504 16.674357 3.084800 15.739504 2.528348 0.554807 0.717872 -464.702897 -523.669950 -230.684754
18.100107 3.322315 16.132683 18.100107 3.322315 16.132683 2.211464 0.235065 0.599361 -591.577025 -542.138803 -164.352174
19.315607 3.369585 16.467011 19.315607 3.369585 16.467011 1.832043 -0.071137 0.522220 -673.161964 -478.534294 -92.782517
20.293472 3.249372 16.767266 20.293472 3.249372 16.767266 1.427188 -0.315232 0.484673 -676.352620 -335.114701 -32.374190
21.031506 3.007309 17.054032 21.031506 3.007309 17.054032 1.038698 -0.479318 0.474193 -618.612870 -211.838128 -2.559493
21.543374 2.681587 17.338087 21.543374 2.681587 17.338087 0.667531 -0.606421 0.472658 -618.612870 -211.838128 -2.559493
