6.432708 -5.557107 0.635899 6.432708 -5.557107 0.635899 2.274684 -0.866875 1.458976 -611.052785 349.333899 -713.344607
7.687529 -6.014351 1.382883 7.687529 -6.014351 1.382883 1.908053 -0.657274 1.030969 -611.052785 349.333899 -713.344607
8.718168 -6.339011 1.875315 8.718168 -6.339011 1.875315 1.520405 -0.413550 0.614227 -681.106892 463.081310 -675.796558
9.504309 -6.497430 2.129202 9.504309 -6.497430 2.129202 1.094228 -0.103920 0.243717 -739.482134 569.018240 -559.237578
10.029845 -6.455689 2.185043 10.029845 -6.455689 2.185043 0.661074 0.245843 -0.040454 -704.365810 596.856798 -387.997142
10.307065 -6.203134 2.103371 10.307065 -6.203134 2.103371 0.275260 0.592032 -0.211057 -581.677836 557.106574 -180.680093
10.377952 -5.753381 1.955726 10.377952 -5.753381 1.955726 -0.021581 0.897567 -0.261906 -407.794354 461.346308 11.182086
10.304991 -5.140681 1.812053 10.304991 -5.140681 1.812053 -0.199305 1.129961 -0.197908 -184.619405 313.298172 202.145989
10.166208 -4.417545 1.738861 10.166208 -4.417545 1.738861 -0.239921 1.261772 -0.030785 49.235459 126.072300 354.931518
10.045073 -3.648642 1.790496 10.045073 -3.648642 1.790496 -0.140601 1.283149 0.213261 281.829327 -54.814008 458.553190
10.022359 -2.899790 2.003417 10.022359 -2.899790 2.003417 0.083081 1.194406 0.500517 463.778306 -240.998854 498.967190
10.164152 -2.234741 2.392493 10.164152 -2.234741 2.392493 0.403667 1.008734 0.794659 604.841788 -377.905649 481.506862
10.519839 -1.701930 2.951150 10.519839 -1.701930 2.951150 0.789648 0.759957 1.059513 681.762231 -451.352815 401.339126
11.115613 -1.329227 3.652989 11.115613 -1.329227 3.652989 1.195044 0.479008 1.269766 669.557635 -485.141086 299.504019
11.948147 -1.126546 4.460866 11.948147 -1.126546 4.460866 1.571715 0.200932 1.410005 586.012006 -441.781679 167.958262
12.988819 -1.080120 5.330627 12.988819 -1.080120 5.330627 1.884125 -0.037200 1.478409 455.353292 -351.989498 60.055049
14.189295 -1.158158 6.221082 14.189295 -1.158158 6.221082 2.097524 -0.210193 1.477439 255.975978 -224.655214 -63.286886
15.482318 -1.315741 7.091739 15.482318 -1.315741 7.091739 2.193278 -0.300136 1.417397 63.206133 -75.154429 -136.854647
16.798193 -1.500150 7.915862 16.798193 -1.500150 7.915862 2.173855 -0.299223 1.326879 -127.951377 78.197147 -164.871949
18.067888 -1.658004 8.682464 18.067888 -1.658004 8.682464 2.039153 -0.214285 1.228711 -321.055706 204.930130 -162.352274
19.226754 -1.743818 9.392010 19.226754 -1.743818 9.392010 1.812342 -0.061979 1.139015 -434.979337 302.756203 -136.637023
20.231965 -1.724533 10.054175 20.231965 -1.724533 10.054175 1.531862 0.129558 1.073785 -499.952975 335.699993 -80.793343
21.059634 -1.586355 10.687320 21.059634 -1.586355 10.687320 1.224604 0.331062 1.042393 -524.241485 335.979437 -23.849178
21.702132 -1.330340 11.311347 21.702132 -1.330340 11.311347 0.920557 0.517160 1.042505 -489.249364 284.347029 24.222336
22.172168 -0.975044 11.943602 22.172168 -0.975044 11.943602 0.655842 0.656858 1.069001 -393.132517 181.315498 64.098277
22.501337 -0.554368 12.596332 22.501337 -0.554368 12.596332 0.452101 0.735270 1.106418 -286.005851 80.057424 60.625708
22.727753 -0.105314 13.268668 22.727753 -0.105314 13.268668 0.313680 0.750712 1.130654 -175.396750 -28.583356 20.160109
22.890936 0.334030 13.945566 22.890936 0.334030 13.945566 0.241172 0.703865 1.117137 -66.295285 -127.573179 -65.215056
23.029170 0.729604 14.598908 23.029170 0.729604 14.598908 0.228717 0.608413 1.051997 24.776053 -190.600330 -151.917532
23.173798 1.058532 15.195799 23.173798 1.058532 15.195799 0.258270 0.484993 0.926036 73.735712 -220.799715 -267.954704
23.342297 1.311031 15.697420 23.342297 1.311031 15.697420 0.303836 0.358749 0.736421 78.150318 -200.015002 -364.096165
23.536836 1.495064 16.070126 23.536836 1.495064 16.070126 0.341579 0.262669 0.499921 47.658844 -120.251590 -424.237075
23.747791 1.636591 16.290921 23.747791 1.636591 16.290921 0.357319 0.218376 0.231402 4.808883 -27.392244 -470.824045
23.959858 1.768503 16.346246 23.959858 1.768503 16.346246 0.344256 0.231026 -0.044934 -48.353184 69.559339 -450.295955
24.153833 1.926133 16.243190 24.153833 1.926133 16.243190 0.295869 0.305228 -0.290324 -112.935509 177.782366 -367.670394
24.308719 2.146917 16.010303 24.308719 2.146917 16.010303 0.216574 0.440127 -0.473484 -151.380767 271.880381 -242.864235
24.411149 2.462487 15.692094 24.411149 2.462487 15.692094 0.124416 0.616033 -0.571217 -155.812390 314.472461 -82.913593
24.459526 2.888662 15.346113 24.459526 2.888662 15.346113 0.039796 0.804465 -0.562598 -126.256479 313.634110 111.644231
24.464493 3.424927 15.040029 24.464493 3.424927 15.040029 -0.016882 0.978304 -0.438715 -62.669292 265.830381 301.301209
24.448508 4.054311 14.840884 24.448508 4.054311 14.840884 -0.027361 1.110564 -0.208686 27.740673 175.035647 465.459517
24.444161 4.743780 14.806785 24.444161 4.743780 14.806785 0.024666 1.173708 0.107238 145.680473 35.442974 587.620852
24.491763 5.444367 14.980983 24.491763 5.444367 14.980983 0.144973 1.144883 0.480229 255.344801 -131.525402 655.681836
24.630055 6.100854 15.386191 24.630055 6.100854 15.386191 0.324913 1.032127 0.868878 344.454664 -244.329384 639.815785
24.887005 6.676151 16.022684 24.887005 6.676151 16.022684 0.531586 0.885529 1.252767 344.454664 -244.329384 639.815785
