-1.830170 -1.339700 5.574649 -1.830170 -1.339700 5.574649 -1.326541 0.681296 1.762315 -70.947493 27.936715 257.516334
-2.638865 -0.925894 6.678391 -2.638865 -0.925894 6.678391 -1.369110 0.698058 1.916824 -70.947493 27.936715 257.516334
-3.461309 -0.510212 7.864345 -3.461309 -0.510212 7.864345 -1.352712 0.673911 2.018867 125.606889 -108.425249 82.625352
-4.235633 -0.135695 9.075982 -4.235633 -0.135695 9.075982 -1.203881 0.557291 1.995665 370.496341 -280.309232 -159.963236
-4.880721 0.142288 10.231341 -4.880721 0.142288 10.231341 -0.928827 0.359425 1.833453 546.350497 -379.242565 -380.746512
-5.332869 0.287204 11.253302 -5.332869 0.287204 11.253302 -0.566991 0.119503 1.557123 659.769504 -420.497663 -540.352558
-5.551159 0.283603 12.084888 -5.551159 0.283603 12.084888 -0.155398 -0.130864 1.205790 712.206473 -414.059527 -630.758241
-5.517880 0.134765 12.693615 -5.517880 0.134765 12.693615 0.263530 -0.358247 0.821285 684.221601 -343.885059 -650.923463
-5.242544 -0.135531 13.070970 -5.242544 -0.135531 13.070970 0.644354 -0.531820 0.439480 585.190454 -234.692137 -621.761842
-4.758956 -0.489722 13.227731 -4.758956 -0.489722 13.227731 0.953673 -0.636906 0.091379 445.872729 -115.594882 -538.574321
-4.116668 -0.884732 13.194509 -4.116668 -0.884732 13.194509 1.170334 -0.666557 -0.187297 276.332481 16.759401 -390.344018
-3.375644 -1.273783 13.021483 -3.375644 -1.273783 13.021483 1.281550 -0.617168 -0.373435 94.386449 147.870808 -230.117151
-2.600030 -1.612554 12.765353 -2.600030 -1.612554 12.765353 1.286657 -0.503881 -0.464743 -77.362751 229.752835 -74.240974
-1.850403 -1.871085 12.481531 -1.850403 -1.871085 12.481531 1.198028 -0.353820 -0.467351 -218.066589 270.449018 65.547009
-1.176496 -2.034773 12.218881 -1.176496 -2.034773 12.218881 1.038899 -0.191933 -0.398214 -312.365278 269.174137 164.909174
-0.611391 -2.104576 12.013092 -0.611391 -2.104576 12.013092 0.841438 -0.045898 -0.281989 -345.837506 217.609529 222.508176
-0.167492 -2.097600 11.885203 -0.167492 -2.097600 11.885203 0.640370 0.061395 -0.142223 -324.388425 140.034107 243.377159
0.160896 -2.041265 11.841677 0.160896 -2.041265 11.841677 0.458512 0.116873 -0.006194 -281.806046 44.893446 210.054074
0.390396 -1.969842 11.872350 0.390396 -1.969842 11.872350 0.315022 0.109899 0.102734 -196.494437 -68.139192 153.036928
0.550578 -1.921560 11.957271 0.550578 -1.921560 11.957271 0.229816 0.042054 0.173227 -87.525137 -158.011791 81.942385
0.677842 -1.927807 12.071733 0.677842 -1.927807 12.071733 0.202943 -0.067941 0.201272 -2.052052 -208.639295 11.540515
0.803221 -2.006971 12.190640 0.803221 -2.006971 12.190640 0.221628 -0.197343 0.188532 64.335967 -222.698429 -54.006628
0.950149 -2.163447 12.291854 0.950149 -2.163447 12.291854 0.272080 -0.320886 0.145208 103.837949 -189.113265 -90.407919
1.132863 -2.385312 12.363529 1.132863 -2.385312 12.363529 0.338260 -0.410818 0.095077 116.761229 -110.660406 -76.694265
1.355512 -2.645324 12.408435 1.355512 -2.645324 12.408435 0.401698 -0.445224 0.057385 94.699703 -4.025950 -48.947274
1.610094 -2.906294 12.437799 1.610094 -2.906294 12.437799 0.441106 -0.413195 0.046736 36.659908 110.790029 13.451534
1.877753 -3.126435 12.472527 1.877753 -3.126435 12.472527 0.445081 -0.307552 0.076129 -23.409665 241.354442 84.524727
2.136649 -3.260926 12.538582 2.136649 -3.260926 12.538582 0.411342 -0.129758 0.152660 -89.052479 351.291147 170.580018
2.364687 -3.272294 12.664509 2.364687 -3.272294 12.664509 0.344220 0.097286 0.273144 -134.689773 405.522895 231.031423
2.546796 -3.140123 12.871172 2.546796 -3.140123 12.871172 0.262513 0.344628 0.417715 -137.666550 418.951012 250.872920
2.681509 -2.859701 13.166021 2.681509 -2.859701 13.166021 0.189841 0.587165 0.563551 -104.574206 389.504950 235.247536
2.781222 -2.444050 13.541889 2.781222 -2.444050 13.541889 0.150255 0.787073 0.681665 -27.377485 276.854579 158.466278
2.871173 -1.929473 13.974005 2.871173 -1.929473 13.974005 0.157460 0.915682 0.749710 51.393669 151.841546 68.349525
2.974900 -1.352732 14.436134 2.974900 -1.352732 14.436134 0.188296 1.006787 0.790720 51.393669 151.841546 68.349525
