-4.230986 -0.621960 6.244948 -4.230986 -0.621960 6.244948 2.298358 -0.408163 -1.124848 -253.098931 -237.194609 44.722371
-2.897529 -0.909553 5.578089 -2.897529 -0.909553 5.578089 2.146499 -0.550480 -1.098014 -253.098931 -237.194609 44.722371
-1.662734 -1.277949 4.936585 -1.662734 -1.277949 4.936585 1.956902 -0.669860 -1.024908 -378.890662 -160.739145 198.964404
-0.566651 -1.701095 4.369232 -0.566651 -1.701095 4.369232 1.680281 -0.727785 -0.846640 -543.178826 -32.341649 395.265397
0.338853 -2.135781 3.940352 0.338853 -2.135781 3.940352 1.329909 -0.708160 -0.569699 -624.727489 97.757126 527.868426
1.023978 -2.535314 3.698894 1.023978 -2.535314 3.698894 0.953226 -0.610674 -0.226252 -630.883786 227.195896 616.954929
1.484989 -2.853403 3.675871 1.484989 -2.853403 3.675871 0.587870 -0.437254 0.152306 -586.969011 350.869860 644.906208
1.739408 -3.047851 3.880065 1.739408 -3.047851 3.880065 0.272443 -0.202992 0.522885 -464.453948 430.005715 590.358494
1.830181 -3.090090 4.293502 1.830181 -3.090090 4.293502 0.048316 0.065786 0.844304 -282.638420 465.920809 481.036628
1.821955 -2.968725 4.876315 1.821955 -2.968725 4.876315 -0.052970 0.335476 1.081146 -54.979103 433.043803 308.438009
1.793854 -2.695102 5.567002 1.793854 -2.695102 5.567002 -0.018071 0.567249 1.198610 171.309478 339.534699 83.108826
1.826946 -2.300948 6.287199 1.826946 -2.300948 6.287199 0.150206 0.734410 1.178833 389.611856 217.666645 -149.031802
1.998282 -1.830957 6.954363 1.998282 -1.830957 6.954363 0.439387 0.815835 1.022864 574.324493 53.752394 -370.865723
2.372561 -1.343547 7.490227 2.372561 -1.343547 7.490227 0.820322 0.789256 0.744849 695.460946 -142.350752 -555.852548
2.992666 -0.904675 7.828828 2.992666 -0.904675 7.828828 1.251243 0.658554 0.370064 740.941830 -293.323720 -693.431203
3.875631 -0.570697 7.922908 3.875631 -0.570697 7.922908 1.690055 0.440776 -0.061699 721.764526 -432.600524 -745.777938
5.014183 -0.390093 7.752228 5.014183 -0.390093 7.752228 2.096123 0.151248 -0.506268 631.795349 -532.494891 -736.119561
6.374981 -0.396397 7.321151 6.374981 -0.396397 7.321151 2.422207 -0.174267 -0.922012 455.150073 -552.552822 -649.692829
7.898178 -0.597267 6.661263 7.898178 -0.597267 6.661263 2.635022 -0.490051 -1.260508 254.235999 -500.062822 -478.627852
9.511362 -0.974717 5.830685 9.511362 -0.974717 5.830685 2.719606 -0.757126 -1.488282 27.708771 -390.185098 -280.617438
11.135351 -1.491193 4.899727 11.135351 -1.491193 4.899727 2.672422 -0.951075 -1.594041 -184.988887 -256.313013 -71.914279
12.695208 -2.096246 3.943529 12.695208 -2.096246 3.943529 2.509936 -1.046219 -1.571333 -356.632073 -60.832150 147.609373
14.127982 -2.722456 3.038444 14.127982 -2.722456 3.038444 2.250989 -1.020362 -1.427043 -506.524175 147.019586 333.357264
15.383295 -3.299020 2.250414 15.383295 -3.299020 2.250414 1.926544 -0.886201 -1.186072 -574.957913 300.186272 469.880062
16.435547 -3.768035 1.628931 16.435547 -3.768035 1.628931 1.580660 -0.662729 -0.876234 -577.990174 444.720683 562.913248
17.282730 -4.079457 1.204960 17.282730 -4.079457 1.204960 1.247994 -0.365070 -0.536262 -530.896006 547.475867 570.325621
17.941777 -4.198928 0.982928 17.941777 -4.198928 0.982928 0.958519 -0.031459 -0.208736 -434.018680 564.558478 521.428200
18.446611 -4.118633 0.946038 18.446611 -4.118633 0.946038 0.737336 0.295023 0.076594 -303.259101 523.716885 429.672384
18.843615 -3.853509 1.061406 18.843615 -3.853509 1.061406 0.601324 0.578459 0.294752 -150.113930 421.070576 297.519992
19.185508 -3.439212 1.283425 19.185508 -3.439212 1.283425 0.551851 0.788249 0.431331 -14.794975 278.226330 157.744607
19.520069 -2.925480 1.563143 19.520069 -2.925480 1.563143 0.573538 0.908693 0.488606 87.082813 123.255675 33.171914
19.884357 -2.367731 1.855606 19.884357 -2.367731 1.855606 0.648244 0.934383 0.475149 161.938289 -37.622883 -78.028146
20.303725 -1.823134 2.121498 20.303725 -1.823134 2.121498 0.751767 0.865504 0.402568 183.137635 -191.974908 -163.908514
20.787390 -1.344570 2.332029 20.787390 -1.344570 2.332029 0.859850 0.719404 0.296691 177.139600 -295.024800 -189.016371
21.332348 -0.969622 2.477217 21.332348 -0.969622 2.477217 0.951949 0.524444 0.189264 129.857962 -354.842641 -169.073778
21.923228 -0.717988 2.562225 21.923228 -0.717988 2.562225 1.011543 0.315735 0.097234 68.787005 -340.852672 -137.691559
22.542535 -0.589900 2.595781 22.542535 -0.589900 2.595781 1.052815 0.111223 0.014619 68.787005 -340.852672 -137.691559
