-1.940167 -6.081051 -3.146177 -1.940167 -6.081051 -3.146177 0.681949 -0.344689 0.845702 534.304511 448.044187 580.468582
-1.434822 -6.207217 -2.534272 -1.434822 -6.207217 -2.534272 1.002532 -0.075863 1.193983 534.304511 448.044187 580.468582
-0.747537 -6.168025 -1.719397 -0.747537 -6.168025 -1.719397 1.271074 0.213271 1.512269 360.835756 515.734181 480.485509
0.066050 -5.945733 -0.735335 0.066050 -5.945733 -0.735335 1.417533 0.530199 1.751623 127.362053 540.694822 317.361026
0.925231 -5.533325 0.363007 0.925231 -5.533325 0.363007 1.422630 0.839434 1.893259 -110.372928 490.086132 154.758729
1.746182 -4.947744 1.516793 1.746182 -4.947744 1.516793 1.292608 1.102012 1.935982 -323.033524 385.175535 -12.349203
2.453743 -4.226695 2.666331 2.453743 -4.226695 2.666331 1.049502 1.285666 1.879430 -487.318679 227.004013 -176.156509
2.989470 -3.426420 3.755698 2.989470 -3.426420 3.755698 0.725824 1.361943 1.740825 -591.607800 27.251866 -285.859822
3.316119 -2.614693 4.746303 3.316119 -2.614693 4.746303 0.359079 1.326573 1.557131 -630.876495 -145.151499 -326.453493
3.418882 -1.856575 5.621245 3.418882 -1.856575 5.621245 -0.015078 1.180989 1.358383 -616.314496 -340.127979 -336.039283
3.304721 -1.216647 6.376771 3.304721 -1.216647 6.376771 -0.355755 0.939698 1.161676 -519.276191 -464.175580 -319.652886
3.007573 -0.739794 7.020203 3.007573 -0.739794 7.020203 -0.618447 0.644123 0.989702 -356.363103 -521.074155 -253.593514
2.580579 -0.449192 7.574486 2.580579 -0.449192 7.574486 -0.791163 0.321087 0.868090 -219.357568 -555.713481 -151.779882
2.066397 -0.356568 8.068019 2.066397 -0.356568 8.068019 -0.922778 -0.012341 0.777022 -219.357568 -555.713481 -151.779882
