-8.768993 3.970874 10.388800 -8.768993 3.970874 10.388800 0.609661 0.781380 -0.857319 -155.240104 -325.242020 -294.400045
-8.431140 4.381158 9.821416 -8.431140 4.381158 9.821416 0.516517 0.586234 -1.033959 -155.240104 -325.242020 -294.400045
-8.149781 4.671162 9.158663 -8.149781 4.671162 9.158663 0.420335 0.375119 -1.157530 -165.365144 -378.475403 -117.504985
-7.927355 4.825377 8.455587 -7.927355 4.825377 8.455587 0.321070 0.134380 -1.165065 -165.517787 -423.987140 92.387894
-7.758239 4.832316 7.783291 -7.758239 4.832316 7.783291 0.253094 -0.106867 -1.059069 -61.070199 -380.171756 260.934895
-7.610601 4.705584 7.200941 -7.610601 4.705584 7.200941 0.250324 -0.305877 -0.871890 51.836726 -283.193141 362.992937
-7.442392 4.478463 6.746720 -7.442392 4.478463 6.746720 0.324844 -0.438892 -0.636225 196.563187 -160.191241 422.558982
-7.204937 4.196728 6.441229 -7.204937 4.196728 6.441229 0.478620 -0.482833 -0.381772 316.024093 13.721425 425.615404
-6.852306 3.918753 6.285746 -6.852306 3.918753 6.285746 0.711107 -0.428327 -0.141555 458.933569 167.965457 375.108738
-6.336542 3.702143 6.262541 -6.336542 3.702143 6.262541 1.018928 -0.276787 0.054552 567.135138 337.167904 278.582177
-5.620906 3.603260 6.339342 -5.620906 3.603260 6.339342 1.370181 -0.041992 0.191325 603.709473 445.481300 177.326861
-4.690130 3.658251 6.486056 -4.690130 3.658251 6.486056 1.732407 0.225297 0.297721 603.709473 445.481300 177.326861
