-9.493202 -4.706634 9.473887 -9.493202 -4.706634 9.473887 0.613610 0.082165 -0.550861 118.938520 246.168349 -139.028295
-9.103627 -4.613025 9.118345 -9.103627 -4.613025 9.118345 0.684973 0.229866 -0.634278 118.938520 246.168349 -139.028295
-8.675210 -4.432808 8.720434 -8.675210 -4.432808 8.720434 0.736456 0.367499 -0.679293 52.670227 212.609942 -11.024099
-8.228502 -4.177078 8.316745 -8.228502 -4.177078 8.316745 0.744828 0.479870 -0.656551 -24.764782 161.959722 86.830908
-7.788260 -3.865613 7.941212 -7.788260 -3.865613 7.941212 0.718981 0.548998 -0.590612 -61.390410 68.464794 132.965294
-7.365667 -3.530813 7.612627 -7.365667 -3.530813 7.612627 0.693422 0.555467 -0.501588 -23.805875 -46.898529 163.781088
-6.951741 -3.211989 7.339859 -6.951741 -3.211989 7.339859 0.689926 0.497253 -0.409796 12.153660 -147.150651 142.193802
-6.533175 -2.945960 7.115990 -6.533175 -2.945960 7.115990 0.709335 0.379783 -0.342413 52.540114 -244.414785 82.417619
-6.093790 -2.764073 6.921576 -6.093790 -2.764073 6.921576 0.762491 0.223195 -0.311969 124.647761 -277.545405 19.059364
-5.609552 -2.679943 6.734539 -5.609552 -2.679943 6.734539 0.858812 0.057523 -0.316963 196.422423 -274.694441 -35.705507
-5.059206 -2.693486 6.535151 -5.059206 -2.693486 6.535151 0.975180 -0.100350 -0.352304 191.471031 -251.549908 -82.095749
-4.440619 -2.792605 6.308858 -4.440619 -2.792605 6.308858 1.085134 -0.219431 -0.402231 175.041128 -145.385826 -84.327039
-3.760137 -2.941931 6.053240 -3.760137 -2.941931 6.053240 1.179630 -0.264152 -0.448330 139.946034 -3.682700 -69.338745
-3.032091 -3.092701 5.774114 -3.032091 -3.092701 5.774114 1.238987 -0.224443 -0.478166 57.910782 136.043073 -30.115171
-2.286405 -3.194712 5.487514 -2.286405 -3.194712 5.487514 1.233086 -0.101983 -0.467631 -77.581746 272.157118 65.232648
-1.567245 -3.199071 5.224585 -1.567245 -3.199071 5.224585 1.152900 0.100525 -0.398953 -189.702208 402.870285 163.696196
-0.917220 -3.062363 5.020532 -0.917220 -3.062363 5.020532 1.001237 0.361633 -0.271468 -315.840992 467.488999 261.251235
-0.378499 -2.759234 4.909105 -0.378499 -2.759234 4.909105 0.785882 0.652133 -0.092576 -402.011678 500.844833 335.056417
0.018138 -2.279987 4.915403 0.018138 -2.279987 4.915403 0.532026 0.941715 0.116126 -444.174540 464.428754 360.617352
0.257402 -1.631361 5.049990 0.257402 -1.631361 5.049990 0.265521 1.220372 0.332497 -444.174540 464.428754 360.617352
