-6.927933 0.543168 -8.342274 -6.927933 0.543168 -8.342274 1.321740 1.434065 0.687612 16.628359 -194.924588 152.849969
-6.131896 1.368521 -7.902194 -6.131896 1.368521 -7.902194 1.331717 1.317110 0.779322 16.628359 -194.924588 152.849969
-5.334309 2.117047 -7.410565 -5.334309 2.117047 -7.410565 1.319510 1.166892 0.853648 -57.317200 -305.801686 94.906068
-4.559555 2.755881 -6.886250 -4.559555 2.755881 -6.886250 1.251946 0.952123 0.885807 -167.896996 -410.096637 12.288503
-3.843535 3.250990 -6.354462 -3.843535 3.250990 -6.354462 1.126577 0.694333 0.883643 -250.001569 -449.202337 -19.501103
-3.216147 3.589077 -5.827546 -3.216147 3.589077 -5.827546 0.958787 0.436529 0.873143 -309.296781 -410.144739 -15.497039
-2.698598 3.782562 -5.303779 -2.698598 3.782562 -5.303779 0.762958 0.217411 0.877196 -343.466120 -320.246414 29.006833
-2.301488 3.860951 -4.769592 -2.301488 3.860951 -4.769592 0.562674 0.053195 0.907839 -324.148586 -227.141427 73.134545
-2.017665 3.860893 -4.208192 -2.017665 3.860893 -4.208192 0.391009 -0.038537 0.969384 -248.066186 -78.632365 132.016449
-1.820078 3.831558 -3.597450 -1.820078 3.831558 -3.597450 0.280338 -0.046013 1.075334 -120.837249 53.712648 221.150377
-1.664013 3.819179 -2.909613 -1.664013 3.819179 -2.909613 0.255899 0.014016 1.222173 39.374172 146.383635 268.312439
-1.493220 3.858080 -2.128492 -1.493220 3.858080 -2.128492 0.330354 0.122559 1.380767 208.806879 215.427124 260.332975
-1.246710 3.972160 -1.254740 -1.246710 3.972160 -1.254740 0.509199 0.260657 1.529124 387.345175 244.898896 234.192063
-0.862221 4.171829 -0.299028 -0.862221 4.171829 -0.299028 0.787841 0.403559 1.650054 541.461192 231.441229 168.908264
-0.285596 4.451292 0.714860 -0.285596 4.451292 0.714860 1.145007 0.520765 1.718659 649.089486 159.246380 59.773024
0.521093 4.786610 1.748253 0.521093 4.786610 1.748253 1.548705 0.587285 1.711714 696.571679 62.484957 -82.920569
1.573418 5.144775 2.750366 1.573418 5.144775 2.750366 1.955244 0.597513 1.612012 658.559950 -28.390431 -249.419718
2.859113 5.491315 3.664059 2.859113 5.491315 3.664059 2.320417 0.546190 1.419271 558.680495 -142.687066 -393.051452
4.342938 5.789006 4.438851 4.342938 5.789006 4.438851 2.610687 0.438882 1.153332 408.887996 -215.004551 -493.411022
5.970174 6.011088 5.036919 5.970174 6.011088 5.036919 2.792142 0.297144 0.831700 195.960777 -257.457462 -578.696303
7.664560 6.143675 5.431898 7.664560 6.143675 5.431898 2.828855 0.145886 0.485102 -73.582923 -246.735773 -576.629125
9.337269 6.188655 5.622955 9.337269 6.188655 5.622955 2.727914 0.007148 0.158066 -262.887208 -215.722353 -513.490614
10.926698 6.154113 5.625366 10.926698 6.154113 5.625366 2.570182 -0.122285 -0.150028 -262.887208 -215.722353 -513.490614
