5.491838 -4.984473 -9.255946 5.491838 -4.984473 -9.255946 1.894847 0.611345 0.843429 -637.810248 293.097383 440.226199
6.513940 -4.564908 -8.670648 6.513940 -4.564908 -8.670648 1.512160 0.787204 1.107564 -637.810248 293.097383 440.226199
7.308552 -4.047511 -7.937095 7.308552 -4.047511 -7.937095 1.140086 0.924651 1.320572 -602.437588 165.059567 269.797831
7.891564 -3.475466 -7.111088 7.891564 -3.475466 -7.111088 0.815619 0.961403 1.407950 -479.117943 -42.552696 21.462290
8.303478 -2.917769 -6.275990 8.303478 -2.917769 -6.275990 0.572064 0.878449 1.353153 -332.733987 -233.960817 -204.117241
8.597028 -2.441376 -5.510998 8.597028 -2.441376 -5.510998 0.423442 0.695252 1.179887 -162.673261 -376.696146 -373.436702
8.830976 -2.098672 -4.878189 8.830976 -2.098672 -4.878189 0.371660 0.436028 0.916303 -9.931730 -487.381339 -505.175471
9.061019 -1.928884 -4.423334 9.061019 -1.928884 -4.423334 0.409875 0.123097 0.593220 137.314543 -555.722103 -571.768043
9.337368 -1.954141 -4.169263 9.337368 -1.954141 -4.169263 0.520802 -0.205766 0.255448 232.440866 -540.488891 -554.139592
9.694852 -2.169854 -4.111864 9.694852 -2.169854 -4.111864 0.676083 -0.504885 -0.057662 285.164894 -456.574508 -489.558920
10.151307 -2.547155 -4.228056 10.151307 -2.547155 -4.228056 0.844560 -0.739762 -0.318766 276.423224 -326.350157 -380.788251
10.706509 -3.039765 -4.478713 10.706509 -3.039765 -4.478713 1.003962 -0.885621 -0.501517 254.916254 -159.846393 -228.382466
11.350129 -3.586964 -4.809721 11.350129 -3.586964 -4.809721 1.133702 -0.916799 -0.583494 177.552000 55.919057 -44.873785
12.056381 -4.117335 -5.160442 12.056381 -4.117335 -5.160442 1.210591 -0.835032 -0.573156 78.743974 216.639750 79.335046
12.796909 -4.579359 -5.490055 12.796909 -4.579359 -5.490055 1.257837 -0.705048 -0.525554 78.743974 216.639750 79.335046
