3.242669 -1.709250 8.898685 3.242669 -1.709250 8.898685 -0.330050 0.515711 0.641235 277.594732 471.290932 -19.496645
3.094606 -1.314991 9.279917 3.094606 -1.314991 9.279917 -0.163493 0.798486 0.629537 277.594732 471.290932 -19.496645
3.050940 -0.757529 9.655687 3.050940 -0.757529 9.655687 0.025379 1.048950 0.625625 351.977806 363.589537 6.458518
3.133661 -0.071508 10.031551 3.133661 -0.071508 10.031551 0.257252 1.223128 0.626133 420.932032 217.003338 -4.768221
3.365637 0.691348 10.403176 3.365637 0.691348 10.403176 0.519098 1.302925 0.607294 451.890700 48.987680 -58.028269
3.755917 1.471547 10.752967 3.755917 1.471547 10.752967 0.777636 1.280447 0.551774 409.899466 -123.914257 -127.035707
4.290393 2.209738 11.057461 4.290393 2.209738 11.057461 0.994141 1.167236 0.457032 311.787121 -253.455185 -188.773046
4.934398 2.859494 11.292558 4.934398 2.859494 11.292558 1.138202 0.990343 0.318051 168.412915 -336.190182 -274.496412
5.636852 3.389657 11.431523 5.636852 3.389657 11.431523 1.185346 0.770989 0.141074 -11.266085 -394.987667 -315.427206
6.334083 3.782728 11.459088 6.334083 3.782728 11.459088 1.118843 0.541873 -0.049693 -210.408797 -368.734270 -320.462905
6.955439 4.044529 11.373029 6.955439 4.044529 11.373029 0.932219 0.335879 -0.234769 -411.671877 -317.909861 -296.455339
7.431584 4.194978 11.184064 7.431584 4.194978 11.184064 0.639788 0.175856 -0.386354 -563.098701 -215.500705 -208.829836
7.708243 4.268316 10.922315 7.708243 4.268316 10.922315 0.272649 0.079629 -0.473384 -660.698435 -105.256739 -81.270637
7.749718 4.304923 10.632768 7.749718 4.304923 10.632768 -0.139713 0.055356 -0.476587 -713.839360 24.346327 70.595796
7.539140 4.349082 10.368045 7.539140 4.349082 10.368045 -0.559312 0.102778 -0.391623 -684.825413 133.728712 212.617589
7.087657 4.437929 10.181184 7.087657 4.437929 10.181184 -0.933343 0.198558 -0.214842 -561.944523 185.536139 376.651247
6.436420 4.592303 10.127424 6.436420 4.592303 10.127424 -1.220915 0.319093 0.047888 -396.628649 216.247429 499.116643
5.645358 4.821758 10.249952 5.645358 4.821758 10.249952 -1.394491 0.444216 0.367131 -181.957256 200.828454 565.025911
4.792087 5.120017 10.571722 4.792087 5.120017 10.571722 -1.422788 0.542615 0.705078 87.635191 127.167701 561.463533
3.965565 5.463942 11.091594 3.965565 5.463942 11.091594 -1.313323 0.596245 1.020767 277.247906 51.600156 490.833944
3.227476 5.830977 11.792405 3.227476 5.830977 11.792405 -1.146974 0.627205 1.315267 277.247906 51.600156 490.833944
