-0.557692 4.988192 6.780817 -0.557692 4.988192 6.780817 1.417403 -0.876464 -0.443956 58.279492 223.966270 572.330614
0.303240 4.502628 6.617463 0.303240 4.502628 6.617463 1.452371 -0.742084 -0.100557 58.279492 223.966270 572.330614
1.184986 4.104938 6.663053 1.184986 4.104938 6.663053 1.486506 -0.571470 0.257368 55.506857 344.749409 620.752504
2.084070 3.831463 6.930439 2.084070 3.831463 6.930439 1.505755 -0.327858 0.635969 8.653832 467.290341 641.251815
2.985444 3.721192 7.423014 2.985444 3.721192 7.423014 1.492763 -0.035829 0.998562 -51.959743 506.139643 567.392378
3.867567 3.788689 8.114506 3.867567 3.788689 8.114506 1.440679 0.257302 1.290119 -121.652379 470.964569 404.463597
4.705123 4.022783 8.950365 4.705123 4.022783 8.950365 1.342916 0.514578 1.477718 -204.223849 386.620483 220.867785
5.469631 4.393597 9.862922 5.469631 4.393597 9.862922 1.197974 0.708924 1.541083 -278.918430 261.199673 -9.652577
6.135104 4.857228 10.771804 6.135104 4.857228 10.771804 1.015095 0.821950 1.465140 -330.676737 115.553281 -243.490136
6.684785 5.361369 11.593700 6.684785 5.361369 11.593700 0.817415 0.842136 1.252247 -328.256193 -48.264488 -466.153028
7.119537 5.848577 12.251013 7.119537 5.848577 12.251013 0.637405 0.766248 0.921918 -271.779459 -204.696147 -634.944966
7.458646 6.265259 12.683723 7.458646 6.265259 12.683723 0.502272 0.612322 0.510199 -178.662907 -308.392130 -737.452412
7.735169 6.573668 12.854691 7.735169 6.573668 12.854691 0.431673 0.409918 0.055679 -56.667566 -366.286516 -777.612825
7.994666 6.752533 12.751417 7.994666 6.752533 12.751417 0.451135 0.184373 -0.394446 121.543526 -385.529515 -722.803803
8.297222 6.796531 12.391366 8.297222 6.796531 12.391366 0.574050 -0.033095 -0.794523 288.172283 -339.365943 -610.785488
8.701931 6.720566 11.814677 8.701931 6.720566 11.814677 0.788990 -0.211824 -1.111164 428.293630 -256.397809 -444.685269
9.259333 6.554034 11.080457 9.259333 6.554034 11.080457 1.080544 -0.332095 -1.315364 543.552213 -144.505114 -235.980620
10.009938 6.335550 10.261061 10.009938 6.335550 10.261061 1.428869 -0.384877 -1.395461 617.530306 -31.435671 -31.010116
10.977678 6.105200 9.430869 10.977678 6.105200 9.430869 1.795705 -0.372562 -1.350732 605.257680 72.487077 180.107261
12.159288 5.899970 8.661900 12.159288 5.899970 8.661900 2.135064 -0.302771 -1.197417 525.940312 160.149262 330.942548
13.526639 5.750135 8.009949 13.526639 5.750135 8.009949 2.408843 -0.191678 -0.964200 386.654598 210.162346 446.447327
15.030719 5.672465 7.514933 15.030719 5.672465 7.514933 2.586719 -0.068045 -0.680615 206.266922 201.945727 498.834215
16.605870 5.665412 7.196044 16.605870 5.665412 7.196044 2.640437 0.040241 -0.382866 -27.209194 159.008573 493.664039
18.170806 5.712954 7.050853 18.170806 5.712954 7.050853 2.551972 0.109529 -0.108319 -267.672062 71.950421 421.491799
19.641853 5.785503 7.055025 19.641853 5.785503 7.055025 2.331588 0.122102 0.111052 -466.942314 -30.039322 309.744037
20.946355 5.847516 7.170717 20.946355 5.847516 7.170717 1.999419 0.074870 0.263430 -640.287193 -127.401435 198.182820
22.023117 5.864049 7.357259 22.023117 5.864049 7.357259 1.577056 -0.028854 0.346396 -767.590937 -218.343800 78.371311
22.829833 5.803342 7.571036 22.829833 5.803342 7.571036 1.109748 -0.180322 0.352583 -790.102341 -286.550313 -57.748250
23.356370 5.641802 7.767671 23.356370 5.641802 7.767671 0.650221 -0.361094 0.295335 -741.652477 -316.024131 -133.078865
23.619816 5.370654 7.919311 23.619816 5.370654 7.919311 0.239284 -0.538744 0.207458 -628.138703 -276.140315 -159.844713
23.660482 5.002973 8.014245 23.660482 5.002973 8.014245 -0.086797 -0.678074 0.107704 -458.797264 -188.295130 -172.665589
23.538505 4.568999 8.048979 23.538505 4.568999 8.048979 -0.298652 -0.757236 0.010063 -247.384439 -75.578073 -152.804385
23.328034 4.108457 8.031036 23.328034 4.108457 8.031036 -0.380836 -0.765560 -0.064001 -26.562413 47.833691 -94.077399
23.108133 3.666321 7.979731 23.108133 3.666321 7.979731 -0.329866 -0.693912 -0.100302 196.460463 190.991702 -26.924900
22.955842 3.292857 7.918695 22.955842 3.292857 7.918695 -0.160659 -0.536794 -0.096499 367.564952 332.733074 39.601445
22.932796 3.036128 7.870270 22.932796 3.036128 7.870270 0.095817 -0.309879 -0.061006 487.352192 423.652686 78.707260
23.081084 2.928643 7.847636 23.081084 2.928643 7.847636 0.403603 -0.044760 -0.014770 538.600873 460.078004 75.413685
23.419578 2.983727 7.850858 23.419578 2.983727 7.850858 0.723682 0.226912 0.023025 528.330869 445.492357 50.568958
23.945244 3.195733 7.870942 23.945244 3.195733 7.870942 1.022469 0.472559 0.039199 467.627222 373.333070 3.346488
24.635410 3.538827 7.889930 24.635410 3.538827 7.889930 1.265603 0.658355 0.015537 342.816358 245.986924 -82.222738
25.447720 3.968201 7.877540 25.447720 3.968201 7.877540 1.427495 0.756364 -0.068353 196.826766 80.708369 -197.408044
26.330598 4.424000 7.795067 26.330598 4.424000 7.795067 1.500355 0.742054 -0.216438 46.038673 -128.408698 -296.211445
27.231272 4.837624 7.608815 27.231272 4.837624 7.608815 1.488844 0.622536 -0.409521 -84.408838 -269.983666 -347.398456
28.109384 5.162549 7.300570 28.109384 5.162549 7.300570 1.438199 0.460546 -0.617961 -84.408838 -269.983666 -347.398456
