-9.095143 -3.114596 7.499273 -9.095143 -3.114596 7.499273 1.155024 0.834152 -0.831859 44.918125 -180.123934 369.901470
-8.394044 -2.646527 7.066740 -8.394044 -2.646527 7.066740 1.181975 0.726078 -0.609919 44.918125 -180.123934 369.901470
-7.672561 -2.245511 6.776275 -7.672561 -2.245511 6.776275 1.229990 0.606961 -0.343458 115.132346 -216.933513 518.299225
-6.909764 -1.920653 6.672404 -6.909764 -1.920653 6.672404 1.319463 0.475449 0.012075 183.111023 -221.439847 666.812645
-6.082640 -1.672222 6.802565 -6.082640 -1.672222 6.802565 1.441762 0.357692 0.426608 224.553683 -171.083418 714.962767
-5.175631 -1.483035 7.184740 -5.175631 -1.483035 7.184740 1.584156 0.281873 0.843171 250.091658 -81.644742 673.582311
-4.181177 -1.322630 7.805507 -4.181177 -1.322630 7.805507 1.728932 0.262772 1.215417 232.496475 17.974555 567.235661
-3.105272 -1.156202 8.626776 -3.105272 -1.156202 8.626776 1.851911 0.301205 1.505342 177.433176 110.133601 399.181511
-1.967675 -0.949533 9.589186 -1.967675 -0.949533 9.589186 1.930930 0.397894 1.681611 85.963341 212.165508 188.382475
-0.802177 -0.669499 10.619131 -0.802177 -0.669499 10.619131 1.939841 0.540735 1.729990 -56.259964 263.970680 -27.118390
0.343115 -0.297848 11.639631 0.343115 -0.297848 11.639631 1.863657 0.697594 1.650651 -197.687361 258.891788 -237.344848
1.417962 0.165825 12.575514 1.417962 0.165825 12.575514 1.706225 0.845505 1.449319 -327.086417 234.146001 -433.762175
2.375741 0.710524 13.358956 2.375741 0.710524 13.358956 1.474571 0.962245 1.148701 -445.092928 154.987179 -568.299975
3.175634 1.308119 13.942305 3.175634 1.308119 13.942305 1.183855 1.016986 0.789833 -523.959651 27.481873 -627.926195
3.790432 1.915856 14.303598 3.790432 1.915856 14.303598 0.863464 0.996469 0.415179 -544.009513 -95.871036 -620.919330
4.213649 2.488046 14.444766 4.213649 2.488046 14.444766 0.552357 0.896771 0.061754 -493.014625 -236.456143 -557.165082
4.463293 2.976540 14.387593 4.463293 2.976540 14.387593 0.291413 0.719865 -0.242219 -376.798571 -353.231043 -456.077536
4.579811 3.341509 14.168253 4.579811 3.341509 14.168253 0.112802 0.491085 -0.475442 -218.571003 -409.368454 -321.331057
4.619800 3.561022 13.834670 4.619800 3.561022 13.834670 0.039913 0.238205 -0.620630 -24.392239 -433.563212 -162.628764
4.653172 3.627359 13.441788 4.653172 3.627359 13.441788 0.094347 -0.014654 -0.674365 205.835892 -409.302960 -16.490556
4.759469 3.550939 13.040762 4.759469 3.550939 13.040762 0.281043 -0.230003 -0.651452 416.486234 -308.526583 92.867359
5.012656 3.365780 12.671839 5.012656 3.365780 12.671839 0.578902 -0.373229 -0.569571 576.376657 -168.893746 180.071449
5.471020 3.121332 12.364672 5.471020 3.121332 12.364672 0.961106 -0.425113 -0.450714 697.635468 -4.052702 216.116667
6.176909 2.876091 12.132018 6.176909 2.876091 12.132018 1.397940 -0.374762 -0.326676 758.480196 171.891623 197.343772
7.149859 2.691864 11.968949 7.149859 2.691864 11.968949 1.841325 -0.223182 -0.221195 719.468821 333.371974 154.260055
8.377785 2.625362 11.860595 8.377785 2.625362 11.860595 2.241140 0.013847 -0.145661 613.246116 456.727178 97.520691
9.822689 2.720572 11.786125 9.822689 2.720572 11.786125 2.558270 0.311334 -0.110281 443.855352 534.894187 20.411630
11.425218 3.004987 11.719947 11.425218 3.004987 11.719947 2.762944 0.638942 -0.116452 238.389824 557.132022 -40.980679
13.111570 3.484894 11.640552 13.111570 3.484894 11.640552 2.834359 0.954513 -0.151779 -0.338610 494.773043 -76.775850
14.797949 4.139115 11.535938 14.797949 4.139115 11.535938 2.763280 1.213648 -0.196479 -236.591392 369.010321 -72.226581
16.401907 4.924837 11.406607 16.401907 4.924837 11.406607 2.564207 1.390609 -0.232029 -426.984910 220.861127 -46.271330
17.853907 5.787893 11.261983 17.853907 5.787893 11.261983 2.259680 1.467805 -0.245182 -588.103734 36.456400 2.427103
19.098833 6.662733 11.120788 19.098833 6.662733 11.120788 1.881699 1.427652 -0.216337 -671.832884 -170.297806 93.722559
20.107158 7.477999 11.012753 20.107158 7.477999 11.012753 1.479777 1.272115 -0.135616 -667.909437 -348.161583 175.348250
20.878196 8.171493 10.967085 20.878196 8.171493 10.967085 1.096007 1.027688 -0.009713 -611.322064 -466.594911 244.327356
21.431595 8.699532 11.008356 21.431595 8.699532 11.008356 0.758379 0.724797 0.152481 -514.104011 -543.039036 296.320887
21.804143 9.035143 11.153180 21.804143 9.035143 11.153180 0.500211 0.391374 0.330265 -346.456436 -568.373668 296.290208
22.053388 9.171497 11.401546 22.053388 9.171497 11.401546 0.349738 0.069534 0.492411 -155.119836 -504.425635 244.196742
22.244262 9.128667 11.737228 22.244262 9.128667 11.737228 0.301430 -0.201890 0.620333 -5.908472 -400.320481 182.210306
22.424056 8.935475 12.142226 22.424056 8.935475 12.142226 0.297885 -0.442082 0.729659 -5.908472 -400.320481 182.210306
