-7.369317 6.056028 -6.948903 -7.369317 6.056028 -6.948903 1.253659 -0.767999 -0.345501 359.222103 -169.482162 -317.368925
-6.552462 5.564722 -7.213330 -6.552462 5.564722 -7.213330 1.469192 -0.869689 -0.535923 359.222103 -169.482162 -317.368925
-5.613161 5.021181 -7.588856 -5.613161 5.021181 -7.588856 1.650352 -0.927481 -0.710574 244.642782 -23.158721 -264.801891
-4.586432 4.473505 -8.055244 -4.586432 4.473505 -8.055244 1.759552 -0.876473 -0.831353 119.357866 193.184998 -137.792921
-3.515002 3.992573 -8.567802 -3.515002 3.992573 -8.567802 1.802238 -0.709670 -0.858747 22.929778 362.824504 46.476369
-2.434712 3.638876 -9.063223 -2.434712 3.638876 -9.063223 1.790091 -0.457991 -0.773550 -63.421168 476.105337 237.515275
-1.374728 3.453732 -9.473696 -1.374728 3.453732 -9.473696 1.738767 -0.152567 -0.576521 -107.657536 541.975443 419.247934
-0.350391 3.459429 -9.735635 -0.350391 3.459429 -9.735635 1.676448 0.171024 -0.282430 -100.074684 536.661960 561.056806
0.639212 3.654712 -9.797209 0.639212 3.654712 -9.797209 1.625140 0.473367 0.088672 -70.952000 471.146540 675.949520
1.603885 4.016033 -9.618602 1.603885 4.016033 -9.618602 1.594374 0.718528 0.512909 -31.599899 346.056880 738.174377
2.558381 4.499275 -9.179533 2.558381 4.499275 -9.179533 1.593210 0.875340 0.948072 27.718510 176.648652 712.368626
3.522665 5.045698 -8.488418 3.522665 5.045698 -8.488418 1.626687 0.928438 1.345720 83.873111 0.347207 613.122132
4.515233 5.592447 -7.580157 4.515233 5.592447 -7.580157 1.684304 0.876763 1.665931 108.183835 -172.597310 454.248205
5.546103 6.078356 -6.511657 5.546103 6.078356 -6.511657 1.753286 0.727801 1.874361 121.754938 -323.944535 240.517991
6.617797 6.450211 -5.358042 6.617797 6.450211 -5.358042 1.815372 0.500854 1.947201 85.197728 -432.542972 2.282317
7.717017 6.670331 -4.202600 7.717017 6.670331 -4.202600 1.839800 0.228658 1.882122 -3.770083 -474.778956 -219.212473
8.814263 6.722591 -3.126005 8.814263 6.722591 -3.126005 1.807760 -0.053586 1.684495 -103.029263 -466.034581 -439.542168
9.874232 6.610237 -2.202924 9.874232 6.610237 -2.202924 1.715231 -0.314784 1.378277 -205.400258 -404.624679 -581.186654
10.859508 6.354883 -1.486305 10.859508 6.354883 -1.486305 1.557539 -0.525818 1.000901 -320.241337 -298.821208 -676.733399
11.730584 5.994001 -1.009386 11.730584 5.994001 -1.009386 1.336376 -0.663127 0.585815 -416.967597 -158.877887 -706.886036
12.454850 5.576676 -0.780342 12.454850 5.576676 -0.780342 1.073669 -0.712704 0.185656 -458.722169 -6.378687 -626.975635
13.016692 5.155682 -0.773708 13.016692 5.155682 -0.773708 0.799485 -0.677648 -0.150050 -455.225192 123.234601 -492.045426
13.416954 4.776075 -0.942622 13.416954 4.776075 -0.942622 0.538908 -0.579708 -0.396857 -413.365564 203.230789 -330.644571
13.672586 4.467959 -1.228142 13.672586 4.467959 -1.228142 0.324357 -0.442134 -0.534692 -301.804326 255.350140 -128.805741
13.823418 4.249883 -1.558691 13.823418 4.249883 -1.558691 0.195988 -0.282721 -0.544717 -126.092699 276.024819 95.390001
13.929566 4.127837 -1.856413 13.929566 4.127837 -1.856413 0.176591 -0.127593 -0.427796 61.438196 241.068494 294.347517
14.057876 4.088987 -2.052097 14.057876 4.088987 -2.052097 0.269939 -0.011383 -0.211132 249.719875 146.299012 427.863877
14.275916 4.102524 -2.096774 14.275916 4.102524 -2.096774 0.475403 0.046563 0.070521 435.160331 46.854511 510.978877
14.648098 4.132952 -1.959348 14.648098 4.132952 -1.959348 0.779556 0.044955 0.392796 578.683884 -52.215061 563.273579
15.225184 4.145154 -1.623930 15.225184 4.145154 -1.623930 1.152714 -0.013233 0.722514 665.177083 -141.744521 535.784946
16.037864 4.107441 -1.099883 16.037864 4.107441 -1.099883 1.558420 -0.119575 1.014472 687.175172 -212.730293 437.409119
17.092661 3.996160 -0.419395 17.092661 3.996160 -0.419395 1.950992 -0.253437 1.242272 621.398534 -233.473227 321.924757
18.367420 3.803284 0.377160 18.367420 3.803284 0.377160 2.285389 -0.387462 1.401655 493.256531 -213.278408 209.349811
19.816716 3.536290 1.248185 19.816716 3.536290 1.248185 2.527727 -0.496067 1.489011 314.538803 -148.737969 81.838580
21.375595 3.217594 2.149137 21.375595 3.217594 2.149137 2.644578 -0.556721 1.502185 74.964174 -53.440614 -37.926335
22.961408 2.880955 3.038271 22.961408 2.880955 3.038271 2.617420 -0.553721 1.452677 -165.490828 63.437910 -127.100490
24.489298 2.568062 3.885931 24.489298 2.568062 3.885931 2.454256 -0.476056 1.371080 -378.388553 195.445399 -144.888642
25.882041 2.323123 4.682780 25.882041 2.323123 4.682780 2.168719 -0.331215 1.285551 -573.401873 287.358568 -140.209154
27.071921 2.179684 5.429869 27.071921 2.179684 5.429869 1.783985 -0.140975 1.206405 -709.047008 346.776342 -123.610975
28.011587 2.158842 6.134909 28.011587 2.158842 6.134909 1.343074 0.073707 1.149476 -760.655638 368.828833 -66.150606
28.682081 2.267494 6.817255 28.682081 2.267494 6.817255 0.894520 0.285201 1.132622 -734.522208 336.151482 9.971645
29.091710 2.493539 7.501302 29.091710 2.493539 7.501302 0.479457 0.458977 1.151998 -649.021479 243.100361 54.614244
29.270869 2.805654 8.203799 29.270869 2.805654 8.203799 0.131590 0.569689 1.192104 -510.536540 125.941889 79.071991
29.269798 3.160663 8.933703 29.269798 3.160663 8.933703 -0.115373 0.597885 1.241587 -312.672497 -31.954288 85.872258
29.157568 3.502520 9.690801 29.157568 3.502520 9.690801 -0.236607 0.523100 1.276556 -91.439847 -217.330701 30.689818
29.007913 3.769901 10.458785 29.007913 3.769901 10.458785 -0.247628 0.355907 1.277602 54.701727 -339.979512 -27.204521
28.869183 3.922249 11.220450 28.869183 3.922249 11.220450 -0.214807 0.151919 1.261279 54.701727 -339.979512 -27.204521
