-9.170647 -3.938989 4.573464 -9.170647 -3.938989 4.573464 2.352911 -0.435365 -1.725683 -66.297078 468.692060 275.858420
-7.770834 -4.115843 3.587709 -7.770834 -4.115843 3.587709 2.313132 -0.154150 -1.560168 -66.297078 468.692060 275.858420
-6.405616 -4.120627 2.711188 -6.405616 -4.120627 2.711188 2.219715 0.143774 -1.345025 -245.092802 524.386321 441.286652
-5.130975 -3.939423 1.993777 -5.130975 -3.939423 1.993777 2.007303 0.461158 -1.029392 -462.947185 533.559061 610.823222
-4.019388 -3.569475 1.491103 -4.019388 -3.569475 1.491103 1.682213 0.767354 -0.637834 -620.687349 487.096042 694.369827
-3.126544 -3.029526 1.233879 -3.126544 -3.029526 1.233879 1.286000 1.018912 -0.218763 -700.021138 351.428950 702.532179
-2.481047 -2.363561 1.224892 -2.481047 -2.363561 1.224892 0.865488 1.186573 0.181832 -701.685284 207.442854 632.785630
-2.083676 -1.623436 1.439606 -2.083676 -1.623436 1.439606 0.466384 1.265242 0.520068 -628.663721 54.786938 494.668312
-1.909086 -0.864819 1.830543 -1.909086 -0.864819 1.830543 0.128785 1.246167 0.766149 -496.667120 -118.370825 325.599699
-1.909294 -0.145460 2.336916 -1.909294 -0.145460 2.336916 -0.109610 1.139974 0.901886 -297.982761 -235.605759 126.856436
-2.013867 0.490206 2.887614 -2.013867 0.490206 2.887614 -0.214249 0.969062 0.911663 -50.812154 -334.101565 -94.264617
-2.140640 1.009705 3.409521 -2.140640 1.009705 3.409521 -0.190125 0.759603 0.814487 131.224540 -364.093285 -229.654689
-2.231095 1.399930 3.856876 -2.231095 1.399930 3.856876 -0.111390 0.541147 0.676695 131.224540 -364.093285 -229.654689
