-8.222583 5.153178 0.430694 -8.222583 5.153178 0.430694 -0.371050 -0.335211 0.966869 -96.249550 -7.411637 348.628249
-8.462538 4.950717 1.073569 -8.462538 4.950717 1.073569 -0.428800 -0.339658 1.176046 -96.249550 -7.411637 348.628249
-8.729254 4.752871 1.843446 -8.729254 4.752871 1.843446 -0.447102 -0.307693 1.392709 35.242137 113.961384 373.584417
-8.981426 4.595548 2.745655 -8.981426 4.595548 2.745655 -0.377229 -0.205418 1.613551 197.670347 226.953442 362.555366
-9.163429 4.517313 3.774115 -9.163429 4.517313 3.774115 -0.214859 -0.048424 1.806431 343.560394 296.359043 280.375845
-9.221065 4.541654 4.900441 -9.221065 4.541654 4.900441 0.038470 0.129646 1.934655 500.871728 297.208940 147.039864
-9.101538 4.670110 6.078949 -9.101538 4.670110 6.078949 0.370432 0.293827 1.979116 605.666797 250.059793 1.163421
-8.767646 4.886639 7.255513 -8.767646 4.886639 7.255513 0.746896 0.419975 1.924236 649.213527 170.435747 -184.097352
-8.202569 5.163353 8.364692 -8.202569 5.163353 8.364692 1.136829 0.492486 1.752654 650.564819 71.267010 -387.841478
-7.407977 5.464767 9.336983 -7.407977 5.464767 9.336983 1.504131 0.500718 1.472500 573.773200 -43.827072 -546.008437
-6.410980 5.751722 10.116442 -6.410980 5.751722 10.116442 1.804592 0.446487 1.116098 427.762867 -136.943069 -641.996897
-5.262772 5.990048 10.666855 -5.262772 5.990048 10.666855 2.003530 0.339738 0.712466 235.363628 -218.887713 -703.442088
-4.031829 6.152926 10.967786 -4.031829 6.152926 10.967786 2.077050 0.200585 0.290759 9.703267 -244.953970 -702.249789
-2.797673 6.229764 11.022460 -2.797673 6.229764 11.022460 2.013765 0.056506 -0.097475 -220.651008 -235.309663 -591.862605
-1.640432 6.225111 10.866049 -1.640432 6.225111 10.866049 1.824870 -0.065687 -0.409544 -409.000293 -171.999400 -448.368244
-0.629569 6.159680 10.552039 -0.629569 6.159680 10.552039 1.527275 -0.144181 -0.616454 -582.981197 -89.648043 -241.329553
0.175473 6.063353 10.152340 0.175473 6.063353 10.152340 1.145553 -0.166380 -0.693186 -689.425779 15.652323 -14.445390
0.738149 5.973257 9.747985 0.738149 5.973257 9.747985 0.729102 -0.122417 -0.631070 -698.747176 130.889805 221.497774
1.053373 5.929459 9.422244 1.053373 5.929459 9.422244 0.327542 -0.013422 -0.433016 -639.784501 232.426954 438.684289
1.141641 5.967069 9.250451 1.141641 5.967069 9.250451 -0.021807 0.145165 -0.124535 -524.712061 296.197510 589.586361
1.045295 6.107385 9.286614 1.045295 6.107385 9.286614 -0.280703 0.322389 0.253008 -338.274614 294.548008 668.887896
0.829035 6.352395 9.561101 0.829035 6.352395 9.561101 -0.418411 0.491905 0.665753 -120.751447 270.503864 706.931352
0.570222 6.691675 10.084082 0.570222 6.691675 10.084082 -0.421019 0.631438 1.071319 112.057611 194.608013 644.953347
0.350597 7.097758 10.834942 0.350597 7.097758 10.834942 -0.289705 0.709160 1.418176 325.654116 64.464846 511.238615
0.245379 7.526298 11.767126 0.245379 7.526298 11.767126 -0.044376 0.705039 1.671196 492.109062 -78.201128 332.159887
0.314139 7.925645 12.816953 0.314139 7.925645 12.816953 0.284923 0.610116 1.807095 605.555552 -238.210774 120.835265
0.597613 8.240266 13.910169 0.597613 8.240266 13.910169 0.665856 0.424337 1.815637 664.222263 -381.050186 -92.361124
1.115398 8.421178 14.971709 1.115398 8.421178 14.971709 1.057946 0.170200 1.704139 642.742878 -466.073995 -279.298848
1.861141 8.436544 15.934196 1.861141 8.436544 15.934196 1.420001 -0.123746 1.487944 564.108114 -513.746466 -441.350687
2.807313 8.269465 16.741710 2.807313 8.269465 16.741710 1.721625 -0.433780 1.194088 441.305554 -519.700054 -538.168922
3.909716 7.920681 17.358753 3.909716 7.920681 17.358753 1.936371 -0.720449 0.858489 274.514888 -435.863160 -580.493499
5.111251 7.418099 17.770533 5.111251 7.418099 17.770533 2.052576 -0.941255 0.516068 112.833283 -300.158030 -560.911614
6.354166 6.809121 17.984236 6.354166 6.809121 17.984236 2.075578 -1.072331 0.204656 -36.160802 -136.761796 -477.127155
7.586245 6.152426 18.027778 7.586245 6.152426 18.027778 2.020086 -1.097783 -0.048467 -148.811317 51.922817 -366.616414
8.766790 5.513924 17.940088 8.766790 5.513924 17.940088 1.907199 -1.012523 -0.231531 -227.478220 232.278196 -243.597368
9.867562 4.958067 17.765976 9.867562 4.958067 17.765976 1.757703 -0.823925 -0.334419 -270.841452 396.379994 -99.363788
10.874425 4.541796 17.554548 10.874425 4.541796 17.554548 1.600160 -0.552417 -0.358488 -254.302077 508.648208 19.133991
11.792594 4.304339 17.346758 11.792594 4.304339 17.346758 1.466815 -0.235048 -0.327714 -190.182649 549.248781 83.447355
12.641902 4.261871 17.168399 12.641902 4.261871 17.168399 1.369965 0.092981 -0.261402 -132.649127 544.178384 137.593677
13.440004 4.415611 17.036325 13.440004 4.415611 17.036325 1.290376 0.419488 -0.178845 -132.649127 544.178384 137.593677
