-6.604658 -4.731255 -6.320078 -6.604658 -4.731255 -6.320078 0.397751 0.170208 -0.336218 83.489353 490.511571 108.236926
-6.350979 -4.540838 -6.502326 -6.350979 -4.540838 -6.502326 0.447845 0.464515 -0.271276 83.489353 490.511571 108.236926
-6.066192 -4.181184 -6.644960 -6.066192 -4.181184 -6.644960 0.503196 0.722089 -0.203087 101.014117 368.068781 119.057564
-5.745290 -3.691771 -6.746212 -5.745290 -3.691771 -6.746212 0.567813 0.892468 -0.135804 114.374121 199.859414 105.218125
-5.385514 -3.131933 -6.810780 -5.385514 -3.131933 -6.810780 0.628943 0.954293 -0.082798 89.394865 6.224982 71.468859
-4.997322 -2.569062 -6.851217 -4.997322 -2.569062 -6.851217 0.656257 0.903903 -0.058027 1.651861 -174.189780 11.103459
-4.608178 -2.067723 -6.887985 -4.608178 -2.067723 -6.887985 0.632706 0.751146 -0.071121 -80.155373 -335.000253 -54.751294
-4.248648 -1.685738 -6.942829 -4.248648 -1.685738 -6.942829 0.556288 0.508133 -0.115552 -174.572306 -475.045284 -93.351693
-3.951957 -1.470495 -7.030142 -3.951957 -1.470495 -7.030142 0.423249 0.202460 -0.177455 -268.892112 -543.864500 -112.991470
-3.749759 -1.446363 -7.157142 -3.749759 -1.446363 -7.157142 0.245160 -0.121097 -0.246193 -324.735857 -534.658517 -116.136776
-3.662973 -1.611263 -7.321698 -3.662973 -1.611263 -7.321698 0.041031 -0.421911 -0.295549 -355.695465 -468.053348 -48.382425
-3.701726 -1.941893 -7.501704 -3.701726 -1.941893 -7.501704 -0.169120 -0.668910 -0.294420 -344.807052 -355.278173 52.145444
-3.859191 -2.397065 -7.662191 -3.859191 -2.397065 -7.662191 -0.345641 -0.831460 -0.229239 -243.597713 -186.554379 165.126444
-4.102525 -2.919242 -7.763181 -4.102525 -2.919242 -7.763181 -0.452306 -0.891997 -0.096012 -111.950598 -15.235674 278.962887
-4.385793 -3.447193 -7.762620 -4.385793 -3.447193 -7.762620 -0.478145 -0.851191 0.111140 25.820926 151.254900 411.544586
-4.655182 -3.921092 -7.616328 -4.655182 -3.921092 -7.616328 -0.398399 -0.712486 0.385716 239.998090 311.094897 503.706620
-4.839482 -4.286975 -7.291280 -4.839482 -4.286975 -7.291280 -0.196702 -0.497773 0.702696 432.325060 404.617017 552.892936
-4.871435 -4.508956 -6.769867 -4.871435 -4.508956 -6.769867 0.103942 -0.235748 1.035810 569.822151 468.798818 557.488667
-4.700189 -4.567431 -6.053624 -4.700189 -4.567431 -6.053624 0.477397 0.038483 1.342347 675.029043 445.305118 464.300279
-4.288684 -4.467081 -5.171871 -4.288684 -4.467081 -5.171871 0.900219 0.291193 1.584779 734.377315 397.061211 343.807270
-3.616365 -4.220894 -4.159119 -3.616365 -4.220894 -4.159119 1.340846 0.529430 1.791063 734.377315 397.061211 343.807270
