0.841651 2.435296 -4.027723 0.841651 2.435296 -4.027723 0.078809 0.228808 0.188001 -70.306478 292.163364 -43.196821
0.876281 2.625170 -3.922698 0.876281 2.625170 -3.922698 0.036625 0.404106 0.162083 -70.306478 292.163364 -43.196821
0.896092 2.922109 -3.826739 0.896092 2.922109 -3.826739 0.046894 0.588831 0.168585 104.536187 323.586071 64.871119
0.957180 3.333671 -3.707741 0.957180 3.333671 -3.707741 0.180291 0.783076 0.238359 340.119103 323.897559 167.706639
1.138620 3.857756 -3.531751 1.138620 3.857756 -3.531751 0.444585 0.957100 0.352919 540.861007 256.181081 214.162349
1.510330 4.470621 -3.280712 1.510330 4.470621 -3.280712 0.807117 1.073273 0.485110 667.578401 131.062317 226.471593
2.118666 5.129091 -2.949710 2.118666 5.129091 -2.949710 1.227174 1.106485 0.616850 732.613150 -20.354457 212.663364
2.986346 5.780841 -2.545698 2.986346 5.780841 -2.545698 1.664267 1.051888 0.722560 724.361159 -161.634379 139.701536
4.110398 6.373214 -2.090668 4.110398 6.373214 -2.090668 2.074420 0.906579 0.788120 642.817815 -322.731517 78.833569
5.460795 6.852236 -1.607338 5.460795 6.852236 -1.607338 2.410299 0.678769 0.816758 476.779571 -436.632645 16.625615
6.980694 7.174964 -1.116684 6.980694 7.174964 -1.116684 2.635863 0.387093 0.814767 275.097879 -535.621915 -23.260463
8.598612 7.310393 -0.633703 8.598612 7.310393 -0.633703 2.735336 0.063647 0.792351 56.480964 -542.529870 -51.460911
10.236131 7.254494 -0.167176 10.236131 7.254494 -0.167176 2.699975 -0.244031 0.763372 -174.352746 -483.063500 -45.134861
11.811938 7.026618 0.286472 11.811938 7.026618 0.286472 2.531393 -0.506403 0.755032 -387.586661 -391.511460 17.333320
13.251756 6.661416 0.747263 13.251756 6.661416 0.747263 2.252578 -0.695748 0.788693 -541.798340 -239.637095 94.872219
14.500263 6.211598 1.242178 14.500263 6.211598 1.242178 1.899923 -0.785707 0.868724 -633.716583 -60.228392 171.896533
15.524888 5.741485 1.799408 15.524888 5.741485 1.799408 1.513393 -0.761078 0.997136 -654.717310 142.324572 256.141548
16.317227 5.320820 2.448896 16.317227 5.320820 2.448896 1.131321 -0.623866 1.176325 -618.854998 315.051388 341.155685
16.890334 5.011123 3.217932 16.890334 5.011123 3.217932 0.788549 -0.395273 1.390184 -523.717959 446.924536 371.707953
17.279307 4.859774 4.116127 17.279307 4.859774 4.116127 0.524886 -0.100275 1.599094 -355.160125 536.402403 324.658841
17.538372 4.896106 5.131346 17.538372 4.896106 5.131346 0.352097 0.221287 1.780513 -220.802972 535.468753 280.070842
17.709885 5.125262 6.250067 17.709885 5.125262 6.250067 0.219615 0.542568 1.948555 -220.802972 535.468753 280.070842
