-3.367022 2.426196 -0.348907 -3.367022 2.426196 -0.348907 0.481137 -0.619768 0.472414 -83.720811 205.767945 -286.934028
-3.093410 2.091374 -0.117107 -3.093410 2.091374 -0.117107 0.430905 -0.496307 0.300254 -83.720811 205.767945 -286.934028
-2.850869 1.839347 0.011184 -2.850869 1.839347 0.011184 0.376008 -0.329250 0.127025 -99.270153 351.090533 -290.494048
-2.641939 1.713073 0.037698 -2.641939 1.713073 0.037698 0.322417 -0.078194 -0.034333 -79.365122 485.760618 -247.365646
-2.459404 1.757412 -0.023990 -2.459404 1.757412 -0.023990 0.291651 0.232354 -0.165564 -23.188630 549.400225 -190.073321
-2.284569 1.996017 -0.152604 -2.284569 1.996017 -0.152604 0.297831 0.563497 -0.254919 43.788695 554.409284 -107.776735
-2.094813 2.429768 -0.319556 -2.094813 2.429768 -0.319556 0.339979 0.875437 -0.292591 96.704928 485.392839 -17.795007
-1.870924 3.034378 -0.495207 -1.870924 3.034378 -0.495207 0.410475 1.126561 -0.287734 138.280040 351.687325 33.983414
-1.599192 3.763907 -0.660644 -1.599192 3.763907 -0.660644 0.496227 1.289015 -0.261912 147.562472 189.823311 52.091898
-1.276433 4.560816 -0.808346 -1.276433 4.560816 -0.808346 0.577073 1.349572 -0.230312 121.922272 12.033259 53.238775
-0.911127 5.361796 -0.938234 -0.911127 5.361796 -0.938234 0.635810 1.302144 -0.204789 73.870236 -170.125969 31.839934
-0.522305 6.102568 -1.059480 -0.522305 6.102568 -1.059480 0.650328 1.150612 -0.206202 -25.478281 -334.978344 -36.549485
-0.143796 6.725532 -1.193774 -0.143796 6.725532 -1.193774 0.599531 0.914087 -0.248103 -143.844222 -453.438657 -103.120606
0.183255 7.188930 -1.365982 0.183255 7.188930 -1.365982 0.479345 0.624849 -0.333901 -256.776299 -510.689780 -182.874424
0.419230 7.472344 -1.602108 0.419230 7.472344 -1.602108 0.298215 0.320577 -0.457963 -346.991180 -503.549382 -230.664604
0.532357 7.577934 -1.919158 0.532357 7.577934 -1.919158 0.073304 0.037861 -0.600126 -402.710121 -438.836117 -243.212415
0.501704 7.528438 -2.321802 0.501704 7.528438 -2.321802 -0.179060 -0.191551 -0.740003 -438.506478 -325.871995 -223.043523
0.318121 7.362568 -2.801234 0.318121 7.362568 -2.801234 -0.428240 -0.348488 -0.850241 -392.091201 -197.251731 -144.417794
-0.003272 7.127048 -3.330891 -0.003272 7.127048 -3.330891 -0.632859 -0.421446 -0.904478 -289.972508 -45.941255 -36.370664
-0.426051 6.874746 -3.871520 -0.426051 6.874746 -3.871520 -0.761188 -0.404838 -0.883278 -137.790007 101.302502 107.037930
-0.897213 6.656528 -4.372587 -0.897213 6.656528 -4.372587 -0.792098 -0.311801 -0.770891 34.755416 208.818795 267.584094
-1.353339 6.510653 -4.777904 -1.353339 6.510653 -4.777904 -0.706858 -0.168421 -0.565076 249.379078 269.114788 418.465175
-1.720561 6.458977 -5.033764 -1.720561 6.458977 -5.033764 -0.497209 -0.002272 -0.274691 449.451516 284.714964 549.484299
-1.928790 6.507306 -5.095421 -1.928790 6.507306 -5.095421 -0.181567 0.160774 0.076252 602.685358 258.773628 620.328313
-1.922044 6.646483 -4.936708 -1.922044 6.646483 -4.936708 0.216064 0.296707 0.454966 722.752471 194.334629 642.050120
-1.659834 6.853071 -4.549847 -1.659834 6.853071 -4.549847 0.662095 0.381225 0.831756 764.018255 87.394543 613.915083
-1.127268 7.090580 -3.947880 -1.127268 7.090580 -3.947880 1.109431 0.398879 1.162149 727.102606 -28.550973 487.396559
-0.335775 7.318828 -3.173823 -0.335775 7.318828 -3.173823 1.520476 0.352048 1.399770 643.044499 -127.550124 304.674059
0.681644 7.502346 -2.290459 0.681644 7.502346 -2.290459 1.853229 0.251758 1.525878 466.134805 -206.750972 115.686078
1.864488 7.613755 -1.367952 1.864488 7.613755 -1.367952 2.067920 0.115553 1.526070 249.500530 -247.265319 -115.048508
3.136215 7.639480 -0.486943 3.136215 7.639480 -0.486943 2.147943 -0.028301 1.387422 17.242248 -232.247475 -347.110966
4.414542 7.583195 0.272594 4.414542 7.583195 0.272594 2.090578 -0.155149 1.126976 -208.459652 -190.581354 -521.040084
5.618345 7.460851 0.847685 5.618345 7.460851 0.847685 1.900398 -0.244248 0.777811 -425.470945 -106.413086 -642.843834
6.672721 7.301828 1.195095 6.672721 7.301828 1.195095 1.598723 -0.274693 0.374282 -580.112509 4.928052 -702.253185
7.523474 7.144576 1.294105 7.523474 7.144576 1.294105 1.230354 -0.238351 -0.042838 -647.786378 116.211565 -688.147951
8.144257 7.028466 1.150020 8.144257 7.028466 1.150020 0.837543 -0.138713 -0.428304 -661.583131 215.917470 -596.736809
8.531586 6.988831 0.795991 8.531586 6.988831 0.795991 0.460037 0.014477 -0.734517 -596.770198 294.713453 -423.973932
8.707872 7.051976 0.291276 8.707872 7.051976 0.291276 0.140386 0.198358 -0.927349 -468.733785 318.224378 -218.797984
8.718553 7.226084 -0.291276 8.718553 7.226084 -0.291276 -0.086747 0.378356 -0.992426 -288.374371 281.770799 1.874288
8.625364 7.499834 -0.872756 8.625364 7.499834 -0.872756 -0.205936 0.527506 -0.923108 -108.923070 215.393733 229.185507
8.494626 7.848156 -1.373793 8.494626 7.848156 -1.373793 -0.209142 0.621979 -0.727726 98.237025 99.515451 422.088372
8.397219 8.230621 -1.725557 8.397219 8.230621 -1.725557 -0.098224 0.638514 -0.429999 271.488928 -44.397661 570.334987
8.395549 8.596570 -1.875309 8.395549 8.596570 -1.875309 0.106652 0.566036 -0.059860 411.430048 -197.195070 663.461606
8.538063 8.891793 -1.792019 8.538063 8.891793 -1.792019 0.375842 0.403201 0.337128 485.871095 -345.588211 659.829143
8.851225 9.065149 -1.474348 8.851225 9.065149 -1.474348 0.668362 0.164053 0.716153 489.195967 -451.573655 603.589718
9.340297 9.082297 -0.936009 9.340297 9.082297 -0.936009 0.961880 -0.106892 1.078307 489.195967 -451.573655 603.589718
