-8.520410 -1.482352 2.850457 -8.520410 -1.482352 2.850457 -0.438435 -0.243887 -1.636238 311.376469 -301.456825 460.359378
-8.727423 -1.682946 1.951579 -8.727423 -1.682946 1.951579 -0.251609 -0.424761 -1.360022 311.376469 -301.456825 460.359378
-8.813996 -1.982549 1.225897 -8.813996 -1.982549 1.225897 -0.023062 -0.558052 -1.046477 450.447766 -142.848098 584.792562
-8.738734 -2.331320 0.709660 -8.738734 -2.331320 0.709660 0.287299 -0.584899 -0.663668 584.088902 53.360661 691.235911
-8.458018 -2.661517 0.435980 -8.458018 -2.661517 0.435980 0.653756 -0.497192 -0.248434 637.433243 238.995715 692.879043
-7.952973 -2.906472 0.407155 -7.952973 -2.906472 0.407155 1.026487 -0.302093 0.144879 605.002432 411.332560 618.164619
-7.231989 -3.007160 0.597196 -7.231989 -3.007160 0.597196 1.370443 -0.022652 0.474999 541.518748 520.136994 482.233001
-6.319911 -2.924304 0.959319 -6.319911 -2.924304 0.959319 1.657049 0.303544 0.715946 413.833296 567.185384 320.924738
-5.260877 -2.640815 1.434893 -5.260877 -2.640815 1.434893 1.856927 0.640200 0.849704 252.426843 554.999747 124.934752
-4.109483 -2.160613 1.955454 -4.109483 -2.160613 1.955454 1.967384 0.954109 0.865916 115.764504 491.365555 -70.895324
-2.916262 -1.507821 2.452401 -2.916262 -1.507821 2.452401 1.996610 1.208331 0.774171 -18.343713 356.041119 -234.920707
-1.729078 -0.729309 2.867525 -1.729078 -0.729309 2.867525 1.948201 1.369084 0.597756 -143.018802 179.799989 -353.127182
-0.589280 0.114210 3.158601 -0.589280 0.114210 3.158601 1.845495 1.425489 0.365807 -199.336045 8.218571 -420.037095
0.480999 0.961063 3.301600 0.480999 0.961063 3.301600 1.720205 1.380819 0.109390 -218.297997 -157.118683 -434.685146
1.474488 1.751846 3.290712 1.474488 1.751846 3.290712 1.592524 1.239416 -0.142813 -207.306268 -314.225218 -405.992148
2.395959 2.433281 3.137283 2.395959 2.433281 3.137283 1.484503 1.022608 -0.359723 -152.760933 -408.468005 -317.041377
3.263409 2.970863 2.870508 3.263409 2.970863 2.870508 1.414071 0.765233 -0.519319 -82.012815 -449.449567 -214.946279
4.100927 3.350268 2.527946 4.100927 3.350268 2.527946 1.384050 0.501394 -0.609687 -18.057593 -430.014091 -86.279233
4.931223 3.577921 2.150952 4.931223 3.577921 2.150952 1.388794 0.264484 -0.639713 33.871304 -359.684742 -13.807405
5.770596 3.671868 1.764639 5.770596 3.671868 1.764639 1.409117 0.048673 -0.647997 33.871304 -359.684742 -13.807405
