-2.227495 5.539031 2.703840 -2.227495 5.539031 2.703840 -0.117970 1.102815 1.246496 94.047919 -228.962093 -277.068988
-2.281348 6.159507 3.401865 -2.281348 6.159507 3.401865 -0.061541 0.965437 1.080255 94.047919 -228.962093 -277.068988
-2.290526 6.689990 3.989459 -2.290526 6.689990 3.989459 0.048980 0.790230 0.860586 274.356625 -355.062695 -455.161179
-2.199260 7.091615 4.412464 -2.199260 7.091615 4.412464 0.276062 0.534182 0.530398 482.581800 -498.431276 -645.462432
-1.939637 7.318015 4.609482 -1.939637 7.318015 4.609482 0.601218 0.213166 0.117933 601.273120 -571.620116 -729.423882
-1.467331 7.342453 4.548584 -1.467331 7.342453 4.548584 0.978710 -0.132655 -0.321526 657.032444 -581.117684 -735.437625
-0.762058 7.162026 4.226510 -0.762058 7.162026 4.226510 1.371834 -0.462489 -0.746690 653.380404 -518.328047 -681.776616
0.174407 6.798405 3.663471 0.174407 6.798405 3.663471 1.742641 -0.737630 -1.117281 582.642514 -398.810208 -553.526449
1.316521 6.293864 2.904516 1.316521 6.293864 2.904516 2.050497 -0.927801 -1.394152 443.544711 -235.094058 -369.376383
2.615929 5.705927 2.014343 2.615929 5.705927 2.014343 2.262985 -1.013555 -1.551749 264.747876 -50.751549 -155.948555
4.011309 5.100843 1.068876 4.011309 5.100843 1.068876 2.371506 -0.983085 -1.577050 96.988680 152.320119 71.612355
5.441668 4.548162 0.147233 5.441668 4.548162 0.147233 2.379687 -0.842931 -1.475597 -69.716280 314.857770 266.564630
6.848208 4.106941 -0.681195 6.848208 4.106941 -0.681195 2.294240 -0.614699 -1.270920 -215.109185 445.916230 415.693568
8.179916 3.823294 -1.362311 8.179916 3.823294 -1.362311 2.134591 -0.322615 -0.988445 -317.054901 527.698438 525.889308
9.400866 3.724277 -1.858202 9.400866 3.724277 -1.858202 1.930689 -0.008165 -0.660335 -362.616556 520.468374 567.809263
10.494486 3.809739 -2.153578 10.494486 3.809739 -2.153578 1.715506 0.287499 -0.326548 -354.661771 465.076155 544.815693
11.462845 4.059573 -2.255905 11.462845 4.059573 -2.255905 1.517181 0.534649 -0.021987 -306.418960 358.757848 470.386310
12.321691 4.435921 -2.191118 12.321691 4.435921 -2.191118 1.351793 0.704816 0.226793 -244.874740 208.466127 358.881096
13.093887 4.886311 -1.999136 13.093887 4.886311 -1.999136 1.230855 0.779775 0.398662 -158.252072 41.397695 214.016826
13.809173 5.351120 -1.729833 13.809173 5.351120 -1.729833 1.162195 0.752075 0.484982 -70.616598 -133.730812 73.715926
14.497489 5.769843 -1.432056 14.497489 5.769843 -1.432056 1.138377 0.629586 0.496809 -8.776007 -274.566572 -34.293573
15.181353 6.092495 -1.145102 15.181353 6.092495 -1.145102 1.145200 0.436456 0.451439 31.519018 -369.200826 -116.941007
15.873972 6.284563 -0.898315 15.873972 6.284563 -0.898315 1.163238 0.198191 0.366140 28.608857 -425.015347 -167.386615
16.574729 6.327311 -0.708851 16.574729 6.327311 -0.708851 1.168725 -0.055141 0.265255 -10.319209 -419.424451 -168.897692
17.271075 6.223193 -0.578117 17.271075 6.223193 -0.578117 1.147379 -0.284480 0.173831 -60.833805 -345.038324 -135.848018
17.944630 5.996463 -0.495280 17.944630 5.996463 -0.495280 1.091263 -0.461180 0.107275 -126.220687 -243.963882 -86.005225
18.572142 5.683233 -0.441767 18.572142 5.683233 -0.441767 0.992902 -0.570599 0.078817 -201.649284 -120.763650 -8.857156
19.130019 5.325513 -0.392402 19.130019 5.325513 -0.392402 0.864076 -0.611174 0.091849 -227.769141 -14.486200 52.299258
19.607466 4.956202 -0.327879 19.607466 4.956202 -0.327879 0.727415 -0.619865 0.123229 -227.769141 -14.486200 52.299258
