9.732476 5.399030 9.773183 9.732476 5.399030 9.773183 1.051380 1.110226 0.438463 26.683670 -366.177965 -117.571468
10.368108 5.999253 10.015098 10.368108 5.999253 10.015098 1.067391 0.890520 0.367920 26.683670 -366.177965 -117.571468
11.015748 6.463006 10.209881 11.015748 6.463006 10.209881 1.095415 0.647578 0.273346 66.731614 -443.627665 -197.676410
11.687333 6.768674 10.332318 11.687333 6.768674 10.332318 1.147078 0.366272 0.124797 105.476409 -494.058059 -297.483805
12.395196 6.900100 10.348679 12.395196 6.900100 10.348679 1.213515 0.072805 -0.078543 115.980985 -484.165473 -380.316540
13.141074 6.860765 10.230176 13.141074 6.860765 10.230176 1.267566 -0.197038 -0.321336 64.189362 -415.311365 -428.995305
13.907876 6.675667 9.960480 13.907876 6.675667 9.960480 1.279622 -0.406823 -0.577109 -24.003352 -283.970820 -423.580029
14.665142 6.388674 9.541666 14.665142 6.388674 9.541666 1.234287 -0.536128 -0.812780 -127.111254 -147.046418 -361.990310
15.375165 6.048684 8.994408 15.375165 6.048684 8.994408 1.119674 -0.583581 -1.002130 -254.932421 -11.130500 -269.177062
15.993876 5.704614 8.353367 15.993876 5.704614 8.353367 0.930687 -0.549848 -1.120191 -375.024669 123.572338 -124.360687
16.478362 5.402601 7.670098 16.478362 5.402601 7.670098 0.673562 -0.447442 -1.138655 -482.057695 217.782642 62.816517
16.791524 5.176584 7.009751 16.791524 5.176584 7.009751 0.363304 -0.300536 -1.043270 -552.135312 271.903210 255.133544
16.909816 5.045118 6.440027 16.909816 5.045118 6.440027 0.030488 -0.137828 -0.838624 -557.254330 270.458043 427.017855
16.830977 5.008229 6.021223 16.830977 5.008229 6.021223 -0.287991 0.010072 -0.544873 -504.339569 222.542118 552.153030
16.573814 5.049796 5.799018 16.573814 5.049796 5.799018 -0.558532 0.120928 -0.186925 -397.465470 146.975143 641.005640
16.176679 5.143127 5.803356 16.176679 5.143127 5.803356 -0.749372 0.180707 0.203240 -238.668984 52.290359 659.544485
15.695501 5.253998 6.040682 15.695501 5.253998 6.040682 -0.835542 0.177251 0.582287 -48.562677 -63.812658 603.946779
15.198665 5.342801 6.489955 15.198665 5.342801 6.489955 -0.798528 0.108662 0.900607 171.942120 -164.814868 457.120619
14.762291 5.374839 7.101487 14.762291 5.374839 7.101487 -0.636399 -0.007694 1.119308 368.489577 -223.039914 271.882228
14.457420 5.329328 7.809884 14.457420 5.329328 7.809884 -0.362102 -0.145253 1.221805 545.833533 -235.488504 69.774313
14.344375 5.200815 8.541064 14.344375 5.200815 8.541064 -0.004773 -0.281412 1.191354 645.262501 -218.377172 -171.277398
14.460221 4.996047 9.211164 14.460221 4.996047 9.211164 0.395195 -0.395503 1.019174 687.964546 -161.925765 -402.655270
14.820155 4.735823 9.739644 14.820155 4.735823 9.739644 0.802893 -0.461538 0.724849 671.027739 -58.189752 -578.430676
15.415196 4.455659 10.063289 15.415196 4.455659 10.063289 1.168106 -0.460287 0.342060 546.349859 62.357762 -697.531749
16.204763 4.197389 10.139506 16.204763 4.197389 10.139506 1.447720 -0.389478 -0.093775 385.696062 173.673477 -755.251740
17.129626 4.000498 9.949895 17.129626 4.000498 9.949895 1.613166 -0.257603 -0.533933 165.789394 265.910335 -711.939581
18.113406 3.897565 9.507150 18.113406 3.897565 9.507150 1.642831 -0.079235 -0.932274 -66.906225 328.650706 -615.865710
19.073520 3.910010 8.845844 19.073520 3.910010 8.845844 1.534984 0.122103 -1.257221 -292.582668 342.474453 -467.289334
19.930022 4.042098 8.019575 19.930022 4.042098 8.019575 1.300315 0.313492 -1.476719 -489.648113 295.489614 -264.372524
20.612937 4.278657 7.099573 20.612937 4.278657 7.099573 0.960840 0.467163 -1.567259 -641.933369 216.747157 -37.427858
21.069661 4.590115 6.165019 21.069661 4.590115 6.165019 0.554520 0.557939 -1.527021 -712.467854 85.840328 171.556025
21.273726 4.930727 5.289664 21.273726 4.930727 5.289664 0.125025 0.561426 -1.374200 -719.182045 -74.219062 337.845565
21.224218 5.244854 4.533403 21.224218 5.244854 4.533403 -0.281834 0.470050 -1.134261 -637.014865 -230.366342 461.954045
20.947854 5.476835 3.940785 20.947854 5.476835 3.940785 -0.627046 0.288917 -0.833153 -513.690159 -373.409882 541.738580
20.489340 5.577322 3.538224 20.489340 5.577322 3.538224 -0.884373 0.036624 -0.509022 -344.068793 -467.568228 538.696062
19.908001 5.512223 3.326039 19.908001 5.512223 3.326039 -1.034727 -0.258474 -0.204486 -157.110248 -516.092416 476.424636
19.270678 5.264291 3.283706 19.270678 5.264291 3.283706 -1.070027 -0.567882 0.054379 39.442203 -515.265092 386.458541
18.646096 4.836692 3.378341 18.646096 4.836692 3.378341 -0.994691 -0.847654 0.248478 211.677954 -417.308084 260.537712
18.094311 4.260063 3.566559 18.094311 4.260063 3.566559 -0.833045 -1.062645 0.365972 327.143119 -299.328907 131.111426
17.653369 3.568597 3.809742 17.653369 3.568597 3.809742 -0.636759 -1.242242 0.444639 327.143119 -299.328907 131.111426
