6.341745 -2.362531 -10.849394 6.341745 -2.362531 -10.849394 0.503270 0.631161 0.535745 -32.179067 138.401950 453.159331
6.637914 -1.958922 -10.446378 6.637914 -1.958922 -10.446378 0.483962 0.714202 0.807641 -32.179067 138.401950 453.159331
6.929937 -1.514974 -9.888396 6.929937 -1.514974 -9.888396 0.501844 0.749813 1.038682 91.783055 -19.697189 316.977980
7.256990 -1.080193 -9.219188 7.256990 -1.080193 -9.219188 0.604045 0.680190 1.173583 248.887556 -212.381256 132.693142
7.671912 -0.720091 -8.500886 7.671912 -0.720091 -8.500886 0.791852 0.503842 1.204531 377.137181 -375.444886 -29.535552
8.220777 -0.491813 -7.791129 8.220777 -0.491813 -7.791129 1.047479 0.246340 1.148588 474.952020 -482.896393 -156.939651
8.937863 -0.434381 -7.135232 8.937863 -0.434381 -7.135232 1.347989 -0.060652 1.029387 526.747641 -540.408367 -240.396119
9.840570 -0.568459 -6.563852 9.840570 -0.568459 -6.563852 1.659530 -0.386964 0.870247 511.723878 -547.300811 -290.073068
10.924169 -0.894232 -6.092748 10.924169 -0.894232 -6.092748 1.945418 -0.690745 0.702047 441.234536 -465.301188 -270.594272
12.163149 -1.384297 -5.717271 12.163149 -1.384297 -5.717271 2.171694 -0.929244 0.554469 313.019907 -329.696155 -221.331422
13.511201 -1.991601 -5.420486 13.511201 -1.991601 -5.420486 2.302963 -1.079122 0.441386 124.543053 -169.895023 -155.609912
14.901984 -2.658342 -5.178379 14.901984 -2.658342 -5.178379 2.310626 -1.124492 0.374446 -98.999770 18.660530 -67.526219
16.257440 -3.317424 -4.961319 16.257440 -3.317424 -4.961319 2.185732 -1.052027 0.356670 -317.312846 222.887866 8.273361
17.499593 -3.899134 -4.742724 17.499593 -3.899134 -4.742724 1.934493 -0.871361 0.377150 -520.151090 379.335254 59.993780
18.556936 -4.346585 -4.503991 18.556936 -4.346585 -4.503991 1.573774 -0.608335 0.421368 -682.245756 497.417136 87.400392
19.373470 -4.618032 -4.235523 19.373470 -4.618032 -4.235523 1.139797 -0.289791 0.473383 -764.345557 564.394258 85.983542
19.918293 -4.691141 -3.938099 19.918293 -4.691141 -3.938099 0.673823 0.044721 0.514562 -788.901222 550.646112 51.279023
20.183036 -4.568945 -3.623939 20.183036 -4.568945 -3.623939 0.212740 0.356347 0.526291 -748.042139 488.106636 -12.183316
20.184768 -4.274330 -3.315646 20.184768 -4.274330 -3.315646 -0.192406 0.613947 0.492540 -602.444686 370.562525 -100.320512
19.971862 -3.848043 -3.041247 19.971862 -3.848043 -3.041247 -0.498983 0.792373 0.417010 -419.477389 224.190120 -151.446069
19.609393 -3.343195 -2.820696 19.609393 -3.343195 -2.820696 -0.688534 0.872238 0.314171 -212.357443 42.025781 -191.350932
19.173054 -2.822225 -2.667630 19.173054 -2.822225 -2.667630 -0.740922 0.847762 0.194394 37.728162 -123.611045 -207.903974
18.749345 -2.343404 -2.586053 18.749345 -2.343404 -2.586053 -0.648020 0.735664 0.081469 271.945702 -250.048606 -168.512055
18.418836 -1.951131 -2.562716 18.418836 -1.951131 -2.562716 -0.438087 0.565053 0.004297 427.832052 -318.654411 -88.728751
18.232994 -1.669456 -2.576109 18.232994 -1.669456 -2.576109 -0.181388 0.373861 -0.048940 427.832052 -318.654411 -88.728751
