-9.706844 -3.244066 -7.016090 -9.706844 -3.244066 -7.016090 -0.677342 0.594204 -0.955403 458.590075 -373.042738 -160.575014
-10.030703 -2.954691 -7.618235 -10.030703 -2.954691 -7.618235 -0.402188 0.370379 -1.051748 458.590075 -373.042738 -160.575014
-10.184695 -2.803773 -8.266611 -10.184695 -2.803773 -8.266611 -0.103161 0.125749 -1.090207 538.166914 -442.388465 32.379552
-10.146652 -2.809971 -8.899998 -10.146652 -2.809971 -8.899998 0.235090 -0.149774 -0.996238 589.335339 -476.023711 280.850218
-9.902242 -2.983761 -9.434712 -9.902242 -2.983761 -9.434712 0.575066 -0.426592 -0.765345 543.918779 -446.701808 488.794673
-9.464905 -3.314435 -9.797302 -9.464905 -3.314435 -9.797302 0.873377 -0.666178 -0.428903 450.451244 -351.917794 632.676742
-8.866071 -3.768373 -9.935864 -8.866071 -3.768373 -9.935864 1.112281 -0.831754 -0.024805 345.895977 -200.002108 714.317733
-8.144970 -4.292925 -9.821499 -8.144970 -4.292925 -9.821499 1.277175 -0.899251 0.407142 203.750609 -24.988184 725.506180
-7.350135 -4.825509 -9.450052 -7.350135 -4.825509 -9.450052 1.358700 -0.856926 0.825297 67.999583 166.072844 668.344644
-6.527960 -5.299230 -8.841769 -6.527960 -5.299230 -8.841769 1.373075 -0.704574 1.190313 -20.084814 341.765306 548.374945
-5.712250 -5.651957 -8.039088 -5.712250 -5.651957 -8.039088 1.338426 -0.457014 1.468269 -95.410283 483.436811 378.144036
-4.928507 -5.833750 -7.101664 -4.928507 -5.833750 -7.101664 1.270484 -0.139970 1.637138 -131.062719 573.374666 184.753161
-4.189424 -5.812919 -6.096802 -4.189424 -5.812919 -6.096802 1.193762 0.212085 1.694604 -124.678015 600.141575 6.800802
-3.492614 -5.579714 -5.088528 -3.492614 -5.579714 -5.088528 1.133930 0.561810 1.650124 -74.763894 565.608032 -155.067446
-2.822536 -5.147601 -4.133811 -2.822536 -5.147601 -4.133811 1.104963 0.867267 1.519853 -21.791229 452.583153 -279.170881
-2.160600 -4.555476 -3.276586 -2.160600 -4.555476 -3.276586 1.106292 1.090315 1.330173 26.222906 290.911923 -353.095208
-1.488028 -3.858416 -2.542872 -1.488028 -3.858416 -2.542872 1.142406 1.217393 1.114152 94.154245 132.678299 -366.973794
-0.783894 -3.115612 -1.938327 -0.783894 -3.115612 -1.938327 1.207615 1.239431 0.904510 123.210036 -59.217839 -331.832820
-0.037486 -2.394066 -1.451216 -0.037486 -2.394066 -1.451216 1.279845 1.146633 0.726083 117.556415 -250.106146 -262.924949
0.748493 -1.758343 -1.057262 0.748493 -1.758343 -1.057262 1.334938 0.960384 0.596483 66.087368 -370.724059 -169.075010
1.556556 -1.253074 -0.724014 1.556556 -1.253074 -0.724014 1.350616 0.716789 0.523996 -13.827029 -441.259231 -72.549131
2.359820 -0.904879 -0.417588 2.359820 -0.904879 -0.417588 1.319233 0.439778 0.505903 -90.782221 -482.111809 12.239099
3.129016 -0.724948 -0.108193 3.129016 -0.724948 -0.108193 1.234747 0.164728 0.531499 -190.840062 -434.723474 73.080142
3.830109 -0.698779 0.225756 3.830109 -0.698779 0.225756 1.093224 -0.068189 0.584822 -280.901807 -341.665155 104.665617
4.431628 -0.793162 0.595090 4.431628 -0.793162 0.595090 0.905417 -0.233037 0.645627 -345.123266 -207.826889 98.016762
4.911529 -0.961483 0.997452 4.911529 -0.961483 0.997452 0.692211 -0.313185 0.691153 -365.560307 -59.332833 53.737398
5.262939 -1.151535 1.418727 5.262939 -1.151535 1.418727 0.482297 -0.306094 0.707943 -334.155434 82.967656 2.229251
5.497746 -1.312492 1.840156 5.497746 -1.312492 1.840156 0.309686 -0.217485 0.690589 -241.214209 212.394502 -60.076619
5.647923 -1.399578 2.239921 5.647923 -1.399578 2.239921 0.203879 -0.064179 0.635672 -111.475383 298.628262 -122.979379
5.760601 -1.382392 2.597315 5.760601 -1.382392 2.597315 0.189072 0.124701 0.552518 62.117972 330.970051 -154.201449
5.896232 -1.247991 2.901048 5.896232 -1.247991 2.901048 0.281378 0.323314 0.459889 245.569962 331.073622 -154.560715
6.119878 -0.997895 3.151981 6.119878 -0.997895 3.151981 0.481801 0.504527 0.381256 422.505329 272.970733 -107.552089
6.494094 -0.652879 3.366829 6.494094 -0.652879 3.366829 0.780728 0.634136 0.343996 573.919813 159.057265 -16.646752
7.071506 -0.249076 3.575858 7.071506 -0.249076 3.575858 1.153431 0.703027 0.362147 668.421737 70.579638 77.148818
7.883881 0.185445 3.807033 7.883881 0.185445 3.807033 1.554484 0.745374 0.408436 668.421737 70.579638 77.148818
