-11.950534 -5.841827 8.221517 -11.950534 -5.841827 8.221517 0.368111 0.380508 0.592874 729.869440 387.481793 -46.674506
-11.598291 -5.543775 8.568840 -11.598291 -5.543775 8.568840 0.806033 0.612998 0.564869 729.869440 387.481793 -46.674506
-10.982091 -5.111648 8.901856 -10.982091 -5.111648 8.901856 1.249975 0.818398 0.549343 749.938443 297.184955 -5.077944
-10.100700 -4.575455 9.234227 -10.100700 -4.575455 9.234227 1.682023 0.955012 0.564694 690.220283 158.196227 56.247154
-8.975544 -3.984461 9.587634 -8.975544 -3.984461 9.587634 2.054673 0.997487 0.620773 551.947771 -16.612238 130.683549
-7.654429 -3.399718 9.985574 -7.654429 -3.399718 9.985574 2.330643 0.933729 0.708950 367.953245 -195.915205 163.239035
-6.203635 -2.883817 10.440395 -6.203635 -2.883817 10.440395 2.482297 0.770822 0.807234 137.560047 -347.108146 164.376314
-4.704054 -2.491388 10.952048 -4.704054 -2.491388 10.952048 2.492040 0.524633 0.894483 -105.082619 -473.521588 126.451767
-3.241282 -2.264956 11.506254 -3.241282 -2.264956 11.506254 2.361303 0.224951 0.944127 -330.707873 -525.418166 39.029545
-1.895087 -2.224056 12.072880 -1.895087 -2.224056 12.072880 2.107584 -0.087781 0.933165 -515.023741 -517.021338 -75.570669
-0.730041 -2.366190 12.611292 -0.730041 -2.366190 12.611292 1.764569 -0.379998 0.848400 -628.360547 -457.034752 -206.978410
0.211958 -2.669543 13.074152 0.211958 -2.669543 13.074152 1.369368 -0.619663 0.679597 -688.974680 -341.850237 -355.698389
0.911484 -3.092240 13.410680 0.911484 -3.092240 13.410680 0.965585 -0.771604 0.430154 -656.969640 -164.619733 -475.778142
1.377775 -3.573075 13.577666 1.377775 -3.573075 13.577666 0.597377 -0.811580 0.117355 -570.388408 31.367772 -566.885767
1.642917 -4.042907 13.544359 1.642917 -4.042907 13.544359 0.302071 -0.735408 -0.231178 -413.966928 222.537934 -594.891921
1.761446 -4.434564 13.299580 1.761446 -4.434564 13.299580 0.112691 -0.554232 -0.583073 -217.297318 381.381680 -578.089897
1.801623 -4.691369 12.851522 1.801623 -4.691369 12.851522 0.040692 -0.289974 -0.900718 -22.699983 499.480315 -480.726305
1.833722 -4.770809 12.233119 1.833722 -4.770809 12.233119 0.085922 0.032901 -1.146362 173.467524 576.768073 -338.088254
1.925795 -4.648370 11.495869 1.925795 -4.648370 11.495869 0.236481 0.373361 -1.292099 328.393530 558.099025 -147.701499
2.134050 -4.328043 10.707065 2.134050 -4.328043 10.707065 0.469793 0.687486 -1.315513 449.314576 488.985106 69.654432
2.500092 -3.833558 9.943488 2.500092 -3.833558 9.943488 0.755832 0.950755 -1.207752 504.146609 388.577247 289.548278
3.043601 -3.202925 9.282792 3.043601 -3.202925 9.282792 1.054637 1.135084 -0.974842 491.870030 225.851456 486.819129
3.762148 -2.492154 8.793961 3.762148 -2.492154 8.793961 1.335900 1.215931 -0.640516 445.675687 43.638051 627.601500
4.638112 -1.764093 8.527292 4.638112 -1.764093 8.527292 1.574315 1.195351 -0.240595 349.039276 -112.235514 705.466725
5.638196 -1.075741 8.509540 5.638196 -1.075741 8.509540 1.747083 1.084731 0.180793 226.855634 -256.498749 699.162430
6.719970 -0.476553 8.739771 6.719970 -0.476553 8.739771 1.846645 0.903424 0.579815 105.015707 -347.857659 630.910004
7.840860 0.000277 9.193274 7.840860 0.000277 9.193274 1.879656 0.681658 0.918616 5.020495 -391.361161 498.427574
8.964414 0.340106 9.821282 8.964414 0.340106 9.821282 1.856951 0.453237 1.153275 -80.702728 -370.044086 283.767681
10.061351 0.548849 10.551092 10.061351 0.548849 10.551092 1.794995 0.248256 1.257373 -125.815484 -313.225988 63.224291
11.116099 0.647823 11.303178 11.116099 0.647823 11.303178 1.721496 0.092327 1.226718 -119.181845 -206.537826 -165.405284
12.129135 0.673693 11.996834 12.129135 0.673693 11.996834 1.657941 0.006658 1.064465 -92.669226 -79.023433 -375.440278
13.109944 0.670823 12.557806 13.109944 0.670823 12.557806 1.615965 -0.003958 0.788561 -47.250066 43.635173 -544.237210
14.074502 0.682715 12.926575 14.074502 0.682715 12.926575 1.605034 0.054286 0.429993 10.811932 150.510478 -650.990188
15.043228 0.746533 13.065228 15.043228 0.746533 13.065228 1.630322 0.165365 0.028579 73.482478 219.754987 -687.058341
16.035855 0.887708 12.961317 16.035855 0.887708 12.961317 1.680442 0.309216 -0.370597 93.582800 259.747080 -643.525559
17.061031 1.118482 12.628777 17.061031 1.118482 12.628777 1.736926 0.457515 -0.728447 94.700416 234.583820 -549.309810
18.118509 1.432480 12.102033 18.118509 1.432480 12.102033 1.785123 0.584584 -1.012035 65.953204 188.979281 -395.983989
19.196376 1.812105 11.433344 19.196376 1.812105 11.433344 1.799305 0.672263 -1.200577 -18.678489 103.283541 -232.487563
20.267037 2.226907 10.682996 20.267037 2.226907 10.682996 1.760301 0.698501 -1.280842 -111.334990 -15.821404 -35.063298
21.296782 2.636759 9.917899 21.296782 2.636759 9.917899 1.661521 0.657003 -1.253283 -217.930994 -122.506492 126.926604
22.247163 3.004781 9.195454 22.247163 3.004781 9.195454 1.494244 0.562856 -1.143733 -339.660488 -191.318772 238.239511
23.077723 3.305293 8.557943 23.077723 3.305293 8.557943 1.266210 0.434243 -0.971559 -420.453441 -237.390772 335.673531
23.759208 3.521747 8.037061 23.759208 3.521747 8.037061 1.001143 0.285006 -0.761998 -463.100105 -260.065233 362.865873
24.276759 3.648915 7.644453 24.276759 3.648915 7.644453 0.724397 0.143843 -0.547901 -459.387462 -210.476399 350.788544
24.633078 3.703305 7.374396 24.633078 3.703305 7.374396 0.470617 0.047411 -0.359723 -386.547833 -110.965894 276.472313
24.851192 3.717769 7.204564 24.851192 3.717769 7.204564 0.265303 0.010787 -0.212652 -297.830394 -11.111767 213.763090
24.956765 3.722242 7.115450 24.956765 3.722242 7.115450 0.086605 0.004120 -0.084394 -297.830394 -11.111767 213.763090
