0.121197 -4.879142 -6.819327 0.121197 -4.879142 -6.819327 -0.995482 0.683318 0.862405 -307.331902 -202.820687 12.181034
-0.531411 -4.505659 -6.299691 -0.531411 -4.505659 -6.299691 -1.179881 0.561626 0.869713 -307.331902 -202.820687 12.181034
-1.282924 -4.206025 -5.777784 -1.282924 -4.206025 -5.777784 -1.305600 0.435767 0.866456 -111.730400 -216.706879 -23.038842
-2.071811 -3.984165 -5.261145 -2.071811 -3.984165 -5.261145 -1.299716 0.302776 0.857194 131.343204 -226.597731 -7.835026
-2.815812 -3.838872 -4.746118 -2.815812 -3.838872 -4.746118 -1.159979 0.188895 0.863097 334.444760 -153.005857 27.511680
-3.442185 -3.747263 -4.220279 -3.442185 -3.747263 -4.220279 -0.912241 0.126155 0.894751 491.350675 -56.125829 78.001065
-3.895382 -3.676412 -3.664353 -3.895382 -3.676412 -3.664353 -0.588904 0.118782 0.966728 586.439130 31.547794 161.923680
-4.141062 -3.593254 -3.051554 -4.141062 -3.593254 -3.051554 -0.226525 0.168760 1.081959 621.489847 135.046372 222.180085
-4.166452 -3.462275 -2.358982 -4.166452 -3.462275 -2.358982 0.139650 0.276861 1.232286 599.095481 225.290368 278.908190
-3.980956 -3.253727 -1.567951 -3.980956 -3.253727 -1.567951 0.468454 0.421435 1.406911 496.917965 256.621099 303.175362
-3.619048 -2.954339 -0.671142 -3.619048 -2.954339 -0.671142 0.723555 0.577080 1.579274 353.416730 262.196912 271.368432
-3.128350 -2.564254 0.320336 -3.128350 -2.564254 0.320336 0.900352 0.717610 1.717429 235.907568 206.235995 189.147801
-2.545676 -2.096565 1.384840 -2.545676 -2.096565 1.384840 1.041897 0.841351 1.830918 235.907568 206.235995 189.147801
