-8.234129 -0.415794 -8.161650 -8.234129 -0.415794 -8.161650 0.798096 -0.080514 0.345978 -116.613772 -203.110906 107.812674
-7.776262 -0.500662 -7.934657 -7.776262 -0.500662 -7.934657 0.728127 -0.202380 0.410665 -116.613772 -203.110906 107.812674
-7.364633 -0.656804 -7.666978 -7.364633 -0.656804 -7.666978 0.636874 -0.315014 0.484719 -187.564190 -172.335441 139.033729
-7.020636 -0.871239 -7.350434 -7.020636 -0.871239 -7.350434 0.502507 -0.390449 0.571573 -260.326291 -79.113878 150.477800
-6.769087 -1.114005 -6.982599 -6.769087 -1.114005 -6.982599 0.330828 -0.409198 0.650885 -311.935556 16.615484 113.895090
-6.626733 -1.350090 -6.576427 -6.626733 -1.350090 -6.576427 0.143692 -0.367010 0.694922 -311.852585 124.012602 32.896231
-6.592345 -1.542032 -6.158856 -6.592345 -1.542032 -6.158856 -0.021888 -0.262893 0.688144 -240.080107 223.044385 -55.489893
-6.642716 -1.656156 -5.761714 -6.642716 -1.656156 -5.761714 -0.136056 -0.111749 0.626072 -140.480677 280.768388 -151.417702
-6.741789 -1.672150 -5.420665 -6.741789 -1.672150 -5.420665 -0.181107 0.059296 0.498524 -9.688613 289.380422 -273.742461
-6.841279 -1.586794 -5.175372 -6.841279 -1.586794 -5.175372 -0.132332 0.221376 0.311541 172.271366 250.887366 -349.532351
-6.878618 -1.413480 -5.054786 -6.878618 -1.413480 -5.054786 0.026289 0.348551 0.084711 356.467082 173.028676 -406.566347
-6.789565 -1.179931 -5.076347 -6.789565 -1.179931 -5.076347 0.285749 0.418732 -0.155258 508.396438 60.909561 -393.332000
-6.519302 -0.925713 -5.236326 -6.519302 -0.925713 -5.236326 0.627298 0.415357 -0.371384 630.101961 -72.161870 -327.087130
-6.025327 -0.697751 -5.511264 -6.025327 -0.697751 -5.511264 1.026248 0.330745 -0.533794 699.732712 -209.877890 -214.280611
-5.283499 -0.544047 -5.861601 -5.283499 -0.544047 -5.861601 1.446720 0.169994 -0.619811 701.839293 -325.959087 -72.443666
-4.292907 -0.506173 -6.233996 -4.292907 -0.506173 -6.233996 1.848968 -0.052830 -0.600622 638.986087 -416.787144 136.408861
-3.077859 -0.614143 -6.558196 -3.077859 -0.614143 -6.558196 2.185610 -0.309151 -0.460677 483.155105 -437.614978 330.073845
-1.691188 -0.876995 -6.764731 -1.691188 -0.876995 -6.764731 2.417190 -0.564674 -0.210342 288.776479 -414.129130 504.375857
-0.201514 -1.284893 -6.791098 -0.201514 -1.284893 -6.791098 2.527359 -0.785904 0.137534 78.454805 -323.305058 655.212635
1.314610 -1.805644 -6.586266 1.314610 -1.805644 -6.586266 2.502365 -0.934953 0.552530 -161.767018 -173.524263 728.104836
2.773347 -2.388453 -6.123104 2.773347 -2.388453 -6.123104 2.337485 -0.992084 0.992318 -387.832645 -16.912803 737.856827
4.095724 -2.976105 -5.397942 4.095724 -2.976105 -5.397942 2.053263 -0.949014 1.419813 -559.576318 160.481316 687.124658
5.219828 -3.505757 -4.431232 5.219828 -3.505757 -4.431232 1.681866 -0.798380 1.787790 -678.413173 341.629690 539.466096
6.104723 -3.914995 -3.272634 6.104723 -3.914995 -3.272634 1.264267 -0.551915 2.055568 -713.581842 479.920719 353.127800
6.737533 -4.155059 -1.988309 6.737533 -4.155059 -1.988309 0.849592 -0.240467 2.204550 -668.667847 558.240512 143.480211
7.133383 -4.196998 -0.655276 7.133383 -4.196998 -0.655276 0.480663 0.103766 2.213021 -561.095641 589.204298 -115.245644
7.330310 -4.030339 0.638059 7.330310 -4.030339 0.638059 0.191639 0.449001 2.075208 -402.318437 561.578393 -344.130788
7.385318 -3.666327 1.810888 7.385318 -3.666327 1.810888 0.012456 0.753582 1.816971 -194.960085 453.689684 -516.658679
7.372642 -3.144039 2.801080 7.372642 -3.144039 2.801080 -0.029803 0.968174 1.472012 54.099770 261.616608 -633.206059
7.374406 -2.524576 3.566421 7.374406 -2.524576 3.566421 0.052197 1.082480 1.072644 219.231650 119.403897 -698.019975
7.445186 -1.853596 4.084363 7.445186 -1.853596 4.084363 0.183736 1.154122 0.653832 219.231650 119.403897 -698.019975
