-4.379258 -3.790332 6.199044 -4.379258 -3.790332 6.199044 2.313426 0.090808 1.084208 160.582498 -160.351786 16.997075
-2.962298 -3.764710 6.852629 -2.962298 -3.764710 6.852629 2.409775 -0.005403 1.094406 160.582498 -160.351786 16.997075
-1.497140 -3.791353 7.508192 -1.497140 -3.791353 7.508192 2.458063 -0.074301 1.083906 0.376075 -69.310393 -51.997375
-0.033649 -3.840799 8.145224 -0.033649 -3.840799 8.145224 2.401218 -0.077834 1.032943 -189.859638 57.535577 -117.881794
1.365527 -3.869527 8.741541 1.365527 -3.869527 8.741541 2.250403 -0.005238 0.951065 -312.856335 184.451963 -155.043559
2.655495 -3.832223 9.284435 2.655495 -3.832223 9.284435 2.042888 0.141663 0.858853 -378.861928 305.216191 -152.329693
3.811735 -3.686805 9.775367 3.811735 -3.686805 9.775367 1.809088 0.352199 0.782656 -400.470553 396.570409 -101.661261
4.827204 -3.402300 10.230320 4.827204 -3.402300 10.230320 1.579306 0.599155 0.739952 -365.467675 426.616994 -40.683816
5.713370 -2.966450 10.669665 5.713370 -2.966450 10.669665 1.381861 0.852956 0.729022 -292.682636 419.384841 4.249657
6.494853 -2.383644 11.110545 6.494853 -2.383644 11.110545 1.231497 1.082304 0.745085 -208.530900 345.110347 49.293031
7.201546 -1.679951 11.568344 7.201546 -1.679951 11.568344 1.133030 1.250319 0.784037 -119.692134 214.940021 80.549056
7.865836 -0.899808 12.053293 7.865836 -0.899808 12.053293 1.091297 1.335595 0.832505 -19.417753 69.312379 81.009613
8.520712 -0.096178 12.563868 8.520712 -0.096178 12.563868 1.097607 1.326168 0.863559 40.448465 -100.737387 22.505040
9.187536 0.670576 13.080821 9.187536 0.670576 13.080821 1.126772 1.211654 0.850896 56.769335 -280.974103 -64.715741
9.873911 1.338545 13.573555 9.873911 1.338545 13.573555 1.161302 1.000833 0.781289 58.330816 -421.763785 -167.308223
10.579126 1.857705 14.005562 10.579126 1.857705 14.005562 1.185972 0.720661 0.647651 23.903557 -512.140681 -278.151217
11.290471 2.195607 14.336827 11.290471 2.195607 14.336827 1.177612 0.401831 0.444470 -51.770697 -550.625971 -399.120419
11.983906 2.339483 14.526707 11.983906 2.339483 14.526707 1.127479 0.080905 0.180193 -115.340819 -519.127870 -481.801308
12.637118 2.300490 14.546452 12.637118 2.300490 14.546452 1.045705 -0.201039 -0.117121 -157.236373 -420.687040 -509.245374
13.233845 2.112118 14.385070 13.233845 2.112118 14.385070 0.939396 -0.413574 -0.419893 -197.128336 -287.761022 -499.996043
13.762003 1.822928 14.047317 13.762003 1.822928 14.047317 0.821135 -0.532477 -0.698980 -197.073749 -108.582347 -430.292871
14.222289 1.496043 13.558023 14.222289 1.496043 13.558023 0.718281 -0.536899 -0.919424 -145.773463 93.841952 -304.519243
14.631529 1.201523 12.962386 14.631529 1.201523 12.962386 0.653370 -0.426955 -1.047982 -70.596188 272.638735 -124.009677
15.017179 1.002957 12.322838 15.017179 1.002957 12.322838 0.642689 -0.220710 -1.064569 34.991138 414.841570 68.721877
15.416982 0.951440 11.708386 15.416982 0.951440 11.708386 0.703136 0.059382 -0.963744 166.500628 518.799537 267.358895
15.877079 1.082662 11.190065 15.877079 1.082662 11.190065 0.844263 0.381708 -0.744321 303.920071 555.619275 464.052421
16.444613 1.409611 10.834874 16.444613 1.409611 10.834874 1.057971 0.704645 -0.426530 408.441568 520.837607 595.250462
17.157067 1.920819 10.690362 17.157067 1.920819 10.690362 1.323792 0.990500 -0.048073 477.629647 432.015046 666.273626
18.037764 2.584611 10.782099 18.037764 2.584611 10.782099 1.612611 1.208354 0.354949 485.100105 294.163943 677.133500
19.088828 3.351299 11.111878 19.088828 3.351299 11.111878 1.884567 1.328484 0.735853 421.419938 106.269201 592.544718
20.291448 4.158226 11.652456 20.291448 4.158226 11.652456 2.117541 1.345785 1.053421 355.159053 -48.598605 466.016130
21.625902 4.956949 12.368391 21.625902 4.956949 12.368391 2.330637 1.316626 1.333031 355.159053 -48.598605 466.016130
