9.152611 -6.319498 -4.260144 9.152611 -6.319498 -4.260144 0.286757 0.881950 -1.464016 33.783062 195.572006 66.951225
9.330746 -5.755125 -5.126502 9.330746 -5.755125 -5.126502 0.307026 0.999293 -1.423845 33.783062 195.572006 66.951225
9.525666 -5.129288 -5.958623 9.525666 -5.129288 -5.958623 0.350413 1.071930 -1.332999 110.837938 46.552031 235.868211
9.761223 -4.487741 -6.703644 9.761223 -4.487741 -6.703644 0.443710 1.049907 -1.129870 200.152752 -119.963468 441.227384
10.068770 -3.888828 -7.295380 10.068770 -3.888828 -7.295380 0.590266 0.930742 -0.831309 288.366905 -277.250928 553.976493
10.477882 -3.385478 -7.693020 10.477882 -3.385478 -7.693020 0.778521 0.738438 -0.491772 339.151936 -363.765167 577.814535
11.005594 -3.009426 -7.884971 11.005594 -3.009426 -7.884971 0.979770 0.512514 -0.149555 331.677758 -389.312745 562.907855
11.650155 -2.771488 -7.876888 11.650155 -2.771488 -7.876888 1.163763 0.281459 0.170651 281.632212 -380.872716 504.446107
12.392968 -2.667223 -7.690567 12.392968 -2.667223 -7.690567 1.302048 0.072668 0.438969 179.317076 -315.096643 389.945548
13.197679 -2.673701 -7.365443 13.197679 -2.673701 -7.365443 1.365663 -0.083196 0.630702 32.731861 -204.447799 249.165445
14.012677 -2.752168 -6.950980 14.012677 -2.752168 -6.950980 1.333845 -0.164609 0.736158 -138.792529 -66.930147 102.354358
14.776740 -2.855160 -6.497817 14.776740 -2.855160 -6.497817 1.194264 -0.165662 0.762796 -326.476142 63.418898 -13.561483
15.424581 -2.937005 -6.047399 15.424581 -2.937005 -6.047399 0.948621 -0.096928 0.730565 -492.332822 165.695922 -93.873236
15.897644 -2.961252 -5.629590 15.897644 -2.961252 -5.629590 0.615770 0.022913 0.656079 -617.171675 233.772931 -154.415276
16.151548 -2.903216 -5.264152 16.151548 -2.903216 -5.264152 0.223132 0.174224 0.561359 -691.622899 270.598677 -161.318208
16.159718 -2.750554 -4.954409 16.159718 -2.750554 -4.954409 -0.197924 0.333681 0.474392 -711.894681 260.925385 -128.568953
15.916554 -2.506306 -4.690034 15.916554 -2.506306 -4.690034 -0.606406 0.475599 0.411659 -649.714297 212.133172 -80.541851
15.443632 -2.189050 -4.453153 15.443632 -2.189050 -4.453153 -0.956882 0.571440 0.385248 -518.538505 107.336545 -7.495738
14.788430 -1.832915 -4.219999 14.788430 -1.832915 -4.219999 -1.206684 0.605596 0.397523 -314.135371 6.515729 48.413632
14.023005 -1.474740 -3.970596 14.023005 -1.474740 -3.970596 -1.319513 0.577728 0.437443 -61.960368 -99.409093 84.651265
13.231496 -1.150328 -3.691725 13.231496 -1.150328 -3.691725 -1.299932 0.496431 0.494074 127.229836 -171.579200 104.119414
12.474438 -0.883353 -3.376539 12.474438 -0.883353 -3.376539 -1.223594 0.393484 0.556546 127.229836 -171.579200 104.119414
