3.174646 -3.937982 0.506387 3.174646 -3.937982 0.506387 0.830663 -0.281607 0.638560 718.159567 98.178760 336.574836
3.802313 -4.089274 0.950107 3.802313 -4.089274 0.950107 1.261559 -0.222700 0.840505 718.159567 98.178760 336.574836
4.684891 -4.200032 1.507086 4.684891 -4.200032 1.507086 1.674328 -0.137844 1.002911 657.736819 184.673616 204.776878
5.800633 -4.246192 2.131332 5.800633 -4.246192 2.131332 2.032730 -0.010509 1.053978 536.937326 239.775984 -34.553507
7.107478 -4.208459 2.744227 7.107478 -4.208459 2.744227 2.307683 0.137748 0.966886 379.570784 254.414694 -255.751852
8.546748 -4.081191 3.266669 8.546748 -4.081191 3.266669 2.467118 0.284518 0.755160 151.880735 234.820176 -450.001322
10.040932 -3.873160 3.629167 10.040932 -3.873160 3.629167 2.491119 0.400677 0.437173 -71.876345 152.375381 -609.957705
11.510568 -3.611314 3.775612 11.510568 -3.611314 3.775612 2.387504 0.462160 0.040864 -273.508136 52.567835 -711.070173
12.883954 -3.332313 3.670248 12.883954 -3.332313 3.670248 2.173973 0.454917 -0.395224 -438.262285 -76.709851 -742.556361
14.102314 -3.080556 3.302293 14.102314 -3.080556 3.302293 1.875334 0.371963 -0.826562 -557.201705 -199.805061 -695.238953
15.125122 -2.898725 2.689592 15.125122 -2.898725 2.689592 1.530532 0.225169 -1.201809 -592.138345 -289.507723 -555.584449
15.936646 -2.819775 1.878147 15.936646 -2.819775 1.878147 1.174202 0.031264 -1.486930 -595.626016 -356.843407 -394.818356
16.537821 -2.865222 0.929005 16.537821 -2.865222 0.929005 0.836157 -0.182706 -1.653402 -531.190791 -356.389950 -160.086670
16.951896 -3.036524 -0.077461 16.951896 -3.036524 -0.077461 0.557416 -0.384184 -1.677500 -397.947912 -315.202014 79.758262
17.223283 -3.318640 -1.056667 17.223283 -3.318640 -1.056667 0.361488 -0.547649 -1.564959 -255.144151 -229.681492 295.377607
17.401123 -3.679295 -1.930952 17.401123 -3.679295 -1.930952 0.242767 -0.639074 -1.330119 -140.592509 -75.068977 487.422867
17.529961 -4.066077 -2.633489 17.529961 -4.066077 -2.633489 0.200837 -0.633239 -0.998674 0.827156 94.518050 617.393603
17.656747 -4.421156 -3.117509 17.656747 -4.421156 -3.117509 0.232005 -0.537273 -0.607967 103.065081 225.370254 684.963032
17.814502 -4.702953 -3.358996 17.814502 -4.702953 -3.358996 0.293844 -0.402051 -0.196990 103.065081 225.370254 684.963032
