-8.877938 4.061421 -2.692925 -8.877938 4.061421 -2.692925 1.704011 0.368397 0.005238 -171.588804 -140.774546 170.698856
-7.886417 4.257119 -2.659056 -7.886417 4.257119 -2.659056 1.601058 0.283932 0.107658 -171.588804 -140.774546 170.698856
-6.963841 4.395292 -2.568796 -6.963841 4.395292 -2.568796 1.462243 0.165235 0.184777 -291.127595 -254.880290 86.366137
-6.147843 4.441649 -2.448189 -6.147843 4.441649 -2.448189 1.242844 -0.022222 0.207571 -440.202138 -369.976401 -10.386967
-5.484622 4.359448 -2.329695 -5.484622 4.359448 -2.329695 0.962480 -0.255571 0.180443 -494.343379 -407.853951 -80.040742
-4.994346 4.132673 -2.237674 -4.994346 4.132673 -2.237674 0.674719 -0.500376 0.123231 -464.861158 -408.164108 -110.662879
-4.669439 3.762098 -2.182509 -4.669439 3.762098 -2.182509 0.414558 -0.729677 0.062563 -402.340772 -356.170632 -91.566615
-4.487329 3.267439 -2.159446 -4.487329 3.267439 -2.159446 0.202137 -0.907090 0.017657 -305.728009 -235.205856 -58.117583
-4.412962 2.689180 -2.155855 -4.412962 2.689180 -2.155855 0.059277 -1.006552 0.000075 -170.474972 -96.337126 -0.491187
-4.399921 2.077401 -2.152294 -4.399921 2.077401 -2.152294 -0.002208 -1.016891 0.017803 -34.472639 61.875474 59.586311
-4.400256 1.488981 -2.127132 -4.400256 1.488981 -2.127132 0.013085 -0.926881 0.072328 85.446934 238.157138 122.162543
-4.372042 0.985342 -2.060310 -4.372042 0.985342 -2.060310 0.089266 -0.735880 0.152806 168.491270 398.512338 146.099217
-4.285591 0.621497 -1.943695 -4.285591 0.621497 -1.943695 0.203177 -0.467017 0.233632 211.211632 497.700157 123.317680
-4.124499 0.433504 -1.783886 -4.124499 0.433504 -1.783886 0.335742 -0.155240 0.294790 230.673356 541.556428 80.542370
-3.883124 0.436686 -1.596641 -3.883124 0.436686 -1.596641 0.466187 0.163919 0.322484 204.142086 522.304230 11.771887
-3.570130 0.624917 -1.407559 -3.570130 0.624917 -1.407559 0.571354 0.456629 0.296910 146.415505 453.396020 -97.018041
-3.204277 0.971330 -1.253555 -3.204277 0.971330 -1.253555 0.642631 0.682786 0.205305 91.173295 300.461674 -208.331240
-2.806417 1.425538 -1.174090 -2.806417 1.425538 -1.174090 0.676687 0.815330 0.049214 22.346797 141.353018 -311.973995
-2.399018 1.928750 -1.206203 -2.399018 1.928750 -1.206203 0.676915 0.842993 -0.165401 -21.588045 -49.143912 -403.409655
-1.996928 2.414160 -1.379588 -1.996928 2.414160 -1.379588 0.663098 0.755809 -0.415099 -24.467063 -241.469011 -428.913994
-1.601885 2.814466 -1.704406 -1.601885 2.814466 -1.704406 0.656360 0.562353 -0.665219 2.005875 -403.384796 -404.822018
-1.205064 3.073075 -2.172048 -1.205064 3.073075 -2.172048 0.670784 0.289351 -0.886324 46.073675 -506.623596 -332.192160
-0.788549 3.153290 -2.754414 -0.788549 3.153290 -2.754414 0.727185 -0.025636 -1.039523 141.930823 -543.330578 -178.471345
-0.321245 3.040018 -3.401927 -0.321245 3.040018 -3.401927 0.839572 -0.352092 -1.104981 232.693214 -544.858536 -39.724039
0.224383 2.730688 -4.072066 0.224383 2.730688 -4.072066 0.979188 -0.679008 -1.128816 232.693214 -544.858536 -39.724039
