-3.230468 3.679654 -6.087641 -3.230468 3.679654 -6.087641 -0.959279 0.147266 0.925648 -132.397838 -313.692080 291.867858
-3.829868 3.711549 -5.479716 -3.829868 3.711549 -5.479716 -1.038718 -0.040950 1.100769 -132.397838 -313.692080 291.867858
-4.467251 3.633943 -4.772542 -4.467251 3.633943 -4.772542 -1.069764 -0.212020 1.246771 28.910122 -256.543694 194.806843
-5.090598 3.466112 -3.997144 -5.090598 3.466112 -3.997144 -0.985877 -0.338150 1.325008 250.714620 -163.887451 65.984235
-5.625232 3.239211 -3.195360 -5.625232 3.239211 -3.195360 -0.776631 -0.409043 1.339104 446.771617 -72.421988 -19.000019
-6.001282 2.987368 -2.398595 -6.001282 2.987368 -2.398595 -0.461019 -0.419401 1.311322 605.267670 37.892671 -73.606387
-6.163167 2.749175 -1.626058 -6.163167 2.749175 -1.626058 -0.068968 -0.363532 1.262122 701.569523 148.338410 -90.394304
-6.076019 2.560752 -0.883815 -6.076019 2.560752 -0.883815 0.363204 -0.259551 1.214089 739.002984 198.265370 -69.713253
-5.726420 2.441094 -0.165685 -5.726420 2.441094 -0.165685 0.799890 -0.138667 1.183385 716.618609 204.679698 -32.632987
-5.124749 2.394225 0.541304 -5.124749 2.394225 0.541304 1.193588 -0.018414 1.177962 595.708221 196.165121 14.553431
-4.311858 2.414095 1.254561 -4.311858 2.414095 1.254561 1.498567 0.077331 1.205997 420.887165 122.984183 78.897301
-3.349231 2.476353 1.995690 -3.349231 2.476353 1.995690 1.689733 0.119732 1.269982 216.334896 18.351907 134.388063
-2.311207 2.545200 2.782222 -2.311207 2.545200 2.782222 1.745752 0.099266 1.352379 -29.606060 -86.570746 140.266226
-1.282678 2.582515 3.616856 -1.282678 2.582515 3.616856 1.660022 0.014013 1.426331 -256.161645 -197.607066 106.242892
-0.344098 2.549848 4.488740 -0.344098 2.549848 4.488740 1.449704 -0.132077 1.474886 -444.896735 -289.359266 55.605227
0.436251 2.415383 5.378769 0.436251 2.415383 5.378769 1.135807 -0.321365 1.483694 -601.426359 -341.599220 -26.245367
1.004999 2.161755 6.256589 1.004999 2.161755 6.256589 0.752554 -0.522930 1.429584 -676.086274 -330.285277 -154.122322
1.335804 1.791546 7.079243 1.335804 1.791546 7.079243 0.351742 -0.706096 1.300340 -659.951868 -280.268302 -276.688322
1.431695 1.323316 7.803141 1.431695 1.323316 7.803141 -0.026042 -0.844880 1.101815 -599.328383 -182.344233 -385.062462
1.316447 0.791367 8.390512 1.316447 0.791367 8.390512 -0.344357 -0.915283 0.848741 -461.721706 -52.332332 -458.516956
1.038453 0.242346 8.814466 1.038453 0.242346 8.814466 -0.562742 -0.898838 0.559845 -266.229501 107.147518 -504.471897
0.664792 -0.268691 9.060993 0.664792 -0.268691 9.060993 -0.662950 -0.789650 0.264287 -67.796793 256.814374 -480.719876
0.266050 -0.688143 9.138006 0.266050 -0.688143 9.138006 -0.647470 -0.595008 0.000707 119.397038 391.992632 -397.879511
-0.090023 -0.968717 9.074847 -0.090023 -0.968717 9.074847 -0.521242 -0.330449 -0.197848 301.363008 489.870259 -263.969874
-0.340375 -1.076717 8.919231 -0.340375 -1.076717 8.919231 -0.299689 -0.026064 -0.303193 437.148616 524.744280 -87.182782
-0.436924 -1.000307 8.733923 -0.436924 -1.000307 8.733923 -0.014509 0.276756 -0.294000 513.451076 484.657610 117.827516
-0.352260 -0.751905 8.590607 -0.352260 -0.751905 8.590607 0.298300 0.543100 -0.163927 529.244241 403.156318 315.749106
-0.080760 -0.361819 8.559707 -0.080760 -0.361819 8.559707 0.602127 0.743283 0.078629 483.511788 264.119774 492.770668
0.363317 0.121489 8.703580 0.363317 0.121489 8.703580 0.871081 0.850737 0.414278 413.002890 94.060600 626.058255
0.953282 0.637511 9.068674 0.953282 0.637511 9.068674 1.083760 0.850416 0.809094 295.925261 -95.130186 689.994818
1.649767 1.119651 9.678082 1.649767 1.119651 9.678082 1.226127 0.738405 1.221855 178.632919 -278.240601 685.875645
2.411448 1.503164 10.529412 2.411448 1.503164 10.529412 1.302565 0.524227 1.607179 76.161409 -435.685002 598.536945
3.201133 1.734136 11.592409 3.201133 1.734136 11.592409 1.320444 0.237110 1.921066 -16.566458 -521.373775 447.754595
3.986911 1.780353 12.813702 3.986911 1.780353 12.813702 1.292974 -0.086721 2.130006 -74.998093 -558.062719 248.713487
4.748863 1.629678 14.122435 4.748863 1.629678 14.122435 1.246307 -0.412514 2.209041 -80.560153 -527.912617 14.734166
5.483259 1.294075 15.435259 5.483259 1.294075 15.435259 1.203536 -0.694610 2.141615 -62.008229 -412.409043 -239.486382
6.196473 0.810352 16.665982 6.196473 0.810352 16.665982 1.177598 -0.905673 1.942233 -24.454087 -291.133640 -425.122032
6.898630 0.214544 17.754799 6.898630 0.214544 17.754799 1.162925 -1.080353 1.687159 -24.454087 -291.133640 -425.122032
