0.351083 -1.628766 7.218291 0.351083 -1.628766 7.218291 0.321383 -0.517478 -0.525005 477.777303 10.907386 38.544170
0.629913 -1.937290 6.910226 0.629913 -1.937290 6.910226 0.608049 -0.510934 -0.501879 477.777303 10.907386 38.544170
1.077433 -2.232709 6.626431 1.077433 -2.232709 6.626431 0.878169 -0.458503 -0.426782 422.622511 163.862238 211.780097
1.672174 -2.468332 6.420781 1.672174 -2.468332 6.420781 1.090577 -0.310267 -0.238220 285.402822 330.254996 416.758880
2.367775 -2.588791 6.362060 2.367775 -2.588791 6.362060 1.211233 -0.080836 0.057807 116.784553 434.516893 569.997570
3.104699 -2.556242 6.505086 3.104699 -2.556242 6.505086 1.227117 0.194060 0.428517 -63.838140 481.802492 665.701061
3.816949 -2.353817 6.883555 3.816949 -2.353817 6.883555 1.126169 0.479465 0.835598 -272.656305 469.546414 691.237176
4.431642 -1.985700 7.505385 4.431642 -1.985700 7.505385 0.902923 0.740794 1.230584 -471.495103 401.552551 625.383693
4.879575 -1.476003 8.348949 4.879575 -1.476003 8.348949 0.575267 0.946431 1.569035 -620.692986 283.902938 502.784356
5.108585 -0.865461 9.369776 5.108585 -0.865461 9.369776 0.180726 1.074674 1.815234 -694.444298 143.575409 317.877942
5.090600 -0.203239 10.502911 5.090600 -0.203239 10.502911 -0.243043 1.118689 1.939840 -718.118934 3.140214 97.478314
4.819481 0.460441 11.669771 4.819481 0.460441 11.669771 -0.654072 1.080078 1.925379 -651.977628 -131.844254 -145.682709
4.317545 1.078831 12.785213 4.317545 1.078831 12.785213 -1.005943 0.971352 1.770153 -520.924708 -230.575096 -371.739021
3.631693 1.616614 13.769179 3.631693 1.616614 13.769179 -1.261097 0.815382 1.491047 -329.587759 -289.324610 -558.612722
2.829874 2.053065 14.555509 2.829874 2.053065 14.555509 -1.388024 0.638286 1.117143 -93.503316 -300.996090 -687.733770
1.994812 2.384482 15.098470 1.994812 2.384482 15.098470 -1.371208 0.470814 0.686839 149.556372 -257.244047 -746.612214
1.211574 2.625213 15.377086 1.211574 2.625213 15.377086 -1.218643 0.339198 0.243385 358.995149 -181.477059 -731.569190
0.555721 2.802431 15.396374 0.555721 2.802431 15.396374 -0.949676 0.262138 -0.170861 537.561870 -75.388851 -649.252038
0.091386 2.952501 15.185531 0.091386 2.952501 15.185531 -0.583594 0.248693 -0.517717 682.711327 30.572816 -506.933694
-0.132689 3.112728 14.794905 -0.132689 3.112728 14.794905 -0.158000 0.294577 -0.765616 735.935896 122.375430 -319.396298
-0.096504 3.315494 14.289801 -0.096504 3.315494 14.289801 0.276143 0.387961 -0.898466 711.206617 188.902661 -123.435274
0.191325 3.584034 13.739476 0.191325 3.584034 13.739476 0.673494 0.510106 -0.917663 613.296942 218.248375 59.444861
0.697798 3.928103 13.209276 0.697798 3.928103 13.209276 1.001389 0.634658 -0.833507 479.686337 196.925688 221.073443
1.374063 4.340760 12.755911 1.374063 4.340760 12.755911 1.234641 0.734894 -0.666137 297.820655 137.191646 336.828222
2.156718 4.801226 12.420371 2.156718 4.801226 12.420371 1.354644 0.791383 -0.446472 102.188937 51.106310 395.387063
2.976761 5.277989 12.223689 2.976761 5.277989 12.223689 1.360270 0.785716 -0.209081 -83.437713 -69.997781 395.915334
3.769636 5.729333 12.166196 3.769636 5.729333 12.166196 1.268867 0.706288 0.011925 -221.238814 -194.759171 340.771627
4.483782 6.112860 12.230160 4.483782 6.112860 12.230160 1.099369 0.563487 0.193739 -343.754777 -281.247212 265.276977
5.078577 6.396540 12.388307 5.078577 6.396540 12.388307 0.878365 0.375800 0.323672 -392.922652 -344.373590 167.831372
5.535741 6.558439 12.605899 5.535741 6.558439 12.605899 0.646964 0.161210 0.390270 -378.414496 -370.926223 54.161705
5.858622 6.590351 12.843899 5.858622 6.590351 12.843899 0.434000 -0.051585 0.393211 -331.466492 -338.392839 -44.357738
6.064387 6.503940 13.068402 6.064387 6.503940 13.068402 0.260265 -0.227366 0.349399 -247.648746 -247.541208 -101.682882
6.182319 6.330641 13.257835 6.182319 6.330641 13.257835 0.143427 -0.337503 0.278875 -141.812028 -119.583307 -133.394480
6.249388 6.115486 13.401448 6.249388 6.115486 13.401448 0.091035 -0.364892 0.200331 -32.828430 28.287626 -128.420158
6.304294 5.911639 13.500524 6.304294 5.911639 13.500524 0.102305 -0.297939 0.133243 70.396179 194.886961 -95.206406
6.380807 5.776425 13.567459 6.380807 5.776425 13.567459 0.156836 -0.138661 0.096750 111.373928 336.040968 -26.437262
6.496274 5.759785 13.624571 6.496274 5.759785 13.624571 0.230252 0.093313 0.099995 133.346259 437.205924 37.255514
6.658726 5.897920 13.693750 6.658726 5.897920 13.693750 0.311751 0.372884 0.134724 138.316888 494.696769 78.504945
6.867962 6.209995 13.790649 6.867962 6.209995 13.790649 0.381178 0.666198 0.191499 93.106227 483.015009 110.745309
7.109691 6.692604 13.925463 7.109691 6.692604 13.925463 0.418356 0.935748 0.257849 30.820625 415.485841 110.422574
7.363466 7.321991 14.097391 7.363466 7.321991 14.097391 0.422920 1.150792 0.310812 -15.606829 301.326999 66.122179
7.610575 8.056238 14.290796 7.610575 8.056238 14.290796 0.394384 1.279256 0.325565 -79.515279 126.886671 -16.947693
7.831941 8.834024 14.475940 7.831941 8.834024 14.475940 0.341918 1.292353 0.279676 -95.371059 -83.230741 -136.015726
8.020675 9.585532 14.613125 8.020675 9.585532 14.613125 0.288446 1.197801 0.167378 -82.867230 -231.942299 -238.309111
8.178827 10.262462 14.670656 8.178827 10.262462 14.670656 0.238726 1.058635 0.024393 -82.867230 -231.942299 -238.309111
