-11.359253 -4.531859 4.278568 -11.359253 -4.531859 4.278568 0.379428 0.266741 -0.791276 773.566719 -207.937847 129.577785
-10.992354 -4.409244 3.827127 -10.992354 -4.409244 3.827127 0.843568 0.141978 -0.713529 773.566719 -207.937847 129.577785
-10.347174 -4.360151 3.422472 -10.347174 -4.360151 3.422472 1.306694 0.023889 -0.635090 770.188118 -185.693825 131.886755
-9.428202 -4.377717 3.064850 -9.428202 -4.377717 3.064850 1.750415 -0.079898 -0.557493 708.879576 -160.262357 126.769110
-8.258357 -4.449608 2.750601 -8.258357 -4.449608 2.750601 2.135734 -0.151584 -0.494292 575.518178 -78.689625 83.899728
-6.885766 -4.548117 2.465346 -6.885766 -4.548117 2.465346 2.418828 -0.165770 -0.462861 368.127464 31.403602 20.872309
-5.381285 -4.635266 2.187632 -5.381285 -4.635266 2.187632 2.574313 -0.113627 -0.469109 150.157044 142.405338 -41.698139
-3.824113 -4.672615 1.896961 -3.824113 -4.672615 1.896961 2.592189 -0.002211 -0.502626 -90.572348 228.982215 -70.026792
-2.298247 -4.629472 1.581820 -2.298247 -4.629472 1.581820 2.472120 0.151442 -0.549449 -309.655154 283.194365 -86.049307
-0.880757 -4.485307 1.236901 -0.880757 -4.485307 1.236901 2.236109 0.332977 -0.599882 -477.048117 321.922252 -82.060680
0.367190 -4.229828 0.866946 0.367190 -4.229828 0.866946 1.910628 0.514864 -0.625391 -607.891051 284.365832 -2.968280
1.401386 -3.874677 0.496894 1.401386 -3.874677 0.496894 1.532093 0.660720 -0.598588 -653.889790 201.821815 92.311609
2.205311 -3.448345 0.159170 2.205311 -3.448345 0.159170 1.151606 0.749674 -0.519143 -614.401196 94.689958 172.505105
2.791026 -2.989769 -0.114688 2.791026 -2.989769 -0.114688 0.809685 0.765127 -0.382753 -525.335600 -43.177899 282.128158
3.190709 -2.546600 -0.287968 3.190709 -2.546600 -0.287968 0.536646 0.698541 -0.185537 -384.795365 -178.776842 375.258190
3.453441 -2.167168 -0.328857 3.453441 -2.167168 -0.328857 0.355806 0.553710 0.054053 -218.002554 -303.992199 423.374850
3.639217 -1.895407 -0.220125 3.639217 -1.895407 -0.220125 0.282670 0.342587 0.308542 -25.785133 -399.752077 424.919486
3.814293 -1.764283 0.038497 3.814293 -1.764283 0.038497 0.317774 0.090371 0.548552 142.799258 -440.967598 375.116987
4.037799 -1.787988 0.429720 4.037799 -1.787988 0.429720 0.439143 -0.166977 0.746475 261.762948 -416.857181 284.626055
4.354170 -1.959336 0.919112 4.354170 -1.959336 0.919112 0.625039 -0.397732 0.868617 357.889679 -352.328629 122.512300
4.796321 -2.253427 1.451500 4.796321 -2.253427 1.451500 0.853310 -0.569291 0.887955 403.015009 -219.534661 -58.053041
5.379079 -2.624187 1.963304 5.379079 -2.624187 1.963304 1.086265 -0.649354 0.800528 373.502709 -47.339696 -233.370815
6.095142 -3.011765 2.389937 6.095142 -3.011765 2.389937 1.295733 -0.624985 0.602118 324.722359 128.569202 -427.992723
6.925519 -3.352642 2.665992 6.925519 -3.352642 2.665992 1.463005 -0.492986 0.304439 232.851585 311.426922 -564.273037
7.840250 -3.584587 2.742094 7.840250 -3.584587 2.742094 1.577789 -0.267180 -0.059089 149.760290 441.258445 -647.485189
8.808078 -3.658721 2.588828 8.808078 -3.658721 2.588828 1.638632 0.031315 -0.453903 53.050281 553.724518 -668.561289
9.795611 -3.537376 2.199242 9.795611 -3.537376 2.199242 1.644490 0.377974 -0.839560 -33.524395 601.808106 -616.961629
10.774906 -3.205385 1.592556 10.774906 -3.205385 1.592556 1.617551 0.723464 -1.169222 -56.270134 549.823613 -481.914306
11.735304 -2.676910 0.815230 11.735304 -2.676910 0.815230 1.583767 1.030501 -1.403611 -56.344967 473.634021 -299.381915
12.676044 -1.982003 -0.067303 12.676044 -1.982003 -0.067303 1.553074 1.271444 -1.515627 -45.964176 329.508132 -74.003544
13.602783 -1.171289 -0.976330 13.602783 -1.171289 -0.976330 1.541334 1.411827 -1.491678 6.831410 138.435872 153.833037
14.533330 -0.310293 -1.829678 14.533330 -0.310293 -1.829678 1.568020 1.439798 -1.329538 82.120458 -45.198684 386.634970
15.491588 0.534651 -2.546108 15.491588 0.534651 -2.546108 1.630612 1.358683 -1.039064 126.521743 -225.183691 581.611066
16.495640 1.299816 -3.056718 16.495640 1.299816 -3.056718 1.721079 1.176014 -0.649407 175.034331 -383.714736 717.244212
17.560197 1.930792 -3.314159 17.560197 1.930792 -3.314159 1.828114 0.917966 -0.203561 181.748929 -476.446086 768.911069
18.686794 2.393770 -3.299901 18.686794 2.393770 -3.299901 1.922232 0.621889 0.247739 131.976615 -510.476080 735.421167
19.860465 2.676029 -3.023160 19.860465 2.676029 -3.023160 1.984300 0.320662 0.667598 74.916923 -493.615200 664.108438
21.064530 2.779575 -2.503062 21.064530 2.779575 -2.503062 2.029250 0.024493 1.066063 74.916923 -493.615200 664.108438
