0.499481 -4.568565 7.869579 0.499481 -4.568565 7.869579 0.684449 0.701617 0.800179 -653.739929 69.675430 -676.445587
0.792477 -4.135053 8.227926 0.792477 -4.135053 8.227926 0.292205 0.743422 0.394311 -653.739929 69.675430 -676.445587
0.851184 -3.683410 8.348568 0.851184 -3.683410 8.348568 -0.094757 0.750470 0.017524 -636.133561 -46.183532 -579.511220
0.686096 -3.249864 8.266651 0.686096 -3.249864 8.266651 -0.445086 0.680645 -0.270782 -531.630219 -186.566233 -381.509048
0.331865 -2.881967 8.048018 0.331865 -2.881967 8.048018 -0.721490 0.534163 -0.437148 -389.716781 -301.705833 -173.044131
-0.160090 -2.620667 7.767282 -0.160090 -2.620667 7.767282 -0.899879 0.328688 -0.477472 -204.914163 -383.210833 38.631286
-0.725660 -2.493712 7.499169 -0.725660 -2.493712 7.499169 -0.966619 0.092361 -0.397214 -17.551175 -404.547989 228.892475
-1.298746 -2.508719 7.310564 -1.298746 -2.508719 7.310564 -0.926926 -0.138393 -0.217263 149.862234 -364.630221 370.945080
-1.819930 -2.653058 7.253099 -1.819930 -2.653058 7.253099 -0.797030 -0.335519 0.035919 283.123337 -292.456392 472.996628
-2.241533 -2.899697 7.361646 -2.241533 -2.899697 7.361646 -0.598887 -0.474423 0.328996 377.352995 -170.558649 503.925015
-2.530856 -3.204712 7.647641 -2.530856 -3.204712 7.647641 -0.362051 -0.525062 0.620806 412.101911 1.762622 468.774001
-2.674221 -3.508180 8.099514 -2.674221 -3.508180 8.099514 -0.116351 -0.467743 0.877125 406.896209 189.301905 385.623339
-2.674194 -3.745744 8.688645 -2.674194 -3.745744 8.688645 0.110767 -0.309123 1.075716 350.163776 339.431945 276.347158
-2.550553 -3.861923 9.376133 -2.550553 -3.861923 9.376133 0.291623 -0.064480 1.203102 252.692095 476.044236 148.274003
-2.334656 -3.810390 10.116164 -2.334656 -3.810390 10.116164 0.420432 0.243810 1.249469 176.668128 551.587296 6.281891
-2.056327 -3.563135 10.859860 -2.056327 -3.563135 10.859860 0.497781 0.583178 1.217659 81.163821 579.640299 -112.315948
-1.747403 -3.112402 11.566173 -1.747403 -3.112402 11.566173 0.524706 0.913420 1.129944 8.585176 521.165483 -180.065875
-1.433483 -2.476693 12.209015 -1.433483 -2.476693 12.209015 0.517617 1.195353 1.008339 -32.213748 418.612732 -225.286522
-1.127779 -1.693698 12.773727 -1.127779 -1.693698 12.773727 0.502946 1.398683 0.874467 -16.688746 259.152316 -220.952422
-0.827112 -0.819445 13.260820 -0.827112 -0.819445 13.260820 0.502451 1.496154 0.752821 15.037106 65.752607 -184.533806
-0.520943 0.079112 13.682988 -0.520943 0.079112 13.682988 0.521433 1.480752 0.660558 48.234762 -117.093190 -123.008151
-0.195249 0.935535 14.060652 -0.195249 0.935535 14.060652 0.571133 1.355740 0.604104 117.433702 -299.613289 -65.173952
0.172666 1.686336 14.414099 0.172666 1.686336 14.414099 0.662080 1.132409 0.578581 185.723107 -444.825195 -19.902516
0.606321 2.281241 14.760924 0.606321 2.281241 14.760924 0.788396 0.843153 0.582933 235.329577 -519.358929 34.410065
1.121685 2.692669 15.116314 1.121685 2.692669 15.116314 0.929430 0.526642 0.600761 234.782502 -535.677210 25.014570
1.719115 2.913772 15.478683 1.719115 2.913772 15.478683 1.057856 0.212932 0.602820 193.306601 -510.025090 -18.150146
2.385207 2.956409 15.834251 2.385207 2.956409 15.834251 1.156756 -0.059669 0.577642 136.357863 -398.643094 -65.774652
3.097653 2.858338 16.163138 3.097653 2.858338 16.163138 1.207812 -0.251424 0.508885 33.831361 -240.539773 -163.417603
3.819220 2.674057 16.432974 3.819220 2.674057 16.432974 1.182059 -0.346398 0.380435 -119.677490 -76.042234 -264.749751
4.499853 2.461465 16.609084 4.499853 2.461465 16.609084 1.074953 -0.347349 0.199109 -237.342447 72.872306 -339.667942
5.095072 2.275173 16.662856 5.095072 2.275173 16.662856 0.897389 -0.258623 -0.027462 -354.536843 222.882073 -415.567766
5.563882 2.167877 16.570245 5.563882 2.167877 16.570245 0.655635 -0.086102 -0.283458 -451.309006 352.186229 -437.752862
5.873641 2.182424 16.324466 5.873641 2.182424 16.324466 0.372919 0.139286 -0.530657 -491.076437 399.107310 -386.246209
6.010155 2.337385 15.939228 6.010155 2.337385 15.939228 0.084051 0.376500 -0.749000 -471.818398 391.608194 -341.562812
5.975658 2.633775 15.428347 5.975658 2.633775 15.428347 -0.199040 0.611465 -0.953938 -471.818398 391.608194 -341.562812
