9.932039 0.312049 5.168495 9.932039 0.312049 5.168495 1.801326 0.038283 1.010131 -540.497058 429.974947 2.897663
10.915545 0.412415 5.775095 10.915545 0.412415 5.775095 1.477027 0.296268 1.011870 -540.497058 429.974947 2.897663
11.700355 0.666318 6.384645 11.700355 0.666318 6.384645 1.132144 0.547992 1.023142 -609.115574 409.104820 34.677513
12.267157 1.063550 7.004350 12.267157 1.063550 7.004350 0.752458 0.767445 1.041839 -656.503613 322.407436 27.645725
12.602335 1.575243 7.630489 12.602335 1.575243 7.630489 0.367926 0.926850 1.038722 -625.268325 208.940719 -38.036839
12.717248 2.159573 8.243238 12.717248 2.159573 8.243238 0.026292 1.005270 0.997716 -513.513529 52.460249 -98.649208
12.650454 2.764318 8.817985 12.650454 2.764318 8.817985 -0.232500 0.997445 0.907893 -349.126346 -78.544412 -200.760084
12.459999 3.342372 9.321216 12.459999 3.342372 9.321216 -0.382538 0.918947 0.760600 -150.999458 -183.113264 -290.216116
12.216743 3.856372 9.722095 12.216743 3.856372 9.722095 -0.405903 0.787036 0.570256 73.115360 -256.591917 -344.263776
12.000049 4.280333 9.999495 12.000049 4.280333 9.999495 -0.293599 0.622715 0.349768 301.232701 -291.145580 -390.696442
11.889439 4.602799 10.140095 11.889439 4.602799 10.140095 -0.056222 0.454242 0.120674 490.024277 -270.430223 -372.950068
11.952556 4.829357 10.148573 11.952556 4.829357 10.148573 0.281019 0.305434 -0.087073 634.110609 -225.597155 -319.542036
12.238932 4.978618 10.045639 12.238932 4.978618 10.045639 0.679612 0.203118 -0.244664 694.533800 -115.453904 -205.758896
12.771005 5.085974 9.870758 12.771005 5.085974 9.870758 1.092779 0.165180 -0.323349 682.690086 -11.006767 -56.525159
13.545543 5.188771 9.676719 13.545543 5.188771 9.676719 1.482322 0.186928 -0.306540 615.783876 83.499299 112.553382
14.536192 5.321098 9.523605 14.536192 5.321098 9.523605 1.803869 0.262728 -0.186256 456.039691 169.168769 288.395214
15.688357 5.511574 9.473012 15.688357 5.511574 9.473012 2.016278 0.376171 0.033031 251.991537 208.975059 442.561756
16.929821 5.774417 9.580096 16.929821 5.774417 9.580096 2.099166 0.499183 0.336587 24.303270 201.064024 569.289170
18.180214 6.107761 9.887797 18.180214 6.107761 9.887797 2.046339 0.608034 0.694548 -200.395100 161.771220 623.915241
19.360499 6.496763 10.414898 19.360499 6.496763 10.414898 1.868866 0.680411 1.059235 -391.181835 79.486438 591.707270
20.401921 6.912706 11.152685 20.401921 6.912706 11.152685 1.586734 0.695043 1.392950 -549.258798 -30.712407 520.677389
21.249008 7.316667 12.073938 21.249008 7.316667 12.073938 1.226746 0.638934 1.664162 -650.698497 -156.320042 383.363493
21.867348 7.664711 13.128895 21.867348 7.664711 13.128895 0.833414 0.509250 1.831452 -660.410829 -275.959949 174.269056
22.250127 7.916125 14.244850 22.250127 7.916125 14.244850 0.445194 0.321361 1.864589 -633.652891 -350.336292 -63.814277
22.409033 8.043202 15.339222 22.409033 8.043202 15.339222 0.094237 0.097761 1.761831 -536.206654 -394.995517 -278.711048
22.378277 8.030145 16.332428 22.378277 8.030145 16.332428 -0.181392 -0.142307 1.525979 -382.555621 -405.230811 -507.460549
22.209760 7.876080 17.147023 22.209760 7.876080 17.147023 -0.365035 -0.364142 1.173253 -229.588724 -334.219142 -668.294045
21.959701 7.605739 17.725829 21.959701 7.605739 17.725829 -0.451345 -0.523158 0.748015 -58.108866 -195.834101 -749.166670
21.686369 7.263518 18.037706 21.686369 7.263518 18.037706 -0.446542 -0.606039 0.288106 74.117514 -80.436704 -783.864000
21.431785 6.885416 18.069474 21.431785 6.885416 18.069474 -0.402072 -0.654301 -0.182213 74.117514 -80.436704 -783.864000
