4.772281 -4.202608 11.033121 4.772281 -4.202608 11.033121 2.032128 0.395926 0.228276 247.651579 229.777964 -684.976715
6.036135 -3.923692 11.046791 6.036135 -3.923692 11.046791 2.180719 0.533793 -0.182710 247.651579 229.777964 -684.976715
7.379728 -3.565395 10.821486 7.379728 -3.565395 10.821486 2.282231 0.654964 -0.555610 90.722456 174.123824 -558.022056
8.752290 -3.147614 10.397860 8.752290 -3.147614 10.397860 2.271132 0.726743 -0.839503 -127.720760 65.141295 -388.289792
10.082337 -2.706030 9.833936 10.082337 -2.706030 9.833936 2.146285 0.734891 -1.024127 -288.436750 -37.982098 -227.122977
11.312331 -2.278951 9.189916 11.312331 -2.278951 9.189916 1.943932 0.677007 -1.103710 -386.070463 -154.963542 -38.152440
12.405038 -1.907792 8.531274 12.405038 -1.907792 8.531274 1.691492 0.548272 -1.074344 -455.399251 -274.152127 136.038061
13.337319 -1.631609 7.918646 13.337319 -1.631609 7.918646 1.415042 0.366616 -0.955263 -466.098787 -331.369732 260.899296
14.104987 -1.472378 7.396781 14.104987 -1.472378 7.396781 1.148088 0.162333 -0.777070 -423.747092 -349.573670 333.076086
14.722796 -1.436227 6.993391 14.722796 -1.436227 6.993391 0.919989 -0.039039 -0.562731 -336.584392 -321.665961 381.387270
15.220567 -1.512109 6.722052 15.220567 -1.512109 6.722052 0.749854 -0.204833 -0.345649 -230.531636 -230.979117 342.220122
15.634620 -1.668765 6.571574 15.634620 -1.668765 6.571574 0.639715 -0.304322 -0.163757 -136.598791 -100.651288 264.085731
15.998821 -1.861203 6.516263 15.998821 -1.861203 6.516263 0.582555 -0.323348 -0.028264 -53.935002 37.228812 187.559119
16.338646 -2.048510 6.533066 16.338646 -2.048510 6.533066 0.550194 -0.301011 0.084272 -53.935002 37.228812 187.559119
