6.017113 -3.889716 10.724790 6.017113 -3.889716 10.724790 1.852054 0.316040 0.653020 -697.602319 -71.047547 -527.071653
7.002777 -3.712881 11.021729 7.002777 -3.712881 11.021729 1.433492 0.273411 0.336777 -697.602319 -71.047547 -527.071653
7.737031 -3.567233 11.134495 7.737031 -3.567233 11.134495 1.013566 0.202728 0.048399 -702.151323 -164.563756 -434.187063
8.221676 -3.480984 11.095181 8.221676 -3.480984 11.095181 0.606742 0.075159 -0.163111 -653.928363 -260.666529 -270.845888
8.475233 -3.485783 10.957967 8.475233 -3.485783 10.957967 0.250477 -0.096114 -0.278592 -533.623430 -310.241881 -114.091455
8.540395 -3.598974 10.778347 8.540395 -3.598974 10.778347 -0.015057 -0.280655 -0.306692 -351.488500 -304.895566 20.425891
8.481668 -3.819268 10.604353 8.481668 -3.819268 10.604353 -0.158074 -0.448690 -0.262712 -125.235637 -255.221342 126.172816
8.378657 -4.128829 10.473616 8.378657 -4.128829 10.473616 -0.161334 -0.573861 -0.166112 114.370723 -162.016216 195.826469
8.315833 -4.494211 10.410372 8.315833 -4.494211 10.410372 -0.025762 -0.630583 -0.042742 337.534081 -27.057440 215.408708
8.372126 -4.867751 10.422049 8.372126 -4.867751 10.422049 0.231727 -0.598413 0.079246 520.762269 134.292757 191.216686
8.612051 -5.193572 10.501293 8.612051 -5.193572 10.501293 0.579944 -0.472568 0.180363 639.961479 285.188726 145.840070
9.078856 -5.417948 10.631543 9.078856 -5.417948 10.631543 0.982147 -0.262304 0.246772 700.715034 415.693010 75.525379
9.792873 -5.494923 10.788224 9.792873 -5.494923 10.788224 1.395577 0.015026 0.267199 677.385426 508.737751 -7.435825
10.745734 -5.393173 10.943803 10.745734 -5.393173 10.943803 1.769939 0.326079 0.245729 570.489480 528.107453 -64.132652
11.901423 -5.104278 11.078887 11.901423 -5.104278 11.078887 2.067417 0.633882 0.203204 421.103120 497.901785 -77.616825
13.206550 -4.639179 11.186804 13.206550 -4.639179 11.186804 2.264473 0.908363 0.156463 235.750028 417.036916 -78.187925
14.594471 -4.027495 11.267681 14.594471 -4.027495 11.267681 2.339931 1.116583 0.114915 15.777491 277.027730 -60.303687
15.988761 -3.318957 11.329789 15.988761 -3.318957 11.329789 2.286855 1.226414 0.098801 -192.699484 89.075747 6.589290
17.316791 -2.577877 11.395408 17.316791 -2.577877 11.395408 2.124248 1.225848 0.128518 -349.321322 -90.961273 92.468316
18.521023 -1.869992 11.493673 18.521023 -1.869992 11.493673 1.877463 1.115017 0.206550 -473.296698 -278.477136 167.637013
19.557344 -1.260013 11.652243 19.557344 -1.260013 11.652243 1.568669 0.903405 0.329459 -556.018333 -426.894486 242.061089
20.399544 -0.800395 11.895633 20.399544 -0.800395 11.895633 1.240468 0.619350 0.485411 -537.983941 -519.956225 277.780386
21.048975 -0.524119 12.236019 21.048975 -0.524119 12.236019 0.927613 0.298667 0.647774 -504.864836 -548.987356 263.429647
21.520814 -0.442245 12.668878 21.520814 -0.442245 12.668878 0.655426 -0.023268 0.789718 -402.424881 -524.130374 209.713790
21.849139 -0.544695 13.174215 21.849139 -0.544695 13.174215 0.451501 -0.308476 0.884336 -277.327302 -426.562710 105.680829
22.076737 -0.796971 13.715801 22.076737 -0.796971 13.715801 0.318185 -0.516456 0.907554 -167.058045 -266.703028 -28.288652
22.244805 -1.144565 14.245953 22.244805 -1.144565 14.245953 0.254091 -0.625047 0.844139 -46.587896 -95.265467 -183.092605
22.394628 -1.526424 14.708722 22.394628 -1.526424 14.708722 0.254907 -0.630621 0.680492 49.306195 76.682995 -362.398776
22.559089 -1.879887 15.043044 22.559089 -1.879887 15.043044 0.297701 -0.529082 0.419349 93.342744 261.782940 -508.076860
22.755460 -2.141948 15.197505 22.755460 -2.141948 15.197505 0.358447 -0.330674 0.086030 109.141776 399.575063 -602.986684
22.988451 -2.263507 15.136908 22.988451 -2.263507 15.136908 0.415322 -0.066319 -0.294150 80.441520 481.608843 -664.281535
23.249363 -2.215266 14.841247 23.249363 -2.215266 14.841247 0.449781 0.229362 -0.690720 34.423072 503.993619 -657.616635
23.522262 -1.989197 14.313965 23.522262 -1.989197 14.313965 0.454607 0.520421 -1.057682 -18.338235 466.205230 -565.591853
23.787429 -1.597875 13.586699 23.787429 -1.597875 13.586699 0.422124 0.775903 -1.351287 -89.936557 385.399776 -413.090850
24.022590 -1.071645 12.714891 24.022590 -1.071645 12.714891 0.358534 0.963724 -1.532541 -122.030703 240.671434 -191.086761
24.215314 -0.457805 11.772032 24.215314 -0.457805 11.772032 0.283162 1.069552 -1.591887 -129.208260 112.087083 -6.733647
24.361954 0.204102 10.815688 24.361954 0.204102 10.815688 0.205637 1.136804 -1.595927 -129.208260 112.087083 -6.733647
