-10.344157 -4.004296 6.255264 -10.344157 -4.004296 6.255264 0.206552 -0.557798 -0.404045 119.380052 221.013970 619.424473
-10.198737 -4.299193 6.124333 -10.198737 -4.299193 6.124333 0.278180 -0.425190 -0.032390 119.380052 221.013970 619.424473
-10.005389 -4.511922 6.219676 -10.005389 -4.511922 6.219676 0.374567 -0.279570 0.355667 201.908489 264.385910 674.099915
-9.738257 -4.630968 6.553689 -9.738257 -4.630968 6.553689 0.525955 -0.115404 0.756500 302.720059 282.834986 662.009644
-9.362580 -4.650105 7.120154 -9.362580 -4.650105 7.120154 0.735655 0.050269 1.120724 396.280018 269.407344 552.069080
-8.846887 -4.575560 7.883091 -8.846887 -4.575560 7.883091 0.988273 0.191365 1.407614 445.777857 200.912386 404.232663
-8.173994 -4.431781 8.788898 -8.173994 -4.431781 8.788898 1.254185 0.275891 1.592539 440.596052 80.843116 212.184999
-7.344966 -4.257841 9.769585 -7.344966 -4.257841 9.769585 1.504594 0.293668 1.654703 394.100204 -21.588362 -4.974364
-6.377100 -4.089743 10.750495 -6.377100 -4.089743 10.750495 1.711912 0.259631 1.596634 296.961690 -91.869158 -188.589170
-5.305211 -3.956130 11.664266 -5.305211 -3.956130 11.664266 1.846532 0.176364 1.432164 151.770882 -185.686130 -359.641830
-4.180449 -3.886082 12.452439 -4.180449 -3.886082 12.452439 1.885212 0.053216 1.184432 -22.836489 -224.806058 -466.133870
-3.065004 -3.892709 13.076002 -3.065004 -3.892709 13.076002 1.813654 -0.072125 0.888790 -215.691651 -192.999514 -519.339270
-2.025878 -3.967527 13.515725 -2.025878 -3.967527 13.515725 1.633027 -0.171938 0.576842 -386.399198 -139.708743 -520.485757
-1.124619 -4.090569 13.771011 -1.124619 -4.090569 13.771011 1.356161 -0.229426 0.278891 -536.487506 -51.919147 -472.684295
-0.412502 -4.229994 13.859164 -0.412502 -4.229994 13.859164 1.009212 -0.222697 0.024785 -620.007967 74.349970 -374.335559
0.080714 -4.342751 13.814137 0.080714 -4.342751 13.814137 0.633655 -0.140692 -0.162404 -631.849017 198.998570 -249.627902
0.349567 -4.385581 13.678546 0.349567 -4.385581 13.678546 0.266513 0.007532 -0.278259 -591.958734 295.082546 -136.554058
0.409948 -4.323324 13.493372 0.409948 -4.323324 13.493372 -0.053533 0.207696 -0.328388 -474.860268 372.129562 -30.543317
0.304197 -4.128343 13.295769 0.304197 -4.128343 13.295769 -0.279233 0.447876 -0.322077 -277.471387 428.471863 51.579658
0.100281 -3.784621 13.114519 0.100281 -3.784621 13.114519 -0.377874 0.694315 -0.277568 -51.334876 392.992550 96.782018
-0.122714 -3.301994 12.964568 -0.122714 -3.301994 12.964568 -0.343824 0.906609 -0.223651 164.837254 314.652793 82.940934
-0.285860 -2.708882 12.843697 -0.285860 -2.708882 12.843697 -0.177534 1.057946 -0.181938 389.461380 189.802568 56.103618
-0.310020 -2.049347 12.742216 -0.310020 -2.049347 12.742216 0.117432 1.124841 -0.160358 593.759487 33.182041 15.831080
-0.125183 -1.377601 12.644594 -0.125183 -1.377601 12.644594 0.511193 1.099096 -0.172144 718.777513 -118.997044 -55.119824
0.313762 -0.749309 12.528406 0.313762 -0.749309 12.528406 0.956701 0.978962 -0.220116 766.248696 -281.450665 -104.786543
1.025008 -0.221150 12.375443 1.025008 -0.221150 12.375443 1.412955 0.767309 -0.293146 754.597846 -424.060389 -138.645220
2.002747 0.157606 12.175151 2.002747 0.157606 12.175151 1.836407 0.486378 -0.373573 656.908208 -512.374870 -129.446700
3.212035 0.357558 11.929863 3.212035 0.357558 11.929863 2.176552 0.180715 -0.440462 476.909307 -506.501998 -93.515592
4.595047 0.376686 11.652494 4.595047 0.376686 11.652494 2.418882 -0.113839 -0.477867 330.856288 -475.345217 -31.166981
6.105930 0.222820 11.360163 6.105930 0.222820 11.360163 2.617396 -0.399046 -0.496567 330.856288 -475.345217 -31.166981
