-8.860526 -2.694033 5.507945 -8.860526 -2.694033 5.507945 0.069417 -0.672098 0.546589 333.509202 -309.124842 24.854467
-8.758844 -3.152934 5.840372 -8.758844 -3.152934 5.840372 0.269522 -0.857573 0.561502 333.509202 -309.124842 24.854467
-8.534742 -3.714047 6.175201 -8.534742 -3.714047 6.175201 0.481412 -0.997682 0.543682 372.789972 -157.904756 -84.253788
-8.179595 -4.328237 6.476979 -8.179595 -4.328237 6.476979 0.701073 -1.028214 0.446804 359.412548 56.128964 -238.673710
-7.697626 -4.924340 6.693153 -7.697626 -4.924340 6.693153 0.899876 -0.940922 0.258866 303.263578 234.844992 -387.786376
-7.107227 -5.436616 6.771622 -7.107227 -5.436616 6.771622 1.061266 -0.749989 -0.009050 234.702700 401.600056 -505.265581
-6.433008 -5.807585 6.670963 -6.433008 -5.807585 6.670963 1.178155 -0.475351 -0.333615 154.930331 513.859451 -576.618056
-5.703078 -5.996546 6.365775 -5.703078 -5.996546 6.365775 1.246860 -0.148259 -0.685723 74.084010 576.445573 -597.074964
-4.945101 -5.982451 5.849853 -4.945101 -5.982451 5.849853 1.273938 0.194060 -1.029044 16.178165 564.618901 -547.328376
-4.180078 -5.769527 5.141536 -4.180078 -5.769527 5.141536 1.272387 0.507113 -1.319297 -21.348212 478.890677 -420.182191
-3.419975 -5.385895 4.283872 -3.419975 -5.385895 4.283872 1.262143 0.760271 -1.523671 -12.799580 364.968822 -261.064190
-2.661828 -4.873306 3.334564 -2.661828 -4.873306 3.334564 1.270287 0.932911 -1.620879 39.946486 210.499435 -62.962774
-1.889882 -4.286244 2.364927 -1.889882 -4.286244 2.364927 1.307172 1.006339 -1.587539 83.003393 34.260664 174.095849
-1.085826 -3.685945 1.456269 -1.085826 -3.685945 1.456269 1.381037 0.978537 -1.420441 163.212375 -126.935495 382.898415
-0.223911 -3.130371 0.684004 -0.223911 -3.130371 0.684004 1.498535 0.858878 -1.135310 228.447145 -271.927521 567.537512
0.718597 -2.668199 0.112673 0.718597 -2.668199 0.112673 1.646940 0.674685 -0.756294 266.237785 -342.048553 695.849132
1.754180 -2.326824 -0.212575 1.754180 -2.326824 -0.212575 1.804162 0.460115 -0.322408 257.835498 -373.184389 750.438825
2.881588 -2.117609 -0.271633 2.881588 -2.117609 -0.271633 1.951365 0.237803 0.124394 232.840822 -367.856670 738.901354
4.088794 -2.036671 -0.070716 4.088794 -2.036671 -0.070716 2.063449 0.039439 0.534124 140.771386 -293.357619 626.863492
5.345223 -2.059140 0.353175 5.345223 -2.059140 0.353175 2.113016 -0.103210 0.863150 24.453658 -182.138892 469.891161
6.609030 -2.145967 0.943915 6.609030 -2.145967 0.943915 2.085667 -0.173074 1.086434 -115.617950 -50.739232 274.387472
7.830058 -2.251552 1.630670 7.830058 -2.251552 1.630670 1.968491 -0.166556 1.178590 -274.967236 72.464503 32.799900
8.953837 -2.332722 2.329728 8.953837 -2.332722 2.329728 1.764404 -0.094479 1.128271 -405.324078 167.794138 -200.530146
9.932225 -2.355072 2.959239 9.932225 -2.355072 2.959239 1.484729 0.026869 0.951174 -526.926092 236.699198 -389.791627
10.725738 -2.294935 3.451958 10.725738 -2.294935 3.451958 1.156183 0.175939 0.678181 -568.227182 260.198440 -520.186796
11.317167 -2.142536 3.765233 11.317167 -2.142536 3.765233 0.815247 0.332058 0.366069 -568.227182 260.198440 -520.186796
