3.675460 -5.747476 -7.370178 3.675460 -5.747476 -7.370178 0.699252 1.053825 0.427996 -429.555258 52.372223 148.816567
4.017691 -5.105754 -7.086594 4.017691 -5.105754 -7.086594 0.441519 1.085248 0.517286 -429.555258 52.372223 148.816567
4.207915 -4.453675 -6.756100 4.207915 -4.453675 -6.756100 0.196950 1.074186 0.573253 -385.675241 -89.247388 37.738520
4.260561 -3.834826 -6.412144 4.260561 -3.834826 -6.412144 -0.014971 0.972646 0.561951 -320.727673 -249.218741 -75.412509
4.199660 -3.301082 -6.092797 4.199660 -3.301082 -6.092797 -0.178341 0.798197 0.495460 -223.837720 -332.276480 -146.222462
4.058949 -2.883445 -5.822964 4.058949 -2.883445 -5.822964 -0.279725 0.591473 0.402111 -114.108815 -356.805122 -164.941048
3.876083 -2.592554 -5.610001 3.876083 -2.592554 -5.610001 -0.320649 0.378550 0.310074 -22.305539 -352.935467 -141.849002
3.683293 -2.425348 -5.446974 3.683293 -2.425348 -5.446974 -0.315957 0.184811 0.237541 37.943750 -292.864176 -99.926376
3.503842 -2.360643 -5.318949 3.503842 -2.360643 -5.318949 -0.276726 0.041763 0.195022 92.825994 -183.962150 -41.804009
3.353777 -2.361758 -5.204228 3.353777 -2.361758 -5.204228 -0.224719 -0.033913 0.196100 80.531872 -68.290980 45.396206
3.232253 -2.386852 -5.076029 3.232253 -2.386852 -5.076029 -0.182341 -0.037156 0.235174 60.727348 57.482956 84.849346
3.130621 -2.392159 -4.919058 3.130621 -2.392159 -4.919058 -0.161696 0.030532 0.289056 8.090749 168.142414 94.758528
3.030874 -2.340212 -4.728032 3.030874 -2.340212 -4.728032 -0.177772 0.148230 0.348590 -61.678077 224.183490 103.689104
2.910158 -2.209682 -4.503599 2.910158 -2.209682 -4.503599 -0.229530 0.288935 0.393877 -110.848173 244.832866 47.268166
2.750917 -1.992552 -4.262926 2.750917 -1.992552 -4.262926 -0.303892 0.434332 0.401428 -137.026526 239.824471 -22.098132
2.543186 -1.691999 -4.031052 2.543186 -1.691999 -4.031052 -0.389762 0.562155 0.363145 -149.205424 186.251276 -105.513721
2.285741 -1.327653 -3.837903 2.285741 -1.327653 -3.837903 -0.462936 0.641543 0.271106 -94.706642 78.376797 -201.283367
1.995640 -0.935738 -3.716014 1.995640 -0.935738 -3.716014 -0.496226 0.652977 0.127622 -16.259885 -40.263837 -276.996470
1.700811 -0.555792 -3.692721 1.700811 -0.555792 -3.692721 -0.476816 0.605855 -0.055680 80.957185 -116.807675 -334.008045
1.429293 -0.213304 -3.786250 1.429293 -0.213304 -3.786250 -0.428242 0.535771 -0.256084 80.957185 -116.807675 -334.008045
