-8.869711 1.794022 1.173089 -8.869711 1.794022 1.173089 -0.372198 -0.248425 -0.047665 401.359072 350.630728 -65.813218
-9.020785 1.708081 1.132643 -9.020785 1.708081 1.132643 -0.131382 -0.038046 -0.087153 401.359072 350.630728 -65.813218
-9.028980 1.742744 1.072023 -9.028980 1.742744 1.072023 0.101380 0.144222 -0.109051 374.514890 256.931273 -7.180050
-8.902689 1.868459 1.008354 -8.902689 1.868459 1.008354 0.316345 0.263050 -0.098087 342.036145 139.162125 43.726628
-8.655936 2.042934 0.960691 -8.655936 2.042934 0.960691 0.498463 0.304524 -0.055259 265.022902 -0.915116 99.033654
-8.314389 2.219224 0.949514 -8.314389 2.219224 0.949514 0.631299 0.272678 0.024922 177.765088 -105.240714 168.234665
-7.908457 2.358539 0.996071 -7.908457 2.358539 0.996071 0.713734 0.182793 0.132471 97.016081 -194.376196 190.264772
-7.467737 2.429965 1.108083 -7.467737 2.429965 1.108083 0.747027 0.049855 0.238037 13.963070 -248.750346 161.620403
-7.018240 2.414226 1.277374 -7.018240 2.414226 1.277374 0.749240 -0.103779 0.321895 -6.589107 -263.360301 117.907291
-6.569557 2.307370 1.486029 -6.569557 2.307370 1.486029 0.746915 -0.247714 0.364113 -1.161147 -216.423680 22.819750
-6.120290 2.125176 1.701122 -6.120290 2.125176 1.701122 0.752851 -0.350617 0.340391 20.950730 -126.588367 -101.893711
-5.660768 1.897304 1.878980 -5.660768 1.897304 1.878980 0.785621 -0.400145 0.239077 88.281995 -38.504676 -235.819079
-5.169260 1.656855 1.973256 -5.169260 1.656855 1.973256 0.859815 -0.390403 0.063971 159.029453 70.979758 -347.869250
-4.622620 1.441350 1.942753 -4.622620 1.441350 1.942753 0.965862 -0.318013 -0.176097 194.461058 170.318542 -452.358055
-4.004092 1.284283 1.752144 -4.004092 1.284283 1.752144 1.102579 -0.200407 -0.465138 261.263224 221.702810 -511.112079
-3.294864 1.205433 1.381266 -3.294864 1.205433 1.381266 1.262603 -0.059945 -0.770781 272.148750 246.502730 -507.696059
-2.491744 1.212978 0.831743 -2.491744 1.212978 0.831743 1.408750 0.083667 -1.053747 215.007860 232.205325 -435.524592
-1.612006 1.300821 0.128020 -1.612006 1.300821 0.128020 1.516686 0.202216 -1.280461 144.779584 162.957231 -320.188023
-0.675934 1.451483 -0.697890 -0.675934 1.451483 -0.697890 1.603554 0.299990 -1.472574 144.779584 162.957231 -320.188023
