-9.990688 3.242163 0.155743 -9.990688 3.242163 0.155743 0.229061 -0.451690 1.429273 -26.127291 534.906608 -142.102499
-9.857954 3.067432 0.987728 -9.857954 3.067432 0.987728 0.213385 -0.130746 1.344011 -26.127291 534.906608 -142.102499
-9.731877 3.085339 1.769785 -9.731877 3.085339 1.769785 0.211455 0.190551 1.264897 19.693379 536.082581 -121.611830
-9.596101 3.292815 2.509214 -9.596101 3.292815 2.509214 0.250065 0.495453 1.203833 109.006152 480.258675 -81.932869
-9.418795 3.669658 3.220285 -9.418795 3.669658 3.220285 0.353696 0.749233 1.172269 236.432023 365.674615 -23.280584
-9.158138 4.175176 3.922211 -9.158138 4.175176 3.922211 0.524965 0.919420 1.172072 334.464588 201.613056 22.622011
-8.777493 4.751017 4.632432 -8.777493 4.751017 4.632432 0.752954 0.979882 1.200179 425.499348 -0.073629 71.068592
-8.244568 5.328609 5.367117 -8.244568 5.328609 5.367117 1.031068 0.928218 1.251742 501.546681 -172.136988 100.807379
-7.535202 5.845785 6.135232 -7.535202 5.845785 6.135232 1.334230 0.781086 1.306854 508.994875 -318.304424 82.898915
-6.646944 6.249421 6.930409 -6.646944 6.249421 6.930409 1.620133 0.551496 1.337308 444.012309 -446.996314 18.614316
-5.600234 6.496645 7.730904 -5.600234 6.496645 7.730904 1.860080 0.267227 1.322276 355.813007 -500.567581 -68.718894
-4.428937 6.567464 8.505861 -4.428937 6.567464 8.505861 2.029577 -0.030184 1.250848 209.176865 -490.799453 -169.376077
-3.184898 6.464220 9.219934 -3.184898 6.464220 9.219934 2.098291 -0.308615 1.119478 19.870629 -437.304798 -268.522413
-1.934413 6.207477 9.836238 -1.934413 6.207477 9.836238 2.049879 -0.535294 0.923121 -181.244245 -318.292586 -386.001162
-0.748555 5.837376 10.316367 -0.748555 5.837376 10.316367 1.883903 -0.684432 0.670207 -372.008778 -178.833746 -457.046644
0.304817 5.402318 10.635104 0.304817 5.402318 10.635104 1.610659 -0.752774 0.390384 -538.807605 -48.973661 -475.697576
1.168947 4.950846 10.784887 1.168947 4.950846 10.784887 1.260974 -0.737121 0.110860 -626.806836 101.149255 -456.049018
1.810450 4.533905 10.774322 1.810450 4.533905 10.774322 0.873606 -0.640806 -0.137731 -664.419982 219.900955 -372.585968
2.216293 4.192044 10.633052 2.216293 4.192044 10.633052 0.481329 -0.493659 -0.319115 -643.171855 270.590987 -232.026739
2.396751 3.945501 10.410316 2.396751 3.945501 10.410316 0.132588 -0.326578 -0.405843 -519.296238 286.344429 -57.066933
2.392860 3.800092 10.168400 2.392860 3.800092 10.168400 -0.128844 -0.159790 -0.380770 -352.142902 269.616916 140.644755
2.265139 3.748421 9.977081 2.265139 3.748421 9.977081 -0.275277 -0.019661 -0.237250 -135.968546 197.478351 337.753296
2.090261 3.765781 9.904786 2.090261 3.765781 9.904786 -0.283042 0.066877 0.011698 110.083811 90.983190 492.074927
1.953108 3.815666 10.007588 1.953108 3.815666 10.007588 -0.152707 0.088379 0.342992 324.369157 -19.310450 612.238910
1.932055 3.859382 10.327221 1.932055 3.859382 10.327221 0.102836 0.047615 0.728506 527.438142 -116.569670 672.805694
2.097798 3.862303 10.884722 2.097798 3.862303 10.884722 0.464815 -0.045654 1.128649 679.160904 -194.326983 661.006299
2.502609 3.798221 11.674468 2.502609 3.798221 11.674468 0.890676 -0.170804 1.493130 740.374211 -222.838827 553.928077
3.170146 3.656050 12.660178 3.170146 3.656050 12.660178 1.334221 -0.302400 1.776113 738.107912 -215.814474 389.350739
4.098888 3.438166 13.784181 4.098888 3.438166 13.784181 1.753836 -0.419876 1.950981 660.609966 -175.771595 193.542181
5.262202 3.160106 14.975228 5.262202 3.160106 14.975228 2.110717 -0.497815 1.995212 528.993755 -84.028187 -46.105093
6.612175 2.852990 16.149395 6.612175 2.852990 16.149395 2.369729 -0.514743 1.894241 334.380503 27.603947 -290.465113
8.082200 2.556545 17.221934 8.082200 2.556545 17.221934 2.510356 -0.461020 1.661349 134.376749 151.470251 -485.842633
9.601294 2.313088 18.121884 9.601294 2.313088 18.121884 2.534441 -0.340683 1.322807 -54.096118 249.653093 -642.629945
11.101200 2.157424 18.793707 11.101200 2.157424 18.793707 2.446880 -0.171847 0.906289 -237.773605 313.133805 -745.765374
12.518510 2.112576 19.201474 12.518510 2.112576 19.201474 2.264123 0.025511 0.449988 -371.416833 344.728406 -775.235518
13.805692 2.188513 19.336035 13.805692 2.188513 19.336035 2.019090 0.225244 0.005396 -445.357165 321.048976 -706.738552
14.935410 2.377151 19.219531 14.935410 2.377151 19.219531 1.744015 0.396387 -0.381290 -471.560644 249.425256 -582.217011
15.899755 2.652707 18.896320 15.899755 2.652707 18.896320 1.475162 0.510180 -0.678807 -424.615530 129.886733 -409.505595
16.712984 2.972938 18.426665 16.712984 2.972938 18.426665 1.243204 0.541827 -0.867811 -348.577764 -24.398141 -220.507906
17.402596 3.284249 17.878411 17.402596 3.284249 17.878411 1.066228 0.480221 -0.939491 -241.343260 -180.956098 -18.424357
18.006269 3.531520 17.322842 18.006269 3.531520 17.322842 0.958312 0.330201 -0.893338 -118.376134 -319.108087 172.266682
18.565721 3.665639 16.826355 18.565721 3.665639 16.826355 0.916147 0.105923 -0.747436 -22.175781 -428.487942 314.074309
19.116208 3.648404 16.440662 19.116208 3.648404 16.440662 0.926797 -0.169475 -0.527817 57.676194 -489.504664 417.988282
19.686176 3.457907 16.200172 19.686176 3.457907 16.200172 0.978942 -0.466683 -0.272211 116.140377 -501.187149 434.033508
20.294925 3.090879 16.113482 20.294925 3.090879 16.113482 1.051022 -0.751415 -0.019240 124.127329 -447.921192 409.200523
20.946296 2.567463 16.172107 20.946296 2.567463 16.172107 1.117574 -0.979874 0.208846 97.712071 -313.606593 351.087461
21.631175 1.934008 16.353435 21.631175 1.934008 16.353435 1.159934 -1.113448 0.383625 43.487340 -131.641716 231.508257
22.331760 1.251352 16.618528 22.331760 1.251352 16.618528 1.170013 -1.146889 0.488763 -9.889539 20.171205 118.953682
23.031988 0.566849 16.933198 23.031988 0.566849 16.933198 1.164079 -1.134786 0.560135 -9.889539 20.171205 118.953682
