-3.856781 -1.141401 -8.601128 -3.856781 -1.141401 -8.601128 0.623392 0.794315 -0.033640 174.504783 -6.833435 8.655566
-3.451335 -0.666042 -8.619754 -3.451335 -0.666042 -8.619754 0.728094 0.790215 -0.028447 174.504783 -6.833435 8.655566
-2.988979 -0.203150 -8.635715 -2.988979 -0.203150 -8.635715 0.803241 0.736076 -0.025510 75.984062 -173.628750 1.135659
-2.500251 0.196659 -8.652005 -2.500251 0.196659 -8.652005 0.814361 0.578981 -0.030771 -38.917867 -350.024428 -18.675089
-2.027320 0.473649 -8.671104 -2.027320 0.473649 -8.671104 0.747606 0.331995 -0.028351 -183.597462 -473.260084 26.744760
-1.619681 0.582657 -8.677464 -1.619681 0.582657 -8.677464 0.598065 0.023031 0.016879 -314.874440 -556.621320 124.020384
-1.324512 0.495454 -8.641211 -1.324512 0.495454 -8.641211 0.374177 -0.315089 0.110299 -431.418963 -570.443766 187.378214
-1.183204 0.208165 -8.534724 -1.183204 0.208165 -8.534724 0.087612 -0.635137 0.255628 -523.796240 -496.383460 297.054566
-1.225179 -0.254033 -8.324361 -1.225179 -0.254033 -8.324361 -0.227963 -0.891801 0.451440 -528.122221 -359.162164 355.649720
-1.453544 -0.846236 -7.987616 -1.453544 -0.846236 -7.987616 -0.527458 -1.069666 0.674149 -470.194386 -233.721390 386.714777
-1.854654 -1.530105 -7.513518 -1.854654 -1.530105 -7.513518 -0.809575 -1.209899 0.906178 -470.194386 -233.721390 386.714777
