-5.753854 4.256234 8.987501 -5.753854 4.256234 8.987501 -0.172574 -0.278861 -0.214085 -82.555151 -422.195338 -247.362538
-5.872258 4.012922 8.814524 -5.872258 4.012922 8.814524 -0.222107 -0.532178 -0.362503 -82.555151 -422.195338 -247.362538
-6.009114 3.624660 8.553985 -6.009114 3.624660 8.553985 -0.215297 -0.750295 -0.503481 105.254407 -304.860872 -222.566777
-6.104755 3.129618 8.215947 -6.104755 3.129618 8.215947 -0.079188 -0.883161 -0.616456 348.443166 -138.027076 -154.015880
-6.079788 2.583898 7.826151 -6.079788 2.583898 7.826151 0.178680 -0.920870 -0.669865 511.118049 12.332496 -24.014264
-5.873760 2.041915 7.428049 -5.873760 2.041915 7.428049 0.519444 -0.871875 -0.643576 624.760114 150.982001 111.644846
-5.446812 1.552744 7.069580 -5.446812 1.552744 7.069580 0.908422 -0.747399 -0.538683 671.835908 263.939576 237.998377
-4.782895 1.156372 6.796982 -4.782895 1.156372 6.796982 1.301191 -0.566242 -0.357026 637.393801 339.916272 367.527072
-3.892584 0.878214 6.656145 -3.892584 0.878214 6.656145 1.657954 -0.360281 -0.100389 551.814252 346.622240 487.928615
-2.806816 0.721856 6.686160 -2.806816 0.721856 6.686160 1.947387 -0.165217 0.204472 412.961860 303.588390 528.272578
-1.573579 0.672097 6.903012 -1.573579 0.672097 6.903012 2.147522 -0.009434 0.516835 254.156870 215.689919 512.937805
-0.249351 0.699910 7.301017 -0.249351 0.699910 7.301017 2.249850 0.093223 0.802474 86.936039 126.501228 439.194936
1.106671 0.770752 7.853483 1.106671 0.770752 7.853483 2.254327 0.129816 1.025622 -72.013763 -4.527239 304.629337
2.438771 0.842221 8.512438 2.438771 0.842221 8.512438 2.173453 0.099072 1.152145 -197.566544 -97.952786 117.115576
3.702623 0.879321 9.212415 3.702623 0.879321 9.212415 2.031626 0.016743 1.160460 -275.190494 -176.476792 -89.399729
4.870519 0.855112 9.879940 4.870519 0.855112 9.879940 1.858783 -0.101585 1.043525 -300.950321 -217.950101 -300.382133
5.932535 0.755133 10.439471 5.932535 0.755133 10.439471 1.682799 -0.231344 0.800716 -285.664175 -214.577143 -508.981989
6.893633 0.580635 10.819859 6.893633 0.580635 10.819859 1.525590 -0.345427 0.453202 -238.365038 -165.701989 -649.397525
7.770491 0.348706 10.968438 7.770491 0.348706 10.968438 1.404620 -0.419081 0.031311 -164.870503 -79.811129 -756.907268
8.588861 0.089115 10.850643 8.588861 0.089115 10.850643 1.332072 -0.435847 -0.424526 -76.955817 23.924351 -762.548229
9.378343 -0.161307 10.463985 9.378343 -0.161307 10.463985 1.306356 -0.387594 -0.855473 -8.762689 136.920468 -673.943975
10.162709 -0.363530 9.835928 10.162709 -0.363530 9.835928 1.311744 -0.277001 -1.227155 26.721738 231.723901 -564.993001
10.954565 -0.488020 8.997936 10.954565 -0.488020 8.997936 1.327777 -0.137966 -1.566150 26.721738 231.723901 -564.993001
