-11.305286 -1.860801 7.868157 -11.305286 -1.860801 7.868157 1.449211 0.773891 -0.076600 649.821607 71.349465 44.117197
-10.318791 -1.383624 7.830138 -10.318791 -1.383624 7.830138 1.839104 0.816700 -0.050130 649.821607 71.349465 44.117197
-9.106398 -0.886842 7.815128 -9.106398 -0.886842 7.815128 2.188812 0.829102 0.011976 515.870772 -30.009977 162.902470
-7.713215 -0.402146 7.859588 -7.713215 -0.402146 7.859588 2.433527 0.774279 0.149473 299.847390 -152.732676 295.418023
-6.213936 0.031920 8.008127 -6.213936 0.031920 8.008127 2.539388 0.667588 0.355126 53.020256 -202.905569 390.093059
-4.693913 0.394823 8.295620 -4.693913 0.394823 8.295620 2.505435 0.540212 0.610187 -166.195463 -221.681808 460.110254
-3.231742 0.680025 8.744975 -3.231742 0.680025 8.744975 2.349843 0.412089 0.888365 -352.446065 -205.393470 467.151154
-1.894405 0.894529 9.358273 -1.894405 0.894529 9.358273 2.092733 0.309960 1.149615 -504.587619 -135.036911 403.682567
-0.735092 1.062073 10.114924 -0.735092 1.062073 10.114924 1.762478 0.258314 1.362918 -596.261040 -37.115902 307.325043
0.214874 1.216120 10.978278 0.214874 1.216120 10.978278 1.403752 0.264740 1.498742 -599.492336 58.534395 145.421449
0.953010 1.392172 11.890920 0.953010 1.392172 11.890920 1.063022 0.333219 1.522100 -536.274519 169.730813 -67.560575
1.500371 1.627633 12.779786 1.500371 1.627633 12.779786 0.771647 0.459947 1.420397 -434.975627 252.694102 -271.447967
1.893433 1.951262 13.571849 1.893433 1.951262 13.571849 0.552510 0.622443 1.200953 -295.481986 288.960200 -460.033727
2.181975 2.375700 14.199073 2.181975 2.375700 14.199073 0.426332 0.790617 0.872226 -125.111099 271.620868 -635.721713
2.425255 2.896095 14.601883 2.425255 2.896095 14.601883 0.401274 0.939254 0.460311 41.584233 223.835201 -737.327465
2.681422 3.494488 14.743215 2.681422 3.494488 14.743215 0.465811 1.046306 0.007238 173.539970 133.004013 -772.918929
2.997741 4.137863 14.610773 2.997741 4.137863 14.610773 0.597910 1.084360 -0.444807 266.789558 -6.156739 -733.895938
3.407386 4.778646 14.218535 3.407386 4.778646 14.218535 0.772371 1.037041 -0.851411 314.746632 -151.573796 -621.450864
3.928166 5.365884 13.606514 3.928166 5.365884 13.606514 0.964734 0.907581 -1.170847 326.463415 -279.960708 -443.335542
4.563523 5.852735 12.837259 4.563523 5.852735 12.837259 1.149381 0.703082 -1.371579 289.029763 -401.700754 -225.772455
5.300567 6.197375 11.987721 5.300567 6.197375 11.987721 1.299747 0.437548 -1.436803 212.190223 -483.414729 8.361067
6.114052 6.372975 11.141176 6.114052 6.372975 11.141176 1.404273 0.147925 -1.361627 136.229668 -481.993385 242.223544
6.976207 6.377974 10.379417 6.976207 6.377974 10.379417 1.461359 -0.126258 -1.158206 54.055809 -431.950779 435.848969
7.858855 6.230328 9.771697 7.858855 6.230328 9.771697 1.474305 -0.356126 -0.852946 -10.901430 -334.276037 581.683214
8.740035 5.965192 9.368882 8.740035 5.965192 9.368882 1.460559 -0.513143 -0.482684 -34.919202 -189.114155 652.522786
9.610045 5.633449 9.196755 9.610045 5.633449 9.196755 1.439406 -0.575695 -0.091026 -35.593085 -19.392230 653.005609
10.468414 5.295520 9.255878 10.468414 5.295520 9.255878 1.423711 -0.532441 0.281765 -16.720680 163.573873 589.628725
11.323443 5.016675 9.523473 11.323443 5.016675 9.523473 1.432739 -0.378413 0.597558 46.813543 349.851889 463.015043
12.196235 4.860041 9.954571 12.196235 4.860041 9.954571 1.484436 -0.131300 0.821470 125.509688 473.858605 283.359110
13.112647 4.869872 10.486651 13.112647 4.869872 10.486651 1.575536 0.169598 0.932453 178.156183 529.135380 86.582686
14.093375 5.068140 11.051455 14.093375 5.068140 11.051455 1.699121 0.493401 0.933138 233.795520 550.204983 -84.297618
15.156435 5.459906 11.586700 15.156435 5.459906 11.586700 1.846918 0.806966 0.835240 258.858311 495.011808 -242.028172
16.309325 6.025254 12.036492 16.309325 6.025254 12.036492 1.992957 1.064305 0.651086 227.940539 362.786405 -371.820587
17.541515 6.719856 12.356860 17.541515 6.719856 12.356860 2.106657 1.235564 0.411216 151.056915 208.077848 -427.746532
18.826012 7.487816 12.526177 18.826012 7.487816 12.526177 2.163855 1.306246 0.152476 39.603123 27.529221 -434.719785
20.123110 8.265012 12.541968 20.123110 8.265012 12.541968 2.145898 1.265230 -0.095580 -99.458675 -164.252111 -392.131262
21.383339 8.984029 12.418788 21.383339 8.984029 12.418788 2.039189 1.113903 -0.307102 -256.238627 -340.168946 -312.943446
22.551871 9.583456 12.183792 22.551871 9.583456 12.183792 1.841154 0.871380 -0.466890 -403.878204 -468.241796 -219.683552
23.576272 10.018011 11.870913 23.576272 10.018011 11.870913 1.560859 0.570484 -0.564712 -530.437366 -534.746349 -106.390760
24.412356 10.263952 11.517816 24.412356 10.263952 11.517816 1.217834 0.249162 -0.604143 -612.980031 -536.325797 -25.044802
25.032289 10.320076 11.154804 25.032289 10.320076 11.154804 0.847894 -0.056805 -0.599258 -620.153438 -483.565704 41.328657
25.432117 10.204649 10.805543 25.432117 10.204649 10.805543 0.489396 -0.318455 -0.560191 -574.837934 -388.600316 88.895134
25.628542 9.952674 10.484646 25.628542 9.952674 10.484646 0.175784 -0.506382 -0.510768 -470.537657 -237.820516 75.846790
25.659737 9.615969 10.189682 25.659737 9.615969 10.189682 -0.054432 -0.599417 -0.476042 -296.846795 -72.297752 39.906013
25.586594 9.252172 9.908012 25.586594 9.252172 9.908012 -0.167794 -0.598464 -0.468235 -81.027053 75.476026 -13.880720
25.485441 8.914930 9.621042 25.485441 8.914930 9.621042 -0.145869 -0.511926 -0.494218 154.108324 212.980707 -72.728822
25.436648 8.650095 9.308305 25.436648 8.650095 9.308305 0.001542 -0.364215 -0.553430 337.261881 279.391489 -124.646998
25.498280 8.481856 8.953810 25.498280 8.481856 8.953810 0.203899 -0.196580 -0.628219 337.261881 279.391489 -124.646998
