-9.739111 5.009284 -0.300848 -9.739111 5.009284 -0.300848 -0.922432 -0.926904 1.235003 336.385277 58.203773 -302.455970
-10.232021 4.463618 0.385712 -10.232021 4.463618 0.385712 -0.720601 -0.891982 1.053530 336.385277 58.203773 -302.455970
-10.593998 3.947481 0.953726 -10.593998 3.947481 0.953726 -0.469597 -0.814187 0.823752 500.293483 201.112637 -463.470819
-10.774480 3.505819 1.354992 -10.774480 3.505819 1.354992 -0.113306 -0.640267 0.497864 687.344029 378.620883 -622.820853
-10.713620 3.196771 1.538226 -10.713620 3.196771 1.538226 0.324712 -0.378295 0.107290 772.715530 494.617525 -679.091442
-10.379373 3.061632 1.481393 -10.379373 3.061632 1.481393 0.789994 -0.067488 -0.295018 778.224814 541.407106 -661.937260
-9.769085 3.118225 1.189948 -9.769085 3.118225 1.189948 1.237988 0.255516 -0.668607 715.089128 535.271451 -583.359535
-8.905959 3.363491 0.692279 -8.905959 3.363491 0.692279 1.625124 0.554721 -0.976123 575.365364 462.078217 -441.692242
-7.838123 3.771335 0.037909 -7.838123 3.771335 0.037909 1.916323 0.791152 -1.187099 395.296992 326.024625 -261.561424
-6.629118 4.293968 -0.710318 -6.629118 4.293968 -0.710318 2.093789 0.933056 -1.288465 196.254997 146.991915 -76.325960
-5.350370 4.869090 -1.486583 -5.350370 4.869090 -1.486583 2.147287 0.965400 -1.281496 -17.929123 -39.179792 99.556824
-4.076496 5.430555 -2.227883 -4.076496 5.430555 -2.227883 2.080174 0.888277 -1.173379 -205.779749 -217.898773 260.832248
-2.874514 5.914608 -2.878171 -2.874514 5.914608 -2.878171 1.911298 0.709084 -0.982928 -357.138680 -379.411172 374.004975
-1.797303 6.264875 -3.397336 -1.797303 6.264875 -3.397336 1.670600 0.446990 -0.742174 -445.187831 -494.235090 428.508073
-0.876042 6.441419 -3.765633 -0.876042 6.441419 -3.765633 1.398660 0.137014 -0.485687 -461.279573 -539.017031 426.447176
-0.118632 6.427088 -3.982944 -0.118632 6.427088 -3.982944 1.128111 -0.183979 -0.243116 -440.551708 -530.961368 382.123590
0.483163 6.225671 -4.064406 0.483163 6.225671 -4.064406 0.884920 -0.479837 -0.035711 -370.085575 -455.229885 309.228222
0.955020 5.863318 -4.036087 0.955020 5.863318 -4.036087 0.700470 -0.715521 0.120245 -244.746045 -330.383209 210.624205
1.338580 5.384050 -3.932055 1.338580 5.384050 -3.932055 0.590287 -0.866188 0.216484 -122.531031 -171.841559 110.174050
1.677442 4.842497 -3.787410 1.677442 4.842497 -3.787410 0.550493 -0.923833 0.257204 -10.116202 -20.308885 25.557428
2.012593 4.293228 -3.631316 2.012593 4.293228 -3.631316 0.577803 -0.892585 0.258393 101.151544 124.470888 -21.593636
2.381547 3.788365 -3.481386 2.381547 3.788365 -3.481386 0.658818 -0.776489 0.239342 168.896253 262.515241 -41.910558
2.808576 3.374208 -3.344449 2.808576 3.374208 -3.344449 0.766844 -0.596563 0.218573 191.192007 337.236968 -27.318106
3.302756 3.077686 -3.215696 3.302756 3.077686 -3.215696 0.879854 -0.390654 0.214817 185.508533 349.126789 14.798494
3.861918 2.904949 -3.080877 3.861918 2.904949 -3.080877 0.980448 -0.187111 0.240020 149.803862 329.348989 69.209229
4.473270 2.847712 -2.920462 4.473270 2.847712 -2.920462 1.050922 -0.010770 0.301274 85.107437 258.454856 134.970907
5.114958 2.880760 -2.712284 5.114958 2.880760 -2.712284 1.081065 0.109248 0.397851 15.370414 141.606367 186.952858
5.763501 2.964923 -2.438261 5.763501 2.964923 -2.438261 1.075974 0.159836 0.518330 -32.340029 27.018973 214.643855
6.401866 3.059674 -2.089648 6.401866 3.059674 -2.089648 1.049578 0.145977 0.642009 -55.646683 -73.213778 197.621404
7.021708 3.128277 -1.672259 7.021708 3.128277 -1.672259 1.016751 0.073022 0.743638 -53.775150 -169.971102 141.140964
7.624457 3.138124 -1.205601 7.624457 3.138124 -1.205601 0.996374 -0.045817 0.803676 -14.149367 -226.157293 58.985532
8.224467 3.070271 -0.720364 8.224467 3.070271 -0.720364 1.011547 -0.179783 0.801137 64.727361 -220.397749 -67.448667
8.848252 2.924794 -0.259801 8.848252 2.924794 -0.259801 1.076410 -0.301699 0.720771 151.480231 -185.988082 -200.437815
9.527339 2.714376 0.129734 9.527339 2.714376 0.129734 1.197169 -0.392895 0.566265 251.051529 -117.997165 -314.582524
10.296707 2.463273 0.406952 10.296707 2.463273 0.406952 1.377188 -0.434327 0.347933 349.012404 -20.111855 -413.190168
11.189095 2.206386 0.537501 11.189095 2.206386 0.537501 1.602860 -0.409747 0.080836 403.226118 102.044740 -477.132747
12.225043 1.984762 0.500762 12.225043 1.984762 0.500762 1.853051 -0.319238 -0.202227 430.743757 199.654329 -466.412536
13.412667 1.832820 0.298981 13.412667 1.832820 0.298981 2.102795 -0.181133 -0.464527 401.735368 260.693412 -407.920366
14.740614 1.773232 -0.046484 14.740614 1.773232 -0.046484 2.313627 -0.013882 -0.675896 301.038887 296.810562 -296.644002
16.174743 1.817022 -0.494311 16.174743 1.817022 -0.494311 2.453076 0.157672 -0.798346 163.791758 275.037306 -111.520402
17.666094 1.957208 -0.980974 17.666094 1.957208 -0.980974 2.501468 0.303073 -0.803168 -2.487207 209.633408 95.445345
19.155148 2.171022 -1.433879 19.155148 2.171022 -1.433879 2.443080 0.400034 -0.686823 -192.137787 113.569527 292.370681
20.574819 2.423566 -1.781727 20.574819 2.423566 -1.781727 2.269836 0.428580 -0.453302 -385.341778 -18.416715 486.033382
21.857072 2.667982 -1.956368 21.857072 2.667982 -1.956368 1.987196 0.370444 -0.112410 -556.790497 -175.369138 650.273628
22.943942 2.851722 -1.900952 22.943942 2.851722 -1.900952 1.626993 0.230425 0.306814 -643.887520 -291.362018 747.140520
23.804238 2.937532 -1.582379 23.804238 2.937532 -1.582379 1.240661 0.055608 0.755098 -643.887520 -291.362018 747.140520
