-2.047691 -1.853674 -2.138684 -2.047691 -1.853674 -2.138684 0.183597 0.138299 1.206673 -273.819643 248.003072 -324.767003
-1.986820 -1.726054 -1.473138 -1.986820 -1.726054 -1.473138 0.019306 0.287100 1.011813 -273.819643 248.003072 -324.767003
-2.014277 -1.515540 -0.928817 -2.014277 -1.515540 -0.928817 -0.093749 0.403969 0.795408 -103.029271 141.557342 -396.582153
-2.074342 -1.256913 -0.525403 -2.074342 -1.256913 -0.525403 -0.081918 0.442728 0.545228 142.464520 -12.357791 -437.350853
-2.083810 -1.001667 -0.276590 -2.083810 -1.001667 -0.276590 0.073755 0.394482 0.284814 376.447700 -148.462089 -430.694539
-1.961076 -0.797188 -0.178490 -1.961076 -0.797188 -0.178490 0.353228 0.277970 0.050080 555.128881 -239.911494 -351.754120
-1.642578 -0.676895 -0.203194 -1.642578 -0.676895 -0.203194 0.719492 0.117495 -0.118151 665.750224 -295.006125 -209.014995
-1.088297 -0.659460 -0.301770 -1.088297 -0.659460 -0.301770 1.132698 -0.059314 -0.193872 711.602329 -294.358484 -43.389376
-0.282326 -0.744247 -0.415042 -0.282326 -0.744247 -0.415042 1.550977 -0.216995 -0.165598 682.662807 -231.242356 137.635690
0.765114 -0.911097 -0.476968 0.765114 -0.911097 -0.476968 1.930448 -0.330890 -0.019724 582.238842 -148.409903 348.612799
2.019105 -1.130510 -0.416474 2.019105 -1.130510 -0.416474 2.234386 -0.390761 0.237334 430.887503 -51.157862 508.246430
3.425844 -1.367736 -0.174210 3.425844 -1.367736 -0.174210 2.435661 -0.389265 0.584178 240.031208 56.144210 647.901174
4.919303 -1.585555 0.296847 4.919303 -1.585555 0.296847 2.523963 -0.327408 0.992556 54.308318 150.044127 713.358162
6.432302 -1.751116 1.019070 6.432302 -1.751116 1.019070 2.500776 -0.218001 1.411996 -131.598977 214.647713 684.775262
7.899550 -1.841317 1.984750 7.899550 -1.841317 1.984750 2.374167 -0.079400 1.798977 -290.429515 247.353680 605.161664
9.265834 -1.845815 3.164775 9.265834 -1.845815 3.164775 2.170212 0.062109 2.120620 -389.421880 224.342911 466.981882
10.494789 -1.772774 4.508927 10.494789 -1.772774 4.508927 1.921181 0.173683 2.339426 -440.680468 147.572133 262.370073
11.568755 -1.647678 5.945763 11.568755 -1.647678 5.945763 1.659668 0.233843 2.426618 -431.028771 52.961570 28.270920
12.490105 -1.503821 7.391657 12.490105 -1.503821 7.391657 1.416723 0.235707 2.367751 -378.790541 -46.749719 -224.492884
13.276696 -1.378240 8.758849 13.276696 -1.378240 8.758849 1.213145 0.170516 2.167805 -299.800866 -170.554426 -441.995557
13.956672 -1.312435 9.970429 13.956672 -1.312435 9.970429 1.063530 0.039159 1.854888 -198.916346 -267.300341 -601.060597
14.565572 -1.339938 10.969084 14.565572 -1.339938 10.969084 0.977116 -0.135642 1.463816 -89.128958 -315.369078 -702.512184
15.141445 -1.478387 11.718721 15.141445 -1.478387 11.718721 0.951873 -0.326353 1.031309 4.984459 -320.334640 -739.179262
15.716067 -1.729724 12.206861 15.716067 -1.729724 12.206861 0.967865 -0.507880 0.599836 48.322435 -284.756712 -699.062527
16.306283 -2.080297 12.447935 16.306283 -2.080297 12.447935 1.000853 -0.651676 0.215414 61.638191 -194.562044 -582.346369
16.917605 -2.497853 12.481881 16.917605 -2.497853 12.481881 1.036414 -0.726061 -0.086392 56.897627 -53.388076 -423.670841
17.547372 -2.933793 12.364956 17.547372 -2.933793 12.364956 1.058934 -0.711561 -0.284742 18.167053 101.719478 -237.496739
18.181982 -3.333593 12.163765 18.181982 -3.333593 12.163765 1.049733 -0.606394 -0.365221 -48.835758 248.838815 -30.766295
18.799175 -3.644011 11.950724 18.799175 -3.644011 11.950724 1.001151 -0.413954 -0.325536 -113.105417 392.628717 163.048711
19.376486 -3.815316 11.793639 19.376486 -3.815316 11.793639 0.918187 -0.146407 -0.183266 -163.441226 499.194083 311.183232
19.896629 -3.810915 11.745108 19.896629 -3.810915 11.745108 0.813375 0.165063 0.030524 -185.932031 539.037113 401.449939
20.352503 -3.616186 11.838222 20.352503 -3.616186 11.838222 0.708401 0.481807 0.284086 -163.978685 516.778111 443.759636
20.751004 -3.238542 12.087912 20.751004 -3.238542 12.087912 0.624894 0.769569 0.547149 -114.378303 442.429429 433.117100
21.110464 -2.704599 12.489329 21.110464 -2.704599 12.489329 0.581827 0.997851 0.782852 -29.179572 318.507490 352.558969
21.461267 -2.058766 13.017019 21.461267 -2.058766 13.017019 0.599116 1.137909 0.966975 86.808178 148.354105 261.183626
21.843903 -1.361173 13.636776 21.843903 -1.361173 13.636776 0.688903 1.167639 1.086479 212.483679 -49.253269 137.164067
22.302090 -0.680958 14.306488 22.302090 -0.680958 14.306488 0.849384 1.080575 1.134453 322.451601 -240.960408 22.747223
22.874845 -0.084801 14.985800 22.874845 -0.084801 14.985800 1.068271 0.891920 1.120832 407.173346 -387.889751 -68.149478
23.592086 0.373795 15.641764 23.592086 0.373795 15.641764 1.327511 0.625510 1.058599 456.959470 -500.144848 -139.294684
24.469880 0.655922 16.250181 24.469880 0.655922 16.250181 1.596862 0.309657 0.966677 440.878294 -552.697092 -167.109947
25.502665 0.743760 16.800711 25.502665 0.743760 16.800711 1.837934 -0.014314 0.869430 362.695596 -527.208042 -157.046820
26.663540 0.644978 17.296377 26.663540 0.644978 17.296377 2.019698 -0.307120 0.786580 243.181312 -448.809497 -119.121964
27.908268 0.388235 17.749743 27.908268 0.388235 17.749743 2.111295 -0.534830 0.729408 62.142225 -310.224734 -71.452160
29.172423 0.022671 18.178606 29.172423 0.022671 18.178606 2.079544 -0.665097 0.706939 -167.979243 -123.998453 -3.441701
30.380596 -0.389382 18.604663 30.380596 -0.389382 18.604663 1.932170 -0.692869 0.717435 -323.265659 31.424345 38.428787
31.481710 -0.799447 19.042041 31.481710 -0.799447 19.042041 1.738211 -0.674014 0.740493 -323.265659 31.424345 38.428787
