7.885274 -2.907834 -6.567385 7.885274 -2.907834 -6.567385 0.870157 0.414565 1.425877 -519.197560 337.677927 -150.689272
8.313913 -2.598313 -5.738983 8.313913 -2.598313 -5.738983 0.558639 0.617172 1.335463 -519.197560 337.677927 -150.689272
8.560840 -2.167803 -4.973015 8.560840 -2.167803 -4.973015 0.273116 0.816901 1.204121 -432.545732 328.087527 -287.116897
8.655617 -1.621917 -4.310067 8.655617 -1.621917 -4.310067 0.057416 0.997205 0.992631 -286.452100 272.925607 -417.850393
8.650343 -0.981128 -3.795276 8.650343 -0.981128 -3.795276 -0.055263 1.127653 0.714049 -89.146801 161.900885 -510.756584
8.613293 -0.282954 -3.461007 8.613293 -0.282954 -3.461007 -0.047981 1.186995 0.396472 113.422630 35.905765 -547.833645
8.616460 0.426004 -3.319487 8.616460 0.426004 -3.319487 0.077770 1.160030 0.079008 305.746257 -125.790452 -510.380448
8.729126 1.090041 -3.357811 8.729126 1.090041 -3.357811 0.316064 1.037862 -0.196524 488.567240 -281.436223 -408.057399
9.015788 1.655207 -3.540928 9.015788 1.655207 -3.540928 0.654616 0.834539 -0.400121 639.938903 -396.306090 -270.598942
9.526666 2.080011 -3.817721 9.526666 2.080011 -3.817721 1.053173 0.573833 -0.502543 688.583884 -472.713210 -70.810424
10.281342 2.337300 -4.117929 10.281342 2.337300 -4.117929 1.460459 0.280591 -0.474711 669.037457 -504.761486 163.585672
11.273906 2.417142 -4.361281 11.273906 2.417142 -4.361281 1.841192 -0.010544 -0.316413 600.072384 -465.689579 364.073312
12.477490 2.333728 -4.474644 12.477490 2.333728 -4.474644 2.155515 -0.256271 -0.043211 447.670386 -353.399570 546.599822
13.837824 2.124167 -4.392943 13.837824 2.124167 -4.392943 2.356337 -0.429245 0.330950 221.735548 -223.178567 700.602675
15.277585 1.837164 -4.064467 15.277585 1.837164 -4.064467 2.419612 -0.509572 0.770298 -10.818153 -44.578697 763.893195
16.714642 1.535292 -3.465842 16.714642 1.535292 -3.465842 2.349305 -0.476842 1.223362 -223.537617 153.677081 746.320344
18.070513 1.286541 -2.601876 18.070513 1.286541 -2.601876 2.147808 -0.336175 1.649205 -448.120202 315.213229 673.153501
19.268121 1.150838 -1.500269 19.268121 1.150838 -1.500269 1.826861 -0.100725 2.007681 -621.704240 469.621384 521.768590
20.246572 1.179928 -0.213868 20.246572 1.179928 -0.213868 1.425046 0.206012 2.260115 -717.678173 552.834565 319.677066
20.971500 1.403295 1.185612 20.971500 1.403295 1.185612 0.989851 0.538959 2.381266 -732.969789 556.990464 84.161360
21.435688 1.824373 2.615310 21.435688 1.824373 2.615310 0.561128 0.860374 2.360709 -696.108930 514.392469 -152.687614
21.653572 2.427596 3.992171 21.653572 2.427596 3.992171 0.176000 1.141049 2.208690 -587.650542 421.190969 -354.039605
21.663295 3.178560 5.243522 21.663295 3.178560 5.243522 -0.127092 1.346362 1.945588 -422.657416 263.184961 -522.967000
21.522106 4.022136 6.310648 21.522106 4.022136 6.310648 -0.324963 1.446199 1.601345 -236.910813 69.604698 -624.511507
21.295368 4.891622 7.157460 21.295368 4.891622 7.157460 -0.412688 1.434151 1.218724 -55.507585 -109.764782 -650.890485
21.047499 5.721738 7.773900 21.047499 5.721738 7.773900 -0.397318 1.315211 0.840018 106.742679 -286.701680 -611.465196
20.837068 6.451044 8.173421 20.837068 6.451044 8.173421 -0.289540 1.102115 0.501011 252.517692 -423.619812 -518.557997
20.713726 7.032278 8.389562 20.713726 7.032278 8.389562 -0.113390 0.829031 0.234251 334.648954 -486.658879 -370.641249
20.707873 7.441030 8.473710 20.707873 7.441030 8.473710 0.097119 0.531695 0.063428 367.048139 -504.459548 -198.766613
20.830758 7.671431 8.486458 20.830758 7.671431 8.486458 0.310076 0.239951 -0.003488 342.808120 -468.023609 -24.288168
21.074531 7.736926 8.488852 21.074531 7.736926 8.488852 0.495870 -0.012017 0.026234 276.505275 -371.868946 123.362578
21.416377 7.670777 8.533678 21.416377 7.670777 8.533678 0.634536 -0.195151 0.134652 185.713591 -238.578543 238.029532
21.824461 7.519816 8.661426 21.824461 7.519816 8.661426 0.715634 -0.292931 0.298027 84.612656 -87.351684 306.553153
22.263539 7.337058 8.897289 22.263539 7.337058 8.897289 0.738740 -0.301721 0.491294 -7.591423 58.050260 337.671754
22.701767 7.173646 9.251016 22.701767 7.173646 9.251016 0.715939 -0.231033 0.684747 -68.413359 177.576998 307.169796
23.115483 7.072352 9.712983 23.115483 7.072352 9.712983 0.657226 -0.097679 0.848192 -127.296107 266.935973 237.647082
23.487057 7.063369 10.260426 23.487057 7.063369 10.260426 0.581605 0.070361 0.969538 -124.771972 293.195946 166.838605
23.815710 7.157584 10.866434 23.815710 7.157584 10.866434 0.517484 0.242395 1.040911 -88.966062 280.252780 71.073364
24.112996 7.350419 11.498654 24.112996 7.350419 11.498654 0.478152 0.395311 1.057957 -42.141142 229.464997 -14.254757
24.396579 7.623229 12.127850 24.396579 7.623229 12.127850 0.474257 0.504586 1.034341 29.157781 134.786973 -64.463572
24.689137 7.943072 12.736178 24.689137 7.943072 12.736178 0.505526 0.549610 0.992296 75.072766 15.293450 -75.688396
25.009047 8.269570 13.319090 25.009047 8.269570 13.319090 0.565978 0.528680 0.952680 126.434705 -85.061462 -56.364640
25.371916 8.565686 13.882907 25.371916 8.565686 13.882907 0.644457 0.448737 0.930632 135.160595 -181.416177 -17.127715
25.782919 8.802273 14.438203 25.782919 8.802273 14.438203 0.725553 0.339887 0.920355 135.160595 -181.416177 -17.127715
