5.531088 3.429215 -3.557088 5.531088 3.429215 -3.557088 1.319197 -0.017104 1.038157 148.099113 416.622203 -600.830382
6.349264 3.493945 -3.042343 6.349264 3.493945 -3.042343 1.408056 0.232869 0.677659 148.099113 416.622203 -600.830382
7.223246 3.707258 -2.748021 7.223246 3.707258 -2.748021 1.509366 0.475843 0.296542 189.598620 393.290778 -669.559453
8.164648 4.058365 -2.692678 8.164648 4.058365 -2.692678 1.631397 0.685860 -0.115497 217.173347 306.767168 -703.903795
9.181866 4.517320 -2.884516 9.181866 4.517320 -2.884516 1.758143 0.831026 -0.517026 205.310802 177.119798 -634.526211
10.270058 5.037734 -3.301383 10.270058 5.037734 -3.301383 1.863083 0.886883 -0.859922 144.492333 9.069637 -508.458957
11.407927 5.560436 -3.897713 11.407927 5.560436 -3.897713 1.919832 0.837018 -1.109273 44.669651 -175.285511 -322.709817
12.559850 6.020982 -4.608818 12.559850 6.020982 -4.608818 1.906549 0.681279 -1.240166 -88.946667 -343.845592 -113.600686
13.678602 6.360095 -5.360784 13.678602 6.360095 -5.360784 1.807346 0.436164 -1.245418 -241.728684 -473.203069 96.091628
14.710893 6.531346 -6.079385 14.710893 6.531346 -6.079385 1.619279 0.125885 -1.130995 -385.162371 -561.062033 285.318257
15.604752 6.505033 -6.697591 15.604752 6.505033 -6.697591 1.346285 -0.215015 -0.914633 -524.818571 -575.272661 435.889047
16.312483 6.274293 -7.162605 16.312483 6.274293 -7.162605 1.003532 -0.551088 -0.626570 -617.692272 -544.967383 524.322111
16.802347 5.851917 -7.442055 16.802347 5.851917 -7.442055 0.627567 -0.846213 -0.301407 -635.521548 -438.784508 559.555865
17.066659 5.275398 -7.523365 17.066659 5.275398 -7.523365 0.257079 -1.058536 0.028394 -599.438597 -268.958623 539.780448
17.118621 4.603171 -7.414106 17.118621 4.603171 -7.414106 -0.074516 -1.163374 0.327574 -505.879791 -80.501333 457.484105
16.992410 3.901150 -7.142340 16.992410 3.901150 -7.142340 -0.330259 -1.159208 0.566439 -346.595315 94.386685 338.731932
16.743987 3.233116 -6.748742 16.743987 3.233116 -6.748742 -0.477619 -1.050066 0.733495 -144.605645 269.420430 218.123086
16.444694 2.661125 -6.277125 16.444694 2.661125 -6.277125 -0.497843 -0.840652 0.825654 77.192294 428.626746 89.074132
16.173507 2.239298 -5.771927 16.173507 2.239298 -5.771927 -0.383408 -0.556419 0.847961 304.257470 518.816325 -14.718222
16.009394 1.999495 -5.270639 16.009394 1.999495 -5.270639 -0.145026 -0.241818 0.814935 490.348140 529.855812 -95.367144
16.018642 1.946672 -4.800070 16.018642 1.946672 -4.800070 0.189190 0.060560 0.751584 623.706399 478.070078 -115.803489
16.249359 2.064624 -4.369531 16.249359 2.064624 -4.369531 0.588093 0.325219 0.684267 705.969872 404.127263 -108.587169
16.727782 2.323379 -3.977037 16.727782 2.323379 -3.977037 1.004137 0.522101 0.626512 680.842729 252.143839 -83.927976
17.447639 2.672261 -3.613046 17.447639 2.672261 -3.613046 1.386760 0.624562 0.592106 594.568317 89.393804 -30.759517
18.378766 3.052840 -3.258358 18.378766 3.052840 -3.258358 1.703746 0.626954 0.598458 462.052126 -81.421858 51.932315
19.471800 3.405941 -2.887360 19.471800 3.405941 -2.887360 1.919059 0.536025 0.642493 255.658635 -221.673356 94.851781
20.654687 3.681742 -2.483494 20.654687 3.681742 -2.483494 1.999618 0.373456 0.705889 12.869875 -320.224005 116.466333
21.844093 3.843613 -2.038283 21.844093 3.843613 -2.038283 1.943935 0.158510 0.779338 -198.478272 -396.261050 128.366222
22.961425 3.868982 -1.550985 22.961425 3.868982 -1.550985 1.758334 -0.071297 0.839304 -420.194327 -369.762168 71.519783
23.932096 3.762543 -1.038901 23.932096 3.762543 -1.038901 1.462747 -0.278674 0.860352 -565.092620 -321.497057 -1.361438
24.708028 3.537469 -0.522935 24.708028 3.537469 -0.522935 1.123692 -0.471573 0.859535 -565.092620 -321.497057 -1.361438
