-11.893684 4.609491 4.543389 -11.893684 4.609491 4.543389 0.825515 -0.386686 0.836863 691.433021 -245.904649 354.331165
-11.273917 4.333217 5.109287 -11.273917 4.333217 5.109287 1.240375 -0.534229 1.049462 691.433021 -245.904649 354.331165
-10.411511 3.973506 5.796556 -10.411511 3.973506 5.796556 1.623852 -0.656328 1.231125 586.824647 -161.093026 251.212030
-9.342571 3.559557 6.571688 -9.342571 3.559557 6.571688 1.920946 -0.708757 1.338045 403.487239 -13.671500 105.186290
-8.129160 3.140175 7.385607 -8.129160 3.140175 7.385607 2.104117 -0.675296 1.361948 207.082287 125.208916 -25.509646
-6.840327 2.765656 8.192256 -6.840327 2.765656 8.192256 2.173809 -0.559568 1.317005 25.226479 260.549770 -124.297754
-5.541603 2.484033 8.955491 -5.541603 2.484033 8.955491 2.138432 -0.367143 1.219452 -143.151213 380.867279 -200.880020
-4.292662 2.335981 9.649194 -4.292662 2.335981 9.649194 2.010790 -0.120232 1.089876 -282.320661 442.170525 -231.040657
-3.142479 2.344997 10.261858 -3.142479 2.344997 10.261858 1.814028 0.152894 0.952883 -373.553562 468.248985 -225.601877
-2.122672 2.517657 10.795597 -2.122672 2.517657 10.795597 1.583046 0.417038 0.830607 -396.387318 412.230449 -181.986032
-1.242331 2.835559 11.265157 -1.242331 2.835559 11.265157 1.354530 0.631762 0.741185 -365.332001 303.517386 -116.087772
-0.491582 3.260536 11.693157 -0.491582 3.260536 11.693157 1.154285 0.770305 0.692456 -302.150277 158.292637 -46.340864
0.152283 3.740393 12.102841 0.152283 3.740393 12.102841 1.001403 0.811189 0.677410 -207.457788 -22.013907 -3.811771
0.722281 4.212616 12.509768 0.722281 4.212616 12.509768 0.909418 0.745342 0.680957 -99.157170 -197.474956 15.634676
1.255486 4.614069 12.921627 1.255486 4.614069 12.921627 0.876938 0.575824 0.692691 -9.111291 -367.584820 23.480218
1.784609 4.885584 13.338409 1.784609 4.885584 13.338409 0.894474 0.316202 0.691482 67.565627 -497.823464 -27.511943
2.336289 4.981248 13.744218 2.336289 4.981248 13.744218 0.949182 -0.004739 0.654335 114.792675 -571.979273 -96.310330
2.926729 4.875311 14.114620 2.926729 4.875311 14.114620 1.019398 -0.348613 0.572235 119.262480 -574.267169 -177.357923
3.558463 4.566301 14.419802 3.558463 4.566301 14.419802 1.084094 -0.675540 0.434645 96.391931 -515.490222 -281.276048
4.222376 4.075229 14.625040 4.222376 4.075229 14.625040 1.122459 -0.949634 0.241287 31.488875 -398.154948 -363.249433
4.898364 3.444101 14.701170 4.898364 3.444101 14.701170 1.125577 -1.136925 0.007049 -21.093694 -226.149966 -417.543797
5.566822 2.732350 14.629659 5.566822 2.732350 14.629659 1.097462 -1.217063 -0.246391 -72.625131 -40.975010 -427.257246
6.209328 2.005439 14.407952 6.209328 2.005439 14.407952 1.039398 -1.188134 -0.487573 -120.919936 137.403021 -376.680325
6.810087 1.328116 14.052989 6.810087 1.328116 14.052989 0.961272 -1.051568 -0.686670 -139.499653 317.819353 -286.976615
7.363747 0.761965 13.597164 7.363747 0.761965 13.597164 0.887608 -0.822968 -0.819691 -106.048852 444.180755 -156.426757
7.881064 0.351574 13.087505 7.881064 0.351574 13.087505 0.843183 -0.539272 -0.861985 -42.031675 501.472958 15.445834
8.385549 0.119140 12.584265 8.385549 0.119140 12.584265 0.848669 -0.234071 -0.796863 60.316021 515.860938 201.626061
8.913012 0.068654 12.152936 8.913012 0.068654 12.152936 0.921882 0.060958 -0.623406 183.729460 467.570486 376.565532
9.506633 0.182797 11.855333 9.506633 0.182797 11.855333 1.069223 0.308528 -0.354172 307.407187 357.662471 520.880130
10.209130 0.423330 11.742309 10.209130 0.423330 11.742309 1.281812 0.478309 -0.013043 401.221225 208.273179 616.217346
11.054303 0.739148 11.846784 11.054303 0.739148 11.846784 1.541877 0.559990 0.363599 465.662259 63.999602 639.255990
12.065500 1.076770 12.177292 12.065500 1.076770 12.177292 1.832534 0.548928 0.733562 503.193804 -100.873791 593.953442
13.253520 1.380345 12.717212 13.253520 1.380345 12.717212 2.124073 0.450280 1.054293 468.604356 -227.952423 475.151645
14.606074 1.605482 13.424808 14.606074 1.605482 13.424808 2.374042 0.293511 1.286846 364.624451 -294.610874 300.023356
16.087162 1.725842 14.238139 16.087162 1.725842 14.238139 2.547968 0.103162 1.402956 215.128511 -339.886026 87.010141
17.643287 1.727220 15.080422 17.643287 1.727220 15.080422 2.620153 -0.097473 1.379399 25.490188 -328.898399 -165.531790
19.207421 1.613530 15.865601 19.207421 1.613530 15.865601 2.572717 -0.274832 1.216756 -183.612689 -262.299026 -376.613352
20.706161 1.408048 16.516935 20.706161 1.408048 16.516935 2.403350 -0.399058 0.936144 -380.943302 -151.786421 -558.760168
22.068477 1.148166 16.969161 22.068477 1.148166 16.969161 2.119165 -0.455757 0.556470 -566.340499 -37.210124 -706.820623
23.230520 0.874049 17.171811 23.230520 0.874049 17.171811 1.741789 -0.447909 0.112355 -691.579899 63.368725 -773.562118
24.148079 0.622672 17.101625 24.148079 0.622672 17.101625 1.311688 -0.380074 -0.343571 -742.086946 162.747896 -746.190304
24.801931 0.427823 16.766481 24.801931 0.427823 16.766481 0.868513 -0.262924 -0.764719 -735.165077 227.753223 -657.635786
25.196701 0.311719 16.197660 25.196701 0.311719 16.197660 0.457372 -0.122995 -1.117379 -635.305247 238.676667 -517.896915
25.366427 0.279336 15.445921 25.366427 0.279336 15.445921 0.124479 0.012469 -1.368567 -474.337745 212.870528 -319.396897
25.367175 0.321555 14.580316 25.367175 0.321555 14.580316 -0.102915 0.122297 -1.495073 -283.642564 153.223839 -102.290002
25.268990 0.416532 13.678003 25.268990 0.416532 13.678003 -0.200004 0.184322 -1.490736 -39.987383 53.525251 116.747123
25.157482 0.529906 12.815733 25.157482 0.529906 12.815733 -0.145537 0.182170 -1.364899 221.545492 -60.697844 302.707153
25.119589 0.622121 12.058545 25.119589 0.622121 12.058545 0.035144 0.114943 -1.146956 380.723304 -163.392304 423.770406
25.209205 0.661677 11.446650 25.209205 0.661677 11.446650 0.263578 0.016908 -0.892694 380.723304 -163.392304 423.770406
