-1.714183 -3.270117 10.477563 -1.714183 -3.270117 10.477563 -0.943431 0.038564 0.102304 -360.556365 170.257941 -418.758748
-2.345141 -3.216332 10.463569 -2.345141 -3.216332 10.463569 -1.159765 0.140719 -0.148951 -360.556365 170.257941 -418.758748
-3.094912 -3.105291 10.300633 -3.094912 -3.105291 10.300633 -1.321157 0.222695 -0.391149 -177.419800 102.994562 -388.568930
-3.904561 -2.961066 9.999465 -3.904561 -2.961066 9.999465 -1.352702 0.244835 -0.606975 72.273014 -29.193993 -330.850705
-4.688688 -2.825621 9.583028 -4.688688 -2.825621 9.583028 -1.236918 0.196315 -0.768978 313.672874 -132.539503 -209.158116
-5.362012 -2.737753 9.093210 -5.362012 -2.737753 9.093210 -0.986884 0.086475 -0.848383 519.772352 -233.594002 -55.526546
-5.852150 -2.731738 8.584017 -5.852150 -2.731738 8.584017 -0.632854 -0.072796 -0.832542 660.326661 -297.309443 108.329976
-6.107601 -2.830694 8.114780 -6.107601 -2.830694 8.114780 -0.209642 -0.259994 -0.713602 750.381623 -326.684011 288.138667
-6.097681 -3.044016 7.749277 -6.097681 -3.044016 7.749277 0.243767 -0.448617 -0.486750 760.982578 -302.059095 468.033597
-5.818986 -3.362940 7.547511 -5.818986 -3.362940 7.547511 0.677646 -0.606766 -0.175741 685.279290 -225.102764 568.662839
-5.296691 -3.759146 7.547273 -5.296691 -3.759146 7.547273 1.050601 -0.699971 0.179692 557.905078 -85.579018 616.114234
-4.577123 -4.186273 7.766071 -4.577123 -4.186273 7.766071 1.329266 -0.710018 0.549773 370.977637 52.087506 617.489176
-3.724598 -4.593120 8.202345 -3.724598 -4.593120 8.202345 1.492797 -0.629826 0.896578 174.124460 215.217575 538.527969
-2.809127 -4.924256 8.827693 -2.809127 -4.924256 8.827693 1.539525 -0.460590 1.172024 -18.364754 348.902308 379.626157
-1.900327 -5.130801 9.587571 -1.900327 -5.130801 9.587571 1.470465 -0.216216 1.341455 -211.834326 465.679924 185.141716
-1.064648 -5.172727 10.411696 -1.064648 -5.172727 10.411696 1.301016 0.083096 1.382170 -352.994734 532.025367 -49.423998
-0.352346 -5.026523 11.218260 -0.352346 -5.026523 11.218260 1.065375 0.405222 1.283307 -432.473857 541.727269 -280.119689
0.208329 -4.690067 11.925243 0.208329 -4.690067 11.925243 0.802364 0.709321 1.052340 -444.232217 471.938262 -489.771574
0.611272 -4.186923 12.458814 0.611272 -4.186923 12.458814 0.543256 0.955497 0.710105 -419.459166 348.646244 -651.010484
0.866086 -3.560660 12.762038 0.866086 -3.560660 12.762038 0.313397 1.115726 0.291213 -346.737214 185.451313 -745.296343
0.999249 -2.869159 12.801466 0.999249 -2.869159 12.801466 0.143042 1.170417 -0.161694 -221.115206 -3.146552 -764.393538
1.052788 -2.177624 12.569756 1.052788 -2.177624 12.569756 0.047945 1.117785 -0.605848 -95.874531 -172.294745 -716.121287
1.070428 -1.548510 12.084349 1.070428 -1.548510 12.084349 0.021074 0.961690 -1.000497 6.305747 -348.022148 -599.375215
1.090263 -1.042482 11.387516 1.090263 -1.042482 11.387516 0.055138 0.711166 -1.303359 107.239171 -487.057616 -410.163390
1.146745 -0.706967 10.544555 1.146745 -0.706967 10.544555 0.139962 0.401363 -1.485040 175.508336 -545.618390 -195.440149
1.262958 -0.562938 9.632307 1.262958 -0.562938 9.632307 0.248487 0.081101 -1.532526 186.243135 -521.922121 37.152152
1.445420 -0.605272 8.729873 1.445420 -0.605272 8.729873 0.359463 -0.217295 -1.458261 183.674597 -472.729864 210.399005
1.694159 -0.820740 7.892788 1.694159 -0.820740 7.892788 0.469667 -0.500933 -1.332022 183.674597 -472.729864 210.399005
