-8.215599 1.605012 -6.277049 -8.215599 1.605012 -6.277049 0.418909 0.522017 -0.416078 70.450636 -191.444704 -233.828062
-7.951572 1.883762 -6.568784 -7.951572 1.883762 -6.568784 0.461179 0.407150 -0.556374 70.450636 -191.444704 -233.828062
-7.660410 2.097011 -6.935485 -7.660410 2.097011 -6.935485 0.512317 0.309380 -0.650604 100.007110 -134.456928 -80.271220
-7.332686 2.264360 -7.327873 -7.332686 2.264360 -7.327873 0.583987 0.258322 -0.636654 138.893691 -35.735304 126.772433
-6.957800 2.419571 -7.676084 -6.957800 2.419571 -7.676084 0.664787 0.270131 -0.505776 130.440287 75.098019 309.487861
-6.538566 2.601185 -7.916195 -6.538566 2.601185 -7.916195 0.727462 0.345282 -0.281854 78.476387 175.405220 436.918473
-6.091294 2.843015 -8.002560 -6.091294 2.843015 -8.002560 0.757892 0.465961 0.000812 22.958289 226.860777 505.300005
-5.636478 3.164724 -7.910186 -5.636478 3.164724 -7.910186 0.751410 0.608564 0.308653 -44.565262 248.480689 520.836635
-5.196725 3.573304 -7.634100 -5.196725 3.573304 -7.634100 0.709314 0.751228 0.606875 -95.756855 227.067756 473.237404
-4.789345 4.060459 -7.190112 -4.789345 4.060459 -7.190112 0.647001 0.865199 0.864217 -111.953540 152.834317 384.569198
-4.419931 4.601189 -6.608502 -4.419931 4.601189 -6.608502 0.586653 0.927402 1.064246 -89.206466 54.510464 282.193375
-4.081033 5.159693 -5.926430 -4.081033 5.159693 -5.926430 0.547949 0.921360 1.197213 -39.804688 -74.652912 161.029993
-3.754731 5.689807 -5.186144 -3.754731 5.689807 -5.186144 0.547551 0.830248 1.258698 38.476667 -229.052863 43.920251
-3.412147 6.140352 -4.427933 -3.412147 6.140352 -4.427933 0.606273 0.660947 1.260482 157.263217 -335.282816 -37.971504
-3.011958 6.472067 -3.681465 -3.011958 6.472067 -3.681465 0.741223 0.437261 1.222764 292.572050 -410.339538 -87.757703
-2.508266 6.657547 -2.964421 -2.508266 6.657547 -2.964421 0.948242 0.175982 1.166021 397.490240 -460.588670 -101.383825
-1.862016 6.681798 -2.281456 -1.862016 6.681798 -2.281456 1.215517 -0.092532 1.113197 493.425823 -434.459413 -74.697873
-1.041688 6.552837 -1.624793 -1.041688 6.552837 -1.624793 1.522580 -0.329402 1.079332 530.118538 -355.106302 -38.183412
-0.032746 6.299364 -0.980658 -0.032746 6.299364 -0.980658 1.840513 -0.502030 1.073468 529.658204 -220.321237 18.634676
1.162599 5.967435 -0.329130 1.162599 5.967435 -0.329130 2.136798 -0.589486 1.105112 457.956659 -71.196706 86.846657
2.518677 5.611497 0.351928 2.518677 5.611497 0.351928 2.369410 -0.579359 1.169015 317.417568 104.951897 126.164322
3.987774 5.293199 1.075876 3.987774 5.293199 1.075876 2.511437 -0.464260 1.243857 156.006450 278.712958 123.308635
5.510657 5.073405 1.842747 5.510657 5.073405 1.842747 2.544740 -0.254065 1.309647 -44.996067 421.937349 95.991779
7.015660 5.002719 2.642563 7.015660 5.002719 2.642563 2.449036 0.028118 1.350990 -274.018628 518.670710 41.815894
8.424426 5.113540 3.455037 8.424426 5.113540 3.455037 2.227964 0.342266 1.347848 -462.889121 528.490754 -52.287896
9.669544 5.413122 4.246978 9.669544 5.413122 4.246978 1.908525 0.654832 1.279691 -601.905004 513.393630 -174.901649
10.700719 5.891991 4.976721 10.700719 5.891991 4.976721 1.519397 0.930664 1.141804 -695.190689 406.046359 -284.723383
11.485810 6.513749 5.605363 11.485810 6.513749 5.605363 1.095218 1.125648 0.945020 -718.737676 243.899949 -371.221815
12.017625 7.222610 6.101954 12.017625 7.222610 6.101954 0.684260 1.219842 0.704284 -651.123327 70.080387 -431.231527
12.318866 7.956104 6.446056 12.318866 7.956104 6.446056 0.333022 1.206763 0.441309 -519.668970 -113.674995 -445.351200
12.436072 8.648361 6.633644 12.436072 8.648361 6.633644 0.075889 1.081859 0.188925 -337.441682 -302.672442 -395.929755
12.434962 9.233684 6.681877 12.434962 9.233684 6.681877 -0.056097 0.853702 -0.017902 -102.512881 -457.850432 -293.494401
12.396890 9.658317 6.627081 12.396890 9.658317 6.627081 -0.047412 0.553116 -0.150128 131.464467 -544.104141 -147.259044
12.404651 9.891177 6.521644 12.404651 9.891177 6.521644 0.094194 0.221300 -0.182750 340.556624 -561.947992 38.519664
12.533800 9.924133 6.430633 12.533800 9.924133 6.430633 0.355189 -0.109240 -0.101112 529.424967 -539.853974 233.608655
12.848900 9.767368 6.423326 12.848900 9.767368 6.423326 0.706291 -0.403386 0.095603 640.914769 -440.632646 422.105592
13.391340 9.454651 6.565581 13.391340 9.454651 6.565581 1.107347 -0.624619 0.393440 695.938884 -296.810657 570.683856
14.180088 9.036337 6.910574 14.180088 9.036337 6.910574 1.520263 -0.753288 0.766883 680.448905 -132.085856 674.126649
15.208341 8.569897 7.493897 15.208341 8.569897 7.493897 1.896606 -0.786001 1.180613 574.028084 23.043350 704.974479
16.440466 8.111627 8.326287 16.440466 8.111627 8.326287 2.195204 -0.726261 1.589228 421.297020 176.091560 657.076623
17.823117 7.715451 9.390999 17.823117 7.715451 9.390999 2.396458 -0.581187 1.947982 249.550972 307.488869 538.767799
19.294434 7.425428 10.645672 19.294434 7.425428 10.645672 2.488800 -0.379987 2.215770 58.256086 363.175332 353.860564
20.785554 7.262236 12.024219 20.785554 7.262236 12.024219 2.460525 -0.164936 2.355039 -152.507471 353.660692 110.367814
22.226530 7.225482 13.445965 22.226530 7.225482 13.445965 2.329583 0.040003 2.365543 -283.965582 329.471468 -75.353409
23.573166 7.308789 14.851728 23.573166 7.308789 14.851728 2.159204 0.237686 2.320331 -283.965582 329.471468 -75.353409
