-9.035077 -5.151041 -2.758090 -9.035077 -5.151041 -2.758090 0.017169 1.130889 1.880016 663.824053 -101.366850 -461.586610
-8.905287 -4.490754 -1.713166 -8.905287 -4.490754 -1.713166 0.415464 1.070068 1.603064 663.824053 -101.366850 -461.586610
-8.531677 -3.875382 -0.834701 -8.531677 -3.875382 -0.834701 0.837976 0.967132 1.324672 744.549735 -241.753305 -466.386371
-7.892779 -3.348065 -0.124266 -7.892779 -3.348065 -0.124266 1.295173 0.774846 1.042746 779.441784 -399.201092 -473.367664
-6.978009 -2.959883 0.422105 -6.978009 -2.959883 0.422105 1.749672 0.510979 0.788375 735.553065 -480.354500 -374.536574
-5.803695 -2.740091 0.833785 -5.803695 -2.740091 0.833785 2.151560 0.221105 0.594012 604.073522 -485.893237 -273.339375
-4.415500 -2.692627 1.148891 -4.415500 -2.692627 1.148891 2.456633 -0.059122 0.469507 412.838127 -448.195757 -141.675373
-2.879966 -2.802949 1.412157 -2.879966 -2.802949 1.412157 2.640550 -0.298905 0.419817 200.216623 -351.081683 -23.958005
-1.273231 -3.036544 1.665002 -1.273231 -3.036544 1.665002 2.692509 -0.464841 0.431780 -27.019876 -202.037648 63.832149
0.323400 -3.341756 1.939765 0.323400 -3.341756 1.939765 2.606248 -0.535771 0.491105 -260.515891 -34.395217 133.920362
1.830586 -3.661542 2.258863 1.830586 -3.661542 2.258863 2.401586 -0.517070 0.573106 -421.691349 96.731051 139.413700
3.195633 -3.954373 2.627821 3.195633 -3.954373 2.627821 2.148571 -0.459031 0.656754 -421.691349 96.731051 139.413700
