-11.454691 3.034460 3.604010 -11.454691 3.034460 3.604010 -0.297167 0.742885 0.897588 785.136950 77.057845 -167.319449
-11.491667 3.494061 4.112445 -11.491667 3.494061 4.112445 0.173915 0.789120 0.797196 785.136950 77.057845 -167.319449
-11.246549 3.972069 4.556917 -11.246549 3.972069 4.556917 0.642219 0.788681 0.678160 775.875430 -78.519120 -229.468558
-10.724666 4.419734 4.919729 -10.724666 4.419734 4.919729 1.092214 0.684518 0.526583 724.109382 -268.692491 -275.787310
-9.947322 4.773006 5.185844 -9.947322 4.773006 5.185844 1.485058 0.477932 0.360143 585.369215 -419.928671 -279.014682
-8.962137 4.977968 5.355369 -8.962137 4.977968 5.355369 1.780199 0.194926 0.211046 398.433727 -523.423963 -217.973824
-7.835994 4.997851 5.448914 -7.835994 4.997851 5.448914 1.950787 -0.133409 0.111024 170.192205 -571.023691 -115.434180
-6.648029 4.815271 5.501113 -6.648029 4.815271 5.501113 1.987195 -0.474773 0.073582 -48.829958 -566.859217 -9.371755
-5.476259 4.433951 5.552925 -5.476259 4.433951 5.552925 1.899109 -0.786995 0.114709 -244.791016 -473.879871 146.462354
-4.391158 3.884450 5.658206 -4.391158 3.884450 5.658206 1.700727 -1.031352 0.253045 -416.483529 -340.643434 314.659324
-3.451484 3.214902 5.873556 -3.451484 3.214902 5.873556 1.421860 -1.182841 0.476261 -513.071482 -164.318545 429.391096
-2.693252 2.487167 6.242245 -2.693252 2.487167 6.242245 1.101361 -1.223699 0.762106 -555.257787 28.124961 523.425980
-2.129745 1.769038 6.796122 -2.129745 1.769038 6.796122 0.781389 -1.151688 1.088146 -511.314883 211.909742 563.375417
-1.748156 1.125731 7.549721 -1.748156 1.125731 7.549721 0.498559 -0.976727 1.422692 -431.452651 371.293230 551.776065
-1.518932 0.613501 8.496263 -1.518932 0.613501 8.496263 0.278438 -0.719087 1.721794 -302.283194 487.509801 445.232262
-1.396944 0.272913 9.600446 -1.396944 0.272913 9.600446 0.143747 -0.411020 1.943756 -146.688454 539.379177 294.641959
-1.328897 0.122613 10.808422 -1.328897 0.122613 10.808422 0.096749 -0.091272 2.063977 -9.972514 526.445574 106.095137
-1.264121 0.157665 12.051835 -1.264121 0.157665 12.051835 0.133373 0.199871 2.057279 132.054446 444.032244 -128.422959
-1.154071 0.350245 13.249466 -1.154071 0.350245 13.249466 0.243886 0.429948 1.912122 236.323066 322.890411 -355.432486
-0.962777 0.656885 14.321609 -0.962777 0.656885 14.321609 0.397802 0.576441 1.643101 276.728764 165.421841 -541.304218
-0.672619 1.023099 15.200733 -0.672619 1.023099 15.200733 0.572165 0.628561 1.271811 304.481840 8.309597 -696.331900
-0.276040 1.392040 15.833349 -0.276040 1.392040 15.833349 0.747224 0.585091 0.828356 279.047119 -153.209319 -781.849481
0.218140 1.707556 16.189692 0.218140 1.707556 16.189692 0.892735 0.453360 0.359557 205.989387 -285.894996 -780.814823
0.786566 1.924137 16.268940 0.786566 1.924137 16.268940 0.994866 0.261953 -0.088627 134.448453 -352.128233 -713.130395
1.404472 2.015944 16.095339 1.404472 2.015944 16.095339 1.059460 0.040769 -0.476815 80.862886 -385.150222 -580.829941
2.050782 1.972707 15.716996 2.050782 1.972707 15.716996 1.088376 -0.182177 -0.763837 15.525390 -358.003626 -375.909427
2.704737 1.803852 15.204741 2.704737 1.803852 15.204741 1.088365 -0.372522 -0.920829 -15.563540 -276.480900 -147.399137
3.356251 1.537072 14.638652 3.356251 1.537072 14.638652 1.085509 -0.505910 -0.944567 6.043874 -168.144321 68.273398
4.010143 1.210355 14.097304 4.010143 1.210355 14.097304 1.096629 -0.571319 -0.838089 31.024582 -49.885782 286.653365
4.677824 0.866051 13.655763 4.677824 0.866051 13.655763 1.135841 -0.563919 -0.617523 99.680257 74.552775 448.567247
5.381998 0.546991 13.372087 5.381998 0.546991 13.372087 1.219283 -0.489827 -0.317906 178.460649 172.420095 550.156307
6.150316 0.287068 13.282884 6.150316 0.287068 13.282884 1.349486 -0.371685 0.024748 255.549473 221.385541 592.023874
7.009878 0.105997 13.402755 7.009878 0.105997 13.402755 1.522171 -0.228400 0.372251 320.068142 256.231059 566.318868
7.980793 0.015078 13.728043 7.980793 0.015078 13.728043 1.714212 -0.074662 0.712043 320.068142 256.231059 566.318868
