-2.100712 -5.656127 -2.477348 -2.100712 -5.656127 -2.477348 1.371556 0.559682 0.733686 -146.397399 320.742885 -185.783038
-1.304130 -5.262584 -2.070577 -1.304130 -5.262584 -2.070577 1.283718 0.752128 0.622216 -146.397399 320.742885 -185.783038
-0.555631 -4.760472 -1.730230 -0.555631 -4.760472 -1.730230 1.218980 0.910084 0.513038 -69.397641 205.775729 -178.144355
0.167681 -4.186911 -1.454775 0.167681 -4.186911 -1.454775 1.199418 0.985905 0.404640 4.194037 46.963638 -183.182879
0.890484 -3.596259 -1.241557 0.890484 -3.596259 -1.241557 1.213921 0.967358 0.311765 44.148134 -108.788335 -126.399278
1.628018 -3.044392 -1.069907 1.628018 -3.044392 -1.069907 1.246584 0.857255 0.272639 64.727362 -258.220535 -4.021602
2.386889 -2.584513 -0.900067 2.386889 -2.584513 -0.900067 1.281769 0.662349 0.305129 52.555216 -391.466718 112.321568
3.161731 -2.263034 -0.688719 3.161731 -2.263034 -0.688719 1.294903 0.400139 0.412788 -8.774099 -482.565913 246.540254
3.933536 -2.111191 -0.388925 3.933536 -2.111191 -0.388925 1.271855 0.103703 0.599430 -68.052567 -505.554121 375.599421
4.680237 -2.137699 0.045377 4.680237 -2.137699 0.045377 1.210208 -0.188281 0.859974 -137.437376 -467.726415 492.881508
5.377944 -2.329468 0.653819 5.377944 -2.329468 0.653819 1.109353 -0.441966 1.174397 -198.744629 -377.889895 555.196333
6.006087 -2.653621 1.457721 6.006087 -2.653621 1.457721 0.981630 -0.623465 1.504158 -227.000914 -227.108584 544.006146
6.555056 -3.057044 2.454471 6.555056 -3.057044 2.454471 0.849685 -0.702054 1.812229 -212.813236 -34.854498 482.898916
7.029600 -3.473843 3.621187 7.029600 -3.473843 3.621187 0.737198 -0.669429 2.064252 -162.144557 143.606129 357.175290
7.448053 -3.838848 4.913903 7.448053 -3.838848 4.913903 0.666509 -0.529249 2.227923 -73.484766 323.658487 188.396933
7.842333 -4.088986 6.271768 7.842333 -4.088986 6.271768 0.660429 -0.289288 2.276960 53.217726 476.212123 -24.942476
8.256268 -4.171562 7.620440 8.256268 -4.171562 7.620440 0.732851 0.022829 2.196924 188.187782 564.179628 -241.844527
8.739001 -4.055160 8.882285 8.739001 -4.055160 8.882285 0.891509 0.367097 1.987929 340.671876 583.377950 -454.803408
9.341385 -3.732139 9.983128 9.341385 -3.732139 9.983128 1.126696 0.705901 1.664798 443.287140 545.969826 -622.301917
10.102141 -3.215790 10.863588 10.102141 -3.215790 10.863588 1.417402 1.006151 1.259396 525.731610 454.862437 -729.037069
11.048731 -2.539981 11.485886 11.048731 -2.539981 11.485886 1.740426 1.230283 0.811412 551.015552 292.244783 -764.243763
12.189416 -1.759008 11.837338 12.189416 -1.759008 11.837338 2.057269 1.356629 0.363710 505.126057 128.907380 -728.093904
13.508399 -0.932961 11.931924 13.508399 -0.932961 11.931924 2.328841 1.378307 -0.036066 400.115565 -56.645977 -604.493796
14.967983 -0.126623 11.811317 14.967983 -0.126623 11.811317 2.520203 1.292068 -0.349556 237.758534 -230.815801 -440.474490
16.510940 0.599477 11.536111 16.510940 0.599477 11.536111 2.603049 1.115606 -0.544775 38.392017 -357.390814 -210.253709
18.065738 1.200322 11.185601 18.065738 1.200322 11.185601 2.556376 0.880228 -0.599924 -193.966635 -427.204339 26.423125
19.552398 1.650425 10.842408 19.552398 1.650425 10.842408 2.378739 0.618220 -0.524040 -398.158552 -446.154312 226.525270
20.896387 1.943297 10.580788 20.896387 1.943297 10.580788 2.081915 0.361769 -0.327980 -591.254689 -408.682797 427.008021
22.030913 2.091319 10.469515 22.030913 2.091319 10.469515 1.686177 0.139177 -0.028512 -727.869226 -333.292151 571.216590
22.909017 2.123089 10.559088 22.909017 2.123089 10.559088 1.236525 -0.019519 0.333525 -770.972052 -195.692945 635.573079
23.513592 2.085351 10.871947 23.513592 2.085351 10.871947 0.781119 -0.090943 0.706575 -747.048756 -42.388837 607.928134
23.851653 2.029925 11.401693 23.851653 2.029925 11.401693 0.352180 -0.082528 1.053203 -682.746575 70.439285 547.498069
23.940066 1.993087 12.132165 23.940066 1.993087 12.132165 -0.057468 -0.040265 1.381702 -682.746575 70.439285 547.498069
