-5.789847 -4.614505 -7.561936 -5.789847 -4.614505 -7.561936 0.318724 1.220010 0.780608 -466.110711 -281.061327 -15.183957
-5.682512 -3.933090 -7.096304 -5.682512 -3.933090 -7.096304 0.039057 1.051373 0.771498 -466.110711 -281.061327 -15.183957
-5.735269 -3.359610 -6.642334 -5.735269 -3.359610 -6.642334 -0.202067 0.848975 0.731408 -337.636912 -393.598284 -118.451195
-5.906928 -2.926811 -6.232579 -5.906928 -2.926811 -6.232579 -0.352869 0.584123 0.621494 -165.036235 -489.241406 -247.928798
-6.139022 -2.665430 -5.911391 -6.139022 -2.665430 -5.911391 -0.405222 0.285428 0.437335 -9.472685 -506.408357 -365.931578
-6.375890 -2.582429 -5.719665 -6.375890 -2.582429 -5.719665 -0.371054 -0.003929 0.193739 123.363222 -458.114683 -446.057031
-6.568575 -2.661850 -5.685483 -6.568575 -2.661850 -5.685483 -0.258324 -0.251813 -0.082753 252.405721 -368.168218 -475.582162
-6.673964 -2.870088 -5.818123 -6.673964 -2.870088 -5.818123 -0.086019 -0.427110 -0.355020 321.942341 -216.153387 -431.974677
-6.667308 -3.155782 -6.103560 -6.667308 -3.155782 -6.103560 0.108738 -0.509403 -0.587550 327.247928 -58.156877 -343.126550
-6.543708 -3.462348 -6.510104 -6.543708 -3.462348 -6.510104 0.302349 -0.496579 -0.754685 318.121982 100.903120 -213.989207
-6.308258 -3.734194 -6.989984 -6.308258 -3.734194 -6.989984 0.477113 -0.396343 -0.825831 264.427191 233.217648 -23.163094
-5.978855 -3.923267 -7.476213 -5.978855 -3.923267 -7.476213 0.613461 -0.222642 -0.772535 190.063514 345.784231 200.816364
-5.581058 -3.991801 -7.891433 -5.581058 -3.991801 -7.891433 0.705044 -0.001121 -0.591275 115.215456 392.619463 403.383448
-5.141516 -3.922335 -8.163581 -5.141516 -3.922335 -8.163581 0.753055 0.231788 -0.299207 44.821591 383.745248 570.176206
-4.684013 -3.717249 -8.232088 -4.684013 -3.717249 -8.232088 0.767958 0.446730 0.084825 4.854905 332.727516 709.929956
-4.221885 -3.395216 -8.049836 -4.221885 -3.395216 -8.049836 0.773267 0.616886 0.528631 12.839168 234.459487 769.422031
-3.754946 -2.989531 -7.595120 -3.754946 -2.989531 -7.595120 0.784310 0.724313 0.985491 23.973071 123.629833 753.447748
-3.276207 -2.540662 -6.872829 -3.276207 -2.540662 -6.872829 0.817883 0.758633 1.414440 87.934516 -9.231037 676.380254
-2.765572 -2.092823 -5.911240 -2.765572 -2.092823 -5.911240 0.891030 0.724698 1.776152 155.891055 -103.883388 529.325247
-2.197728 -1.681070 -4.763738 -2.197728 -1.681070 -4.763738 1.010394 0.640532 2.026410 241.987707 -176.672007 304.869052
-1.544597 -1.330707 -3.508765 -1.544597 -1.330707 -3.508765 1.172269 0.523754 2.130586 297.595166 -212.586485 42.386103
-0.786899 -1.053509 -2.234146 -0.786899 -1.053509 -2.234146 1.354675 0.402259 2.099205 310.424690 -192.397894 -146.989096
0.081782 -0.846786 -1.001080 0.081782 -0.846786 -1.001080 1.540930 0.286820 2.011012 310.424690 -192.397894 -146.989096
