-3.959870 -3.487061 -9.242091 -3.959870 -3.487061 -9.242091 1.402176 0.752429 0.581874 705.485184 -397.737015 -31.774009
-2.991577 -3.107196 -8.898686 -2.991577 -3.107196 -8.898686 1.825467 0.513787 0.562809 705.485184 -397.737015 -31.774009
-1.773443 -2.875165 -8.569112 -1.773443 -2.875165 -8.569112 2.228088 0.251905 0.531785 636.583799 -475.203726 -71.639962
-0.332419 -2.811310 -8.262613 -0.332419 -2.811310 -8.262613 2.557970 -0.041973 0.490415 463.022105 -504.388235 -66.261511
1.273261 -2.925765 -7.978290 1.273261 -2.925765 -7.978290 2.773557 -0.337015 0.460665 255.600731 -479.083690 -32.904695
2.968551 -3.208311 -7.704845 2.968551 -3.208311 -7.704845 2.852652 -0.594976 0.455768 8.050624 -380.788487 16.582891
4.667867 -3.625353 -7.424463 4.667867 -3.625353 -7.424463 2.788862 -0.781022 0.485402 -220.682284 -239.364902 82.195526
6.288897 -4.125336 -7.115008 6.288897 -4.125336 -7.115008 2.593631 -0.866059 0.551813 -430.088905 -44.092075 139.175402
7.759002 -4.641552 -6.757113 7.759002 -4.641552 -6.757113 2.292291 -0.835736 0.644094 -574.378680 145.170135 168.428683
9.024332 -5.106575 -6.340832 9.024332 -5.106575 -6.340832 1.914377 -0.697195 0.742687 -685.334101 316.633403 160.214985
10.048593 -5.458710 -5.868902 10.048593 -5.458710 -5.868902 1.498152 -0.461271 0.826210 -702.082189 469.778086 118.193491
10.825150 -5.644918 -5.355694 10.825150 -5.644918 -5.355694 1.097107 -0.149435 0.878165 -634.733524 569.678056 54.989019
11.375588 -5.630971 -4.825981 11.375588 -5.630971 -4.825981 0.748394 0.197704 0.875738 -527.645052 587.450874 -63.077110
11.738663 -5.408672 -4.319129 11.738663 -5.408672 -4.319129 0.476882 0.539852 0.801708 -377.393786 553.041524 -183.688816
11.967910 -4.991040 -3.877246 11.967910 -4.991040 -3.877246 0.305690 0.842542 0.661104 -193.245364 455.925812 -284.991610
12.127570 -4.411974 -3.536825 12.127570 -4.411974 -3.536825 0.244889 1.073467 0.465391 -9.426558 313.824915 -367.384892
12.282739 -3.721379 -3.327433 12.282739 -3.721379 -3.327433 0.288898 1.211894 0.226394 156.122706 147.596685 -429.273216
12.491193 -2.979338 -3.268723 12.491193 -2.979338 -3.268723 0.417636 1.242138 -0.030454 273.006303 -46.783470 -426.885332
12.795917 -2.252582 -3.359400 12.795917 -2.252582 -3.359400 0.606446 1.163541 -0.264414 356.358318 -215.205269 -352.983418
13.224455 -1.600200 -3.575220 13.224455 -1.600200 -3.575220 0.822890 0.999391 -0.444377 365.122831 -331.962749 -246.892598
13.781944 -1.065143 -3.877009 13.781944 -1.065143 -3.877009 1.032126 0.776089 -0.546122 332.330648 -412.376510 -92.258472
14.457153 -0.675173 -4.208591 14.457153 -0.675173 -4.208591 1.212095 0.521385 -0.537986 267.565219 -436.637568 119.380478
15.226638 -0.437879 -4.497461 15.226638 -0.437879 -4.497461 1.342965 0.274691 -0.404191 168.666740 -385.673154 326.601399
16.057240 -0.337400 -4.671393 16.057240 -0.337400 -4.671393 1.416482 0.068714 -0.159263 76.391083 -300.919667 489.827165
16.920879 -0.350338 -4.678782 16.920879 -0.350338 -4.678782 1.462317 -0.111838 0.134634 76.391083 -300.919667 489.827165
