-7.115946 -4.909874 -9.502144 -7.115946 -4.909874 -9.502144 1.538366 0.841741 0.584053 291.824089 168.815101 -8.116754
-6.140398 -4.374443 -9.153173 -6.140398 -4.374443 -9.153173 1.713460 0.943030 0.579183 291.824089 168.815101 -8.116754
-5.062138 -3.787819 -8.805288 -5.062138 -3.787819 -8.805288 1.876831 0.996415 0.583495 252.745952 9.135480 22.488731
-3.895582 -3.201467 -8.450616 -3.895582 -3.201467 -8.450616 2.003295 0.936193 0.599626 168.799459 -209.875340 31.280267
-2.669638 -2.687500 -8.080596 -2.669638 -2.687500 -8.080596 2.072487 0.760407 0.641461 61.838834 -376.079533 108.170662
-1.425037 -2.305308 -7.671513 -1.425037 -2.305308 -7.671513 2.059484 0.502971 0.730046 -105.179721 -482.040239 187.112338
-0.216200 -2.093687 -7.196240 -0.216200 -2.093687 -7.196240 1.956768 0.196778 0.860139 -237.207899 -538.601335 246.530390
0.905350 -2.072668 -6.632325 0.905350 -2.072668 -6.632325 1.765374 -0.126884 1.025337 -400.771507 -540.271905 304.130139
1.886233 -2.241222 -5.962645 1.886233 -2.241222 -5.962645 1.493902 -0.426922 1.206490 -504.136347 -459.854906 299.715416
2.689077 -2.573736 -5.187692 2.689077 -2.573736 -5.187692 1.177655 -0.670770 1.371868 -550.018661 -352.971198 251.543950
3.296667 -3.039733 -4.319293 3.296667 -3.039733 -4.319293 0.847644 -0.882552 1.522795 -550.018661 -352.971198 251.543950
