7.160180 -3.610513 9.116398 7.160180 -3.610513 9.116398 0.183740 -0.415389 1.692081 681.742327 471.757751 -693.908689
7.393137 -3.774830 10.006743 7.393137 -3.774830 10.006743 0.592786 -0.132335 1.275736 681.742327 471.757751 -693.908689
7.870520 -3.773358 10.645017 7.870520 -3.773358 10.645017 0.996821 0.130501 0.848070 665.043684 404.362519 -731.644693
8.580869 -3.629526 11.024140 8.580869 -3.629526 11.024140 1.358586 0.336849 0.418964 540.839507 283.463889 -698.707519
9.481990 -3.384561 11.157126 9.481990 -3.384561 11.157126 1.626182 0.466085 0.036617 351.145448 147.322146 -575.785432
10.509111 -3.087819 11.085896 10.509111 -3.087819 11.085896 1.777900 0.507345 -0.256648 154.580894 -9.791175 -401.762001
11.589300 -2.791797 10.870649 11.589300 -2.791797 10.870649 1.798772 0.468357 -0.442413 -85.007788 -120.166667 -217.456191
12.639846 -2.538241 10.577504 12.639846 -2.538241 10.577504 1.680688 0.367115 -0.515660 -308.604024 -217.307680 -26.698994
13.580639 -2.361038 10.272710 13.580639 -2.361038 10.272710 1.435168 0.216981 -0.484643 -509.795892 -283.136892 130.087213
14.341115 -2.281545 10.014309 14.341115 -2.281545 10.014309 1.084982 0.048441 -0.361746 -657.492285 -278.665185 279.571639
14.870090 -2.300473 9.852842 14.870090 -2.300473 9.852842 0.672161 -0.107924 -0.167712 -718.575627 -242.550169 367.206845
15.144470 -2.403450 9.819939 15.144470 -2.403450 9.819939 0.243151 -0.226272 0.060742 -711.459793 -151.943605 394.307798
15.166567 -2.560326 9.925522 15.166567 -2.560326 9.925522 -0.162381 -0.286252 0.288140 -640.310900 -47.991748 363.683501
14.961499 -2.734550 10.159350 14.961499 -2.734550 10.159350 -0.508485 -0.284216 0.483754 -513.371592 54.779401 288.362753
14.574010 -2.889303 10.495863 14.574010 -2.889303 10.495863 -0.766460 -0.221767 0.628553 -346.543934 153.385305 194.300089
14.063768 -2.990362 10.902551 14.063768 -2.990362 10.902551 -0.914329 -0.107777 0.718045 -146.351400 226.581716 104.007987
13.499391 -3.012714 11.345476 13.499391 -3.012714 11.345476 -0.949320 0.035817 0.747329 29.712560 252.064271 -6.395624
12.945249 -2.947983 11.788557 12.945249 -2.947983 11.788557 -0.880986 0.176401 0.722668 198.066844 216.548659 -75.805643
12.458709 -2.806117 12.205453 12.458709 -2.806117 12.205453 -0.730144 0.291564 0.661888 304.742460 167.328362 -126.796317
12.079209 -2.606673 12.578284 12.079209 -2.606673 12.578284 -0.528635 0.363895 0.578414 366.952392 73.775501 -151.447722
11.829135 -2.382168 12.900826 11.829135 -2.382168 12.900826 -0.303189 0.372602 0.501315 384.533528 -44.751653 -105.551258
11.714018 -2.172928 13.185173 11.714018 -2.172928 13.185173 -0.084567 0.314418 0.450774 344.209163 -149.197481 -62.917242
11.720334 -2.016598 13.448270 11.720334 -2.016598 13.448270 0.097453 0.197575 0.432808 262.522888 -240.279672 3.031059
11.821386 -1.946315 13.711697 11.821386 -1.946315 13.711697 0.231595 0.028351 0.450611 184.618118 -323.799104 56.312402
11.987024 -1.987192 13.994252 11.987024 -1.987192 13.994252 0.309613 -0.163947 0.494656 75.439472 -317.193136 90.502604
12.181095 -2.140460 14.307787 12.181095 -2.140460 14.307787 0.328501 -0.343289 0.551217 -12.478293 -280.615104 98.034637
12.375950 -2.396944 14.656164 12.375950 -2.396944 14.656164 0.321014 -0.511658 0.610038 -12.478293 -280.615104 98.034637
