0.689575 -0.450475 1.695283 0.689575 -0.450475 1.695283 0.432629 -0.556023 1.196932 -413.381676 219.187720 -9.081719
0.874743 -0.744635 2.411807 0.874743 -0.744635 2.411807 0.184600 -0.424510 1.191482 -413.381676 219.187720 -9.081719
0.922278 -0.958274 3.113657 0.922278 -0.958274 3.113657 -0.007510 -0.284928 1.129012 -226.984950 246.084822 -199.153565
0.892697 -1.086492 3.741368 0.892697 -1.086492 3.741368 -0.064788 -0.145058 0.940277 36.058360 220.150373 -429.963685
0.873855 -1.137959 4.218001 0.873855 -1.137959 4.218001 0.024549 -0.033265 0.631598 261.733820 152.492686 -598.965504
0.946957 -1.136389 4.484270 0.946957 -1.136389 4.484270 0.237889 0.028632 0.247842 449.397762 53.831053 -680.221591
1.179769 -1.115748 4.510211 1.179769 -1.115748 4.510211 0.553463 0.029789 -0.161911 602.516623 -49.975651 -685.622360
1.624705 -1.112657 4.292540 1.624705 -1.112657 4.292540 0.937000 -0.029126 -0.558845 675.940339 -146.406943 -637.491125
2.308742 -1.160762 3.849427 2.308742 -1.160762 3.849427 1.343402 -0.138354 -0.906631 678.731350 -217.686743 -521.792922
3.233460 -1.284776 3.221753 3.233460 -1.284776 3.221753 1.733168 -0.278053 -1.168571 620.490406 -247.974668 -351.342135
4.376799 -1.495687 2.468118 4.376799 -1.495687 2.468118 2.064213 -0.424059 -1.325630 482.990728 -238.714454 -172.187573
5.691665 -1.789569 1.653123 5.691665 -1.789569 1.653123 2.301009 -0.549678 -1.372055 306.329946 -180.015559 17.436330
7.117016 -2.145766 0.844030 7.117016 -2.145766 0.844030 2.432834 -0.627622 -1.306587 133.087500 -79.798376 200.792589
8.589068 -2.528579 0.103565 8.589068 -2.528579 0.103565 2.454668 -0.634881 -1.149388 -60.307134 55.604841 323.204187
10.040525 -2.891294 -0.523072 10.040525 -2.891294 -0.523072 2.366042 -0.560495 -0.931374 -235.111941 192.346686 403.506585
11.411159 -3.185975 -1.007641 11.411159 -3.185975 -1.007641 2.191615 -0.410118 -0.681146 -346.311253 308.911532 430.588634
12.659734 -3.371363 -1.340559 12.659734 -3.371363 -1.340559 1.963539 -0.199377 -0.431474 -413.945012 393.557965 401.649342
13.761974 -3.417192 -1.531068 13.761974 -3.417192 -1.531068 1.708310 0.051541 -0.210091 -436.817151 442.836217 336.296301
14.710405 -3.305977 -1.601621 14.710405 -3.305977 -1.601621 1.456576 0.320138 -0.033475 -402.297170 452.484131 252.421672
15.516538 -3.036988 -1.582834 15.516538 -3.036988 -1.582834 1.238203 0.568924 0.085160 -325.609961 376.803110 143.029317
16.206364 -2.635605 -1.511747 16.206364 -2.635605 -1.511747 1.070406 0.756029 0.142208 -233.716049 246.880380 47.130809
16.812428 -2.146469 -1.421688 16.812428 -2.146469 -1.421688 0.959626 0.859559 0.151742 -135.550695 98.221242 -15.352063
17.369337 -1.622723 -1.335396 17.369337 -1.622723 -1.335396 0.905958 0.870147 0.132583 -43.342201 -62.929965 -48.508621
17.908342 -1.122807 -1.265113 17.908342 -1.122807 -1.265113 0.896116 0.778163 0.100800 10.536395 -243.682440 -57.437079
18.449733 -0.709177 -1.212763 18.449733 -0.709177 -1.212763 0.911561 0.584931 0.077383 40.947773 -400.424119 -20.618713
19.004195 -0.435860 -1.166561 19.004195 -0.435860 -1.166561 0.936903 0.316847 0.082427 43.524885 -493.190148 37.431453
19.572080 -0.336878 -1.106977 19.572080 -0.336878 -1.106977 0.952561 0.009176 0.121840 8.666939 -532.379237 93.944651
20.141407 -0.426604 -1.013500 20.141407 -0.426604 -1.013500 0.938913 -0.307266 0.195519 -54.160399 -522.427422 151.652729
20.690481 -0.699688 -0.866461 20.690481 -0.699688 -0.866461 0.883793 -0.594164 0.298662 -129.571869 -433.899419 192.159432
21.195007 -1.125160 -0.652524 21.195007 -1.125160 -0.652524 0.793916 -0.808861 0.414712 -170.016500 -281.755097 194.671947
21.639141 -1.651209 -0.370892 21.639141 -1.651209 -0.370892 0.683842 -0.927998 0.520337 -196.897233 -115.368244 157.412345
22.013387 -2.217041 -0.034381 22.013387 -2.217041 -0.034381 0.562614 -0.938555 0.594656 -207.198176 80.175990 90.317344
22.316183 -2.753867 0.332331 22.316183 -2.753867 0.332331 0.450911 -0.831069 0.617153 -165.142828 278.112607 -15.329065
22.562313 -3.194283 0.692354 22.562313 -3.194283 0.692354 0.378374 -0.623380 0.570409 -76.648496 414.182894 -140.483353
22.782164 -3.487179 1.001985 22.782164 -3.487179 1.001985 0.365501 -0.341974 0.449482 33.737096 523.835447 -262.604791
23.015217 -3.594714 1.216984 23.015217 -3.594714 1.216984 0.424140 -0.010875 0.254810 161.729275 579.828895 -386.301461
23.306681 -3.499014 1.296289 23.306681 -3.499014 1.296289 0.560522 0.326302 0.002795 292.877127 544.095011 -453.751101
23.700717 -3.210470 1.215864 23.700717 -3.210470 1.215864 0.761273 0.626886 -0.271585 376.290400 457.850322 -460.849403
24.225213 -2.751926 0.969960 24.225213 -2.751926 0.969960 0.987047 0.901596 -0.548095 376.290400 457.850322 -460.849403
