2.457121 2.439267 -8.892458 2.457121 2.439267 -8.892458 0.847111 0.260504 1.874982 -221.392978 -25.911418 -174.825938
2.925537 2.590905 -7.798937 2.925537 2.590905 -7.798937 0.714275 0.244957 1.770087 -221.392978 -25.911418 -174.825938
3.323193 2.740216 -6.778645 3.323193 2.740216 -6.778645 0.626146 0.264414 1.613734 -72.371246 90.768491 -346.349672
3.694337 2.920262 -5.884614 3.694337 2.920262 -5.884614 0.625136 0.344171 1.346595 69.004346 175.088664 -544.115647
4.087810 3.159795 -5.180737 4.087810 3.159795 -5.180737 0.696392 0.456796 0.989431 168.515238 200.325733 -646.428077
4.538501 3.470921 -4.705684 4.538501 3.470921 -4.705684 0.810116 0.581940 0.590327 210.565894 216.821180 -683.920178
5.063526 3.857032 -4.471762 5.063526 3.857032 -4.471762 0.941725 0.701633 0.194131 228.128497 182.158275 -636.731619
5.668647 4.305622 -4.462705 5.668647 4.305622 -4.462705 1.073716 0.785035 -0.151955 211.842057 95.846740 -516.889722
6.347331 4.786854 -4.637723 6.347331 4.786854 -4.637723 1.182436 0.807334 -0.416115 150.558465 -21.517246 -363.643322
7.079552 5.260065 -4.941118 7.079552 5.260065 -4.941118 1.251066 0.757843 -0.575649 78.206841 -143.452908 -168.137172
7.839680 5.681795 -5.303871 7.839680 5.681795 -5.303871 1.275050 0.635998 -0.612029 1.742711 -262.695068 46.871767
8.601944 6.010534 -5.651780 8.601944 6.010534 -5.651780 1.260694 0.450508 -0.529551 -49.598421 -355.607641 228.053818
9.348625 6.214783 -5.919517 9.348625 6.214783 -5.919517 1.226899 0.226916 -0.347997 -63.050957 -389.699148 377.124658
10.073378 6.280200 -6.055400 10.073378 6.280200 -6.055400 1.188884 -0.009837 -0.096557 -63.664871 -399.477287 461.010725
10.775249 6.202392 -6.030352 10.775249 6.202392 -6.030352 1.150685 -0.249524 0.180050 -63.664871 -399.477287 461.010725
