-2.466570 4.662649 -8.418073 -2.466570 4.662649 -8.418073 2.496115 -0.219216 -0.280566 -628.442034 103.003850 338.856872
-1.082020 4.549660 -8.525419 -1.082020 4.549660 -8.525419 2.119050 -0.157413 -0.077252 -628.442034 103.003850 338.856872
0.073833 4.478638 -8.507838 0.073833 4.478638 -8.507838 1.729695 -0.071183 0.140750 -669.409277 184.430716 387.818191
0.989913 4.473435 -8.350588 0.989913 4.473435 -8.350588 1.321833 0.061020 0.388405 -690.129877 256.247054 437.698937
1.661086 4.557784 -8.037757 1.661086 4.557784 -8.037757 0.919240 0.222831 0.656033 -651.847074 283.122375 454.394487
2.104288 4.742149 -7.566496 2.104288 4.742149 -7.566496 0.573082 0.391224 0.907920 -502.013143 278.187370 385.227386
2.369153 5.022864 -6.959604 2.369153 5.022864 -6.959604 0.328769 0.537674 1.103050 -312.363530 209.979421 265.207007
2.520783 5.375156 -6.258983 2.520783 5.375156 -6.258983 0.194318 0.623117 1.217443 -135.805641 74.829544 116.101520
2.625612 5.755072 -5.517715 2.625612 5.755072 -5.517715 0.176251 0.630898 1.236623 75.581646 -48.890921 -52.166282
2.755905 6.116162 -4.797700 2.755905 6.116162 -4.797700 0.276288 0.558319 1.142481 257.873940 -193.038725 -261.642780
2.975936 6.407695 -4.169488 2.975936 6.407695 -4.169488 0.470220 0.398940 0.934592 388.567781 -338.226180 -431.319495
3.332262 6.580122 -3.693739 3.332262 6.580122 -3.693739 0.724617 0.165724 0.638956 459.422345 -439.161220 -554.133695
3.851029 6.596529 -3.415145 3.851029 6.596529 -3.415145 1.006775 -0.117666 0.281296 481.102865 -505.471879 -638.066641
4.540447 6.434781 -3.362272 4.540447 6.434781 -3.362272 1.289210 -0.421767 -0.106804 460.346918 -508.198318 -655.599631
5.390895 6.095474 -3.537860 5.390895 6.095474 -3.537860 1.535718 -0.700539 -0.467652 361.348153 -421.041920 -547.226411
6.370971 5.605649 -3.911050 6.370971 5.605649 -3.911050 1.720536 -0.921731 -0.766481 254.711934 -316.263341 -448.870133
7.449141 4.995683 -4.451735 7.449141 4.995683 -4.451735 1.873363 -1.111489 -1.035803 254.711934 -316.263341 -448.870133
