7.304583 6.545962 9.569077 7.304583 6.545962 9.569077 0.416185 -0.084599 1.222814 682.947612 -449.563232 -384.649389
7.677225 6.414281 10.233529 7.677225 6.414281 10.233529 0.825954 -0.354337 0.992025 682.947612 -449.563232 -384.649389
8.291786 6.128108 10.758772 8.291786 6.128108 10.758772 1.216017 -0.587317 0.757559 617.262607 -327.035153 -396.902323
9.123353 5.726003 11.143788 9.123353 5.726003 11.143788 1.540619 -0.737783 0.529034 464.742770 -174.517021 -364.849062
10.120388 5.262010 11.399508 10.120388 5.262010 11.399508 1.764515 -0.792044 0.329985 281.580272 -6.353922 -298.648417
11.216772 4.793967 11.549517 11.216772 4.793967 11.549517 1.868414 -0.754221 0.179673 64.747501 132.429732 -202.389438
12.334286 4.372373 11.626656 12.334286 4.372373 11.626656 1.831321 -0.639258 0.087067 -188.388995 250.780403 -106.298408
13.386406 4.038694 11.662888 13.386406 4.038694 11.662888 1.654471 -0.465112 0.038911 -401.110860 329.707706 -54.221448
14.296177 3.819631 11.680331 14.296177 3.819631 11.680331 1.360246 -0.264005 0.025662 -579.641538 340.647278 10.058234
15.000899 3.720932 11.698493 15.000899 3.720932 11.698493 0.977013 -0.067680 0.036470 -697.799497 313.770750 25.967934
15.459053 3.731581 11.722584 15.459053 3.731581 11.722584 0.546083 0.094477 0.039723 -738.635227 226.751991 -15.124480
15.656132 3.822425 11.741753 15.656132 3.822425 11.741753 0.114818 0.197240 0.020939 -698.916066 115.791079 -47.488772
15.603697 3.955595 11.742016 15.603697 3.955595 11.742016 -0.282135 0.236630 -0.026318 -624.257480 15.509210 -110.033473
15.332067 4.093127 11.702018 15.332067 4.093127 11.702018 -0.606601 0.209747 -0.114343 -457.296154 -105.120030 -183.385460
14.897260 4.195312 11.597220 14.897260 4.195312 11.597220 -0.823646 0.122967 -0.240288 -266.189449 -184.145871 -236.430225
14.365567 4.232760 11.409822 14.365567 4.232760 11.409822 -0.931316 -0.003447 -0.385487 -92.710523 -237.232836 -247.567643
13.801652 4.188256 11.135341 13.801652 4.188256 11.135341 -0.929127 -0.144459 -0.527157 100.007392 -232.807261 -224.663808
13.271157 4.061695 10.781980 13.271157 4.061695 10.781980 -0.824226 -0.274047 -0.645092 249.662710 -199.152882 -168.454115
12.827091 3.866423 10.370569 12.827091 3.866423 10.370569 -0.646775 -0.368519 -0.716333 341.842261 -115.754090 -69.014462
12.504471 3.630806 9.936219 12.504471 3.630806 9.936219 -0.422104 -0.406322 -0.718383 407.060243 -10.258215 62.179762
12.323434 3.391379 9.524571 12.323434 3.391379 9.524571 -0.183094 -0.381411 -0.640124 389.639205 93.297018 198.684368
12.280391 3.185549 9.184756 12.280391 3.185549 9.184756 0.034082 -0.294318 -0.478433 334.281013 197.013166 340.284332
12.355911 3.048102 8.965490 12.355911 3.048102 8.965490 0.209150 -0.157707 -0.241546 249.280244 258.354580 449.338842
12.519967 3.001422 8.905824 12.519967 3.001422 8.905824 0.327198 0.004511 0.049957 144.211144 282.374083 522.339092
12.736184 3.053281 9.029958 12.736184 3.053281 9.029958 0.383426 0.165560 0.364056 43.217531 254.455468 524.656463
12.969760 3.194972 9.338955 12.969760 3.194972 9.338955 0.388061 0.300997 0.659479 -27.769773 196.999836 460.089603
13.197598 3.411030 9.817459 13.197598 3.411030 9.817459 0.371399 0.419197 0.935533 -27.769773 196.999836 460.089603
