-8.100091 0.466049 2.931192 -8.100091 0.466049 2.931192 -0.100831 -0.891290 0.322849 -322.775016 -275.644159 285.932291
-8.218689 -0.118341 3.176370 -8.218689 -0.118341 3.176370 -0.294496 -1.056676 0.494409 -322.775016 -275.644159 285.932291
-8.445762 -0.793848 3.530832 -8.445762 -0.793848 3.530832 -0.449542 -1.181487 0.697715 -194.045110 -140.392607 391.754131
-8.739290 -1.515788 4.025321 -8.739290 -1.515788 4.025321 -0.510341 -1.204609 0.959491 -8.619109 63.319018 480.834154
-9.035805 -2.215272 4.688570 -9.035805 -2.215272 4.688570 -0.459305 -1.107197 1.253009 178.741521 261.386989 497.557654
-9.266749 -2.822686 5.527705 -9.266749 -2.822686 5.527705 -0.289733 -0.901092 1.540391 386.498194 425.630618 460.384020
-9.360369 -3.280046 6.530056 -9.360369 -3.280046 6.530056 -0.004589 -0.612303 1.792856 563.982073 536.999051 381.164679
-9.253520 -3.548686 7.665200 -9.253520 -3.548686 7.665200 0.374229 -0.279695 1.975660 698.743567 571.695341 228.183816
-8.898754 -3.614119 8.879530 -8.898754 -3.614119 8.879530 0.815749 0.060716 2.051876 772.988387 563.007803 25.868894
-8.271033 -3.480301 10.102503 -8.271033 -3.480301 10.102503 1.275210 0.378755 2.003350 758.547490 497.122515 -187.623663
-7.374660 -3.172322 11.258179 -7.374660 -3.172322 11.258179 1.703882 0.633250 1.827966 670.360920 351.193740 -396.988437
-6.240350 -2.738846 12.272895 -6.240350 -2.738846 12.272895 2.062679 0.795519 1.536745 525.628621 189.701295 -573.750125
-4.920083 -2.238353 13.084026 -4.920083 -2.238353 13.084026 2.318290 0.854521 1.154290 326.409377 6.973566 -701.098366
-3.484586 -1.735311 13.645813 -3.484586 -1.735311 13.645813 2.442979 0.804072 0.710688 89.218523 -175.136495 -777.574110
-2.017129 -1.293076 13.933219 -2.017129 -1.293076 13.933219 2.424565 0.655574 0.248925 -150.596727 -319.857978 -761.635417
-0.602000 -0.963622 13.951314 -0.602000 -0.963622 13.951314 2.271691 0.432078 -0.178889 -358.983316 -425.127542 -664.413133
0.685669 -0.782538 13.732732 0.685669 -0.782538 13.732732 2.002658 0.168803 -0.535806 -537.792842 -452.454617 -525.308246
1.784533 -0.761301 13.329155 1.784533 -0.761301 13.329155 1.650341 -0.095686 -0.788680 -636.597708 -429.177910 -317.606672
2.658066 -0.892548 12.813369 2.658066 -0.892548 12.813369 1.257961 -0.336106 -0.906292 -671.336673 -372.220971 -74.432789
3.294715 -1.153758 12.269691 3.294715 -1.153758 12.269691 0.868723 -0.522175 -0.883472 -626.123463 -248.010027 150.498500
3.709668 -1.502673 11.779378 3.709668 -1.502673 11.779378 0.525159 -0.625822 -0.729773 -519.087736 -97.479471 361.830690
3.941052 -1.887345 11.416206 3.941052 -1.887345 11.416206 0.262328 -0.642469 -0.464861 -357.015580 41.991446 521.210188
4.044909 -2.257610 11.237150 4.044909 -2.257610 11.237150 0.101733 -0.578988 -0.121923 -178.303028 169.610901 621.916481
4.085898 -2.568519 11.276997 4.085898 -2.568519 11.276997 0.054969 -0.447454 0.256509 22.422577 268.834814 639.524280
4.134425 -2.786196 11.543172 4.134425 -2.786196 11.543172 0.125969 -0.274125 0.626000 214.243932 308.927285 592.111702
4.256033 -2.894750 12.019075 4.256033 -2.894750 12.019075 0.291829 -0.087197 0.949880 338.624843 314.167024 487.487691
4.497835 -2.892748 12.667534 4.497835 -2.892748 12.667534 0.523763 0.090155 1.196290 434.486331 277.006704 333.878814
4.893273 -2.794293 13.433599 4.893273 -2.794293 13.433599 0.799319 0.228862 1.337581 484.035751 185.348934 137.093044
5.457694 -2.629874 14.249311 5.457694 -2.629874 14.249311 1.078257 0.308769 1.362270 445.756434 81.008128 -54.796595
6.182052 -2.435364 15.048240 6.182052 -2.435364 15.048240 1.331548 0.330711 1.286545 398.548441 -7.866479 -197.621244
7.052720 -2.238353 15.784595 7.052720 -2.238353 15.784595 1.570678 0.325991 1.167972 398.548441 -7.866479 -197.621244
