-3.112746 0.271793 8.973379 -3.112746 0.271793 8.973379 0.738925 1.024137 0.797336 -98.540812 234.827751 -207.182477
-2.687129 0.928544 9.414488 -2.687129 0.928544 9.414488 0.679800 1.165034 0.673027 -98.540812 234.827751 -207.182477
-2.290411 1.661783 9.774974 -2.290411 1.661783 9.774974 0.653551 1.265682 0.518533 11.044118 100.665891 -307.795867
-1.889153 2.429294 10.022210 -1.889153 2.429294 10.022210 0.695875 1.275991 0.291449 130.032974 -66.301836 -449.150645
-1.444331 3.173386 10.110063 -1.444331 3.173386 10.110063 0.793351 1.188366 -0.008888 194.887248 -225.780881 -551.971823
-0.932092 3.837179 10.002351 -0.932092 3.837179 10.002351 0.916025 1.009970 -0.355193 214.025958 -368.873404 -602.380339
-0.345180 4.370149 9.681809 -0.345180 4.370149 9.681809 1.038303 0.755570 -0.711607 193.569055 -479.125419 -585.664407
0.309942 4.732993 9.154941 0.309942 4.732993 9.154941 1.140936 0.446820 -1.035428 148.540611 -550.040513 -493.741378
1.017485 4.902910 8.452833 1.017485 4.902910 8.452833 1.211277 0.120952 -1.291562 85.929508 -536.185983 -360.036926
1.755675 4.883909 7.624557 1.755675 4.883909 7.624557 1.242619 -0.176054 -1.450246 18.543725 -453.836259 -168.909312
2.501709 4.703753 6.736616 2.501709 4.703753 6.736616 1.239367 -0.412518 -1.488538 -29.381993 -334.374711 41.267568
3.238222 4.405442 5.864075 3.238222 4.405442 5.864075 1.212648 -0.566209 -1.398008 -59.682232 -177.930332 260.501620
3.954980 4.045779 5.084355 3.954980 4.045779 5.084355 1.176398 -0.612518 -1.180738 -61.151660 23.567324 463.728861
4.652551 3.693856 4.469134 4.652551 3.693856 4.469134 1.153404 -0.541647 -0.853746 -15.495132 212.668343 626.244259
5.346408 3.416187 4.074771 5.346408 3.416187 4.074771 1.167126 -0.368851 -0.452193 61.236068 363.319878 712.267520
6.063086 3.268059 3.932103 6.063086 3.268059 3.932103 1.230764 -0.111934 -0.022636 150.890998 493.067750 719.590174
6.834101 3.293479 4.045010 6.834101 3.293479 4.045010 1.348282 0.203050 0.393928 240.833117 556.879255 668.956164
7.690321 3.513963 4.393449 7.690321 3.513963 4.393449 1.512286 0.529257 0.753655 305.848751 530.477953 530.132870
8.655823 3.922603 4.930129 8.655823 3.922603 4.930129 1.711184 0.825539 1.017051 357.144037 457.129631 347.852534
9.747704 4.493635 5.588733 9.747704 4.493635 5.588733 1.929891 1.066946 1.154562 371.880404 347.560171 110.518615
10.969301 5.185880 6.288186 10.969301 5.185880 6.288186 2.136637 1.223064 1.154987 317.272118 172.832855 -109.102674
12.301911 5.939512 6.948627 12.301911 5.939512 6.948627 2.294594 1.270184 1.024960 209.249778 -15.764539 -324.321207
13.708296 6.688714 7.494647 13.708296 6.688714 7.494647 2.379965 1.210368 0.777480 75.319944 -183.622890 -500.610681
15.138892 7.373320 7.863736 15.138892 7.373320 7.863736 2.370456 1.057381 0.440668 -107.014040 -326.335936 -622.095092
16.530615 7.942607 8.013945 16.530615 7.942607 8.013945 2.249803 0.829573 0.056336 -295.163085 -433.022701 -659.010794
17.817616 8.359387 7.930124 17.817616 8.359387 7.930124 2.023949 0.554664 -0.334076 -457.682962 -483.340062 -642.363516
18.941103 8.606212 7.619891 18.941103 8.606212 7.619891 1.706839 0.269800 -0.690307 -599.351204 -466.207839 -545.073047
19.852402 8.688830 7.116304 19.852402 8.688830 7.116304 1.322625 0.013352 -0.973796 -681.363953 -388.618358 -399.891440
20.522414 8.632672 6.470069 20.522414 8.632672 6.470069 0.909217 -0.190911 -1.163616 -696.662385 -292.259319 -232.841982
20.945258 8.474110 5.740024 20.945258 8.474110 5.740024 0.504786 -0.323309 -1.253139 -651.439787 -149.064714 -65.566803
21.138385 8.262187 4.986711 21.138385 8.262187 4.986711 0.151497 -0.368278 -1.240617 -526.190380 -0.832902 107.306282
21.145788 8.047593 4.269761 21.145788 8.047593 4.269761 -0.108126 -0.336162 -1.135709 -339.218869 107.886518 242.385621
21.033244 7.870613 3.637644 21.033244 7.870613 3.637644 -0.244701 -0.244944 -0.961883 -116.030944 196.173994 337.034164
20.879707 7.762002 3.122553 20.879707 7.762002 3.122553 -0.243476 -0.112019 -0.752798 120.112615 246.907892 359.917267
20.768339 7.739837 2.735151 20.768339 7.739837 2.735151 -0.105921 0.039138 -0.539388 338.403126 256.950151 351.449325
20.776453 7.807006 2.472559 20.776453 7.807006 2.472559 0.150896 0.180486 -0.339619 517.656442 214.209226 314.446376
20.967863 7.948025 2.320494 20.967863 7.948025 2.320494 0.499960 0.279858 -0.175419 645.890508 117.030976 232.886425
21.387104 8.130953 2.251430 21.387104 8.130953 2.251430 0.902512 0.319816 -0.064349 695.948332 16.163341 137.349135
22.052530 8.319810 2.233151 22.052530 8.319810 2.233151 1.313323 0.299801 -0.003903 673.420192 -82.882106 64.137082
22.956763 8.479232 2.238883 22.956763 8.479232 2.238883 1.692493 0.222375 0.017227 590.479484 -175.202904 6.295018
24.068747 8.577818 2.247764 24.068747 8.577818 2.247764 1.997795 0.100741 0.008065 427.195641 -230.246484 -36.833347
25.330317 8.595328 2.246817 25.330317 8.595328 2.246817 2.184097 -0.044858 -0.009818 193.808977 -255.082883 -22.778401
26.665200 8.523848 2.239449 26.665200 8.523848 2.239449 2.248081 -0.191161 -0.010367 19.474258 -232.591862 20.947981
28.017554 8.367285 2.236999 28.017554 8.367285 2.236999 2.259766 -0.330716 0.002201 19.474258 -232.591862 20.947981
