-10.638019 4.914564 -3.751187 -10.638019 4.914564 -3.751187 1.887488 1.142416 0.273865 438.886503 -522.931795 -482.552032
-9.426526 5.505885 -3.673728 -9.426526 5.505885 -3.673728 2.150820 0.828657 -0.015667 438.886503 -522.931795 -482.552032
-8.067081 5.907499 -3.760631 -8.067081 5.907499 -3.760631 2.363919 0.507635 -0.258416 271.443770 -547.140227 -326.610990
-6.614076 6.115451 -3.961326 -6.614076 6.115451 -3.961326 2.455754 0.188632 -0.388660 34.671837 -516.202587 -107.537429
-5.147659 6.141034 -4.202287 -5.147659 6.141034 -4.202287 2.410175 -0.094491 -0.395222 -186.601851 -427.541363 85.662832
-3.748129 6.014938 -4.413262 -3.748129 6.014938 -4.413262 2.233285 -0.313233 -0.290132 -403.030573 -301.599488 264.639170
-2.491544 5.782881 -4.530559 -2.491544 5.782881 -4.530559 1.937262 -0.443341 -0.085611 -583.713784 -132.093425 417.096420
-1.440735 5.502812 -4.501644 -1.440735 5.502812 -4.501644 1.554636 -0.474037 0.190667 -691.706767 29.772856 503.829508
-0.633532 5.231707 -4.295269 -0.633532 5.231707 -4.295269 1.134255 -0.416379 0.499396 -709.563043 162.421360 525.269635
-0.077745 5.018216 -3.903199 -0.077745 5.018216 -3.903199 0.723295 -0.283427 0.803973 -660.301206 280.752276 489.984373
0.243598 4.902434 -3.337154 0.243598 4.902434 -3.337154 0.358215 -0.096279 1.075286 -556.633473 343.073862 414.394026
0.369001 4.906062 -2.624121 0.369001 4.906062 -2.624121 0.077574 0.107775 1.290273 -378.836787 337.105637 302.230418
0.360748 5.028839 -1.803315 0.360748 5.028839 -1.803315 -0.082759 0.297203 1.432818 -155.606556 294.320123 172.919506
0.296049 5.255479 -0.919901 0.296049 5.255479 -0.919901 -0.111298 0.450501 1.499557 60.478221 216.675482 49.544114
0.252588 5.557903 -0.017050 0.252588 5.557903 -0.017050 -0.012853 0.546113 1.500272 267.670064 102.028967 -47.160972
0.303987 5.896946 0.870463 0.303987 5.896946 0.870463 0.202400 0.572383 1.451171 449.839214 -14.461315 -116.508779
0.514022 6.230794 1.718365 0.514022 6.230794 1.718365 0.510426 0.528813 1.372117 576.916631 -130.772952 -147.004921
0.926489 6.519583 2.515978 0.926489 6.519583 2.515978 0.868405 0.425552 1.287936 616.345963 -213.430734 -133.599943
1.558210 6.734301 3.267549 1.558210 6.734301 3.267549 1.236894 0.286516 1.222059 611.950549 -250.020994 -85.988006
2.406441 6.861241 3.988043 2.406441 6.861241 3.988043 1.583778 0.136675 1.184151 544.329592 -249.449540 -40.375241
3.447245 6.901383 4.694696 3.447245 6.901383 4.694696 1.873168 0.002195 1.177073 420.303174 -198.818173 16.785056
4.637350 6.872255 5.406840 4.637350 6.872255 5.406840 2.078098 -0.090384 1.201539 262.795241 -109.776041 64.767968
5.922018 6.803863 6.141106 5.922018 6.803863 6.141106 2.188307 -0.128260 1.248822 104.570435 -16.479107 92.841258
7.244917 6.730092 6.906194 7.244917 6.730092 6.906194 2.206507 -0.107392 1.299944 -43.906160 86.040241 77.563764
8.554480 6.686997 7.697085 8.554480 6.686997 7.697085 2.147975 -0.026501 1.331299 -151.198374 183.597419 26.952700
9.811120 6.707961 8.495750 9.811120 6.707961 8.495750 2.032610 0.102740 1.322642 -233.353156 247.204514 -55.807171
10.986520 6.815142 9.273093 10.986520 6.815142 9.273093 1.881787 0.256267 1.258172 -269.387683 264.550960 -159.092311
12.068147 7.014049 9.993593 12.068147 7.014049 9.993593 1.725376 0.402634 1.133879 -251.983431 223.339798 -255.219288
13.060947 7.291237 10.621507 13.060947 7.291237 10.621507 1.588843 0.513672 0.948381 -203.128312 146.786769 -363.108599
13.981389 7.619714 11.121033 13.981389 7.619714 11.121033 1.485463 0.571005 0.709802 -141.471381 44.322880 -432.154000
14.851838 7.962072 11.468832 14.851838 7.962072 11.468832 1.423762 0.556483 0.449037 -64.195916 -92.728599 -437.061609
15.697764 8.270665 11.661429 15.697764 8.270665 11.661429 1.401363 0.457818 0.196027 -10.469650 -236.154991 -406.304595
16.539130 8.495292 11.710083 16.539130 8.495292 11.710083 1.407244 0.278346 -0.026889 30.074066 -362.084204 -336.750859
17.389614 8.591993 11.641435 17.389614 8.591993 11.641435 1.428910 0.035440 -0.188440 42.146557 -447.604433 -201.749516
18.252078 8.531049 11.503501 18.252078 8.531049 11.503501 1.441854 -0.241316 -0.252264 0.998438 -474.914760 -10.998355
19.113986 8.301447 11.361721 19.113986 8.301447 11.361721 1.425532 -0.522906 -0.201075 -55.405226 -463.716266 181.627138
19.955370 7.909881 11.283865 19.955370 7.909881 11.283865 1.372478 -0.772904 -0.041614 -121.441284 -369.612189 349.910036
20.751740 7.387905 11.331591 20.751740 7.387905 11.331591 1.273328 -0.953185 0.216882 -209.058032 -231.323821 511.744871
21.474169 6.783476 11.561039 21.474169 6.783476 11.561039 1.128207 -1.046382 0.559950 -274.677684 -79.332097 631.815516
22.098850 6.152101 12.013335 22.098850 6.152101 12.013335 0.949392 -1.040311 0.952035 -321.372636 99.566835 675.131304
22.610362 5.557335 12.703961 22.610362 5.557335 12.703961 0.755191 -0.923075 1.346526 -325.966228 291.221284 639.839861
23.007725 5.064376 13.620440 23.007725 5.064376 13.620440 0.574221 -0.706014 1.697391 -277.266420 432.315118 529.709959
23.308119 4.723650 14.724983 23.308119 4.723650 14.724983 0.436710 -0.421295 1.969017 -181.104381 516.746352 375.710329
23.545232 4.566367 15.960940 23.545232 4.566367 15.960940 0.366476 -0.098850 2.129037 -53.007624 558.071090 157.691555
23.764906 4.606079 17.252373 23.764906 4.606079 17.252373 0.381321 0.228841 2.151784 102.492692 534.232751 -81.868436
24.022344 4.833370 18.514748 24.022344 4.833370 18.514748 0.493798 0.518500 2.032869 272.428911 431.298867 -314.517791
24.376293 5.211423 19.665045 24.376293 5.211423 19.665045 0.700423 0.723876 1.780100 416.321098 253.285888 -528.045551
24.877012 5.682802 20.630409 24.877012 5.682802 20.630409 0.977850 0.833156 1.425038 508.435214 110.982743 -655.491353
25.555240 6.202672 21.367444 25.555240 6.202672 21.367444 1.282911 0.899746 1.031744 508.435214 110.982743 -655.491353
