-5.153171 -2.663163 7.398971 -5.153171 -2.663163 7.398971 1.553515 0.215277 1.023402 -17.015885 -158.394538 -612.288027
-4.224125 -2.562507 7.902800 -4.224125 -2.562507 7.902800 1.543306 0.120241 0.656029 -17.015885 -158.394538 -612.288027
-3.302504 -2.513007 8.187250 -3.302504 -2.513007 8.187250 1.526598 0.054539 0.293878 -38.675552 -60.610167 -594.882951
-2.393631 -2.483307 8.260125 -2.393631 -2.483307 8.260125 1.502773 0.057602 -0.044918 -40.743214 70.819025 -534.434996
-1.495723 -2.428833 8.144801 -1.495723 -2.428833 8.144801 1.496217 0.135924 -0.326453 18.889409 190.255950 -404.016083
-0.590657 -2.307282 7.887304 -0.590657 -2.307282 7.887304 1.527228 0.278827 -0.513374 84.482651 286.085054 -219.055577
0.344442 -2.083712 7.552719 0.344442 -2.083712 7.552719 1.595698 0.474373 -0.580458 143.751822 365.735049 -4.555604
1.330247 -1.731732 7.217343 1.330247 -1.731732 7.217343 1.694500 0.701433 -0.514600 185.587999 391.132576 224.082467
2.381532 -1.241356 6.960372 2.381532 -1.241356 6.960372 1.811749 0.931675 -0.322880 205.240869 376.341170 414.983048
3.504598 -0.619479 6.850727 3.504598 -0.619479 6.850727 1.930258 1.133134 -0.026960 189.789962 295.189096 571.416965
4.693679 0.105970 6.944743 4.693679 0.105970 6.944743 2.027952 1.272420 0.352578 135.854220 169.096291 693.711323
5.928977 0.889855 7.282391 5.928977 0.889855 7.282391 2.079829 1.323853 0.774970 37.072068 2.346336 714.261057
7.176162 1.674909 7.872500 7.176162 1.674909 7.872500 2.065147 1.276864 1.186324 -86.013410 -158.975836 656.917670
8.390898 2.403116 8.695824 8.390898 2.403116 8.695824 1.969190 1.134997 1.546901 -233.845072 -313.911908 545.005249
9.522351 3.019484 9.709988 9.522351 3.019484 9.709988 1.789035 0.906020 1.813517 -366.670517 -449.346251 343.715572
10.522246 3.477775 10.847780 10.522246 3.477775 10.847780 1.531408 0.614222 1.958813 -492.087121 -523.315152 140.606158
11.349306 3.750943 12.034226 11.349306 3.750943 12.034226 1.220112 0.294392 1.972421 -545.563954 -542.784088 -95.248497
11.982316 3.832743 13.187302 11.982316 3.832743 13.187302 0.888495 -0.016952 1.849110 -559.828396 -495.026889 -315.787704
12.417661 3.739653 14.228412 12.417661 3.739653 14.228412 0.567685 -0.283036 1.602068 -509.535357 -391.920684 -507.684850
12.672784 3.508693 15.090731 12.672784 3.508693 15.090731 0.293106 -0.471155 1.259763 -405.730002 -235.141899 -633.331530
12.786423 3.195756 15.729374 12.786423 3.195756 15.729374 0.103701 -0.551830 0.863690 -225.619807 -33.777041 -686.911570
12.819173 2.868850 16.124740 12.819173 2.868850 16.124740 0.024036 -0.520736 0.455526 -39.929215 137.424121 -673.635961
12.839717 2.591615 16.281668 12.839717 2.591615 16.281668 0.066627 -0.385934 0.075674 181.897201 311.917301 -592.535461
12.925693 2.425505 16.227508 12.925693 2.425505 16.227508 0.242056 -0.152255 -0.244384 402.866927 467.011551 -474.327102
13.152683 2.422191 16.004997 13.152683 2.422191 16.004997 0.529979 0.147836 -0.481490 556.878227 533.290588 -316.024157
13.577698 2.607989 15.669477 13.577698 2.607989 15.669477 0.898053 0.473330 -0.619815 670.033727 551.689167 -145.060810
14.240337 2.988312 15.282130 14.240337 2.988312 15.282130 1.316078 0.789453 -0.653584 723.384119 502.056467 32.499235
15.157377 3.546187 14.902838 15.157377 3.546187 14.902838 1.736026 1.059852 -0.599043 676.442835 399.273345 149.304543
16.313899 4.245048 14.575829 16.313899 4.245048 14.575829 2.107628 1.254816 -0.481752 562.228010 250.605102 241.663395
17.670130 5.031370 14.333204 17.670130 5.031370 14.333204 2.397231 1.346797 -0.322118 403.116022 55.999818 290.450036
19.168254 5.839216 14.191885 19.168254 5.839216 14.191885 2.575222 1.328835 -0.149498 190.186797 -115.874473 284.949453
20.732648 6.607171 14.150031 20.732648 6.607171 14.150031 2.614472 1.216870 0.004246 -59.353197 -257.341962 227.531126
22.276813 7.283188 14.189156 22.276813 7.283188 14.189156 2.509686 1.023550 0.118871 -289.932422 -387.057869 154.552939
23.719651 7.823540 14.283845 23.719651 7.823540 14.283845 2.281796 0.770776 0.189340 -469.701095 -455.521801 80.342844
24.994542 8.204282 14.406340 24.994542 8.204282 14.406340 1.951774 0.498814 0.209688 -630.373284 -451.016815 -12.516178
26.047607 8.425102 14.527063 26.047607 8.425102 14.527063 1.550892 0.241775 0.187997 -705.898382 -405.781087 -59.785680
26.851081 8.497126 14.629100 26.851081 8.497126 14.629100 1.127353 -0.001694 0.152126 -705.898382 -405.781087 -59.785680
