9.578562 2.711560 -9.717623 9.578562 2.711560 -9.717623 -0.594439 1.078298 -0.208527 360.240035 175.212599 573.939293
9.286742 3.390077 -9.739430 9.286742 3.390077 -9.739430 -0.378295 1.183425 0.135837 360.240035 175.212599 573.939293
9.132892 4.123146 -9.556518 9.132892 4.123146 -9.556518 -0.120730 1.245934 0.470705 498.310356 33.150583 542.290301
9.156850 4.865907 -9.180236 9.156850 4.865907 -9.180236 0.211757 1.211988 0.777308 609.981004 -146.303493 479.718197
9.395110 5.557303 -8.632750 9.395110 5.557303 -8.632750 0.584790 1.076896 1.038899 633.460387 -304.003673 392.252017
9.856778 6.139987 -7.948599 9.856778 6.139987 -7.948599 0.948724 0.850830 1.225282 579.655421 -449.550531 229.025987
10.523889 6.564101 -7.178919 10.523889 6.564101 -7.178919 1.264208 0.553774 1.329126 471.957728 -540.634704 117.120573
11.357737 6.797173 -6.367505 11.357737 6.797173 -6.367505 1.499235 0.220002 1.363684 311.464710 -571.938735 -1.929044
12.302623 6.828039 -5.555690 12.302623 6.828039 -5.555690 1.632522 -0.114090 1.332285 132.826481 -541.702007 -102.733122
13.295638 6.668059 -4.777350 13.295638 6.668059 -4.777350 1.660182 -0.409214 1.257951 -40.626797 -442.042814 -145.049225
14.274253 6.353518 -4.048713 14.274253 6.353518 -4.048713 1.584896 -0.621660 1.170800 -210.327846 -266.112963 -145.454001
15.180039 5.941467 -3.370654 15.180039 5.941467 -3.370654 1.422238 -0.737105 1.092328 -331.864375 -118.702245 -116.117823
15.973646 5.477837 -2.736159 15.973646 5.477837 -2.736159 1.223120 -0.808326 1.022657 -331.864375 -118.702245 -116.117823
