-0.065595 -1.999163 -0.553188 -0.065595 -1.999163 -0.553188 -1.390942 0.943545 0.866585 463.744410 -25.956879 -43.557966
-0.816686 -1.437708 -0.041077 -0.816686 -1.437708 -0.041077 -1.112696 0.927971 0.840450 463.744410 -25.956879 -43.557966
-1.394492 -0.891041 0.454996 -1.394492 -0.891041 0.454996 -0.802759 0.885180 0.812532 569.379007 -116.681429 -49.501542
-1.767286 -0.386374 0.933188 -1.767286 -0.386374 0.933188 -0.429270 0.787980 0.780749 675.584895 -207.318253 -56.442565
-1.903579 0.046737 1.393541 -1.903579 0.046737 1.393541 -0.025601 0.651791 0.757199 669.978535 -246.644612 -22.056640
-1.803829 0.394371 1.848819 -1.803829 0.394371 1.848819 0.348958 0.508583 0.768609 578.548775 -230.716186 60.091106
-1.496797 0.661219 2.326285 -1.496797 0.661219 2.326285 0.663679 0.386288 0.832086 470.521249 -176.931985 151.496285
-1.023464 0.866606 2.857327 -1.023464 0.866606 2.857327 0.898152 0.307436 0.945592 311.056183 -85.908711 226.857883
-0.440066 1.042300 3.469648 -0.440066 1.042300 3.469648 1.027373 0.289369 1.102361 119.681184 25.686540 295.706768
0.188178 1.225494 4.187999 0.188178 1.225494 4.187999 1.050566 0.329529 1.298319 -42.372915 108.179283 357.485752
0.801811 1.448661 5.030279 0.801811 1.448661 5.030279 0.979747 0.424321 1.507521 -193.687883 207.793307 339.852813
1.349742 1.742363 5.992207 1.349742 1.742363 5.992207 0.838267 0.557527 1.692638 -277.912707 236.227381 277.206976
1.799441 2.120508 7.051680 1.799441 2.120508 7.051680 0.655333 0.704804 1.828928 -331.867929 254.694501 177.090525
2.132904 2.589235 8.180913 2.132904 2.589235 8.180913 0.456212 0.857620 1.935182 -331.867929 254.694501 177.090525
