-4.436217 -2.100726 -3.286980 -4.436217 -2.100726 -3.286980 1.029447 1.292780 0.050937 -370.332290 238.190803 -263.409949
-3.885209 -1.282183 -3.303832 -3.885209 -1.282183 -3.303832 0.807247 1.435695 -0.107108 -370.332290 238.190803 -263.409949
-3.460376 -0.388175 -3.405798 -3.460376 -0.388175 -3.405798 0.620767 1.527194 -0.216589 -251.267944 66.805014 -101.525624
-3.124275 0.526858 -3.542440 -3.124275 0.526858 -3.542440 0.514352 1.500736 -0.219574 -103.449259 -154.998708 91.576663
-2.825839 1.389659 -3.647790 -2.825839 1.389659 -3.647790 0.494509 1.359034 -0.115076 37.305718 -317.340866 256.750236
-2.515410 2.139823 -3.663604 -2.515410 2.139823 -3.663604 0.551938 1.127957 0.074055 154.125200 -452.914159 373.687280
-2.151620 2.728919 -3.549064 -2.151620 2.728919 -3.549064 0.668838 0.825438 0.312482 235.539174 -555.481698 421.068825
-1.706304 3.122778 -3.285861 -1.706304 3.122778 -3.285861 0.818243 0.485062 0.564732 262.477625 -579.107523 419.762445
-1.168630 3.312872 -2.873081 -1.168630 3.312872 -2.873081 0.973141 0.154080 0.808507 253.850983 -524.164745 392.821483
-0.542169 3.317120 -2.322380 -0.542169 3.317120 -2.322380 1.109864 -0.129670 1.018643 201.893428 -421.669368 307.631285
0.156575 3.172279 -1.662188 0.156575 3.172279 -1.662188 1.213424 -0.338363 1.171384 143.305312 -273.971926 201.507925
0.906661 2.930394 -0.928617 0.906661 2.930394 -0.928617 1.280593 -0.450508 1.264635 80.590481 -99.846390 109.326623
1.684937 2.652860 -0.156043 1.684937 2.652860 -0.156043 1.306015 -0.456701 1.300804 4.150739 79.204488 11.238142
2.466959 2.403211 0.622248 2.466959 2.403211 0.622248 1.296833 -0.358605 1.286476 -34.758085 247.780570 -58.998640
3.238623 2.240010 1.382628 3.238623 2.240010 1.382628 1.275084 -0.173129 1.246643 -37.737528 370.474767 -73.776842
3.998190 2.206296 2.117744 3.998190 2.206296 2.117744 1.258984 0.066544 1.204425 -15.929272 428.435348 -66.949851
4.753885 2.324708 2.829871 4.753885 2.324708 2.829871 1.265289 0.330442 1.171870 36.944499 451.222220 -41.568225
5.524866 2.601684 3.528958 5.524866 2.601684 3.528958 1.313240 0.588632 1.164165 122.894299 409.411513 15.884918
6.340118 3.022313 4.234772 6.340118 3.022313 4.234772 1.412913 0.803054 1.195977 209.347184 305.329372 90.155869
7.229427 3.551532 4.970958 7.229427 3.551532 4.970958 1.557915 0.948390 1.261928 273.994349 179.123141 129.681470
8.215907 4.144424 5.753114 8.215907 4.144424 5.753114 1.734370 1.013944 1.348017 314.186205 39.389379 157.280565
9.313817 4.751355 6.588949 9.313817 4.751355 6.588949 1.926558 0.994950 1.435955 326.442317 -102.700531 135.845428
10.525210 5.324008 7.472565 10.525210 5.324008 7.472565 2.105916 0.904173 1.505419 271.417450 -199.889564 95.700001
11.837615 5.830531 8.393042 11.837615 5.830531 8.393042 2.268766 0.784239 1.562839 271.417450 -199.889564 95.700001
