7.078599 -3.706028 -7.386564 7.078599 -3.706028 -7.386564 1.024294 0.556580 0.494536 -36.379705 -274.184038 -70.765428
7.686627 -3.421433 -7.102580 7.686627 -3.421433 -7.102580 1.002466 0.392070 0.452077 -36.379705 -274.184038 -70.765428
8.278864 -3.236606 -6.846681 8.278864 -3.236606 -6.846681 0.967167 0.222255 0.396568 -81.285201 -291.865967 -114.263331
8.842386 -3.156463 -6.632665 8.842386 -3.156463 -6.632665 0.907663 0.043762 0.311224 -117.059762 -303.110481 -170.219023
9.366831 -3.180608 -6.477370 9.366831 -3.180608 -6.477370 0.842014 -0.117315 0.205094 -101.772590 -233.811829 -183.546838
9.856885 -3.287778 -6.385019 9.856885 -3.287778 -6.385019 0.796775 -0.231075 0.106627 -49.021340 -145.388069 -144.676798
10.330559 -3.445759 -6.342766 10.330559 -3.445759 -6.342766 0.789526 -0.284138 0.041415 24.857339 -31.488225 -72.694960
10.814008 -3.615220 -6.323985 10.814008 -3.615220 -6.323985 0.830738 -0.269585 0.032882 112.515195 79.999020 44.249424
11.338688 -3.757233 -6.288906 11.338688 -3.757233 -6.288906 0.928165 -0.194895 0.096360 212.242368 168.965573 167.343889
11.938828 -3.839721 -6.192301 11.938828 -3.839721 -6.192301 1.080697 -0.073342 0.240103 296.198195 236.212980 311.800867
12.643056 -3.840415 -5.984229 12.643056 -3.840415 -5.984229 1.270889 0.072353 0.466612 337.774542 249.436183 443.229915
13.467118 -3.754209 -5.618157 13.467118 -3.754209 -5.618157 1.477198 0.211492 0.764164 349.919849 214.361522 548.609293
14.413029 -3.592875 -5.059128 14.413029 -3.592875 -5.059128 1.670185 0.319372 1.102232 293.370141 145.237161 578.284755
15.461451 -3.380356 -4.293479 15.461451 -3.380356 -4.293479 1.813731 0.380280 1.450298 185.116614 57.788968 581.932461
16.574929 -3.149362 -3.323482 16.574929 -3.149362 -3.323482 1.884391 0.377073 1.774809 50.419631 -68.477265 499.771789
17.703717 -2.941970 -2.176837 17.703717 -2.941970 -2.176837 1.860030 0.303358 2.033678 -131.623586 -177.240943 363.126465
18.784649 -2.795637 -0.902218 18.784649 -2.795637 -0.902218 1.724087 0.178124 2.196798 -321.519643 -240.205313 180.606386
19.751340 -2.734633 0.434724 19.751340 -2.734633 0.434724 1.481736 0.020829 2.236933 -486.316572 -284.112381 -46.822946
20.544443 -2.773735 1.755334 20.544443 -2.773735 1.755334 1.147937 -0.151931 2.143232 -626.347280 -291.752176 -265.514343
21.114787 -2.913885 2.982389 21.114787 -2.913885 2.982389 0.743749 -0.309362 1.928464 -720.947017 -233.017957 -450.377757
21.430499 -3.135315 4.048096 21.430499 -3.135315 4.048096 0.307347 -0.418525 1.606716 -733.724909 -130.859086 -622.117064
21.486957 -3.401784 4.894239 21.486957 -3.401784 4.894239 -0.112289 -0.456037 1.203922 -665.061515 5.819411 -720.529240
21.308329 -3.665167 5.486534 21.308329 -3.665167 5.486534 -0.469045 -0.406590 0.769786 -524.125277 159.001851 -726.589621
20.941530 -3.872242 5.821119 20.941530 -3.872242 5.821119 -0.738665 -0.269892 0.351332 -374.610040 296.658709 -668.258039
20.430902 -3.980779 5.911632 20.430902 -3.980779 5.911632 -0.963431 -0.091897 -0.049623 -374.610040 296.658709 -668.258039
