6.263879 4.506928 -8.865474 6.263879 4.506928 -8.865474 0.542994 1.262472 0.298720 645.917113 -278.974396 322.231757
6.705941 5.214195 -8.628240 6.705941 5.214195 -8.628240 0.930544 1.095087 0.492059 645.917113 -278.974396 322.231757
7.373209 5.814843 -8.275659 7.373209 5.814843 -8.275659 1.281480 0.896760 0.682117 523.869441 -382.116631 311.293666
8.225714 6.279760 -7.812836 8.225714 6.279760 -7.812836 1.542405 0.645697 0.856494 345.881823 -454.760251 269.964713
9.200016 6.584963 -7.255522 9.200016 6.584963 -7.255522 1.682934 0.371049 0.992591 122.546084 -460.730331 183.690219
10.217623 6.727039 -6.634173 10.217623 6.727039 -6.634173 1.685405 0.106500 1.066456 -114.308274 -421.099466 62.528531
11.194788 6.720686 -5.992315 11.194788 6.720686 -5.992315 1.549306 -0.118435 1.057619 -339.355838 -328.686568 -91.987957
12.053209 6.598438 -5.384558 12.053209 6.598438 -5.384558 1.295300 -0.275760 0.951143 -507.328848 -195.729718 -262.930523
12.730984 6.406591 -4.869107 12.730984 6.406591 -4.869107 0.950473 -0.348998 0.753849 -642.094159 -48.397079 -394.717773
13.182102 6.195925 -4.494172 13.182102 6.195925 -4.494172 0.547273 -0.340816 0.485395 -701.907107 75.670121 -500.125752
13.385575 6.010415 -4.296892 13.385575 6.010415 -4.296892 0.133393 -0.268615 0.165643 -677.692229 165.002380 -565.714434
13.348180 5.882888 -4.298919 13.348180 5.882888 -4.298919 -0.250454 -0.149909 -0.171706 -601.799634 230.684248 -558.783293
13.097923 5.835296 -4.498023 13.097923 5.835296 -4.498023 -0.569837 -0.007347 -0.484472 -462.808027 244.521217 -483.771999
12.682707 5.873358 -4.867764 12.682707 5.873358 -4.867764 -0.797564 0.131648 -0.734627 -296.282977 218.796681 -350.077585
12.161924 5.987463 -5.359841 12.161924 5.987463 -5.359841 -0.919901 0.241587 -0.886108 -111.507266 147.663769 -154.858769
11.600080 6.153269 -5.905638 11.600080 6.153269 -5.905638 -0.935965 0.301560 -0.910310 57.962010 52.246539 74.187792
11.057569 6.336415 -6.426124 11.057569 6.336415 -6.426124 -0.858017 0.296935 -0.804070 201.863926 -67.663377 279.944763
10.585121 6.496959 -6.844746 10.585121 6.496959 -6.844746 -0.706764 0.229152 -0.568953 302.313024 -158.277337 503.776820
10.217981 6.602281 -7.085261 10.217981 6.602281 -7.085261 -0.512868 0.115788 -0.215798 344.005129 -219.604217 673.406495
9.971896 6.629748 -7.087990 9.971896 6.629748 -7.087990 -0.307888 -0.028360 0.215929 339.261433 -260.889321 765.683804
9.846615 6.566269 -6.819461 9.846615 6.566269 -6.819461 -0.112408 -0.182409 0.681082 312.340673 -252.605779 784.826316
9.829375 6.415696 -6.273142 9.829375 6.415696 -6.273142 0.044915 -0.312266 1.133984 212.069928 -180.250824 724.848802
9.890037 6.201756 -5.468702 9.890037 6.201756 -5.468702 0.149855 -0.391094 1.536773 137.727041 -82.510462 617.781439
10.004740 5.952247 -4.435438 10.004740 5.952247 -4.435438 0.232491 -0.440600 1.907442 137.727041 -82.510462 617.781439
