11.004349 5.314739 -0.978797 11.004349 5.314739 -0.978797 -0.251119 0.156647 -0.452316 -218.440938 -528.590924 448.410393
10.814358 5.313581 -1.169473 10.814358 5.313581 -1.169473 -0.382184 -0.160507 -0.183270 -218.440938 -528.590924 448.410393
10.556993 5.123301 -1.190789 10.556993 5.123301 -1.190789 -0.456926 -0.471811 0.125436 -30.699658 -509.087981 580.606551
10.292713 4.752364 -1.004696 10.292713 4.752364 -1.004696 -0.398338 -0.758334 0.505414 225.994443 -445.988705 685.989085
10.105848 4.224025 -0.576696 10.105848 4.224025 -0.576696 -0.205445 -0.991232 0.923373 416.979240 -330.339176 707.207587
10.064716 3.580170 0.100329 10.064716 3.580170 0.100329 0.080134 -1.137708 1.326218 534.950965 -157.913708 635.607166
10.213235 2.881575 1.002533 10.213235 2.881575 1.002533 0.421844 -1.170187 1.667903 604.085081 49.649174 503.343833
10.574730 2.198860 2.083339 10.574730 2.198860 2.083339 0.782561 -1.088095 1.917221 598.301963 223.993650 327.714686
11.148081 1.595527 3.281419 11.148081 1.595527 3.281419 1.122145 -0.907675 2.057643 533.647173 377.405717 140.359771
11.909306 1.127196 4.529547 11.909306 1.127196 4.529547 1.401739 -0.639528 2.083248 398.332369 516.418351 -55.008648
12.811941 0.838660 5.759552 12.811941 0.838660 5.759552 1.590195 -0.318550 2.000028 229.852450 553.506517 -222.391423
13.797380 0.747130 6.911337 13.797380 0.747130 6.911337 1.677854 0.013397 1.825587 62.344194 552.984298 -359.078474
14.805276 0.850398 7.936889 14.805276 0.850398 7.936889 1.665066 0.323652 1.584310 -104.968514 481.198295 -445.177833
15.777135 1.122870 8.806521 15.777135 1.122870 8.806521 1.560656 0.570700 1.313092 -243.066479 342.293623 -458.883159
16.663335 1.517652 9.513104 16.663335 1.517652 9.513104 1.382610 0.729821 1.044395 -350.419295 188.112503 -436.775206
17.427056 1.977661 10.065770 17.427056 1.977661 10.065770 1.158509 0.783965 0.805573 -396.585323 -7.632232 -359.297631
18.051843 2.435437 10.490966 18.051843 2.435437 10.490966 0.925895 0.723243 0.622624 -378.791979 -194.775766 -250.532626
18.541507 2.827130 10.824673 18.541507 2.827130 10.824673 0.710164 0.570410 0.498448 -340.313376 -314.666584 -163.384838
18.906349 3.112736 11.094332 18.906349 3.112736 11.094332 0.505976 0.381610 0.400417 -340.313376 -314.666584 -163.384838
