-6.470097 5.093517 -4.498855 -6.470097 5.093517 -4.498855 0.786826 0.625230 0.454553 -669.503635 -278.209909 -507.143995
-6.118512 5.418577 -4.317409 -6.118512 5.418577 -4.317409 0.385124 0.458304 0.150267 -669.503635 -278.209909 -507.143995
-6.000289 5.641994 -4.316079 -6.000289 5.641994 -4.316079 0.021720 0.283941 -0.141743 -541.844495 -302.999736 -466.221141
-6.074220 5.760188 -4.479113 -6.074220 5.760188 -4.479113 -0.250543 0.113993 -0.391819 -365.696209 -263.493048 -367.367159
-6.278184 5.784476 -4.770946 -6.278184 5.784476 -4.770946 -0.409024 -0.027498 -0.565313 -162.573366 -208.143447 -210.945475
-6.539680 5.737724 -5.139656 -6.539680 5.737724 -5.139656 -0.440659 -0.116321 -0.649640 57.122476 -87.933371 -70.146407
-6.779792 5.657913 -5.535021 -6.779792 5.657913 -5.535021 -0.336380 -0.140037 -0.656502 290.475019 8.880519 47.274356
-6.919078 5.581458 -5.913392 -6.919078 5.581458 -5.913392 -0.110813 -0.104865 -0.593033 461.411807 108.359836 164.290736
-6.895220 5.542595 -6.235141 -6.895220 5.542595 -6.235141 0.202491 -0.017094 -0.471968 582.937089 184.210751 239.257899
-6.664647 5.567118 -6.474440 -6.664647 5.567118 -6.474440 0.573004 0.101542 -0.324337 652.105148 211.241867 252.845785
-6.204581 5.664431 -6.623992 -6.204581 5.664431 -6.623992 0.958688 0.220106 -0.174938 633.509889 183.971075 245.149125
-5.519582 5.826949 -6.687757 -5.519582 5.826949 -6.687757 1.317564 0.317189 -0.042493 562.743784 139.637181 196.336485
-4.634260 6.037067 -6.681238 -4.634260 6.037067 -6.681238 1.622662 0.374319 0.058676 454.247188 50.797897 140.893968
-3.588527 6.263142 -6.625792 -3.588527 6.263142 -6.625792 1.847067 0.366498 0.117608 293.769001 -76.868180 55.543023
-2.436211 6.462171 -6.548022 -2.436211 6.462171 -6.548022 1.979316 0.285211 0.136973 147.061134 -194.087620 9.008085
-1.231581 6.591663 -6.464996 -1.231581 6.591663 -6.464996 2.020401 0.135263 0.138485 -10.109664 -305.738964 -3.969222
-0.028254 6.614509 -6.382722 -0.028254 6.614509 -6.382722 1.978866 -0.064576 0.135592 -128.341118 -360.393351 -5.672016
1.131944 6.509455 -6.300236 1.131944 6.509455 -6.300236 1.881760 -0.287998 0.142945 -195.346679 -384.346406 30.181421
2.222595 6.268088 -6.204134 2.222595 6.268088 -6.204134 1.748340 -0.515535 0.185564 -249.385452 -374.110003 111.882338
3.226710 5.891427 -6.072657 3.226710 5.891427 -6.072657 1.598709 -0.740001 0.252694 -249.385452 -374.110003 111.882338
