1.604060 -5.228338 -3.410520 1.604060 -5.228338 -3.410520 -0.157821 0.576669 0.207579 -47.423369 -143.526880 149.555199
1.500831 -4.908172 -3.259053 1.500831 -4.908172 -3.259053 -0.186275 0.490553 0.297312 -47.423369 -143.526880 149.555199
1.377279 -4.642219 -3.051275 1.377279 -4.642219 -3.051275 -0.230986 0.391716 0.399395 -101.612962 -185.930323 190.722431
1.217956 -4.442086 -2.776570 1.217956 -4.442086 -2.776570 -0.304159 0.273011 0.517522 -142.298357 -209.753928 203.032263
1.008578 -4.313667 -2.430400 1.008578 -4.313667 -2.430400 -0.395882 0.158999 0.634895 -163.443599 -170.284520 188.211206
0.742938 -4.244914 -2.019188 0.742938 -4.244914 -2.019188 -0.487404 0.076853 0.729805 -141.629068 -103.536901 128.157398
0.427979 -4.211239 -1.561818 0.427979 -4.211239 -1.561818 -0.557498 0.045729 0.788794 -92.019039 -0.208403 68.472637
0.083363 -4.177662 -1.080163 0.083363 -4.177662 -1.080163 -0.580479 0.076490 0.810142 15.417149 102.743627 2.684723
-0.254670 -4.107012 -0.596656 -0.254670 -4.107012 -0.596656 -0.533834 0.169444 0.796448 140.064665 207.104415 -48.331419
-0.542848 -3.964589 -0.127835 -0.542848 -3.964589 -0.127835 -0.415239 0.311095 0.765711 255.253434 265.065490 -54.123429
-0.737609 -3.728279 0.322696 -0.737609 -3.728279 0.322696 -0.219905 0.479843 0.737470 395.859526 297.425816 -40.012416
-0.792469 -3.387460 0.760138 -0.792469 -3.387460 0.760138 0.046752 0.655181 0.724270 492.996540 287.034478 -3.987312
-0.673485 -2.947595 1.198782 -0.673485 -2.947595 1.198782 0.353516 0.802853 0.745877 529.549852 205.207131 76.008534
-0.366201 -2.434560 1.665891 -0.366201 -2.434560 1.665891 0.670520 0.897906 0.820989 527.129933 111.633960 174.364636
0.127887 -1.883669 2.195711 0.127887 -1.883669 2.195711 0.971261 0.925154 0.954811 475.340873 -20.804065 271.709721
0.787606 -1.341509 2.821169 0.787606 -1.341509 2.821169 1.213472 0.866731 1.136157 332.028591 -173.940966 332.775294
1.565264 -0.859456 3.565176 1.565264 -0.859456 3.565176 1.361736 0.728987 1.347888 162.183433 -285.207251 372.997245
2.399953 -0.478787 4.440879 2.399953 -0.478787 4.440879 1.401322 0.530933 1.570842 -30.228193 -374.969813 370.180611
3.222658 -0.231188 5.445861 3.222658 -0.231188 5.445861 1.319949 0.288622 1.772170 -241.015742 -432.735021 300.914125
3.959160 -0.135853 6.556554 3.959160 -0.135853 6.556554 1.114918 0.029250 1.918849 -442.422641 -431.837403 188.015094
4.539308 -0.191769 7.733660 4.539308 -0.191769 7.733660 0.803628 -0.208528 1.991431 -595.209888 -360.756714 53.924855
4.909280 -0.373685 8.926935 4.909280 -0.373685 8.926935 0.421169 -0.384299 1.967333 -679.653735 -225.146481 -134.250145
5.038739 -0.636066 10.071132 5.038739 -0.636066 10.071132 0.008856 -0.475761 1.826594 -694.723224 -79.727958 -334.880262
4.922585 -0.925565 11.097432 4.922585 -0.925565 11.097432 -0.390063 -0.472058 1.578777 -635.004138 92.073776 -491.178463
4.581689 -1.180678 11.949262 4.581689 -1.180678 11.949262 -0.733856 -0.359073 1.248951 -510.975104 284.541608 -608.240630
4.061061 -1.336199 12.583765 4.061061 -1.336199 12.583765 -0.982136 -0.144820 0.857085 -316.622274 429.636093 -697.977496
3.428941 -1.340148 12.972602 3.428941 -1.340148 12.972602 -1.101338 0.141003 0.439406 -80.719721 523.107404 -694.285521
2.766919 -1.158210 13.115967 2.766919 -1.158210 13.115967 -1.083220 0.470751 0.046298 141.113945 576.052092 -616.075316
2.156348 -0.773141 13.040205 2.156348 -0.773141 13.040205 -0.928748 0.811026 -0.286585 373.791634 558.198413 -493.534602
1.677229 -0.191423 12.791491 1.677229 -0.191423 12.791491 -0.650237 1.119079 -0.522340 554.580104 468.644260 -292.317056
1.394120 0.555564 12.439680 1.394120 0.555564 12.439680 -0.281444 1.356181 -0.626679 674.730453 321.694670 -55.477406
1.350449 1.417043 12.066664 1.350449 1.417043 12.066664 0.142112 1.498525 -0.595077 737.122470 152.784467 160.814686
1.567430 2.332212 11.751530 1.567430 2.332212 11.751530 0.579545 1.532962 -0.433762 720.985947 -37.992196 376.904799
2.039427 3.233781 11.570540 2.039427 3.233781 11.570540 0.984600 1.453317 -0.150496 629.197507 -227.492267 567.313217
2.735120 4.054900 11.588092 2.735120 4.054900 11.588092 1.320502 1.267209 0.218557 490.477836 -392.867572 662.865374
3.605097 4.738370 11.841366 3.605097 4.738370 11.841366 1.561737 1.000795 0.630395 313.637646 -495.180471 709.925619
4.587240 5.247836 12.344929 4.587240 5.247836 12.344929 1.693148 0.694293 1.044050 124.399013 -526.490247 668.925707
5.614379 5.569877 13.085269 5.614379 5.569877 13.085269 1.712081 0.379564 1.412919 -61.287674 -522.609406 560.637124
6.622082 5.708505 14.023402 6.622082 5.708505 14.023402 1.632737 0.090798 1.696635 -203.194212 -439.942398 385.083101
7.559082 5.691760 15.098407 7.559082 5.691760 15.098407 1.480485 -0.133338 1.866231 -304.312625 -307.177475 180.237209
8.389005 5.564958 16.237604 8.389005 5.564958 16.237604 1.279941 -0.275181 1.909454 -364.168221 -165.631382 -36.161235
9.092119 5.380637 17.364941 9.092119 5.380637 17.364941 1.064940 -0.321554 1.828625 -352.500441 11.052085 -233.269573
9.670859 5.198921 18.409537 9.670859 5.198921 18.409537 0.869570 -0.268786 1.635713 -298.732620 164.843441 -409.767929
10.144509 5.074213 19.310405 10.144509 5.074213 19.310405 0.718726 -0.135424 1.355841 -204.082373 279.695173 -523.141293
10.543110 5.047643 20.026250 10.543110 5.047643 20.026250 0.616782 0.054088 1.024486 -135.728469 352.012541 -581.372789
10.888749 5.143458 20.536295 10.888749 5.143458 20.536295 0.535345 0.265296 0.675663 -135.728469 352.012541 -581.372789
