-7.906198 -2.093063 2.052608 -7.906198 -2.093063 2.052608 0.323852 0.018303 0.973638 -46.904387 -53.364459 586.521770
-7.720329 -2.091687 2.742365 -7.720329 -2.091687 2.742365 0.295709 -0.013716 1.325551 -46.904387 -53.364459 586.521770
-7.545367 -2.102807 3.639633 -7.545367 -2.102807 3.639633 0.297463 -0.012158 1.659282 52.751193 58.557119 525.913864
-7.351804 -2.090877 4.723392 -7.351804 -2.090877 4.723392 0.357061 0.066401 1.942459 145.906256 203.306794 418.009869
-7.109142 -2.007745 5.953666 -7.109142 -2.007745 5.953666 0.455417 0.221866 2.141047 181.948048 314.909202 243.951594
-6.802492 -1.813170 7.268423 -6.802492 -1.813170 7.268423 0.567835 0.434672 2.218503 192.777486 394.446737 14.232150
-6.429644 -1.479160 8.589271 -6.429644 -1.479160 8.589271 0.670737 0.682372 2.162965 150.230048 431.217221 -199.356510
-6.003554 -0.993703 9.837514 -6.003554 -0.993703 9.837514 0.743905 0.933174 1.975091 93.664969 404.790621 -426.889571
-5.543513 -0.365041 10.934254 -5.543513 -0.365041 10.934254 0.784293 1.155525 1.661587 40.960428 336.380636 -618.125228
-5.068816 0.381211 11.813486 -5.068816 0.381211 11.813486 0.792613 1.319295 1.258419 -13.226637 209.517445 -725.766593
-4.597777 1.200261 12.434252 -4.597777 1.200261 12.434252 0.773937 1.393806 0.804723 -49.026147 38.854886 -786.555816
-4.142673 2.033206 12.776812 -4.142673 2.033206 12.776812 0.742351 1.365457 0.339322 -56.260390 -133.354667 -764.780659
-3.705542 2.818765 12.848915 -3.705542 2.818765 12.848915 0.717830 1.236889 -0.088695 -25.476179 -295.203176 -661.943625
-3.275581 3.499166 12.686994 -3.275581 3.499166 12.686994 0.721789 1.016784 -0.433631 38.669987 -438.480184 -487.841338
-2.829183 4.023806 12.351163 -2.829183 4.023806 12.351163 0.776813 0.721175 -0.665539 144.744377 -546.882994 -285.185501
-2.331219 4.356881 11.913627 -2.331219 4.356881 11.913627 0.892770 0.387092 -0.771046 241.779049 -566.729230 -66.502938
-1.745660 4.489876 11.452225 -1.745660 4.489876 11.452225 1.069719 0.060813 -0.744971 348.050777 -520.867473 153.416821
-1.036378 4.437967 11.044797 -1.036378 4.437967 11.044797 1.302560 -0.224911 -0.593219 428.087846 -431.545441 352.424221
-0.175532 4.233879 10.760859 -0.175532 4.233879 10.760859 1.570681 -0.441154 -0.338980 465.648935 -289.262140 495.040841
0.850552 3.928523 10.650978 0.850552 3.928523 10.650978 1.849363 -0.557696 -0.019958 463.288049 -99.211072 568.363000
2.039849 3.587715 10.740876 2.039849 3.587715 10.740876 2.108774 -0.558886 0.318898 401.418041 95.244651 561.156673
3.369274 3.279998 11.030652 3.369274 3.279998 11.030652 2.309151 -0.449385 0.642738 266.503434 269.757686 518.311749
4.793203 3.067538 11.502664 4.793203 3.067538 11.502664 2.421394 -0.244457 0.919089 107.639969 413.335527 402.858577
6.255069 3.000701 12.118327 6.255069 3.000701 12.118327 2.434247 0.030724 1.119279 -64.794900 503.934701 264.442366
7.691193 3.111688 12.827254 7.691193 3.111688 12.827254 2.331563 0.342305 1.226744 -277.486041 534.669327 93.773724
9.029625 3.411844 13.570411 9.029625 3.411844 13.570411 2.112280 0.655769 1.234165 -453.457160 510.209800 -69.037303
10.206847 3.890898 14.291623 10.206847 3.890898 14.291623 1.797586 0.930668 1.158438 -595.522687 406.119814 -183.387322
11.173113 4.513640 14.947997 11.173113 4.513640 14.947997 1.414816 1.130541 1.020013 -680.377181 260.122479 -278.028676
11.899288 5.229385 15.507632 11.899288 5.229385 15.507632 1.005356 1.239604 0.841554 -684.491777 103.421344 -316.834199
12.383029 5.981129 15.954473 12.383029 5.981129 15.954473 0.613340 1.248490 0.646151 -622.227643 -73.800287 -334.509885
12.647553 6.707631 16.284329 12.647553 6.707631 16.284329 0.282609 1.157667 0.457329 -480.207115 -228.943921 -294.896436
12.741306 7.354321 16.510408 12.741306 7.354321 16.510408 0.047612 0.986801 0.304206 -303.116273 -340.610301 -215.514766
12.728744 7.880663 16.658560 12.728744 7.880663 16.658560 -0.067101 0.760293 0.197001 -79.262290 -414.415665 -141.832500
12.689141 8.262356 16.755448 12.689141 8.262356 16.755448 -0.040033 0.512204 0.132990 169.490679 -412.546960 -71.539726
12.708675 8.496951 16.825889 12.708675 8.496951 16.825889 0.126887 0.272329 0.107685 386.909703 -387.036472 -12.810947
12.864809 8.596037 16.889145 12.864809 8.596037 16.889145 0.410820 0.066884 0.104756 559.533004 -297.781968 3.047579
13.219213 8.590789 16.951687 13.219213 8.590789 16.951687 0.782521 -0.070672 0.102285 679.468674 -160.737501 -11.283618
13.813413 8.525749 17.008684 13.813413 8.525749 17.008684 1.202121 -0.135637 0.083799 719.199916 -55.812432 -50.335130
14.664142 8.434320 17.049903 14.664142 8.434320 17.049903 1.633641 -0.169125 0.053598 719.199916 -55.812432 -50.335130
