5.054388 2.324614 -4.730434 5.054388 2.324614 -4.730434 1.150889 0.011103 1.326234 -5.801871 -57.472352 -373.401005
5.743877 2.320931 -4.001905 5.743877 2.320931 -4.001905 1.147408 -0.023381 1.102194 -5.801871 -57.472352 -373.401005
6.422627 2.303459 -3.416908 6.422627 2.303459 -3.416908 1.100672 -0.023355 0.832621 -149.985237 57.558165 -525.175072
7.047407 2.306889 -3.019573 7.047407 2.306889 -3.019573 0.967553 0.046593 0.478985 -293.743801 175.603115 -653.610146
7.570777 2.369578 -2.851037 7.570777 2.369578 -2.851037 0.769868 0.167578 0.080792 -365.205750 227.680217 -673.701128
7.964801 2.512607 -2.921309 7.964801 2.512607 -2.921309 0.539945 0.311682 -0.310832 -401.206582 252.665377 -631.712815
8.218712 2.743886 -3.215190 8.218712 2.743886 -3.215190 0.310025 0.457233 -0.658229 -365.191987 232.505997 -526.274775
8.342786 3.055163 -3.694309 8.342786 3.055163 -3.694309 0.109878 0.572166 -0.921254 -301.965624 150.603815 -350.474928
8.359422 3.420519 -4.298722 8.359422 3.420519 -4.298722 -0.045988 0.637263 -1.074414 -217.585373 66.386669 -160.058575
8.298591 3.808124 -4.960471 8.298591 3.808124 -4.960471 -0.146903 0.643587 -1.111900 -118.799287 -45.309615 35.104349
8.193574 4.179613 -5.610666 8.193574 4.179613 -5.610666 -0.195638 0.583861 -1.037711 -43.650269 -153.774899 212.192050
8.072121 4.498701 -6.186462 8.072121 4.498701 -6.186462 -0.202895 0.473850 -0.867214 19.457851 -212.929965 356.129954
7.956202 4.741968 -6.637561 7.956202 4.741968 -6.637561 -0.179642 0.332515 -0.627903 58.054891 -258.184513 441.573464
7.858114 4.896399 -6.932549 7.858114 4.896399 -6.932549 -0.148572 0.184581 -0.351605 45.509052 -234.931701 479.421449
7.775605 4.967196 -7.057252 7.775605 4.967196 -7.057252 -0.129054 0.055301 -0.064132 19.552958 -195.998855 478.821413
7.701692 4.965097 -7.009543 7.701692 4.965097 -7.009543 -0.117322 -0.062298 0.223161 19.552958 -195.998855 478.821413
