7.759931 -3.993742 -6.152612 7.759931 -3.993742 -6.152612 1.712103 0.588303 -0.358476 -65.271272 389.462725 127.916662
8.775444 -3.570657 -6.344673 8.775444 -3.570657 -6.344673 1.672940 0.821981 -0.281726 -65.271272 389.462725 127.916662
9.755823 -3.012194 -6.493477 9.755823 -3.012194 -6.493477 1.575597 1.031512 -0.218942 -259.207503 308.973668 81.363888
10.640298 -2.343632 -6.612639 10.640298 -2.343632 -6.612639 1.348946 1.187095 -0.182335 -496.296006 209.638968 40.658496
11.350502 -1.602205 -6.718094 11.350502 -1.602205 -6.718094 1.002018 1.270054 -0.174801 -660.130055 66.888061 -15.543140
11.827357 -0.838923 -6.829387 11.827357 -0.838923 -6.829387 0.578277 1.256233 -0.202203 -752.340422 -112.956384 -75.799308
12.037483 -0.115444 -6.965993 12.037483 -0.115444 -6.965993 0.119779 1.138817 -0.255883 -775.984049 -278.431920 -103.133330
11.973188 0.510071 -7.137639 11.973188 0.510071 -7.137639 -0.328238 0.933472 -0.315521 -717.405032 -406.049202 -95.658633
11.654359 0.992019 -7.340923 11.654359 0.992019 -7.340923 -0.722447 0.664608 -0.356682 -596.626303 -490.164723 -41.544049
11.124082 1.299774 -7.558172 11.124082 1.299774 -7.558172 -1.027504 0.356611 -0.360420 -420.231148 -536.492239 29.082272
10.444945 1.418802 -7.762665 10.444945 1.418802 -7.762665 -1.214610 0.042864 -0.310347 -203.453694 -509.331463 137.829622
9.693095 1.359214 -7.916167 9.693095 1.359214 -7.916167 -1.268994 -0.230866 -0.188167 22.172850 -403.101044 269.437311
8.948012 1.157034 -7.974091 8.948012 1.157034 -7.974091 -1.194079 -0.428237 0.005881 227.541909 -254.803880 377.386090
8.282895 0.864039 -7.896263 8.282895 0.864039 -7.896263 -1.005686 -0.532063 0.264165 400.436379 -91.282120 483.562592
7.758293 0.540023 -7.647878 7.758293 0.540023 -7.647878 -0.731770 -0.528567 0.568524 512.617442 102.934522 530.968408
7.414080 0.253464 -7.211601 7.414080 0.253464 -7.211601 -0.411312 -0.406542 0.885048 555.576476 303.815992 524.109936
7.266945 0.071972 -6.589075 7.266945 0.071972 -6.589075 -0.079727 -0.185517 1.185300 549.704408 432.935160 476.729377
7.313161 0.044992 -5.799398 7.313161 0.044992 -5.799398 0.225627 0.106253 1.434768 468.144973 539.632498 354.832160
7.524707 0.206916 -4.885961 7.524707 0.206916 -4.885961 0.466029 0.435223 1.591195 333.191992 556.933721 166.589877
7.857997 0.565730 -3.910893 7.857997 0.565730 -3.910893 0.634437 0.756543 1.642974 228.171162 514.131469 6.008687
8.279730 1.112199 -2.924027 8.279730 1.112199 -2.924027 0.771340 1.065022 1.646580 228.171162 514.131469 6.008687
