-1.029749 -6.118188 -3.665830 -1.029749 -6.118188 -3.665830 2.463365 -0.204498 -0.341557 -214.327846 486.536569 -351.507669
0.409691 -6.153310 -3.934036 0.409691 -6.153310 -3.934036 2.334768 0.087424 -0.552461 -214.327846 486.536569 -351.507669
1.766495 -6.010852 -4.327226 1.766495 -6.010852 -4.327226 2.178782 0.391478 -0.755577 -305.627266 526.977004 -325.545406
3.014313 -5.681841 -4.836036 3.014313 -5.681841 -4.836036 1.973215 0.704006 -0.935228 -379.596587 514.780312 -273.290035
4.130207 -5.171911 -5.439342 4.130207 -5.171911 -5.439342 1.746923 0.987203 -1.064091 -374.707831 429.212261 -156.253157
5.113931 -4.510087 -6.096006 5.113931 -4.510087 -6.096006 1.537185 1.205952 -1.108259 -324.420165 299.948905 9.027375
5.981407 -3.743097 -6.749258 5.981407 -3.743097 -6.749258 1.360335 1.333060 -1.052452 -265.077933 123.745706 176.993898
6.755933 -2.932142 -7.338294 6.755933 -2.932142 -7.338294 1.231484 1.351531 -0.893375 -164.425398 -62.175777 353.263553
7.470060 -2.143337 -7.799969 7.470060 -2.143337 -7.799969 1.156991 1.259615 -0.627604 -83.884178 -244.210538 532.639533
8.153302 -1.441610 -8.073563 8.153302 -1.441610 -8.073563 1.127393 1.062671 -0.272551 -14.776635 -412.271356 650.869688
8.830753 -0.883698 -8.116859 8.830753 -0.883698 -8.116859 1.136901 0.787899 0.133361 46.469513 -503.632345 702.170368
9.521779 -0.504787 -7.910195 9.521779 -0.504787 -7.910195 1.167386 0.469846 0.555945 55.145476 -556.546210 706.444373
10.229792 -0.322223 -7.454885 10.229792 -0.322223 -7.454885 1.188753 0.140092 0.952728 16.079921 -542.634604 616.164723
10.943164 -0.329976 -6.781377 10.943164 -0.329976 -6.781377 1.184527 -0.156159 1.277237 -30.166508 -444.868466 465.532514
11.644997 -0.496082 -5.942114 11.644997 -0.496082 -5.942114 1.149162 -0.384748 1.502180 -87.717741 -317.094617 284.275880
12.314845 -0.773241 -5.003992 12.314845 -0.773241 -5.003992 1.077230 -0.521172 1.600969 -152.055198 -137.652015 45.021927
12.930408 -1.099705 -4.049890 12.930408 -1.099705 -4.049890 0.968973 -0.548679 1.555068 -208.801628 45.963596 -198.026368
13.472383 -1.409930 -3.164378 13.472383 -1.409930 -3.164378 0.834570 -0.467559 1.376829 -239.207875 224.433785 -396.100936
13.932190 -1.641843 -2.419405 13.932190 -1.641843 -2.419405 0.701654 -0.291774 1.090036 -203.847377 361.516257 -559.875510
14.320421 -1.745989 -1.873323 14.320421 -1.745989 -1.873323 0.599001 -0.045636 0.718300 -138.329049 458.944733 -679.245952
14.660124 -1.687895 -1.566032 14.660124 -1.687895 -1.566032 0.542014 0.244058 0.303630 -51.625240 506.701398 -702.987955
14.983251 -1.451675 -1.506836 14.983251 -1.451675 -1.506836 0.547092 0.540973 -0.100384 68.549067 483.017054 -643.725303
15.332724 -1.045750 -1.676301 15.332724 -1.045750 -1.676301 0.632621 0.802776 -0.453437 216.549776 389.659913 -533.117517
15.758707 -0.501350 -2.033869 15.758707 -0.501350 -2.033869 0.799704 0.999548 -0.721032 340.393674 266.245107 -358.864131
16.305577 0.137539 -2.516948 16.305577 0.137539 -2.516948 1.032824 1.115474 -0.865671 436.671880 120.176447 -123.267494
17.008267 0.820471 -3.048285 17.008267 0.820471 -3.048285 1.316803 1.147663 -0.888363 509.925068 -12.881691 47.627566
17.890136 1.506750 -3.572730 17.890136 1.506750 -3.572730 1.622758 1.139934 -0.859786 509.925068 -12.881691 47.627566
