7.099055 2.277513 -7.617745 7.099055 2.277513 -7.617745 0.861511 0.588437 -0.243033 91.629198 -108.928947 172.975666
7.632455 2.610968 -7.732429 7.632455 2.610968 -7.732429 0.916489 0.523080 -0.139247 91.629198 -108.928947 172.975666
8.203406 2.897800 -7.779772 8.203406 2.897800 -7.779772 0.994288 0.420678 -0.010116 167.699850 -232.409817 257.461507
8.834882 3.099353 -7.735117 8.834882 3.099353 -7.735117 1.118497 0.236132 0.166272 246.332208 -382.744726 330.496948
9.554878 3.166311 -7.572558 9.554878 3.166311 -7.572558 1.289084 -0.022653 0.381100 322.290847 -479.872498 385.598626
10.387642 3.064788 -7.274750 10.387642 3.064788 -7.274750 1.488963 -0.318346 0.611162 343.972061 -505.769931 381.273386
11.340256 2.783139 -6.843583 11.340256 2.783139 -6.843583 1.681956 -0.619820 0.819127 299.338581 -499.142638 311.943446
12.398336 2.327288 -6.300627 12.398336 2.327288 -6.300627 1.836682 -0.889871 0.982945 216.412811 -401.026496 234.116087
13.531951 1.729390 -5.677678 13.531951 1.729390 -5.677678 1.929790 -1.089442 1.078621 93.948848 -264.210186 84.805575
14.697521 1.037676 -5.025217 14.697521 1.037676 -5.025217 1.940084 -1.200426 1.079623 -59.636000 -105.738245 -81.465542
15.838744 0.310687 -4.402786 15.838744 0.310687 -4.402786 1.843838 -1.202368 0.977344 -261.184539 99.266856 -259.464482
16.887289 -0.381175 -3.872538 16.887289 -0.381175 -3.872538 1.633408 -1.084354 0.774393 -440.248696 294.110299 -417.039474
17.779997 -0.971369 -3.489913 17.779997 -0.971369 -3.489913 1.328797 -0.870494 0.489452 -575.122328 418.756941 -532.763673
18.473753 -1.418289 -3.292139 18.473753 -1.418289 -3.292139 0.983723 -0.619240 0.169794 -575.122328 418.756941 -532.763673
