-6.579584 6.207757 -10.556474 -6.579584 6.207757 -10.556474 1.424955 0.539785 -0.782619 -649.570593 -459.381389 758.302292
-5.841534 6.448940 -10.889551 -5.841534 6.448940 -10.889551 1.035213 0.264156 -0.327638 -649.570593 -459.381389 758.302292
-5.339770 6.522360 -10.949168 -5.339770 6.522360 -10.949168 0.633264 -0.023399 0.129698 -690.259324 -499.137187 766.149366
-5.083340 6.418052 -10.735056 -5.083340 6.418052 -10.735056 0.222704 -0.324998 0.581321 -678.273526 -506.194051 739.261377
-5.066140 6.135887 -10.260208 -5.066140 6.135887 -10.260208 -0.155929 -0.608969 0.989819 -583.835972 -440.373980 622.398291
-5.255635 5.698189 -9.565379 -5.255635 5.698189 -9.565379 -0.460464 -0.838443 1.307787 -431.281320 -324.538298 437.493260
-5.597011 5.145540 -8.713311 -5.597011 5.145540 -8.713311 -0.656569 -0.988996 1.513519 -222.402925 -177.305540 248.282133
-6.017681 4.532405 -7.773786 -6.017681 4.532405 -7.773786 -0.723491 -1.034496 1.596102 -0.667630 25.639332 26.995319
-6.439110 3.927034 -6.823722 -6.439110 3.927034 -6.823722 -0.659963 -0.965554 1.550014 212.426215 204.164778 -180.622238
-6.784457 3.393612 -5.935289 -6.784457 3.393612 -5.935289 -0.470534 -0.797252 1.396327 419.003568 356.843737 -331.669156
-6.982976 2.987686 -5.163870 -6.982976 2.987686 -5.163870 -0.177228 -0.542177 1.163942 558.683724 493.406994 -442.946836
-6.984544 2.755129 -4.548637 -6.984544 2.755129 -4.548637 0.179008 -0.226453 0.881164 628.769131 559.006090 -499.647727
-6.763206 2.718662 -4.108715 -6.763206 2.718662 -4.108715 0.560046 0.102867 0.587179 641.358200 538.726723 -480.302506
-6.314967 2.873628 -3.838523 -6.314967 2.873628 -3.838523 0.928697 0.407475 0.320692 587.476549 476.633943 -407.985517
-5.657666 3.196689 -3.713419 -5.657666 3.196689 -3.713419 1.252865 0.657363 0.106531 493.086580 356.325520 -305.885636
-4.825433 3.645308 -3.696592 -4.825433 3.645308 -3.696592 1.507508 0.821475 -0.037159 355.722036 190.714694 -173.081413
-3.866613 4.161134 -3.741465 -3.866613 4.161134 -3.741465 1.672366 0.878962 -0.098125 193.805097 0.909272 -30.137464
-2.837623 4.677001 -3.798778 -2.837623 4.677001 -3.798778 1.742079 0.821135 -0.081274 38.569513 -193.667218 86.308217
-1.792739 5.125630 -3.827107 -1.792739 5.125630 -3.827107 1.728693 0.658977 -0.004992 -83.188868 -346.859783 167.963211
-0.775420 5.452279 -3.797003 -0.775420 5.452279 -3.797003 1.654167 0.419348 0.110119 -165.231437 -451.902667 215.740341
0.184989 5.618719 -3.691575 0.184989 5.618719 -3.691575 1.543278 0.129077 0.242177 -204.396466 -515.668412 224.454709
1.073793 5.604250 -3.507990 1.073793 5.604250 -3.507990 1.418785 -0.175802 0.366236 -210.580685 -500.593312 189.074578
1.889127 5.412282 -3.256864 1.889127 5.412282 -3.256864 1.302270 -0.458056 0.466435 -177.802311 -440.253137 144.920310
2.642502 5.064616 -2.954518 2.642502 5.064616 -2.954518 1.215676 -0.690143 0.535385 -110.846363 -333.371187 84.913589
3.356289 4.600224 -2.621765 3.356289 4.600224 -2.621765 1.170840 -0.841665 0.567524 -38.606742 -171.702332 22.217086
4.055528 4.073820 -2.280688 4.055528 4.073820 -2.280688 1.166096 -0.897179 0.563668 22.792894 -13.344927 -35.070918
4.762181 3.540524 -1.949093 4.762181 3.540524 -1.949093 1.194237 -0.868116 0.541164 71.010842 110.220391 -39.943217
5.492252 3.046866 -1.629673 5.492252 3.046866 -1.629673 1.240577 -0.765125 0.526755 83.456105 233.083749 -8.086491
6.250776 2.634890 -1.312309 6.250776 2.634890 -1.312309 1.286431 -0.599554 0.535736 69.390051 318.821712 38.024998
7.031527 2.333780 -0.979139 7.031527 2.333780 -0.979139 1.310075 -0.402092 0.582973 9.424939 339.384576 119.430253
7.814694 2.150791 -0.601767 7.814694 2.150791 -0.601767 1.292857 -0.212575 0.685085 -66.817557 292.336935 220.945167
8.573848 2.072448 -0.146222 8.573848 2.072448 -0.146222 1.230102 -0.054269 0.841268 -142.368370 235.351851 299.664955
9.281660 2.076562 0.417620 9.281660 2.076562 0.417620 1.121568 0.058504 1.046771 -219.410878 140.556959 385.344416
9.912252 2.129618 1.117238 9.912252 2.129618 1.117238 0.975647 0.106104 1.288947 -266.992591 18.108940 421.909607
10.447764 2.189819 1.964393 10.447764 2.189819 1.964393 0.806366 0.083364 1.531306 -297.276870 -93.907889 385.953785
10.880423 2.219283 2.948777 10.880423 2.219283 2.948777 0.639747 0.008762 1.743522 -258.118420 -154.765227 321.431123
11.222778 2.192984 4.046520 11.222778 2.192984 4.046520 0.509713 -0.102590 1.905239 -175.330827 -216.408448 217.626120
11.503867 2.092128 5.219026 11.503867 2.092128 5.219026 0.438620 -0.234176 1.986763 -61.646071 -222.210936 54.119267
11.765369 1.915183 6.409652 11.765369 1.915183 6.409652 0.448764 -0.349709 1.963369 95.462118 -162.898792 -132.097091
12.061347 1.680882 7.552624 12.061347 1.680882 7.552624 0.553725 -0.423218 1.827751 254.407120 -82.133908 -319.965331
12.449392 1.418248 8.582156 12.449392 1.418248 8.582156 0.756453 -0.442093 1.588150 421.353614 19.217934 -478.704856
12.986477 1.162900 9.441534 12.986477 1.162900 9.441534 1.046109 -0.398322 1.264202 544.165690 126.684869 -601.120735
13.716899 0.952491 10.087291 13.716899 0.952491 10.087291 1.396645 -0.293402 0.880720 624.288937 223.048755 -677.153821
14.668213 0.821315 10.496077 14.668213 0.821315 10.496077 1.775990 -0.135994 0.485634 640.192374 301.646687 -639.797123
15.845296 0.796216 10.675992 15.845296 0.796216 10.675992 2.141378 0.056002 0.120244 577.768152 338.339360 -578.169798
17.234121 0.890719 10.644068 17.234121 0.890719 10.644068 2.488039 0.259006 -0.226658 577.768152 338.339360 -578.169798
