4.004527 -1.574848 11.800721 4.004527 -1.574848 11.800721 0.735475 0.459573 1.139297 -80.394772 332.429872 -780.504407
4.431341 -1.239267 12.343809 4.431341 -1.239267 12.343809 0.687238 0.659031 0.670995 -80.394772 332.429872 -780.504407
4.835997 -0.793607 12.605777 4.835997 -0.793607 12.605777 0.672925 0.810511 0.202002 32.682971 172.503812 -782.806102
5.252629 -0.288877 12.590335 5.252629 -0.288877 12.590335 0.727504 0.850872 -0.246372 149.249781 -37.968891 -711.771543
5.718463 0.204065 12.321484 5.718463 0.204065 12.321484 0.829388 0.774362 -0.637979 190.363715 -217.063443 -593.587037
6.249820 0.620327 11.843516 6.249820 0.620327 11.843516 0.940899 0.597704 -0.935804 181.338884 -371.794973 -399.162552
6.845664 0.904640 11.224531 6.845664 0.904640 11.224531 1.043020 0.337691 -1.103570 159.064366 -494.915984 -160.058026
7.496931 1.015203 10.546933 7.496931 1.015203 10.546933 1.122573 0.025910 -1.132831 106.111945 -544.354014 62.523430
8.185214 0.933603 9.890359 8.185214 0.933603 9.890359 1.164437 -0.296515 -1.035967 33.435206 -530.396130 260.355565
8.886557 0.664532 9.325656 8.886557 0.664532 9.325656 1.167807 -0.593208 -0.829685 -22.200856 -458.579638 427.252101
9.580333 0.233252 8.911261 9.580333 0.233252 8.911261 1.139926 -0.832410 -0.540781 -70.736751 -338.763248 535.759916
10.250270 -0.317398 8.685851 10.250270 -0.317398 8.685851 1.091056 -0.986800 -0.206214 -92.165295 -175.866961 579.463989
10.889177 -0.929806 8.663914 10.889177 -0.929806 8.663914 1.040072 -1.035678 0.128904 -77.780906 12.937498 537.596665
11.502864 -1.539412 8.832500 11.502864 -1.539412 8.832500 1.011628 -0.980556 0.423842 -17.030751 170.804496 445.529382
12.111272 -2.089077 9.160543 12.111272 -2.089077 9.160543 1.023890 -0.838456 0.658872 57.904962 302.862049 337.905316
12.740920 -2.531925 9.607249 12.740920 -2.531925 9.607249 1.083086 -0.628186 0.814413 139.414548 398.037062 180.563802
13.421366 -2.835266 10.118036 13.421366 -2.835266 10.118036 1.194233 -0.379745 0.870937 231.075238 430.098887 7.849779
14.183827 -2.986228 10.633660 14.183827 -2.986228 10.633660 1.354517 -0.124346 0.833891 303.203105 421.232186 -131.337550
15.052038 -2.989131 11.104168 15.052038 -2.989131 11.104168 1.541059 0.107806 0.724159 318.603328 352.608877 -234.436775
16.032685 -2.868024 11.493407 16.032685 -2.868024 11.493407 1.725539 0.284140 0.568208 296.332554 235.168965 -285.398858
17.117457 -2.662844 11.781071 17.117457 -2.662844 11.781071 1.883881 0.387070 0.387528 231.472286 107.931396 -316.866600
18.282909 -2.418868 11.958158 18.282909 -2.418868 11.958158 1.990057 0.413363 0.205436 122.446561 -20.288389 -290.106884
19.489385 -2.181027 12.033145 19.489385 -2.181027 12.033145 2.015530 0.368562 0.051096 -37.534623 -129.047524 -224.359701
20.680971 -1.987183 12.026901 20.680971 -1.987183 12.026901 1.938132 0.270814 -0.066104 -220.458679 -196.777995 -166.308814
21.793562 -1.862079 11.962900 21.793562 -1.862079 11.962900 1.752828 0.142924 -0.137907 -397.221452 -229.522507 -73.033223
22.765048 -1.817050 11.870218 22.765048 -1.817050 11.870218 1.470942 0.008151 -0.165683 -542.398513 -219.722516 -19.552986
23.543150 -1.848516 11.769193 23.543150 -1.848516 11.769193 1.111345 -0.107715 -0.167894 -656.259936 -166.494558 12.181991
24.088166 -1.936681 11.671244 24.088166 -1.936681 11.671244 0.699268 -0.175444 -0.157612 -717.328509 -59.271551 22.089982
24.380366 -2.046986 11.578618 24.380366 -2.046986 11.578618 0.277663 -0.182855 -0.154531 -688.021276 34.570925 -11.818837
24.423120 -2.150476 11.483772 24.423120 -2.150476 11.483772 -0.135150 -0.162112 -0.161622 -688.021276 34.570925 -11.818837
