1.347481 -3.339479 2.930552 1.347481 -3.339479 2.930552 1.459824 -1.000603 -0.399099 -647.011577 489.214659 -346.025734
2.106913 -3.851782 2.628808 2.106913 -3.851782 2.628808 1.071617 -0.707074 -0.606714 -647.011577 489.214659 -346.025734
2.635430 -4.183800 2.209971 2.635430 -4.183800 2.209971 0.693454 -0.392707 -0.776952 -613.529800 558.676325 -221.433574
2.947629 -4.317945 1.713175 2.947629 -4.317945 1.713175 0.358143 -0.052911 -0.863645 -504.176210 573.976741 -67.542468
3.082231 -4.249457 1.189277 3.082231 -4.249457 1.189277 0.107981 0.276070 -0.871941 -329.694761 522.625629 39.888858
3.100714 -3.997296 0.677543 3.100714 -3.997296 0.677543 -0.024639 0.551876 -0.826753 -112.373069 396.727652 110.737241
3.079291 -3.604490 0.205452 3.079291 -3.604490 0.205452 -0.024124 0.741260 -0.740170 114.089591 234.554470 177.871176
3.099158 -3.128355 -0.207002 3.099158 -3.128355 -0.207002 0.113353 0.827788 -0.635292 344.166074 53.871925 171.721549
3.240044 -2.632839 -0.558441 3.240044 -2.632839 -0.558441 0.374477 0.805845 -0.538125 526.249707 -127.016586 152.170581
3.568330 -2.180015 -0.856953 3.568330 -2.180015 -0.856953 0.734599 0.690533 -0.461962 674.157379 -257.356864 101.704028
4.133204 -1.818758 -1.120061 4.133204 -1.818758 -1.120061 1.152925 0.502426 -0.422124 720.261559 -369.666167 31.089879
4.954941 -1.587554 -1.371210 4.954941 -1.587554 -1.371210 1.586755 0.262068 -0.420824 725.839552 -431.525128 -26.754658
6.031842 -1.507803 -1.629560 6.031842 -1.507803 -1.629560 1.993241 0.004077 -0.442079 629.112626 -428.446507 -44.096778
7.331111 -1.577943 -1.903352 7.331111 -1.577943 -1.903352 2.321133 -0.230321 -0.471570 463.859807 -352.880578 -54.205109
8.796167 -1.773790 -2.194708 8.796167 -1.773790 -2.194708 2.543856 -0.412726 -0.497379 278.551607 -255.136644 -31.826784
10.359947 -2.059962 -2.495415 10.359947 -2.059962 -2.495415 2.647619 -0.528866 -0.499228 67.325652 -131.995717 25.665034
11.947298 -2.392505 -2.783983 11.947298 -2.392505 -2.783983 2.621321 -0.565387 -0.452086 -154.988025 10.257574 131.473393
13.479201 -2.721155 -3.025418 13.479201 -2.721155 -3.025418 2.463367 -0.515552 -0.342445 -371.524304 155.859396 233.996306
14.883674 -2.997507 -3.184225 14.883674 -2.997507 -3.184225 2.207092 -0.397412 -0.179341 -482.724368 237.942029 309.686010
16.121040 -3.193124 -3.236086 16.121040 -3.193124 -3.236086 1.917458 -0.254647 0.006471 -482.724368 237.942029 309.686010
