3.327548 -2.440067 3.792964 3.327548 -2.440067 3.792964 0.049038 0.600249 1.218279 -602.038525 238.327633 57.774069
3.248603 -2.037018 4.534331 3.248603 -2.037018 4.534331 -0.312186 0.743245 1.252944 -602.038525 238.327633 57.774069
2.954103 -1.557454 5.284089 2.954103 -1.557454 5.284089 -0.667518 0.839833 1.225568 -582.404417 83.631010 -149.025119
2.454794 -1.050926 5.977998 2.454794 -1.050926 5.977998 -0.986790 0.827885 1.063115 -481.833234 -123.458187 -392.486083
1.785884 -0.587085 6.535103 1.785884 -0.587085 6.535103 -1.226418 0.700472 0.777044 -316.928923 -301.251810 -561.083972
1.004816 -0.229770 6.893545 1.004816 -0.229770 6.893545 -1.357425 0.476005 0.406449 -119.759875 -446.969488 -674.232456
0.183062 -0.029533 7.013233 0.183062 -0.029533 7.013233 -1.357990 0.183268 -0.012191 117.875411 -528.821031 -721.232486
-0.597288 -0.016963 6.878634 -0.597288 -0.016963 6.878634 -1.221135 -0.145044 -0.432246 338.309525 -565.554517 -678.951133
-1.257756 -0.203438 6.503095 -1.257756 -0.203438 6.503095 -0.961564 -0.472616 -0.809515 526.927066 -526.352249 -578.612457
-1.730150 -0.575002 5.922071 -1.730150 -0.575002 5.922071 -0.596920 -0.754685 -1.112507 688.552541 -413.874895 -431.360908
-1.960025 -1.093585 5.188142 -1.960025 -1.093585 5.188142 -0.162098 -0.959383 -1.315227 760.854083 -268.453796 -244.373047
-1.920599 -1.706323 4.366969 -1.920599 -1.706323 4.366969 0.293068 -1.064388 -1.402099 756.365505 -81.561862 -45.201887
-1.612451 -2.349019 3.528730 -1.612451 -2.349019 3.528730 0.727693 -1.060237 -1.373436 692.384082 95.396988 140.746181
-1.060671 -2.958405 2.738779 -1.060671 -2.958405 2.738779 1.095800 -0.955074 -1.245106 534.639517 255.148068 287.019438
-0.318085 -3.476788 2.048801 -0.318085 -3.476788 2.048801 1.360939 -0.758312 -1.045783 349.157198 400.722882 377.390587
0.548050 -3.854639 1.492443 0.548050 -3.854639 1.492443 1.504051 -0.492845 -0.803438 127.884491 484.169075 430.428588
1.459450 -4.062370 1.087804 1.459450 -4.062370 1.087804 1.510529 -0.198217 -0.545448 -106.290799 497.924865 429.537876
2.335166 -4.094165 0.834163 2.335166 -4.094165 0.834163 1.389413 0.088080 -0.306174 -297.431474 456.396624 368.041629
3.105227 -3.964324 0.711088 3.105227 -3.964324 0.711088 1.160707 0.336129 -0.113437 -464.921853 370.434934 274.415654
3.712144 -3.704011 0.686738 3.712144 -3.704011 0.686738 0.852649 0.518177 0.022795 -561.937819 236.392045 179.688590
4.120700 -3.358790 0.726750 4.120700 -3.358790 0.726750 0.506064 0.618833 0.100567 -593.344399 99.125317 79.553732
4.319726 -2.978367 0.795923 4.319726 -2.978367 0.795923 0.161005 0.634713 0.120863 -556.853745 -46.191140 -11.900845
4.323605 -2.612892 0.863654 4.323605 -2.612892 0.863654 -0.135560 0.571805 0.100501 -431.695152 -163.501151 -55.972642
4.171416 -2.304129 0.913258 4.171416 -2.304129 0.913258 -0.360315 0.449254 0.063809 -317.489033 -245.002097 -66.334617
3.898079 -2.078677 0.939603 3.898079 -2.078677 0.939603 -0.550809 0.302253 0.024008 -317.489033 -245.002097 -66.334617
