5.204800 -2.873383 -6.655274 5.204800 -2.873383 -6.655274 0.763045 0.059888 1.416772 343.591015 -220.759739 240.819735
5.724473 -2.877187 -5.761863 5.724473 -2.877187 -5.761863 0.969199 -0.072568 1.561264 343.591015 -220.759739 240.819735
6.361121 -2.954442 -4.789386 6.361121 -2.954442 -4.789386 1.141766 -0.174915 1.667614 231.632331 -120.396612 113.681074
7.077050 -3.071622 -3.777317 7.077050 -3.071622 -3.777317 1.226619 -0.199948 1.691012 51.209642 36.952266 -35.686465
7.811769 -3.176712 -2.775368 7.811769 -3.176712 -2.775368 1.204997 -0.136639 1.638426 -123.281889 174.077161 -139.601063
8.501085 -3.219737 -1.821569 8.501085 -3.219737 -1.821569 1.073566 0.005930 1.534022 -314.820852 301.153632 -208.413388
9.077499 -3.155580 -0.940138 9.077499 -3.155580 -0.940138 0.829387 0.218580 1.401634 -499.109593 407.679674 -232.878429
9.477346 -2.946615 -0.139666 9.477346 -2.946615 -0.139666 0.490190 0.485362 1.268956 -631.548802 481.593223 -209.383867
9.653783 -2.568140 0.586323 9.653783 -2.568140 0.586323 0.091272 0.777173 1.154850 -698.176034 491.111486 -170.966831
9.581543 -2.017095 1.252935 9.581543 -2.017095 1.252935 -0.334293 1.053544 1.074648 -720.376428 430.125732 -96.373130
9.255971 -1.314225 1.884395 9.255971 -1.314225 1.884395 -0.743161 1.278225 1.036915 -642.516019 318.810653 -29.406176
8.702919 -0.499129 2.503974 8.702919 -0.499129 2.503974 -1.086180 1.423383 1.032887 -500.881236 165.050127 15.980823
7.971964 0.373769 3.128714 7.971964 0.373769 3.128714 -1.332154 1.468208 1.053131 -319.029900 -15.635719 51.499518
7.129376 1.241036 3.769935 7.129376 1.241036 3.769935 -1.452921 1.404614 1.084391 -83.526464 -196.343587 52.699742
6.257340 2.037461 4.427013 6.257340 2.037461 4.427013 -1.429284 1.231800 1.100799 162.313819 -379.704691 1.992656
5.442077 2.700939 5.083919 5.442077 2.700939 5.083919 -1.266440 0.967700 1.082338 380.500247 -500.625545 -63.528721
4.761925 3.188559 5.717282 4.761925 3.188559 5.717282 -0.982030 0.652885 1.021195 567.531798 -548.759865 -140.280587
4.281667 3.480146 6.299657 4.281667 3.480146 6.299657 -0.607489 0.316797 0.911572 680.938086 -571.533086 -225.128640
4.042393 3.571076 6.801937 4.042393 3.571076 6.801937 -0.185668 -0.007488 0.755795 725.134806 -509.415925 -294.129318
4.060463 3.482397 7.199772 4.060463 3.482397 7.199772 0.244143 -0.275592 0.565822 707.567734 -384.263567 -339.112604
4.328544 3.258551 7.478835 4.328544 3.258551 7.478835 0.639848 -0.452771 0.365405 611.449930 -206.333060 -328.944671
4.812614 2.960424 7.642354 4.812614 2.960424 7.642354 0.957216 -0.523194 0.185470 446.442698 -28.411015 -270.840472
5.456065 2.651785 7.710125 5.456065 2.651785 7.710125 1.168889 -0.488280 0.049165 259.134356 144.791569 -183.507202
6.191989 2.396066 7.715115 6.191989 2.396066 7.715115 1.264105 -0.345475 -0.018328 58.251725 331.222859 -41.468854
6.948124 2.254574 7.708092 6.948124 2.254574 7.708092 1.234985 -0.115875 0.013981 -155.320018 434.110829 149.162818
7.652919 2.266423 7.751580 7.652919 2.266423 7.751580 1.100604 0.160760 0.144728 -292.615176 488.006076 286.662209
8.260611 2.450720 7.890016 8.260611 2.450720 7.890016 0.925035 0.453563 0.316725 -292.615176 488.006076 286.662209
