-0.834139 6.609196 9.504160 -0.834139 6.609196 9.504160 1.071456 0.279636 1.024912 -100.599419 -480.766392 -555.140202
-0.209373 6.690440 10.019182 -0.209373 6.690440 10.019182 1.011097 -0.008823 0.691828 -100.599419 -480.766392 -555.140202
0.373183 6.598550 10.328366 0.373183 6.598550 10.328366 0.920764 -0.297571 0.328807 -200.508644 -481.726177 -654.926502
0.882800 6.337298 10.403162 0.882800 6.337298 10.403162 0.766711 -0.566598 -0.087156 -313.000385 -415.030869 -731.618648
1.282812 5.932004 10.219344 1.282812 5.932004 10.219344 0.560537 -0.768768 -0.525293 -374.248930 -258.867649 -728.837565
1.552825 5.434038 9.777952 1.552825 5.434038 9.777952 0.341267 -0.874633 -0.937722 -356.649164 -94.015135 -645.925493
1.696809 4.902879 9.108095 1.696809 4.902879 9.108095 0.144381 -0.878327 -1.280066 -299.637511 81.700873 -495.220280
1.734170 4.402118 8.263322 1.734170 4.402118 8.263322 -0.012070 -0.771659 -1.515166 -221.865708 273.858286 -288.447982
1.692658 3.996442 7.316146 1.692658 3.996442 7.316146 -0.116858 -0.567220 -1.619013 -127.428894 407.605990 -57.707857
1.604582 3.735674 6.348753 1.604582 3.735674 6.348753 -0.168435 -0.291683 -1.581627 -44.493670 510.850064 182.327822
1.500993 3.654991 5.445827 1.500993 3.654991 5.445827 -0.167731 0.026698 -1.406076 46.840504 550.421340 402.840077
1.410948 3.768700 4.684455 1.410948 3.768700 4.684455 -0.128814 0.350020 -1.115557 82.881962 527.316392 565.557041
1.347949 4.067637 4.123055 1.347949 4.067637 4.123055 -0.082229 0.636454 -0.745557 72.401553 427.465317 667.778220
1.311731 4.518215 3.798283 1.311731 4.518215 3.798283 -0.038353 0.851742 -0.333077 73.853045 290.160365 707.152643
1.298234 5.070228 3.723782 1.298234 5.070228 3.723782 -0.012939 0.969532 0.081506 10.860331 102.474423 674.791118
1.288422 5.659052 3.886688 1.288422 5.659052 3.886688 -0.026440 0.974316 0.449079 -55.865877 -86.529683 550.453594
1.259301 6.217303 4.244134 1.259301 6.217303 4.244134 -0.075963 0.868582 0.723936 -109.210458 -265.915395 365.736489
1.191560 6.682337 4.734543 1.191560 6.682337 4.734543 -0.154016 0.667777 0.894453 -150.965829 -403.435695 202.652140
1.071976 7.010384 5.307692 1.071976 7.010384 5.307692 -0.244596 0.425715 1.016044 -150.965829 -403.435695 202.652140
