11.461150 -4.487770 -0.248428 11.461150 -4.487770 -0.248428 0.487533 0.688505 0.976870 -490.417065 -38.848237 213.968865
11.665394 -4.081660 0.376209 11.665394 -4.081660 0.376209 0.193283 0.665196 1.105252 -490.417065 -38.848237 213.968865
11.702492 -3.696279 1.066865 11.702492 -3.696279 1.066865 -0.053952 0.608166 1.178583 -333.697311 -151.251024 30.470311
11.622933 -3.366994 1.764411 11.622933 -3.366994 1.764411 -0.189781 0.475471 1.121423 -119.068377 -291.067364 -221.004342
11.499900 -3.138276 2.384254 11.499900 -3.138276 2.384254 -0.199885 0.279970 0.922673 85.391159 -360.602628 -441.494688
11.405129 -3.037324 2.849183 11.405129 -3.037324 2.849183 -0.099703 0.053003 0.611744 248.548419 -395.950813 -594.936761
11.396450 -3.075526 3.104165 11.396450 -3.075526 3.104165 0.081450 -0.178234 0.229905 355.293776 -374.841575 -677.861405
11.512847 -3.244986 3.119243 11.512847 -3.244986 3.119243 0.312496 -0.378379 -0.181062 414.861417 -292.307089 -692.028511
11.775481 -3.517248 2.888681 11.775481 -3.517248 2.888681 0.563715 -0.516862 -0.583079 422.532541 -169.302487 -648.026729
12.186594 -3.848252 2.429817 12.186594 -3.848252 2.429817 0.801376 -0.570505 -0.933751 369.671659 -9.509849 -520.881372
12.728620 -4.181654 1.786530 12.728620 -4.181654 1.786530 0.996477 -0.523147 -1.192666 280.665708 167.372740 -342.167573
13.370269 -4.455795 1.020531 13.370269 -4.455795 1.020531 1.131092 -0.374623 -1.342016 168.050223 327.705429 -155.665543
14.072282 -4.613551 0.198386 14.072282 -4.613551 0.198386 1.197467 -0.137846 -1.379992 53.198626 461.551172 29.078574
14.793873 -4.607267 -0.613395 14.793873 -4.607267 -0.613395 1.197066 0.168647 -1.307645 -54.535366 560.091514 212.078042
15.497564 -4.404602 -1.351234 15.497564 -4.404602 -1.351234 1.140681 0.508008 -1.137527 -133.414253 571.113739 354.983593
16.156107 -3.999373 -1.965155 16.156107 -3.999373 -1.965155 1.051382 0.838793 -0.901049 -164.248380 531.503581 433.276444
16.757249 -3.406233 -2.425803 16.757249 -3.406233 -2.425803 0.952218 1.128661 -0.631123 -166.297222 434.721781 466.476093
17.300070 -2.660351 -2.722174 17.300070 -2.660351 -2.722174 0.859558 1.341669 -0.359554 -142.571266 275.304785 438.752639
17.793449 -1.816706 -2.863594 17.793449 -1.816706 -2.863594 0.790552 1.452299 -0.119619 -87.448982 93.462126 361.032545
18.256001 -0.940336 -2.875685 18.256001 -0.940336 -2.875685 0.757891 1.449212 0.070474 -21.418566 -103.752459 272.610858
18.710173 -0.100460 -2.790463 18.710173 -0.100460 -2.790463 0.761505 1.332082 0.203376 33.463374 -286.680487 170.393544
19.174670 0.638864 -2.644273 19.174670 0.638864 -2.644273 0.789435 1.118460 0.273085 59.637446 -425.392016 61.969747
19.659184 1.228069 -2.473602 19.659184 1.228069 -2.473602 0.825811 0.836719 0.288594 61.615394 -513.745533 -10.273039
20.163706 1.635998 -2.304835 20.163706 1.635998 -2.304835 0.852502 0.520333 0.269727 27.354915 -540.873449 -52.614590
20.676569 1.853185 -2.153569 20.676569 1.853185 -2.153569 0.851107 0.207530 0.232659 -32.004336 -501.804094 -70.945528
21.175104 1.892630 -2.025146 21.175104 1.892630 -2.025146 0.800061 -0.067297 0.198083 -138.148387 -414.284867 -44.310554
21.623432 1.786889 -1.910954 21.623432 1.786889 -1.910954 0.682959 -0.269825 0.188088 -252.190950 -260.810221 10.995995
21.981479 1.588356 -1.792508 21.981479 1.588356 -1.792508 0.499976 -0.374772 0.212754 -357.752512 -89.014578 71.222582
22.211573 1.357403 -1.648564 22.211573 1.357403 -1.648564 0.257842 -0.378516 0.272847 -449.361601 76.536428 129.088427
22.282291 1.152909 -1.459112 22.282291 1.152909 -1.459112 -0.027289 -0.288399 0.362836 -501.075636 223.854723 170.874631
22.176856 1.027106 -1.209716 22.176856 1.027106 -1.209716 -0.322273 -0.119375 0.470050 -482.204578 339.555818 186.504006
21.900381 1.020488 -0.895943 21.900381 1.020488 -0.895943 -0.593166 0.103795 0.572811 -420.772723 404.345692 156.033616
21.474822 1.156332 -0.528748 21.474822 1.156332 -0.528748 -0.815232 0.350326 0.643544 -319.446557 417.423596 79.742145
20.937888 1.438758 -0.133866 20.937888 1.438758 -0.133866 -0.958369 0.586249 0.663403 -157.676653 368.986390 -13.543951
20.346492 1.850748 0.255310 20.346492 1.850748 0.255310 -0.992940 0.776760 0.623136 42.440405 266.050338 -120.678241
19.770334 2.358387 0.599649 19.770334 2.358387 0.599649 -0.907644 0.904859 0.511624 241.879439 160.945433 -251.030238
19.280183 2.922632 0.855097 19.280183 2.922632 0.855097 -0.708031 0.963223 0.329304 423.496629 33.602457 -356.704015
18.940923 3.499003 0.984186 18.940923 3.499003 0.984186 -0.407286 0.945329 0.093850 578.986088 -93.248570 -428.141432
18.806380 4.043044 0.962083 18.806380 4.043044 0.962083 -0.031840 0.857521 -0.169773 672.500820 -199.444542 -450.600042
18.909046 4.519109 0.781345 18.909046 4.519109 0.781345 0.375264 0.725117 -0.428968 684.511916 -241.901857 -413.383935
19.254486 4.910201 0.455248 19.254486 4.910201 0.455248 0.771317 0.577797 -0.648531 635.665373 -249.164259 -318.494597
19.823776 5.214298 0.017731 19.823776 5.214298 0.017731 1.113116 0.439640 -0.794976 503.665764 -211.361894 -169.655359
20.571556 5.444028 -0.479389 20.571556 5.444028 -0.479389 1.361568 0.332779 -0.844748 324.507764 -144.838545 3.750327
21.434056 5.623304 -0.973112 21.434056 5.623304 -0.973112 1.492012 0.274271 -0.780244 110.306272 -50.190229 211.262719
22.334367 5.785130 -1.390450 22.334367 5.785130 -1.390450 1.484436 0.275644 -0.589586 -135.561314 54.767804 424.263920
23.185915 5.966898 -1.657434 23.185915 5.966898 -1.657434 1.329536 0.341122 -0.283025 -380.771049 163.492138 597.604897
23.906410 6.204088 -1.713003 23.906410 6.204088 -1.713003 1.057636 0.454662 0.108924 -525.562930 214.973347 708.891028
24.446390 6.515581 -1.520049 24.446390 6.515581 -1.520049 0.742298 0.583646 0.534258 -525.562930 214.973347 708.891028
