8.440072 1.434243 0.360883 8.440072 1.434243 0.360883 -1.204009 -0.194311 0.993108 -37.392653 524.161595 -577.253947
7.710936 1.412005 0.852842 7.710936 1.412005 0.852842 -1.226445 0.120186 0.646756 -37.392653 524.161595 -577.253947
6.980197 1.573676 1.131129 6.980197 1.573676 1.131129 -1.189590 0.410730 0.271100 160.242020 444.316085 -674.932759
6.309713 1.892093 1.168924 6.309713 1.892093 1.168924 -1.021309 0.637334 -0.150749 400.694663 311.033054 -731.229886
5.779237 2.320162 0.948647 5.779237 2.320162 0.948647 -0.729970 0.772362 -0.580518 570.434206 139.057412 -701.334041
5.451063 2.797507 0.479369 5.451063 2.797507 0.479369 -0.352061 0.800286 -0.974952 689.263514 -45.976832 -613.446079
5.366033 3.259338 -0.205371 5.366033 3.259338 -0.205371 0.072192 0.722378 -1.289762 724.912503 -213.714875 -435.920661
5.536577 3.645845 -1.044669 5.536577 3.645845 -1.044669 0.490863 0.551892 -1.486191 670.657834 -354.572799 -218.843932
5.945364 3.907375 -1.962814 5.945364 3.907375 -1.962814 0.861014 0.310237 -1.552687 563.179894 -450.943944 -2.808316
6.553665 4.011563 -2.881882 6.553665 4.011563 -2.881882 1.150520 0.035751 -1.489123 401.839562 -464.009782 214.688091
7.303818 3.951171 -3.725966 7.303818 3.951171 -3.725966 1.329173 -0.234261 -1.306581 193.670911 -436.029452 393.784524
8.122492 3.736121 -4.430579 8.122492 3.736121 -4.430579 1.376923 -0.475916 -1.028034 -34.503745 -369.486300 534.705427
8.930253 3.391446 -4.946760 8.930253 3.391446 -4.946760 1.295313 -0.660701 -0.685252 -237.531265 -246.464876 607.903384
9.655103 2.959448 -5.248826 9.655103 2.959448 -5.248826 1.104882 -0.764649 -0.322197 -397.236388 -100.027309 602.278096
10.239438 2.490827 -5.336862 10.239438 2.490827 -5.336862 0.831080 -0.783801 0.023534 -515.437323 36.187558 550.158788
10.641708 2.034388 -5.229645 10.641708 2.034388 -5.229645 0.503819 -0.725448 0.323968 -575.434990 158.321534 451.288495
10.841510 1.632924 -4.962474 10.841510 1.632924 -4.962474 0.164007 -0.603923 0.552534 -557.271863 246.759928 310.599252
10.843998 1.317865 -4.584463 10.843998 1.317865 -4.584463 -0.148391 -0.441474 0.691807 -484.055139 294.739713 153.644437
10.673908 1.104595 -4.149812 10.673908 1.104595 -4.149812 -0.408452 -0.271825 0.743544 -382.811910 270.755125 18.809454
10.368575 0.987048 -3.706564 10.368575 0.987048 -3.706564 -0.594920 -0.125310 0.723510 -238.749066 217.629127 -85.587376
9.977836 0.946725 -3.292980 9.977836 0.946725 -3.292980 -0.692230 -0.016286 0.646576 -85.617611 145.782092 -170.858329
9.554672 0.956222 -2.938269 9.554672 0.956222 -2.938269 -0.705673 0.036324 0.531659 40.806114 29.585417 -212.200725
9.144539 0.977354 -2.656330 9.144539 0.977354 -2.656330 -0.651560 0.024135 0.410038 139.571771 -70.215169 -193.201694
8.782298 0.974125 -2.442332 8.782298 0.974125 -2.442332 -0.549956 -0.043348 0.307877 199.107898 -154.729067 -147.335460
8.489711 0.916518 -2.279998 8.489711 0.916518 -2.279998 -0.422758 -0.154921 0.240118 224.884411 -217.178128 -78.527963
8.275903 0.784711 -2.145918 8.275903 0.784711 -2.145918 -0.290986 -0.284038 0.213719 214.356477 -213.214001 -9.468412
8.136176 0.577192 -2.016183 8.136176 0.577192 -2.016183 -0.180973 -0.405558 0.224081 152.353266 -191.853760 44.009883
8.050937 0.305146 -1.871082 8.050937 0.305146 -1.871082 -0.109955 -0.491554 0.264136 84.375216 -94.798147 89.506806
7.997824 -0.001578 -1.696932 7.997824 -0.001578 -1.696932 -0.070967 -0.522071 0.315624 45.584778 -6.925551 82.118741
7.963449 -0.316067 -1.492777 7.963449 -0.316067 -1.492777 -0.043616 -0.526227 0.364895 45.584778 -6.925551 82.118741
