11.209627 -0.893223 10.468152 11.209627 -0.893223 10.468152 1.191547 0.541406 1.331254 -91.119878 -510.525893 -600.026140
11.908154 -0.660274 11.158900 11.908154 -0.660274 11.158900 1.136876 0.235091 0.971239 -91.119878 -510.525893 -600.026140
12.569055 -0.608729 11.634342 12.569055 -0.608729 11.634342 1.058093 -0.059298 0.614744 -171.488125 -470.771262 -588.290745
13.166659 -0.722603 11.901246 13.166659 -0.722603 11.901246 0.923279 -0.309541 0.281520 -277.893517 -363.370554 -522.454088
13.664408 -0.965201 11.982559 13.664408 -0.965201 11.982559 0.725554 -0.484900 0.000257 -381.187102 -221.160535 -415.091000
14.027686 -1.284484 11.916347 14.027686 -1.284484 11.916347 0.479641 -0.560267 -0.207042 -438.525245 -30.062876 -275.904800
14.235695 -1.613883 11.751258 14.235695 -1.613883 11.751258 0.212319 -0.517438 -0.328592 -452.546465 172.826490 -129.262654
14.282628 -1.883881 11.539278 14.282628 -1.883881 11.539278 -0.054207 -0.366961 -0.363934 -435.875565 328.762957 11.456402
14.176156 -2.036223 11.328005 14.176156 -2.036223 11.328005 -0.293183 -0.126414 -0.331934 -360.708519 473.060937 95.210903
13.944060 -2.021463 11.149170 13.944060 -2.021463 11.149170 -0.465904 0.184709 -0.258871 -215.030006 564.016449 148.333013
13.635871 -1.809226 11.022556 13.635871 -1.809226 11.022556 -0.544627 0.522562 -0.159828 -47.378393 562.161634 181.808606
13.311227 -1.396635 10.958208 13.311227 -1.396635 10.958208 -0.519755 0.849180 -0.056627 130.285649 526.565370 162.194210
13.034546 -0.798448 10.950175 13.034546 -0.798448 10.950175 -0.382983 1.134603 0.024432 325.619659 424.844559 108.002486
12.873300 -0.051112 10.979423 12.873300 -0.051112 10.979423 -0.137948 1.340022 0.064977 491.165028 259.883808 27.149025
12.885569 0.788861 11.019502 12.885569 0.788861 11.019502 0.189892 1.441857 0.062293 601.631888 79.566382 -36.094417
13.110181 1.657928 11.048484 13.110181 1.657928 11.048484 0.562786 1.437749 0.031155 641.350577 -93.259849 -67.701769
13.562470 2.493192 11.053600 13.562470 2.493192 11.053600 0.943467 1.328799 -0.016419 627.586454 -269.908067 -90.878203
14.235992 3.234880 11.027424 14.235992 3.234880 11.027424 1.292399 1.131819 -0.070777 535.518944 -386.689220 -90.313601
15.097349 3.840615 10.971074 15.097349 3.840615 10.971074 1.561332 0.881042 -0.113105 360.924054 -449.235860 -50.779906
16.086945 4.287619 10.899586 16.086945 4.287619 10.899586 1.717040 0.607703 -0.115995 158.101994 -461.892492 41.147182
17.132336 4.572034 10.842780 17.132336 4.572034 10.842780 1.745445 0.345239 -0.064384 -63.418196 -412.990028 130.889631
18.153891 4.709902 10.831950 18.153891 4.709902 10.831950 1.635910 0.122758 0.035350 -301.697954 -328.610520 201.555475
19.068262 4.732154 10.894232 19.068262 4.732154 10.894232 1.390544 -0.035671 0.180242 -516.187957 -199.486847 281.419923
19.800989 4.683643 11.055152 19.800989 4.683643 11.055152 1.037402 -0.111371 0.359691 -660.952737 -52.846671 316.740561
20.299235 4.615554 11.327136 20.299235 4.615554 11.327136 0.614713 -0.101848 0.545516 -748.010312 84.587937 302.679182
20.532005 4.575939 11.706343 20.532005 4.575939 11.706343 0.158825 -0.019755 0.714198 -771.617526 189.055563 259.591439
20.492625 4.601626 12.175272 20.492625 4.601626 12.175272 -0.283063 0.111232 0.838376 -701.343003 247.569509 154.334829
20.205744 4.714740 12.695312 20.205744 4.714740 12.695312 -0.657877 0.268832 0.877145 -548.036884 277.763799 -25.102028
19.721388 4.923587 13.208712 19.721388 4.923587 13.208712 -0.941614 0.423241 0.820244 -397.752499 236.932057 -164.570491
19.084824 5.220179 13.671236 19.084824 5.220179 13.671236 -1.180266 0.565400 0.721501 -397.752499 236.932057 -164.570491
