-6.034763 3.993453 -1.719955 -6.034763 3.993453 -1.719955 0.481428 -0.465630 1.217829 16.261292 160.850423 -299.913352
-5.742979 3.743028 -1.043241 -5.742979 3.743028 -1.043241 0.491185 -0.369120 1.037881 16.261292 160.850423 -299.913352
-5.448487 3.558164 -0.482795 -5.448487 3.558164 -0.482795 0.485212 -0.234333 0.816443 -36.170506 288.439270 -438.215562
-5.165781 3.477484 -0.080307 -5.165781 3.477484 -0.080307 0.453958 -0.021266 0.511020 -68.010234 421.784715 -579.861922
-4.904948 3.544236 0.117710 -4.904948 3.544236 0.117710 0.416653 0.249756 0.142005 -56.337697 481.620372 -650.186522
-4.662005 3.781034 0.088026 -4.662005 3.781034 0.088026 0.398313 0.539992 -0.237374 -4.796222 485.835040 -614.409666
-4.420477 4.188401 -0.159500 -4.420477 4.188401 -0.159500 0.412451 0.811101 -0.578558 51.922765 417.860804 -522.871830
-4.160101 4.743718 -0.592925 -4.160101 4.743718 -0.592925 0.461401 1.029023 -0.853147 111.245410 308.544363 -392.423983
-3.860583 5.406613 -1.165767 -3.860583 5.406613 -1.165767 0.541415 1.163868 -1.040191 155.465145 140.939644 -231.057319
-3.505750 6.119663 -1.820799 -3.505750 6.119663 -1.820799 0.644696 1.195234 -1.125460 188.806521 -36.385780 -53.170858
-3.085905 6.819098 -2.496222 -3.085905 6.819098 -2.496222 0.753192 1.117622 -1.110243 172.845913 -222.320113 103.892631
-2.606071 7.438593 -3.135354 -2.606071 7.438593 -3.135354 0.840933 0.928925 -1.006343 119.624559 -406.669551 242.440976
-2.084640 7.915214 -3.689588 -2.084640 7.915214 -3.689588 0.889400 0.647257 -0.831215 41.932046 -532.225756 341.321203
-1.550431 8.204566 -4.125633 -1.550431 8.204566 -4.125633 0.879663 0.311914 -0.620190 -74.387714 -585.581735 362.095530
-1.043829 8.286179 -4.432942 -1.043829 8.286179 -4.432942 0.796001 -0.040090 -0.404795 -204.487575 -587.767668 355.887958
-0.609961 8.159905 -4.614357 -0.609961 8.159905 -4.614357 0.638687 -0.374859 -0.204254 -319.892749 -528.126742 312.580772
-0.289214 7.847454 -4.685152 -0.289214 7.847454 -4.685152 0.422328 -0.654100 -0.039241 -401.301135 -402.678324 237.461208
-0.110512 7.392387 -4.671057 -0.110512 7.392387 -4.671057 0.169246 -0.846330 0.077718 -442.305301 -238.086104 152.402399
-0.088679 6.852583 -4.602379 -0.088679 6.852583 -4.602379 -0.096637 -0.934938 0.142235 -443.972575 -57.274309 62.653685
-0.222404 6.292803 -4.508903 -0.222404 6.292803 -4.508903 -0.342163 -0.911843 0.164118 -374.447794 134.256284 10.290320
-0.487486 5.779020 -4.409217 -0.487486 5.779020 -4.409217 -0.528746 -0.785504 0.167107 -247.496181 286.872424 -0.326092
-0.836745 5.365170 -4.309107 -0.836745 5.365170 -4.309107 -0.614556 -0.584302 0.166429 -38.535777 383.801633 -1.933948
-1.202931 5.087917 -4.208212 -1.202931 5.087917 -4.208212 -0.590255 -0.332800 0.172201 119.537242 454.539804 21.174105
-1.535567 4.970054 -4.101080 -1.535567 4.970054 -4.101080 -0.518533 -0.060076 0.184906 119.537242 454.539804 21.174105
