9.572696 -3.694715 7.584717 9.572696 -3.694715 7.584717 1.599362 -0.642409 0.112802 -583.540623 -90.199578 321.382493
10.427276 -4.096397 7.710247 10.427276 -4.096397 7.710247 1.249238 -0.696529 0.305632 -583.540623 -90.199578 321.382493
11.065243 -4.522466 7.954549 11.065243 -4.522466 7.954549 0.866418 -0.710229 0.513833 -692.525619 44.531443 372.620671
11.455869 -4.931204 8.330255 11.455869 -4.931204 8.330255 0.428055 -0.636593 0.739078 -768.685379 200.922424 378.198153
11.575029 -5.268378 8.839667 11.575029 -5.268378 8.839667 -0.029704 -0.472961 0.955440 -757.175644 344.518885 343.005665
11.426147 -5.484105 9.469546 11.426147 -5.484105 9.469546 -0.457853 -0.236065 1.135615 -669.989430 445.134392 257.579285
11.040231 -5.541904 10.187707 11.040231 -5.541904 10.187707 -0.812875 0.049590 1.242301 -513.417733 507.047421 98.040832
10.471977 -5.420602 10.939873 10.471977 -5.420602 10.939873 -1.061496 0.355220 1.246819 -315.318667 511.720723 -82.979974
9.790927 -5.119015 11.661795 9.790927 -5.119015 11.661795 -1.187659 0.643978 1.140863 -105.223990 450.806554 -270.207765
9.072346 -4.659175 12.286115 9.072346 -4.659175 12.286115 -1.186023 0.876002 0.920936 110.675553 322.604656 -462.882026
8.391913 -4.084759 12.746821 8.391913 -4.084759 12.746821 -1.063321 1.023291 0.600524 298.333083 168.358688 -605.159085
7.815603 -3.451104 12.992895 7.815603 -3.451104 12.992895 -0.844405 1.071186 0.210869 431.384857 -8.707050 -693.690007
7.391428 -2.821375 12.991554 7.391428 -2.821375 12.991554 -0.561480 1.008885 -0.220337 511.699330 -198.964086 -743.663597
7.147641 -2.262009 12.728022 7.147641 -2.262009 12.728022 -0.249486 0.838752 -0.653887 528.279993 -368.144960 -701.501384
7.089714 -1.831934 12.216332 7.089714 -1.831934 12.216332 0.050855 0.583315 -1.040226 472.857610 -483.313528 -586.295871
7.199961 -1.572185 11.497398 7.199961 -1.572185 11.497398 0.307668 0.277107 -1.338327 383.184652 -537.378034 -407.373326
7.446569 -1.503194 10.634884 7.446569 -1.503194 10.634884 0.502751 -0.048044 -1.513706 267.092336 -546.458775 -177.223874
7.787950 -1.625892 9.708441 7.787950 -1.625892 9.708441 0.621276 -0.353469 -1.551636 127.992802 -471.625442 50.789758
8.176062 -1.915154 8.800260 8.176062 -1.915154 8.800260 0.659612 -0.597881 -1.452871 -0.206474 -343.081613 278.425745
8.565821 -2.325285 7.990997 8.565821 -2.325285 7.990997 0.629633 -0.751971 -1.224099 -99.724769 -170.550017 484.147370
8.921889 -2.796473 7.352319 8.921889 -2.796473 7.352319 0.550992 -0.800834 -0.890437 -162.409617 7.672693 628.060699
9.221754 -3.264331 6.935127 9.221754 -3.264331 6.935127 0.446059 -0.739923 -0.493506 -187.367615 195.364411 695.043481
9.456285 -3.663232 6.764293 9.456285 -3.663232 6.764293 0.336748 -0.573267 -0.075668 -177.003858 360.154167 697.749662
9.629512 -3.936014 6.839378 9.629512 -3.936014 6.839378 0.245741 -0.325424 0.317431 -126.350850 465.990030 612.580934
9.757463 -4.044019 7.132018 9.757463 -4.044019 7.132018 0.186179 -0.028971 0.644563 -72.190156 522.185529 477.857923
9.860206 -3.967631 7.594263 9.860206 -3.967631 7.594263 0.163014 0.283224 0.878746 -5.025914 518.466372 302.750273
9.960838 -3.708127 8.163304 9.960838 -3.708127 8.163304 0.178638 0.575531 0.996886 57.103948 455.889404 91.052226
10.079757 -3.287983 8.765033 10.079757 -3.287983 8.765033 0.220187 0.812895 0.987556 81.394650 335.323028 -122.154769
10.226017 -2.748632 9.325803 10.226017 -2.748632 9.325803 0.266508 0.970367 0.865387 73.007554 189.584883 -285.075196
10.396380 -2.141342 9.786058 10.396380 -2.141342 9.786058 0.296900 1.038841 0.656023 28.301198 38.662543 -412.804236
10.575829 -1.520090 10.100249 10.575829 -1.520090 10.100249 0.294952 1.016977 0.382755 -34.797472 -111.544024 -498.088407
10.741813 -0.936722 10.239889 10.741813 -0.936722 10.239889 0.250456 0.916348 0.082115 -113.521244 -223.884958 -504.044939
10.865167 -0.430763 10.200888 10.865167 -0.430763 10.200888 0.149916 0.764267 -0.208022 -221.611978 -283.052004 -463.079392
10.910266 -0.025107 9.997165 10.910266 -0.025107 9.997165 -0.007855 0.584660 -0.463644 -304.290931 -315.637580 -388.993524
10.848363 0.270385 9.656362 10.848363 0.270385 9.656362 -0.202516 0.402829 -0.660030 -344.580954 -290.466198 -265.624944
10.664150 0.464548 9.220614 10.664150 0.464548 9.220614 -0.412660 0.252300 -0.778991 -355.899204 -211.298508 -130.913762
10.354765 0.583888 8.736126 10.354765 0.583888 8.736126 -0.614836 0.155486 -0.825187 -318.019479 -111.413730 -23.070770
9.935143 0.663312 8.243212 9.935143 0.663312 8.243212 -0.773030 0.119576 -0.807275 -209.293885 -8.284920 82.778271
9.441810 0.740545 7.776957 9.441810 0.740545 7.776957 -0.857817 0.149496 -0.741560 -73.328417 108.015429 136.269335
8.923584 0.854757 7.357128 8.923584 0.854757 7.357128 -0.853498 0.239662 -0.656905 87.723060 192.537651 145.913227
8.439165 1.035081 6.989233 8.439165 1.035081 6.989233 -0.741416 0.364538 -0.569438 285.885330 223.717420 145.646514
8.056553 1.294739 6.670908 8.056553 1.294739 6.670908 -0.515993 0.502100 -0.496444 465.524460 234.821146 97.666281
7.838799 1.635766 6.386658 7.838799 1.635766 6.386658 -0.196439 0.630489 -0.457659 599.656013 193.144043 31.614591
7.834706 2.042994 6.114895 7.834706 2.042994 6.114895 0.192515 0.717216 -0.452983 696.855436 95.947061 -16.026752
8.076890 2.484402 5.837633 8.076890 2.484402 5.837633 0.616832 0.743825 -0.475537 717.535671 -7.250451 -59.153353
8.572337 2.923096 5.541001 8.572337 2.923096 5.541001 1.028311 0.707992 -0.514337 654.062175 -112.193422 -70.180826
9.301347 3.322371 5.220156 9.301347 3.322371 5.220156 1.392211 0.614049 -0.554495 558.936439 -200.951650 -63.677246
10.237283 3.654629 4.875997 10.237283 3.654629 4.875997 1.727573 0.493478 -0.592701 558.936439 -200.951650 -63.677246
