8.688638 3.371515 5.396328 8.688638 3.371515 5.396328 -0.150256 -0.601334 1.387975 473.835625 385.871474 221.908063
8.683774 3.080172 6.269057 8.683774 3.080172 6.269057 0.134045 -0.369811 1.521120 473.835625 385.871474 221.908063
8.851566 2.933701 7.212598 8.851566 2.933701 7.212598 0.428717 -0.108491 1.608896 508.406184 485.196176 70.677845
9.200397 2.959426 8.179090 9.200397 2.959426 8.179090 0.734198 0.200048 1.593464 509.863481 543.265489 -122.117012
9.728287 3.177335 9.105442 9.728287 3.177335 9.105442 1.018094 0.526469 1.481464 436.456769 544.804456 -251.215421
10.410364 3.586406 9.944242 10.410364 3.586406 9.944242 1.243261 0.828977 1.306438 314.098926 463.557632 -332.207117
11.204917 4.158323 10.665940 11.204917 4.158323 10.665940 1.392011 1.062563 1.095277 181.734522 315.060767 -371.661784
12.063957 4.843188 11.257023 12.063957 4.843188 11.257023 1.456658 1.204680 0.876359 33.756519 158.665129 -358.066140
12.936099 5.582856 11.720754 12.936099 5.582856 11.720754 1.437262 1.241382 0.673359 -98.409845 -36.325747 -318.599901
13.775010 6.309649 12.072060 13.775010 6.309649 12.072060 1.349556 1.162098 0.505393 -193.943766 -227.953802 -241.285158
14.546119 6.957212 12.337087 14.546119 6.957212 12.337087 1.214613 0.982004 0.386732 -255.868649 -372.361405 -154.251076
15.228285 7.472567 12.546201 15.228285 7.472567 12.546201 1.058365 0.724476 0.318380 -264.955398 -486.064981 -73.589012
15.816701 7.816388 12.727274 15.816701 7.816388 12.727274 0.904837 0.415975 0.290680 -246.807177 -542.271949 -18.744766
16.317704 7.969495 12.899686 16.317704 7.969495 12.899686 0.769382 0.096263 0.286325 -204.708201 -523.432742 4.227190
16.746836 7.937525 13.071802 16.746836 7.937525 13.071802 0.668310 -0.195346 0.286660 -132.200225 -448.599784 -3.109960
17.128495 7.746282 13.241120 17.128495 7.746282 13.241120 0.611335 -0.430942 0.274204 -57.714650 -336.720077 -38.410344
17.487215 7.436492 13.395378 17.487215 7.436492 13.395378 0.588249 -0.586048 0.234404 -19.239589 -180.300401 -94.256370
17.838571 7.062088 13.514029 17.838571 7.062088 13.514029 0.586050 -0.645831 0.152726 11.909251 -18.973792 -178.003785
18.192007 6.679475 13.570002 18.192007 6.679475 13.570002 0.591509 -0.615713 0.027811 6.287304 119.364711 -238.377898
18.544573 6.337901 13.541906 18.544573 6.337901 13.541906 0.577929 -0.512254 -0.124588 -51.552541 225.500006 -269.620066
18.878441 6.076169 13.418260 18.878441 6.076169 13.418260 0.528947 -0.351799 -0.288172 -111.720264 309.350563 -275.658636
19.170734 5.921593 13.197357 19.170734 5.921593 13.197357 0.437085 -0.162087 -0.445475 -194.488319 323.020995 -248.685339
19.392209 5.880082 12.890294 19.392209 5.880082 12.890294 0.291555 0.019711 -0.569756 -290.610551 282.972788 -165.586108
19.511270 5.938868 12.525576 19.511270 5.938868 12.525576 0.099375 0.169616 -0.634402 -349.988825 216.711897 -49.899607
19.505622 6.073358 12.144736 19.505622 6.073358 12.144736 -0.121991 0.268208 -0.620426 -387.897965 111.926529 96.486548
19.363140 6.247310 11.798943 19.363140 6.247310 11.798943 -0.352058 0.299766 -0.517062 -378.993679 -6.730894 248.058110
19.087243 6.419594 11.541401 19.087243 6.419594 11.541401 -0.561671 0.263904 -0.328000 -319.715788 -112.809271 382.150027
18.699614 6.553098 11.419869 18.699614 6.553098 11.419869 -0.718891 0.173556 -0.066307 -204.350654 -188.353111 490.160002
18.240305 6.620233 11.471933 18.240305 6.620233 11.471933 -0.797455 0.045067 0.245884 -57.528476 -239.943525 550.476624
17.761204 6.603732 11.717415 17.761204 6.603732 11.717415 -0.783340 -0.100651 0.570502 104.578447 -245.781891 531.583592
17.322123 6.503233 12.149964 17.322123 6.503233 12.149964 -0.660099 -0.227462 0.862263 306.225469 -176.920568 440.953835
16.989991 6.338313 12.740560 16.989991 6.338313 12.740560 -0.432327 -0.316601 1.096168 453.011840 -120.209674 338.727807
16.812137 6.126714 13.459232 16.812137 6.126714 13.459232 -0.160520 -0.388727 1.299405 453.011840 -120.209674 338.727807
