-7.642711 -0.525965 3.999771 -7.642711 -0.525965 3.999771 1.146857 0.728694 1.173094 -322.782167 -68.049791 560.647418
-7.012698 -0.100998 4.804544 -7.012698 -0.100998 4.804544 0.953188 0.687864 1.509482 -322.782167 -68.049791 560.647418
-6.500000 0.295621 5.805700 -6.500000 0.295621 5.805700 0.753950 0.627778 1.818623 -341.344344 -132.237089 469.819630
-6.106645 0.643046 6.969519 -6.106645 0.643046 6.969519 0.561275 0.521239 2.040901 -300.905257 -222.894066 271.108260
-5.818868 0.913418 8.229731 -5.818868 0.913418 8.229731 0.406608 0.376252 2.137925 -214.649177 -260.394805 52.304422
-5.607366 1.093418 9.508391 -5.607366 1.093418 9.508391 0.308687 0.225613 2.101762 -111.755776 -241.737677 -172.845234
-5.437503 1.189154 10.724948 -5.437503 1.189154 10.724948 0.265471 0.099975 1.931115 -32.296469 -177.055617 -395.980758
-5.278516 1.223236 11.800940 -5.278516 1.223236 11.800940 0.273679 0.023577 1.636524 59.656446 -77.601893 -585.988342
-5.100577 1.231040 12.668658 -5.100577 1.231040 12.668658 0.324442 0.015146 1.241336 109.553286 49.497239 -731.303347
-4.886106 1.256268 13.278394 -4.886106 1.256268 13.278394 0.390603 0.080999 0.785401 110.983525 170.012815 -788.479938
-4.632087 1.343099 13.608908 -4.632087 1.343099 13.608908 0.455593 0.221156 0.318310 105.649821 297.178844 -768.490303
-4.342870 1.533549 13.666973 -4.342870 1.533549 13.666973 0.503204 0.420780 -0.115751 53.052127 368.233975 -678.380419
-4.035487 1.855223 13.484839 -4.035487 1.855223 13.484839 0.514592 0.656343 -0.475653 -15.091091 416.973885 -521.293887
-3.732858 2.322468 13.117320 -3.732858 2.322468 13.117320 0.488489 0.898447 -0.729898 -71.918545 390.039562 -326.188938
-3.455409 2.927507 12.633863 -3.455409 2.927507 12.633863 0.431841 1.111287 -0.859636 -116.908928 319.427029 -106.271261
-3.218475 3.643910 12.111948 -3.218475 3.643910 12.111948 0.356061 1.263617 -0.858418 -135.690773 188.341599 110.332152
-3.028473 4.426230 11.628179 -3.028473 4.426230 11.628179 0.278593 1.327859 -0.735112 -122.536598 25.795860 300.688431
-2.879492 5.217355 11.249688 -2.879492 5.217355 11.249688 0.224484 1.292173 -0.512439 -57.827233 -144.749129 441.553505
-2.749708 5.957001 11.026547 -2.749708 5.957001 11.026547 0.217299 1.157309 -0.223292 33.877299 -304.796841 522.271082
-2.606009 6.587653 10.986965 -2.606009 6.587653 10.986965 0.273734 0.930080 0.091995 154.240178 -452.632182 528.682871
-2.405656 7.059071 11.134590 -2.405656 7.059071 11.134590 0.408024 0.632720 0.395529 293.392667 -538.568143 483.098826
-2.100575 7.339114 11.453325 -2.100575 7.339114 11.453325 0.621340 0.296347 0.657688 417.662210 -582.675569 390.765937
-1.646537 7.414632 11.910234 -1.646537 7.414632 11.910234 0.902212 -0.040302 0.851938 518.577757 -539.488318 256.732976
-1.008148 7.299395 12.458004 -1.008148 7.299395 12.458004 1.231947 -0.333733 0.957951 580.538764 -438.614039 96.644896
-0.164763 7.029076 13.041815 -0.164763 7.029076 13.041815 1.578867 -0.552543 0.974162 575.860739 -290.752085 -42.611007
0.882085 6.656120 13.612557 0.882085 6.656120 13.612557 1.903746 -0.672468 0.918168 507.069510 -108.998452 -144.036105
2.108034 6.243975 14.131942 2.108034 6.243975 14.131942 2.170133 -0.683089 0.803803 380.885335 73.594412 -237.178672
3.468729 5.858439 14.569042 3.468729 5.858439 14.569042 2.348947 -0.583583 0.649048 215.161122 258.091719 -278.673105
4.904494 5.564159 14.909222 4.904494 5.564159 14.909222 2.416382 -0.381661 0.486405 9.622726 414.981653 -263.468873
6.342646 5.415345 15.155637 6.342646 5.415345 15.155637 2.355113 -0.105242 0.338306 -213.852763 506.416322 -230.192969
7.704989 5.444225 15.321138 7.704989 5.444225 15.321138 2.165642 0.202960 0.219951 -417.716275 520.924478 -164.325989
8.919603 5.658441 15.427702 8.919603 5.658441 15.427702 1.867103 0.508884 0.142213 -577.412782 498.819874 -94.800715
9.930104 6.048294 15.499967 9.930104 6.048294 15.499967 1.491524 0.781850 0.105342 -674.519029 411.068931 -28.101749
10.701532 6.582594 15.560276 10.701532 6.582594 15.560276 1.076444 0.984483 0.099293 -709.079263 264.372434 7.939359
11.222551 7.209936 15.621505 11.222551 7.209936 15.621505 0.664935 1.088433 0.105177 -662.619762 82.128178 11.674323
11.509336 7.868254 15.685585 11.509336 7.868254 15.685585 0.302842 1.090083 0.106543 -544.355649 -76.628784 -7.122797
11.604209 8.499848 15.744730 11.604209 8.499848 15.744730 0.031984 1.000795 0.084773 -358.504005 -220.996107 -65.442935
11.571961 9.052352 15.778973 11.571961 9.052352 15.778973 -0.117655 0.827230 0.021303 -140.293484 -357.554235 -146.125258
11.489680 9.480104 15.760891 11.489680 9.480104 15.760891 -0.134007 0.591563 -0.089178 85.787872 -428.001268 -222.144484
11.438610 9.757743 15.662913 11.438610 9.757743 15.662913 -0.013071 0.333472 -0.244889 317.331480 -432.302067 -296.889919
11.499203 9.882332 15.458719 11.499203 9.882332 15.458719 0.233909 0.085690 -0.442125 505.936293 -393.638981 -360.564099
11.738111 9.868074 15.127837 11.738111 9.868074 15.127837 0.574937 -0.124579 -0.661993 630.824001 -307.259247 -372.328960
12.200453 9.744791 14.666803 12.200453 9.744791 14.666803 0.972587 -0.275079 -0.869487 694.674197 -194.407572 -319.319601
12.908378 9.552846 14.092313 12.908378 9.552846 14.092313 1.386053 -0.351242 -1.037679 683.546957 -59.468184 -241.318006
13.857892 9.338592 13.433915 13.857892 9.338592 13.433915 1.770396 -0.350946 -1.144239 597.595614 60.456454 -113.882192
15.018411 9.145003 12.737495 15.018411 9.145003 12.737495 2.082527 -0.284193 -1.159456 442.842353 162.054019 63.158440
16.339214 9.006211 12.061898 16.339214 9.006211 12.061898 2.306106 -0.174189 -1.078022 302.421263 204.625197 208.287177
17.777313 8.938530 11.452576 17.777313 8.938530 11.452576 2.487559 -0.051414 -0.953050 302.421263 204.625197 208.287177
