7.964333 6.638829 8.451848 7.964333 6.638829 8.451848 1.303537 0.081110 1.419817 -195.077267 -570.241674 64.388572
8.711341 6.584852 9.315328 8.711341 6.584852 9.315328 1.186491 -0.261035 1.458450 -195.077267 -570.241674 64.388572
9.392032 6.329382 10.191559 9.392032 6.329382 10.191559 1.088993 -0.584209 1.444941 -129.916569 -507.007885 -109.417919
10.026763 5.895367 11.024835 10.026763 5.895367 11.024835 1.034647 -0.849552 1.309321 -51.236313 -377.466702 -342.649811
10.641501 5.327851 11.737428 10.641501 5.327851 11.737428 1.019764 -1.025236 1.047118 1.627753 -208.148807 -531.359700
11.254769 4.686337 12.261459 11.254769 4.686337 12.261459 1.026322 -1.094656 0.685328 20.232238 -23.250953 -674.606476
11.872755 4.037516 12.546104 11.872755 4.037516 12.546104 1.031218 -1.047815 0.254952 -3.915062 179.390238 -759.981227
12.487788 3.450824 12.561738 12.487788 3.450824 12.561738 1.013906 -0.891647 -0.203741 -53.790527 341.166815 -768.993723
13.082276 2.984429 12.304578 13.082276 2.984429 12.304578 0.960766 -0.651032 -0.647621 -123.341825 460.883902 -710.607362
13.632822 2.679647 11.796415 13.632822 2.679647 11.796415 0.868199 -0.360110 -1.032387 -185.215041 508.857802 -571.946376
14.117382 2.554455 11.086226 14.117382 2.554455 11.086226 0.741963 -0.058398 -1.314586 -235.573219 496.848041 -368.716034
14.517907 2.605980 10.244653 14.517907 2.605980 10.244653 0.589376 0.225364 -1.468081 -273.050232 449.026763 -142.932871
14.822121 2.814454 9.351925 14.822121 2.814454 9.351925 0.424231 0.456935 -1.484601 -277.430989 322.874869 87.865677
15.030125 3.137015 8.490290 15.030125 3.137015 8.490290 0.274789 0.602071 -1.365330 -220.711080 160.912850 309.701701
15.160673 3.517935 7.737614 15.160673 3.517935 7.737614 0.169374 0.652184 -1.125633 -130.670803 6.128712 489.290389
15.246089 3.901483 7.157740 15.246089 3.901483 7.157740 0.127533 0.611536 -0.794892 -8.799838 -141.620393 613.179967
15.329816 4.235224 6.794330 15.329816 4.235224 6.794330 0.166211 0.488119 -0.411216 137.727825 -269.769557 665.739716
15.463231 4.473837 6.665207 15.463231 4.473837 6.665207 0.293336 0.297754 -0.022908 286.021012 -364.782416 628.619977
15.698658 4.586083 6.759778 15.698658 4.586083 6.759778 0.504657 0.075160 0.330084 418.381811 -377.196632 548.018798
16.081798 4.564015 7.047576 16.081798 4.564015 7.047576 0.780872 -0.147500 0.614420 502.334001 -365.003654 399.769024
16.642056 4.413834 7.477105 16.642056 4.413834 7.477105 1.088845 -0.346404 0.798873 524.243955 -298.007545 215.074441
17.388145 4.159638 7.984643 17.388145 4.159638 7.984643 1.395484 -0.488774 0.875421 497.886863 -176.560924 40.085706
18.309651 3.841188 8.506657 18.309651 3.841188 8.506657 1.667195 -0.561732 0.847203 407.815925 -66.633161 -134.144700
19.374098 3.499207 8.982209 19.374098 3.499207 8.982209 1.865499 -0.566451 0.723597 253.198580 50.904079 -277.875103
20.526739 3.174693 9.360303 20.526739 3.174693 9.360303 1.956249 -0.504937 0.526636 49.299589 154.143084 -378.663106
21.696049 2.903286 9.605744 21.696049 2.903286 9.605744 1.919261 -0.393405 0.287529 -172.592649 217.630482 -418.359043
22.803336 2.706754 9.704071 22.803336 2.706754 9.704071 1.749691 -0.261138 0.042086 -392.640994 223.259525 -399.785454
23.771643 2.589199 9.660367 23.771643 2.589199 9.660367 1.459945 -0.132481 -0.182758 -573.178409 205.597538 -349.694726
24.536086 2.542494 9.492728 24.536086 2.542494 9.492728 1.074281 -0.030241 -0.367769 -712.368066 135.200221 -267.008644
25.047689 2.542645 9.230750 25.047689 2.542645 9.230750 0.623160 0.020677 -0.494248 -791.369439 34.526247 -154.586208
25.279763 2.556011 8.911642 25.279763 2.556011 8.911642 0.151464 0.015118 -0.560673 -780.949045 -53.053304 -66.831089
25.234810 2.548570 8.567887 25.234810 2.548570 8.567887 -0.293412 -0.051523 -0.577378 -701.970889 -169.086428 11.147925
24.941307 2.482916 8.226644 24.941307 2.482916 8.226644 -0.670096 -0.174499 -0.554802 -553.642527 -240.833123 64.103248
24.453536 2.333379 7.905714 24.453536 2.333379 7.905714 -0.932574 -0.326434 -0.514276 -321.285235 -265.614836 70.983334
23.847562 2.090575 7.609124 23.847562 2.090575 7.609124 -1.068337 -0.481469 -0.475693 -131.255994 -251.170674 57.626763
23.182934 1.756483 7.334081 23.182934 1.756483 7.334081 -1.147090 -0.632172 -0.441117 -131.255994 -251.170674 57.626763
