3.208428 1.560237 -8.573256 3.208428 1.560237 -8.573256 1.977298 -0.513257 0.014944 -511.744928 554.972269 -96.372233
4.302693 1.352178 -8.581637 4.302693 1.352178 -8.581637 1.670251 -0.180273 -0.042880 -511.744928 554.972269 -96.372233
5.214739 1.343162 -8.624312 5.214739 1.343162 -8.624312 1.373252 0.148975 -0.098703 -478.254030 542.522427 -89.703815
5.958384 1.524555 -8.699339 5.958384 1.524555 -8.699339 1.115201 0.446260 -0.150819 -381.913512 448.429012 -84.017178
6.565810 1.866238 -8.801260 6.565810 1.866238 -8.801260 0.921299 0.681361 -0.182765 -264.428891 335.239484 -22.470412
7.078577 2.324629 -8.909079 7.078577 2.324629 -8.909079 0.800566 0.828662 -0.166825 -138.014847 155.765493 75.604683
7.541624 2.837302 -8.988673 7.541624 2.837302 -8.988673 0.755508 0.859310 -0.087002 -12.175479 -53.607188 190.470706
7.998019 3.333702 -8.998864 7.998019 3.333702 -8.998864 0.774614 0.779466 0.065909 75.861280 -212.539384 319.232286
8.479649 3.754167 -8.894740 8.479649 3.754167 -8.894740 0.836159 0.607155 0.293037 129.287470 -361.831213 437.862034
9.005611 4.045630 -8.636064 9.005611 4.045630 -8.636064 0.918707 0.351554 0.575947 145.871850 -490.171767 505.171835
9.581581 4.166572 -8.197204 9.581581 4.166572 -8.197204 0.998675 0.048652 0.890854 120.690103 -519.499685 544.518623
10.199328 4.103540 -7.566243 10.199328 4.103540 -7.566243 1.055182 -0.256614 1.209739 67.665357 -498.054219 518.429246
10.841873 3.864423 -6.751886 10.841873 3.864423 -6.751886 1.082058 -0.532944 1.496780 21.922819 -423.047539 438.375536
11.490724 3.475601 -5.783889 11.490724 3.475601 -5.783889 1.073563 -0.751307 1.714910 -50.240052 -304.829091 288.725624
12.122512 2.978503 -4.714250 12.122512 2.978503 -4.714250 1.026884 -0.891425 1.831755 -105.357100 -162.230707 100.756565
12.719199 2.424362 -3.608412 12.719199 2.424362 -3.608412 0.961278 -0.939184 1.835453 -113.330017 3.035466 -88.429861
13.276634 1.870573 -2.535194 13.276634 1.870573 -2.535194 0.898614 -0.891492 1.721716 -95.548086 155.937623 -290.695026
13.801627 1.370440 -1.565844 13.801627 1.370440 -1.565844 0.856402 -0.764460 1.490525 -45.159438 267.502781 -479.939659
14.311861 0.963746 -0.766595 14.311861 0.963746 -0.766595 0.851915 -0.584804 1.159176 30.201205 331.351024 -624.558180
14.834359 0.673476 -0.187368 14.834359 0.673476 -0.187368 0.899598 -0.381147 0.765152 128.742416 347.503263 -688.856318
15.404050 0.505054 0.148180 15.404050 0.505054 0.148180 1.010640 -0.184068 0.354095 241.400097 309.428268 -681.332544
16.058370 0.446184 0.242652 16.058370 0.446184 0.242652 1.177895 -0.019042 -0.031430 316.115316 240.656428 -603.749732
16.824050 0.471201 0.123868 16.824050 0.471201 0.123868 1.377777 0.090975 -0.349935 350.157457 126.068612 -457.934788
17.714710 0.541851 -0.156113 17.714710 0.541851 -0.156113 1.592699 0.133476 -0.562655 366.250733 15.601060 -251.130872
18.733309 0.618365 -0.525235 18.733309 0.618365 -0.525235 1.797719 0.110936 -0.644960 317.148756 -90.733812 -23.219085
19.861220 0.663794 -0.900924 19.861220 0.663794 -0.900924 1.948973 0.032494 -0.581560 187.030411 -170.740383 234.552015
21.056313 0.650908 -1.197197 21.056313 0.650908 -1.197197 2.021412 -0.078194 -0.388611 54.433756 -198.218381 408.610284
22.278959 0.568313 -1.356814 22.278959 0.568313 -1.356814 2.054073 -0.197125 -0.143445 54.433756 -198.218381 408.610284
