6.134972 -0.632409 -5.113347 6.134972 -0.632409 -5.113347 1.200481 -0.385889 0.634947 601.491826 510.450156 622.234812
6.963529 -0.772061 -4.620377 6.963529 -0.772061 -4.620377 1.561376 -0.079619 1.008287 601.491826 510.450156 622.234812
8.004002 -0.734083 -3.902433 8.004002 -0.734083 -3.902433 1.899166 0.195992 1.386474 524.472047 408.253824 638.385662
9.229989 -0.549459 -2.958812 9.229989 -0.549459 -2.958812 2.174260 0.408658 1.753643 392.510877 300.630647 585.511236
10.592979 -0.259270 -1.809035 10.592979 -0.259270 -1.809035 2.348678 0.543441 2.065945 188.880166 148.648364 455.497814
12.022857 0.083328 -0.498164 12.022857 0.083328 -0.498164 2.395367 0.581510 2.285818 -33.249299 -21.754135 277.410413
13.439425 0.420259 0.909569 13.439425 0.420259 0.909569 2.302083 0.528161 2.383806 -277.699117 -156.073894 49.216101
14.757494 0.700865 2.335249 14.757494 0.700865 2.335249 2.069490 0.393533 2.346024 -497.607807 -292.686083 -175.156794
15.900729 0.880714 3.697326 15.900729 0.880714 3.697326 1.726477 0.199984 2.170883 -645.770029 -352.478478 -408.646537
16.813661 0.938197 4.916608 16.813661 0.938197 4.916608 1.305434 -0.006809 1.877240 -757.706967 -336.832354 -570.162571
17.460534 0.873482 5.940323 17.460534 0.873482 5.940323 0.850810 -0.208909 1.535142 -757.706967 -336.832354 -570.162571
