-4.993906 6.200642 -7.775948 -4.993906 6.200642 -7.775948 -0.024493 0.549250 -0.841122 42.520821 -442.860925 -32.594210
-5.000949 6.450477 -8.286488 -5.000949 6.450477 -8.286488 0.001019 0.283534 -0.860679 42.520821 -442.860925 -32.594210
-4.995177 6.543073 -8.797338 -4.995177 6.543073 -8.797338 0.014064 0.028771 -0.823113 0.961869 -406.349562 157.814295
-4.988800 6.493178 -9.248754 -4.988800 6.493178 -9.248754 0.003466 -0.185107 -0.658198 -36.287241 -306.576739 391.900118
-4.991966 6.334529 -9.560948 -4.991966 6.334529 -9.560948 -0.011875 -0.331059 -0.362143 -14.850402 -179.928796 594.952320
-4.998101 6.111404 -9.663469 -4.998101 6.111404 -9.663469 -0.002469 -0.399530 0.033195 46.201634 -48.306220 722.839406
-4.987093 5.870783 -9.510236 -4.987093 5.870783 -9.510236 0.046117 -0.389552 0.482922 115.753288 81.565179 776.251468
-4.933587 5.657117 -9.080699 -4.933587 5.657117 -9.080699 0.140568 -0.313700 0.948965 199.084524 171.274554 777.225429
-4.808133 5.502901 -8.376497 -4.808133 5.502901 -8.376497 0.286407 -0.195058 1.389913 287.044592 224.198837 692.599716
-4.580670 5.426518 -7.427725 -4.580670 5.426518 -7.427725 0.478387 -0.059060 1.756258 352.889635 229.128990 528.551042
-4.228005 5.430534 -6.291302 -4.228005 5.430534 -6.291302 0.700687 0.069460 2.011030 388.110789 199.269716 320.689372
-3.739155 5.503990 -5.040325 -3.739155 5.503990 -5.040325 0.926441 0.168578 2.136621 364.400646 131.123011 97.945525
-3.121419 5.622820 -3.754014 -3.121419 5.622820 -3.754014 1.126477 0.217659 2.128932 302.387673 32.480911 -123.572649
-2.397585 5.751906 -2.510910 -2.397585 5.751906 -2.510910 1.275499 0.200364 1.994725 194.349788 -90.130554 -323.786715
-1.606236 5.850217 -1.381925 -1.606236 5.850217 -1.381925 1.347444 0.117865 1.752614 45.469029 -184.867003 -483.248700
-0.800394 5.884970 -0.422679 -0.800394 5.884970 -0.422679 1.320681 -0.006501 1.435975 -134.680217 -229.685871 -572.215779
-0.042298 5.838257 0.335249 -0.042298 5.838257 0.335249 1.189520 -0.151661 1.089355 -302.524482 -254.181213 -583.181351
0.608267 5.701793 0.885897 0.608267 5.701793 0.885897 0.964545 -0.302741 0.749484 -447.390651 -249.416908 -549.722852
1.099355 5.479103 1.242409 1.099355 5.479103 1.242409 0.660568 -0.433143 0.448510 -565.867587 -185.259076 -453.524221
1.391132 5.192704 1.439054 1.391132 5.192704 1.439054 0.307509 -0.510134 0.222259 -610.992650 -71.377563 -300.647647
1.467251 4.881023 1.527445 1.467251 4.881023 1.527445 -0.051128 -0.516721 0.087633 -584.464126 49.421978 -148.105426
1.336874 4.586967 1.562354 1.336874 4.586967 1.562354 -0.374292 -0.451664 0.043715 -492.750649 167.434800 1.712638
1.032090 4.353276 1.597447 1.032090 4.353276 1.597447 -0.627509 -0.315359 0.087521 -351.304498 286.915241 144.307516
0.605454 4.219659 1.681833 0.605454 4.219659 1.681833 -0.772771 -0.123440 0.203593 -132.903015 352.813643 242.600244
0.131327 4.211080 1.850387 0.131327 4.211080 1.850387 -0.785222 0.098141 0.362805 91.399030 385.791266 288.107054
-0.309334 4.338309 2.120750 -0.309334 4.338309 2.120750 -0.660284 0.324123 0.539772 325.061309 367.481433 301.782489
-0.635180 4.593817 2.496800 -0.635180 4.593817 2.496800 -0.406178 0.519049 0.710170 521.958031 282.271203 266.211632
-0.775317 4.948216 2.966778 -0.775317 4.948216 2.966778 -0.044919 0.649219 0.849689 682.239357 151.629017 198.849528
-0.673009 5.355521 3.507661 -0.673009 5.355521 3.507661 0.396707 0.692597 0.945381 789.847545 -7.034926 120.126115
-0.292647 5.759750 4.092000 -0.292647 5.759750 4.092000 0.871445 0.638062 0.994896 792.610391 -174.749407 44.920864
0.368554 6.101495 4.693706 0.368554 6.101495 4.693706 1.325331 0.485026 1.005262 720.345200 -335.369443 -10.364939
1.286003 6.324767 5.293103 1.286003 6.324767 5.293103 1.720480 0.246920 0.989569 596.818071 -458.318493 -41.944633
2.415536 6.385967 5.879389 2.415536 6.385967 5.879389 2.027655 -0.050345 0.964874 427.097997 -532.564740 -40.374672
3.695751 6.258650 6.453657 3.695751 6.258650 6.453657 2.217638 -0.376126 0.953706 206.179759 -553.372012 3.148798
5.048813 5.935708 7.029469 5.048813 5.935708 7.029469 2.268178 -0.696444 0.970702 -37.713882 -514.352626 53.504574
6.391965 5.432013 7.625727 6.391965 5.432013 7.625727 2.190720 -0.971285 1.023836 -220.480459 -401.784667 123.610499
7.657158 4.788464 8.267105 7.657158 4.788464 8.267105 2.010668 -1.154636 1.122133 -379.692229 -209.386088 204.044164
8.788415 4.067548 8.980335 8.788415 4.067548 8.980335 1.748855 -1.232496 1.260672 -493.017540 -50.146334 257.754152
9.748985 3.319024 9.783134 9.748985 3.319024 9.783134 1.453045 -1.262584 1.415325 -493.017540 -50.146334 257.754152
