-4.824483 2.327734 0.036726 -4.824483 2.327734 0.036726 1.579894 0.697058 0.376854 -206.989297 -466.576065 -311.920829
-3.913804 2.661985 0.206693 -3.913804 2.661985 0.206693 1.455700 0.417112 0.189701 -206.989297 -466.576065 -311.920829
-3.074459 2.824656 0.265119 -3.074459 2.824656 0.265119 1.347425 0.119101 0.006304 -153.930311 -526.793179 -299.405290
-2.288934 2.797760 0.218662 -2.288934 2.797760 0.218662 1.278955 -0.214642 -0.155067 -74.301227 -585.684292 -238.497592
-1.530083 2.566333 0.087912 -1.530083 2.566333 0.087912 1.258631 -0.552150 -0.272069 6.555917 -539.341230 -151.509852
-0.770895 2.144402 -0.097120 -0.770895 2.144402 -0.097120 1.276712 -0.843551 -0.335565 53.712809 -431.998054 -60.142912
0.005437 1.569926 -0.305428 0.005437 1.569926 -0.305428 1.312123 -1.055677 -0.352367 64.323560 -275.086047 4.135688
0.803156 0.897251 -0.513612 0.803156 0.897251 -0.513612 1.345053 -1.169497 -0.337429 45.442651 -104.315443 45.659035
1.616054 0.187814 -0.706614 1.616054 0.187814 -0.706614 1.360750 -1.176899 -0.303849 6.881016 79.642067 66.275905
2.429189 -0.493482 -0.878005 2.429189 -0.493482 -0.878005 1.342112 -1.076571 -0.269141 -69.008962 254.783397 49.416223
3.217457 -1.085260 -1.033829 3.217457 -1.085260 -1.033829 1.277818 -0.882182 -0.255662 -145.301868 393.179817 -4.486529
3.953837 -1.538343 -1.191108 3.953837 -1.538343 -1.191108 1.169856 -0.619008 -0.273726 -214.572213 484.067918 -55.728170
4.614802 -1.821948 -1.369929 4.614802 -1.821948 -1.369929 1.029483 -0.325227 -0.329929 -253.336766 495.202318 -131.614983
5.186190 -1.930707 -1.595378 5.186190 -1.930707 -1.595378 0.873973 -0.041904 -0.427903 -265.031981 449.206213 -194.964348
5.665195 -1.879872 -1.888794 5.665195 -1.879872 -1.888794 0.726592 0.203225 -0.552785 -226.238517 367.891885 -221.307206
6.064891 -1.699217 -2.260316 6.064891 -1.699217 -2.260316 0.613165 0.386457 -0.685648 -151.850904 242.882314 -221.570665
6.413643 -1.432635 -2.707368 6.413643 -1.432635 -2.707368 0.562985 0.487132 -0.797494 -15.414832 92.699800 -151.248441
6.756659 -1.132459 -3.207323 6.756659 -1.132459 -3.207323 0.593735 0.498803 -0.859412 117.914249 -53.795733 -55.147172
7.143201 -0.850390 -3.726351 7.143201 -0.850390 -3.726351 0.709869 0.428877 -0.859771 269.198718 -179.291677 53.950481
7.627087 -0.630265 -4.223034 7.627087 -0.630265 -4.223034 0.918933 0.296662 -0.780058 427.682655 -261.423987 211.759250
8.262017 -0.501460 -4.642867 8.262017 -0.501460 -4.642867 1.208479 0.129126 -0.602575 537.470883 -297.030895 379.852686
9.086840 -0.476500 -4.929286 9.086840 -0.476500 -4.929286 1.545914 -0.044342 -0.340902 587.312029 -281.195869 492.389830
10.120140 -0.550742 -5.039604 10.120140 -0.550742 -5.039604 1.898479 -0.198164 -0.017504 587.904288 -231.543058 585.604439
11.360286 -0.706033 -4.942029 11.360286 -0.706033 -4.942029 2.227399 -0.310666 0.347205 508.494928 -143.462785 630.091729
12.780969 -0.910718 -4.621678 12.780969 -0.910718 -4.621678 2.496070 -0.359056 0.718317 387.075276 -17.838473 606.947944
14.336080 -1.123612 -4.087376 14.336080 -1.123612 -4.087376 2.667290 -0.341007 1.052790 183.659975 78.002061 507.962106
15.956970 -1.308768 -3.372800 15.956970 -1.308768 -3.372800 2.714771 -0.267162 1.314913 -25.389956 168.147429 365.782830
17.567937 -1.434992 -2.530781 17.567937 -1.434992 -2.530781 2.632908 -0.147241 1.470533 -247.487710 231.590390 152.949404
19.089619 -1.481283 -1.633747 19.089619 -1.481283 -1.633747 2.416840 -0.006449 1.498219 -472.740217 237.715066 -60.663316
20.444115 -1.443656 -0.759228 20.444115 -1.443656 -0.759228 2.080625 0.129719 1.394356 -647.975519 216.179556 -285.545491
21.570144 -1.330907 0.015233 21.570144 -1.330907 0.015233 1.663288 0.239450 1.169254 -743.147491 149.588770 -464.795703
22.432342 -1.167415 0.623889 22.432342 -1.167415 0.623889 1.207359 0.293685 0.844215 -776.615533 31.195565 -618.668420
23.019385 -0.992218 1.013887 23.019385 -0.992218 1.013887 0.753478 0.279254 0.447161 -736.320825 -79.299462 -704.843118
23.345987 -0.844412 1.155774 23.345987 -0.844412 1.155774 0.346952 0.204317 0.026564 -618.766377 -170.490994 -697.147342
23.453147 -0.757842 1.050921 23.453147 -0.757842 1.050921 0.027522 0.075361 -0.368249 -446.001801 -259.360408 -618.897663
23.402665 -0.762650 0.726886 23.402665 -0.762650 0.726886 -0.173652 -0.096954 -0.698004 -224.578671 -315.022408 -480.284587
23.271408 -0.877221 0.233492 23.271408 -0.877221 0.233492 -0.241606 -0.284440 -0.926879 -1.934421 -309.932880 -282.630866
23.138607 -1.099831 -0.359254 23.138607 -1.099831 -0.359254 -0.180210 -0.451192 -1.025182 206.588640 -245.907604 -45.046864
23.079465 -1.408476 -0.969455 23.079465 -1.408476 -0.969455 0.002734 -0.567067 -0.987127 403.224249 -140.339971 171.898265
23.161476 -1.766557 -1.518144 23.161476 -1.766557 -1.518144 0.283619 -0.614170 -0.820763 533.060651 -16.671000 382.646398
23.430324 -2.128900 -1.931655 23.430324 -2.128900 -1.931655 0.617082 -0.578376 -0.540820 578.482751 135.984247 550.496863
23.903212 -2.440742 -2.150783 23.903212 -2.440742 -2.150783 0.956732 -0.443252 -0.179151 553.682976 314.428787 655.068983
24.573370 -2.643695 -2.138722 24.573370 -2.643695 -2.138722 1.271220 -0.222591 0.222085 494.610161 421.107640 682.384437
25.425131 -2.701451 -1.882642 25.425131 -2.701451 -1.882642 1.567986 0.030073 0.631516 494.610161 421.107640 682.384437
