-7.664748 -3.370880 7.658697 -7.664748 -3.370880 7.658697 0.594386 -0.174474 0.481198 -217.694411 -369.194422 94.076718
-7.347301 -3.542020 7.964349 -7.347301 -3.542020 7.964349 0.463770 -0.395990 0.537644 -217.694411 -369.194422 94.076718
-7.102845 -3.838893 8.299783 -7.102845 -3.838893 8.299783 0.360051 -0.581628 0.573662 -128.034104 -249.597194 25.984022
-6.903430 -4.222787 8.643312 -6.903430 -4.222787 8.643312 0.315386 -0.681334 0.562522 -20.848585 -82.755019 -63.117441
-6.713419 -4.635037 8.967508 -6.713419 -4.635037 8.967508 0.325537 -0.673759 0.514873 54.683107 108.005075 -95.710979
-6.505742 -5.009374 9.260121 -6.505742 -5.009374 9.260121 0.370908 -0.556569 0.462032 96.553788 282.627104 -80.427095
-6.263939 -5.283694 9.524568 -6.263939 -5.283694 9.524568 0.438231 -0.343249 0.422298 127.856790 428.438575 -52.017792
-5.978920 -5.405377 9.771336 -5.978920 -5.405377 9.771336 0.510279 -0.050449 0.404850 112.302893 547.562934 -6.143592
-5.655633 -5.334424 10.018060 -5.655633 -5.334424 10.018060 0.562187 0.291394 0.425764 60.725938 591.911241 75.858143
-5.310990 -5.054232 10.291043 -5.310990 -5.054232 10.291043 0.580623 0.640599 0.490625 0.725208 572.106346 140.344560
-4.966824 -4.571688 10.613643 -4.966824 -4.571688 10.613643 0.559367 0.959890 0.589647 -71.577222 492.198601 189.726684
-4.646096 -3.915192 11.003002 -4.646096 -3.915192 11.003002 0.506376 1.215042 0.710586 -105.058753 358.308612 213.403675
-4.362526 -3.132727 11.466639 -4.362526 -3.132727 11.466639 0.436613 1.374746 0.832990 -127.484429 174.037988 194.610751
-4.122902 -2.288286 11.996840 -4.122902 -2.288286 11.996840 0.363139 1.420498 0.926641 -117.429547 -21.532790 117.559495
-3.922679 -1.449927 12.567472 -3.922679 -1.449927 12.567472 0.310068 1.357260 0.964614 -59.475360 -189.260421 9.017391
-3.741968 -0.679028 13.140164 -3.741968 -0.679028 13.140164 0.301262 1.196755 0.931522 30.121948 -345.756705 -119.323150
-3.548129 -0.030651 13.668164 -3.548129 -0.030651 13.668164 0.357637 0.952103 0.812754 157.796876 -469.748229 -276.571316
-3.297221 0.454009 14.096916 -3.297221 0.454009 14.096916 0.491926 0.660013 0.601220 289.831420 -503.885831 -428.540910
-2.942760 0.761174 14.373596 -2.942760 0.761174 14.373596 0.701503 0.366966 0.309522 408.760017 -472.939363 -543.787426
-2.442127 0.899940 14.457600 -2.442127 0.899940 14.457600 0.977532 0.101783 -0.035886 511.335873 -411.002681 -607.572616
-1.760064 0.893850 14.325625 -1.760064 0.893850 14.325625 1.301849 -0.110716 -0.405830 569.722239 -297.328985 -625.574652
-0.876353 0.783677 13.971626 -0.876353 0.783677 13.971626 1.643941 -0.240234 -0.770660 570.583050 -134.394756 -590.524605
0.208144 0.625253 13.410294 0.208144 0.625253 13.410294 1.963425 -0.271332 -1.088187 494.364222 30.733005 -467.900043
1.468098 0.475589 12.684410 1.468098 0.475589 12.684410 2.224609 -0.214877 -1.312675 376.249471 157.452072 -280.390331
2.860121 0.381403 11.858328 2.860121 0.381403 11.858328 2.398026 -0.088413 -1.420941 201.807534 264.092239 -80.497678
4.323134 0.381044 11.004791 4.323134 0.381044 11.004791 2.458466 0.095802 -1.401653 -0.340710 349.959857 144.789652
5.784879 0.502126 10.203176 5.784879 0.502126 10.203176 2.391895 0.308820 -1.248209 -221.563009 360.100321 366.692993
7.168509 0.749059 9.530922 7.168509 0.749059 9.530922 2.200827 0.508995 -0.974860 -415.332097 307.149815 544.468256
8.404149 1.105709 9.051438 8.404149 1.105709 9.051438 1.901146 0.673114 -0.611037 -583.604815 239.911723 668.275620
9.434006 1.546208 8.808357 9.434006 1.546208 8.808357 1.522077 0.784293 -0.193816 -679.958509 130.684729 722.461830
10.223170 2.033278 8.820954 10.223170 2.033278 8.820954 1.105655 0.827560 0.233880 -708.113453 13.538455 703.191384
10.762923 2.525977 9.080367 10.762923 2.525977 9.080367 0.699888 0.804314 0.618346 -644.442264 -91.025600 578.360811
11.072262 2.986778 9.547379 11.072262 2.986778 9.547379 0.340250 0.722683 0.924859 -554.352229 -181.075097 443.350602
11.176628 3.387794 10.182098 11.176628 3.387794 10.182098 0.007639 0.614038 1.190870 -554.352229 -181.075097 443.350602
