-3.789009 6.932690 -9.552772 -3.789009 6.932690 -9.552772 2.458119 0.284816 0.272568 -581.525403 -598.800621 427.883660
-2.418812 6.995796 -9.312212 -2.418812 6.995796 -9.312212 2.109204 -0.074464 0.529298 -581.525403 -598.800621 427.883660
-1.263516 6.847567 -8.914657 -1.263516 6.847567 -8.914657 1.732532 -0.412574 0.800812 -674.049751 -528.233084 477.164574
-0.348968 6.510459 -8.345352 -0.348968 6.510459 -8.345352 1.309889 -0.701924 1.101753 -734.758880 -436.266579 525.971639
0.308457 6.020907 -7.590652 0.308457 6.020907 -7.590652 0.887778 -0.913031 1.412201 -672.278844 -267.422340 508.853058
0.727054 5.436628 -6.657918 0.727054 5.436628 -6.657918 0.519112 -1.015109 1.686613 -556.605676 -72.839264 405.854483
0.948330 4.824961 -5.581145 0.948330 4.824961 -5.581145 0.235134 -1.006266 1.888881 -389.988849 102.314718 268.373385
1.031476 4.250090 -4.409858 1.031476 4.250090 -4.409858 0.062459 -0.892517 1.998161 -185.593161 276.849275 95.890714
1.049729 3.772769 -3.206428 1.049729 3.772769 -3.206428 0.022026 -0.684623 1.992060 50.816197 416.132912 -116.224351
1.084094 3.441478 -2.044361 1.084094 3.441478 -2.044361 0.112525 -0.412052 1.861082 250.847441 492.436099 -320.370310
1.206274 3.283225 -0.996149 1.206274 3.283225 -0.996149 0.310597 -0.114890 1.615005 409.390737 498.104679 -499.885539
1.472906 3.300824 -0.124903 1.472906 3.300824 -0.124903 0.589146 0.168342 1.276188 519.107107 446.002109 -629.504863
1.923706 3.477411 0.523986 1.923706 3.477411 0.523986 0.919975 0.412450 0.880919 583.656544 367.689723 -688.058537
2.580463 3.781606 0.928391 2.580463 3.781606 0.928391 1.268738 0.585764 0.466602 578.885196 210.025100 -692.997193
3.440158 4.160907 1.088457 3.440158 4.160907 1.088457 1.587333 0.661969 0.075025 483.099927 43.990584 -612.261902
4.471498 4.556094 1.034541 4.471498 4.556094 1.034541 1.837105 0.638799 -0.235952 349.473274 -121.224286 -424.328786
5.630486 4.911871 0.826233 5.630486 4.911871 0.826233 2.015889 0.537656 -0.442335 246.471743 -215.920635 -263.614047
6.884385 5.195598 0.513381 6.884385 5.195598 0.513381 2.163772 0.408103 -0.600504 246.471743 -215.920635 -263.614047
