-3.684363 1.948993 10.327189 -3.684363 1.948993 10.327189 0.632199 -0.423750 0.689595 -193.664318 -126.347675 -154.439822
-3.339903 1.672001 10.713147 -3.339903 1.672001 10.713147 0.516001 -0.499559 0.596931 -193.664318 -126.347675 -154.439822
-3.060184 1.355114 11.038562 -3.060184 1.355114 11.038562 0.424690 -0.547411 0.479544 -110.703867 -33.161063 -236.851048
-2.816621 1.028587 11.277922 -2.816621 1.028587 11.277922 0.401644 -0.527864 0.308765 33.882689 98.317581 -332.412294
-2.558653 0.736183 11.399056 -2.558653 0.736183 11.399056 0.476389 -0.435786 0.087865 215.267593 208.609000 -403.921913
-2.223673 0.518051 11.377173 -2.223673 0.518051 11.377173 0.657542 -0.281668 -0.163970 388.574670 305.117688 -435.528809
-1.750928 0.406935 11.202727 -1.750928 0.406935 11.202727 0.932066 -0.083779 -0.413627 526.506835 354.512213 -396.661093
-1.091547 0.420791 10.887771 -1.091547 0.420791 10.887771 1.274823 0.130483 -0.628527 616.016389 359.696249 -319.672687
-0.213544 0.560744 10.459416 -0.213544 0.560744 10.459416 1.655563 0.330892 -0.788819 653.117625 308.334629 -214.631199
0.895449 0.809408 9.957328 0.895449 0.809408 9.957328 2.037904 0.489033 -0.868414 621.350105 218.800005 -50.686443
2.224411 1.133353 9.438232 2.224411 1.133353 9.438232 2.382597 0.576022 -0.843446 527.626171 71.163524 133.911080
3.738459 1.482809 8.967380 3.738459 1.482809 8.967380 2.646761 0.573886 -0.707543 352.923501 -78.281616 319.099986
5.377264 1.803417 8.609505 5.377264 1.803417 8.609505 2.794624 0.478749 -0.470016 139.952156 -238.842568 472.658594
7.065735 2.038314 8.419876 7.065735 2.038314 8.419876 2.811122 0.288640 -0.149915 -84.959948 -394.854289 594.343261
8.723326 2.135507 8.439511 8.723326 2.135507 8.439511 2.691197 0.027142 0.219707 -314.789502 -476.805572 637.729794
10.269546 2.063429 8.684340 10.269546 2.063429 8.684340 2.443143 -0.271634 0.593412 -512.056626 -519.114640 607.952239
11.633694 1.807741 9.145147 11.633694 1.807741 9.145147 2.088069 -0.579434 0.934826 -671.524305 -506.885828 530.095300
12.760562 1.374343 9.792041 12.760562 1.374343 9.792041 1.659660 -0.856056 1.205790 -756.505237 -415.185784 373.119074
13.620706 0.793671 10.570567 13.620706 0.793671 10.570567 1.208352 -1.066694 1.369115 -747.854666 -286.942258 171.297995
14.215105 0.112561 11.408231 14.215105 0.112561 11.408231 0.779649 -1.186081 1.398699 -681.155417 -111.015762 -72.686456
14.568083 -0.607515 12.220809 14.568083 -0.607515 12.220809 0.409935 -1.194912 1.287299 -551.225299 81.580082 -298.644373
14.728097 -1.297081 12.926465 14.728097 -1.297081 12.926465 0.145569 -1.082482 1.043273 -329.994734 293.187713 -514.775420
14.766943 -1.886230 13.451439 14.766943 -1.886230 13.451439 0.002094 -0.868734 0.692757 -148.252973 419.303161 -653.611902
14.741515 -2.331996 13.749444 14.741515 -2.331996 13.749444 -0.086857 -0.617153 0.300590 -148.252973 419.303161 -653.611902
