7.021513 -3.985391 -2.494056 7.021513 -3.985391 -2.494056 1.390226 0.408546 0.363052 -286.573961 -305.416900 433.848922
7.804065 -3.795238 -2.198132 7.804065 -3.795238 -2.198132 1.218281 0.225296 0.623361 -286.573961 -305.416900 433.848922
8.476794 -3.716826 -1.752185 8.476794 -3.716826 -1.752185 1.013054 0.033093 0.852857 -397.518955 -335.261250 331.138076
9.009067 -3.757170 -1.192392 9.009067 -3.757170 -1.192392 0.754513 -0.167325 0.993909 -464.284410 -332.796459 139.034702
9.377318 -3.912704 -0.583042 9.377318 -3.912704 -0.583042 0.471514 -0.343183 1.017226 -479.042656 -253.396780 -61.310365
9.576660 -4.157161 0.003627 9.576660 -4.157161 0.003627 0.197395 -0.459904 0.917282 -434.687586 -135.673403 -271.838247
9.622735 -4.449559 0.493700 9.622735 -4.449559 0.493700 -0.034011 -0.501480 0.697355 -336.666051 -2.914586 -461.248642
9.547744 -4.740828 0.819507 9.547744 -4.740828 0.819507 -0.205933 -0.452507 0.372699 -236.408359 166.157739 -620.938198
9.387722 -4.972589 0.926362 9.387722 -4.972589 0.926362 -0.317322 -0.303640 -0.024843 -134.888655 330.067435 -704.202561
9.179854 -5.088339 0.784326 9.179854 -5.088339 0.784326 -0.364226 -0.070492 -0.449235 -21.458182 447.091233 -710.438621
8.961510 -5.045569 0.390600 8.961510 -5.045569 0.390600 -0.356830 0.220708 -0.857026 46.112010 523.576563 -648.864605
8.758250 -4.817639 -0.232360 8.758250 -4.817639 -0.232360 -0.316473 0.541157 -1.206091 88.409841 544.586841 -514.686361
8.584355 -4.396624 -1.037379 8.584355 -4.396624 -1.037379 -0.263053 0.859384 -1.458503 89.659719 516.166969 -326.687210
8.441261 -3.794713 -1.957726 8.441261 -3.794713 -1.957726 -0.216263 1.135939 -1.586725 66.304429 405.684229 -100.718045
8.319368 -3.050982 -2.911847 8.319368 -3.050982 -2.911847 -0.196831 1.325071 -1.566938 -1.531611 224.755284 166.675052
8.198598 -2.225157 -3.811264 8.198598 -2.225157 -3.811264 -0.209724 1.411560 -1.413212 -41.444245 63.543203 345.743175
8.065304 -1.366783 -4.596958 8.065304 -1.366783 -4.596958 -0.234591 1.449686 -1.205767 -41.444245 63.543203 345.743175
