9.465172 -4.483059 6.633137 9.465172 -4.483059 6.633137 0.915944 0.150861 -0.691697 -81.141148 -201.786751 -341.741396
10.000133 -4.428864 6.156606 10.000133 -4.428864 6.156606 0.867259 0.029789 -0.896742 -81.141148 -201.786751 -341.741396
10.507430 -4.446111 5.562425 10.507430 -4.446111 5.562425 0.826312 -0.085275 -1.074897 -55.350267 -181.759453 -252.109574
10.996525 -4.528976 4.880639 10.996525 -4.528976 4.880639 0.809452 -0.189246 -1.183502 -0.851117 -164.811079 -109.906906
11.486531 -4.667544 4.160500 11.486531 -4.667544 4.160500 0.831387 -0.264905 -1.200716 73.969244 -87.384698 52.526443
12.001394 -4.835261 3.460923 12.001394 -4.835261 3.460923 0.889349 -0.282558 -1.112211 119.238764 28.541397 242.490012
12.559180 -4.992724 2.847026 12.559180 -4.992724 2.847026 0.974456 -0.230761 -0.917808 164.449742 144.113965 405.522770
13.173166 -5.098052 2.377307 13.173166 -5.098052 2.377307 1.071683 -0.108354 -0.634639 159.639072 263.911679 538.373848
13.842356 -5.110964 2.099409 13.842356 -5.110964 2.099409 1.154696 0.072972 -0.281724 117.073754 340.508942 638.007735
14.550828 -5.003141 2.045991 14.550828 -5.003141 2.045991 1.197843 0.291019 0.104955 26.748615 386.311960 650.921737
15.266947 -4.759129 2.222509 15.266947 -4.759129 2.222509 1.176882 0.522132 0.477404 -96.618250 384.063953 590.577166
15.947889 -4.380403 2.609294 15.947889 -4.380403 2.609294 1.079931 0.734146 0.801944 -226.552135 322.652183 491.221178
16.546443 -3.889049 3.167566 16.546443 -3.889049 3.167566 0.900877 0.891681 1.040108 -370.296475 202.462320 302.658954
17.013550 -3.325798 3.832650 17.013550 -3.325798 3.832650 0.644869 0.972154 1.154402 -483.062784 65.782626 78.322847
17.307307 -2.739937 4.525906 17.307307 -2.739937 4.525906 0.323965 0.965262 1.133982 -586.617316 -88.755097 -146.392238
17.395150 -2.186978 5.167099 17.395150 -2.186978 5.167099 -0.032727 0.860897 0.981919 -602.354865 -259.129635 -360.483563
17.269239 -1.725143 5.679948 17.269239 -1.725143 5.679948 -0.383393 0.665121 0.708550 -566.532626 -393.456371 -550.746342
16.942575 -1.401405 5.997418 16.942575 -1.401405 5.997418 -0.696575 0.406484 0.335477 -477.408151 -468.666497 -692.830534
16.448535 -1.244046 6.071465 16.448535 -1.244046 6.071465 -0.933830 0.114426 -0.092870 -313.441579 -504.862244 -734.993215
15.843782 -1.264705 5.884477 15.843782 -1.264705 5.884477 -1.062067 -0.180687 -0.528702 -114.015668 -478.845900 -717.778669
15.197603 -1.453241 5.443205 15.197603 -1.453241 5.443205 -1.072556 -0.437656 -0.933621 79.053604 -377.718979 -631.950551
14.582343 -1.775073 4.779161 14.582343 -1.775073 4.779161 -0.954908 -0.620529 -1.263396 313.107149 -231.855852 -467.301966
14.077777 -2.177788 3.949630 14.077777 -2.177788 3.949630 -0.706943 -0.702965 -1.480671 513.442200 -42.931752 -256.946959
13.753583 -2.597038 3.028136 13.753583 -2.597038 3.028136 -0.361118 -0.677439 -1.569046 639.308370 128.016685 -37.635129
13.655381 -2.968889 2.092568 13.655381 -2.968889 2.092568 0.039436 -0.542780 -1.528454 695.869551 320.847502 172.941820
13.804763 -3.228006 1.216894 13.804763 -3.228006 1.216894 0.459277 -0.306277 -1.373346 703.601507 467.494833 344.083609
14.202709 -3.322458 0.463486 14.202709 -3.322458 0.463486 0.860093 0.000046 -1.123574 632.452712 553.584848 488.491161
14.823412 -3.220389 -0.117100 14.823412 -3.220389 -0.117100 1.193595 0.344176 -0.802333 479.218891 593.512651 582.311366
15.612885 -2.909430 -0.493630 15.612885 -2.909430 -0.493630 1.416409 0.688390 -0.452675 263.495311 553.866818 583.214828
16.496710 -2.402785 -0.664084 16.496710 -2.402785 -0.664084 1.507259 0.990284 -0.121887 39.338852 452.448814 519.411187
17.394465 -1.735780 -0.648625 17.394465 -1.735780 -0.648625 1.462458 1.218723 0.165249 -188.675181 309.014576 437.710874
18.225640 -0.958993 -0.478091 18.225640 -0.958993 -0.478091 1.287561 1.353781 0.390857 -394.316211 141.177797 314.315732
18.917582 -0.132532 -0.196578 18.917582 -0.132532 -0.196578 1.002881 1.382392 0.531552 -554.616649 -45.808698 154.666912
19.413563 0.677447 0.142479 19.413563 0.677447 0.142479 0.640528 1.298854 0.585784 -653.227437 -232.651917 26.105734
19.679422 1.407835 0.493229 19.679422 1.407835 0.493229 0.244210 1.124029 0.574351 -667.831326 -350.097547 -64.216297
19.705739 2.019234 0.826281 19.705739 2.019234 0.826281 -0.156489 0.913970 0.535821 -667.831326 -350.097547 -64.216297
