-7.020157 1.874381 1.413203 -7.020157 1.874381 1.413203 0.661342 0.410052 1.800017 -117.373106 314.476581 -729.170869
-6.644479 2.177019 2.361963 -6.644479 2.177019 2.361963 0.590918 0.598738 1.362515 -117.373106 314.476581 -729.170869
-6.308314 2.591846 3.048133 -6.308314 2.591846 3.048133 0.534200 0.782317 0.924572 -71.687580 297.451685 -730.636035
-5.993404 3.111195 3.475022 -5.993404 3.111195 3.475022 0.527657 0.942876 0.504490 49.876374 237.746522 -669.638361
-5.659030 3.713405 3.663742 -5.659030 3.713405 3.663742 0.601594 1.053971 0.135515 196.582414 132.567479 -560.279763
-5.254510 4.362189 3.654908 -5.254510 4.362189 3.654908 0.760437 1.096213 -0.147118 332.893790 8.239927 -381.828751
-4.731469 5.011569 3.510821 -4.731469 5.011569 3.510821 0.994463 1.052001 -0.311652 447.193088 -155.614183 -166.616962
-4.048540 5.606080 3.307707 -4.048540 5.606080 3.307707 1.291558 0.915239 -0.342282 543.122529 -300.256517 64.516024
-3.173260 6.093876 3.125121 -3.173260 6.093876 3.125121 1.630346 0.698576 -0.247717 586.172848 -421.953318 250.701446
-2.091651 6.432756 3.029956 -2.091651 6.432756 3.029956 1.971502 0.423835 -0.055607 551.011602 -493.849913 389.663698
-0.813891 6.596877 3.073871 -0.813891 6.596877 3.073871 2.280494 0.121087 0.213891 478.961567 -515.311516 508.664042
0.631723 6.579060 3.296399 0.631723 6.579060 3.296399 2.523396 -0.176666 0.532258 330.712199 -477.200033 552.558114
2.193095 6.393148 3.712885 2.193095 6.393148 3.712885 2.660855 -0.433065 0.852148 127.483725 -377.463316 513.743587
3.799974 6.074774 4.311635 3.799974 6.074774 4.311635 2.674439 -0.612499 1.135330 -82.201183 -220.649524 430.194607
5.377197 5.677940 5.063430 5.377197 5.677940 5.063430 2.561895 -0.692976 1.359256 -292.945790 -47.605507 316.226149
6.849007 5.264762 5.927960 6.849007 5.264762 5.927960 2.323142 -0.665657 1.509269 -502.898936 138.667808 183.817074
8.143716 4.900778 6.857638 8.143716 4.900778 6.857638 1.978135 -0.530209 1.574708 -647.123096 312.827641 34.314000
9.210022 4.647318 7.801792 9.210022 4.647318 7.801792 1.569392 -0.300731 1.561058 -715.354075 452.098810 -79.814688
10.021354 4.552979 8.718864 10.021354 4.552979 8.718864 1.132482 -0.005860 1.487188 -741.012261 530.802668 -166.418356
10.571667 4.645909 9.577061 10.571667 4.645909 9.577061 0.708907 0.317126 1.366533 -670.903671 545.818878 -235.767283
10.885639 4.932081 10.354495 10.885639 4.932081 10.354495 0.353314 0.632864 1.224838 -514.407007 506.638454 -236.548211
11.015653 5.396441 11.049341 11.015653 5.396441 11.049341 0.097765 0.904081 1.095517 -337.422589 397.420286 -194.521914
11.027455 6.000791 11.674503 11.027455 6.000791 11.674503 -0.035293 1.094361 0.993131 -106.106497 236.844300 -146.765195
11.001737 6.688373 12.247495 11.001737 6.688373 12.247495 -0.026174 1.178137 0.922732 136.503771 42.411832 -87.898808
11.022233 7.391719 12.788987 11.022233 7.391719 12.788987 0.113880 1.147730 0.888365 330.344548 -143.768813 -26.656550
11.160762 8.045583 13.319687 11.160762 8.045583 13.319687 0.365781 1.016991 0.884767 509.323846 -292.030155 14.664206
11.478459 8.594612 13.854323 11.478459 8.594612 13.854323 0.704123 0.798773 0.899249 618.482406 -435.363388 33.607361
12.014658 8.990718 14.397475 12.014658 8.990718 14.397475 1.087206 0.513593 0.907179 658.461819 -515.233810 -7.173474
12.782935 9.205466 14.938149 12.782935 9.205466 14.938149 1.469434 0.201123 0.891161 615.630769 -526.332833 -46.219035
13.770169 9.235310 15.459307 13.770169 9.235310 15.459307 1.812616 -0.095128 0.837335 528.311712 -461.170417 -133.202262
14.943636 9.100140 15.931853 14.943636 9.100140 15.931853 2.083608 -0.347244 0.728021 374.994112 -379.216030 -231.176127
16.250944 8.831111 16.322290 16.250944 8.831111 16.322290 2.256822 -0.536893 0.565494 202.384841 -252.949955 -310.580058
17.630754 8.473863 16.601366 17.630754 8.473863 16.601366 2.324690 -0.636564 0.357569 23.843490 -79.285771 -382.504683
19.019424 8.086594 16.745606 19.019424 8.086594 16.745606 2.286820 -0.639435 0.120813 -150.077761 69.715333 -406.683366
20.357123 7.722206 16.745305 20.357123 7.722206 16.745305 2.159877 -0.563983 -0.121127 -273.067667 181.793250 -399.782568
21.599030 7.421134 16.605304 21.599030 7.421134 16.605304 1.971704 -0.431932 -0.337814 -354.174652 258.376190 -322.507707
22.715915 7.210972 16.352322 22.715915 7.210972 16.352322 1.747269 -0.264460 -0.492531 -393.940846 299.861490 -193.213844
23.694285 7.106279 16.030965 23.694285 7.106279 16.030965 1.515494 -0.084500 -0.563758 -378.643431 300.008031 -44.210115
24.538121 7.105427 15.694464 24.538121 7.105427 15.694464 1.301786 0.074737 -0.541727 -333.716245 230.779540 117.647213
25.264403 7.185470 15.402069 25.264403 7.185470 15.402069 1.127949 0.181508 -0.413813 -245.739126 125.123429 308.733844
25.902822 7.311099 15.219194 25.902822 7.311099 15.219194 1.009921 0.227593 -0.179374 -147.688996 28.494441 472.727425
26.487278 7.446302 15.202958 26.487278 7.446302 15.202958 0.946745 0.212281 0.135750 -62.898306 -79.534548 577.687921
27.046163 7.553151 15.389836 27.046163 7.553151 15.389836 0.919803 0.133541 0.489584 -26.906227 -182.932619 601.757682
27.593202 7.600347 15.791903 27.593202 7.600347 15.791903 0.903660 0.023781 0.850639 -26.906227 -182.932619 601.757682
