9.097297 -2.890224 -1.893498 9.097297 -2.890224 -1.893498 1.638617 -0.225958 0.427283 -212.978130 -341.143142 -74.240898
10.042132 -3.087204 -1.650491 10.042132 -3.087204 -1.650491 1.510830 -0.430644 0.382739 -212.978130 -341.143142 -74.240898
10.908040 -3.400602 -1.438252 10.908040 -3.400602 -1.438252 1.371776 -0.603361 0.317992 -250.533701 -234.582553 -141.581113
11.686246 -3.794578 -1.275413 11.686246 -3.794578 -1.275413 1.222637 -0.692779 0.220683 -246.598427 -63.476947 -182.780682
12.377442 -4.211268 -1.175970 12.377442 -4.211268 -1.175970 1.084686 -0.678852 0.110685 -213.237282 109.901602 -183.880160
12.993966 -4.590974 -1.140304 12.993966 -4.590974 -1.140304 0.977221 -0.573797 0.012121 -144.978489 240.280418 -144.666116
13.557945 -4.886830 -1.154994 13.557945 -4.886830 -1.154994 0.908943 -0.403768 -0.054289 -82.617522 326.484781 -76.701812
14.091335 -5.066448 -1.197700 14.091335 -5.066448 -1.197700 0.873850 -0.188504 -0.081943 -34.358991 391.061726 -15.476711
14.612501 -5.109576 -1.246948 14.612501 -5.109576 -1.246948 0.868440 0.044049 -0.077712 16.328116 384.113864 29.577394
15.136367 -5.017914 -1.285003 15.136367 -5.017914 -1.285003 0.877552 0.254979 -0.043721 14.045366 318.985068 83.728749
15.662674 -4.812230 -1.295597 15.662674 -4.812230 -1.295597 0.872215 0.422766 0.009348 -31.835064 240.305347 93.167342
16.177293 -4.522669 -1.275703 16.177293 -4.522669 -1.275703 0.838213 0.530183 0.052826 -81.507749 117.751476 51.757724
16.659935 -4.190759 -1.238538 16.659935 -4.190759 -1.238538 0.761239 0.563859 0.064644 -175.071114 -5.497035 -12.363933
17.079425 -3.858971 -1.206471 17.079425 -3.858971 -1.206471 0.627493 0.532869 0.034760 -270.749700 -97.803868 -87.247432
17.403062 -3.561555 -1.206912 17.403062 -3.561555 -1.206912 0.444424 0.450685 -0.045551 -339.480568 -176.143077 -180.457885
17.605374 -3.324830 -1.272076 17.605374 -3.324830 -1.272076 0.224561 0.335100 -0.180585 -393.396385 -209.141208 -269.654559
17.667967 -3.160093 -1.432544 17.667967 -3.160093 -1.432544 -0.018136 0.216226 -0.360274 -415.591298 -187.104981 -329.307776
17.584314 -3.060356 -1.708457 17.584314 -3.060356 -1.708457 -0.257319 0.122369 -0.560225 -381.687604 -125.749898 -337.197795
17.367038 -3.005163 -2.103858 17.367038 -3.005163 -2.103858 -0.457234 0.068947 -0.755394 -284.693345 -52.323974 -313.364574
17.049621 -2.966614 -2.608115 17.049621 -2.966614 -2.608115 -0.587212 0.070549 -0.916486 -148.566753 57.664587 -223.609244
16.680466 -2.907114 -3.191165 16.680466 -2.907114 -3.191165 -0.626781 0.139102 -1.015197 16.669741 170.844700 -105.426820
16.317626 -2.788103 -3.809642 16.317626 -2.788103 -3.809642 -0.565640 0.265599 -1.030360 187.134484 250.812869 54.882295
16.022877 -2.580576 -4.406372 16.022877 -2.580576 -4.406372 -0.398605 0.431193 -0.939398 369.649167 301.167311 248.326088
15.858610 -2.267371 -4.914145 15.858610 -2.267371 -4.914145 -0.135020 0.613284 -0.734566 508.964687 305.800926 434.447792
15.874972 -1.847334 -5.268313 15.874972 -1.847334 -5.268313 0.199163 0.781880 -0.432044 604.979010 256.184934 573.957125
16.104690 -1.337087 -5.418454 16.104690 -1.337087 -5.418454 0.568769 0.910619 -0.058802 627.041401 172.945451 670.184794
16.556106 -0.766523 -5.330446 16.556106 -0.766523 -5.330446 0.931428 0.979702 0.356586 581.823553 57.330671 714.439461
17.213323 -0.177122 -4.989795 17.213323 -0.177122 -4.989795 1.248686 0.970403 0.775751 475.701464 -88.326292 682.777621
18.038173 0.380297 -4.407419 18.038173 0.380297 -4.407419 1.484164 0.872787 1.155547 309.225299 -237.058917 583.210409
18.971231 0.854391 -3.619835 18.971231 0.854391 -3.619835 1.604197 0.696012 1.451861 90.886031 -352.192468 404.501055
19.935402 1.204328 -2.688258 19.935402 1.204328 -2.688258 1.585195 0.463317 1.632815 -154.227622 -423.457129 198.678489
20.845470 1.404490 -1.686036 20.845470 1.404490 -1.686036 1.426215 0.201212 1.685878 -375.703677 -450.225355 -21.800635
21.622164 1.446341 -0.693369 21.622164 1.446341 -0.693369 1.143754 -0.058100 1.598122 -565.833103 -414.150481 -270.718328
22.199060 1.341856 0.205116 22.199060 1.341856 0.205116 0.766720 -0.281977 1.377391 -690.949336 -332.105290 -465.051020
22.530370 1.122102 0.939591 22.530370 1.122102 0.939591 0.330396 -0.435186 1.057109 -763.462320 -178.591419 -602.556679
22.591182 0.839176 1.460134 22.591182 0.839176 1.460134 -0.127696 -0.490679 0.669264 -763.512970 -6.386109 -690.261144
22.383599 0.554057 1.737329 22.383599 0.554057 1.737329 -0.553467 -0.442319 0.254524 -655.722565 167.587747 -692.203871
21.942417 0.329273 1.769546 21.942417 0.329273 1.769546 -0.902259 -0.289559 -0.140301 -506.916541 341.613032 -623.879259
21.320647 0.224725 1.581857 21.320647 0.224725 1.581857 -1.152256 -0.046110 -0.470677 -326.408354 469.884086 -477.373881
20.584664 0.286451 1.225055 20.584664 0.286451 1.225055 -1.277482 0.259886 -0.699448 -91.011394 550.101939 -285.196774
19.814289 0.543294 0.766486 19.814289 0.543294 0.766486 -1.269603 0.599413 -0.808390 117.274086 581.653720 -77.944654
19.084914 1.005151 0.280592 19.084914 1.005151 0.280592 -1.142854 0.935962 -0.789305 305.223472 540.177625 141.561545
18.462762 1.656489 -0.156671 18.462762 1.656489 -0.156671 -0.916617 1.222714 -0.650175 448.901436 415.662675 322.204593
17.998929 2.453770 -0.479338 17.998929 2.453770 -0.479338 -0.620601 1.416276 -0.409642 537.818772 229.543646 479.572515
17.723624 3.336625 -0.633526 17.723624 3.336625 -0.633526 -0.296673 1.512856 -0.095528 541.940456 92.390267 567.474052
17.643169 4.260969 -0.588698 17.643169 4.260969 -0.588698 0.028491 1.568291 0.244956 541.940456 92.390267 567.474052
