-9.480148 1.403522 4.709369 -9.480148 1.403522 4.709369 0.769462 0.085182 0.373891 557.378323 -361.039870 185.021883
-8.918142 1.389644 4.967008 -8.918142 1.389644 4.967008 1.103889 -0.131442 0.484905 557.378323 -361.039870 185.021883
-8.164551 1.252458 5.289968 -8.164551 1.252458 5.289968 1.392962 -0.314731 0.589485 406.197367 -249.921780 163.578764
-7.269425 1.028202 5.670329 -7.269425 1.028202 5.670329 1.567847 -0.416844 0.673765 176.752280 -90.456762 117.356746
-6.309943 0.772597 6.090703 -6.309943 0.772597 6.090703 1.608693 -0.417196 0.719130 -40.599292 89.283882 33.858898
-5.363520 0.548569 6.524266 -5.363520 0.548569 6.524266 1.526907 -0.312537 0.719397 -232.018875 259.581979 -32.968973
-4.498068 0.416874 6.947926 -4.498068 0.416874 6.947926 1.343052 -0.111273 0.689399 -380.832153 411.295053 -67.023714
-3.766923 0.429779 7.348726 -3.766923 0.429779 7.348726 1.083867 0.163683 0.645305 -483.116792 505.225441 -79.955556
-3.205668 0.622316 7.721844 -3.205668 0.622316 7.721844 0.783479 0.483751 0.598964 -518.177541 561.669357 -74.515065
-2.826293 1.011868 8.070571 -2.826293 1.011868 8.070571 0.485368 0.811760 0.568062 -475.527017 531.692086 -28.493271
-2.615583 1.589693 8.411939 -2.615583 1.589693 8.411939 0.225473 1.106094 0.579265 -390.789821 449.423225 65.836340
-2.544382 2.326191 8.776788 -2.544382 2.326191 8.776788 0.022295 1.335478 0.645965 -286.468337 315.188193 156.496408
-2.574202 3.172323 9.196571 -2.574202 3.172323 9.196571 -0.107749 1.465150 0.760039 -147.014108 117.051807 223.750500
-2.656315 4.061247 9.696085 -2.656315 4.061247 9.696085 -0.150964 1.479203 0.910367 2.965275 -70.205861 277.344380
-2.739340 4.925836 10.293799 -2.739340 4.925836 10.293799 -0.114082 1.385600 1.084633 119.974266 -241.806518 303.543381
-2.781127 5.704172 10.998773 -2.781127 5.704172 10.998773 -0.016765 1.193022 1.264540 204.415968 -400.117830 296.143798
-2.751464 6.340883 11.805308 -2.751464 6.340883 11.805308 0.120523 0.917544 1.414756 253.211334 -518.142934 204.576169
-2.633677 6.795525 12.683570 -2.633677 6.795525 12.683570 0.271923 0.593568 1.500424 251.456651 -561.777077 80.986177
-2.427745 7.051935 13.589702 -2.427745 7.051935 13.589702 0.410378 0.263443 1.505514 210.059342 -538.639648 -64.020935
-2.146644 7.117862 14.471075 -2.146644 7.117862 14.471075 0.521728 -0.035655 1.415044 161.105168 -458.352687 -237.545603
-1.807939 7.022015 15.266834 -1.807939 7.022015 15.266834 0.601740 -0.270421 1.219972 105.602380 -324.202350 -412.692969
-1.432053 6.810628 15.915225 -1.432053 6.810628 15.915225 0.644269 -0.418833 0.925820 36.161855 -170.503643 -567.815276
-1.041795 6.538747 16.362731 -1.041795 6.538747 16.362731 0.651904 -0.470588 0.556233 -10.711039 -2.012385 -664.139130
-0.652709 6.265224 16.574504 -0.652709 6.265224 16.574504 0.644834 -0.425835 0.145638 -12.858306 151.189473 -704.510837
-0.266550 6.044184 16.537341 -0.266550 6.044184 16.537341 0.644985 -0.298890 -0.265736 13.364400 271.960149 -666.738150
0.126163 5.917671 16.263911 0.126163 5.917671 16.263911 0.669584 -0.116374 -0.635657 68.630043 336.424587 -566.331672
0.545134 5.910411 15.790203 0.545134 5.910411 15.790203 0.735100 0.095524 -0.927325 149.757954 369.903562 -405.894073
1.018580 6.032346 15.172760 1.018580 6.032346 15.172760 0.852100 0.307653 -1.110799 240.242988 337.192684 -205.687587
1.578240 6.272685 14.483629 1.578240 6.272685 14.483629 1.022027 0.485231 -1.162350 326.180484 254.733152 33.851601
2.253765 6.603309 13.806463 2.253765 6.603309 13.806463 1.235714 0.606241 -1.071285 386.107781 148.634681 269.698210
3.066042 6.985821 13.224039 3.066042 6.985821 13.224039 1.474128 0.655487 -0.850459 408.607027 15.519169 466.388660
4.023106 7.375003 12.806214 4.023106 7.375003 12.806214 1.714479 0.630280 -0.528122 392.560324 -99.544720 608.068050
5.117969 7.729671 12.604554 5.117969 7.729671 12.604554 1.927591 0.542644 -0.134477 317.814992 -192.574694 704.081346
6.323544 8.017643 12.649956 6.323544 8.017643 12.649956 2.077346 0.412341 0.284744 181.366341 -241.767115 693.321809
7.593006 8.220369 12.941143 7.593006 8.220369 12.941143 2.138213 0.261478 0.678452 21.524939 -261.109708 619.040660
8.869833 8.331908 13.452370 8.869833 8.331908 13.452370 2.101248 0.113074 1.013515 -144.740061 -233.569437 497.833532
10.093376 8.362193 14.137869 10.093376 8.362193 14.137869 1.958641 -0.004654 1.251117 -330.618067 -158.858042 294.174728
11.199528 8.337383 14.928549 11.199528 8.337383 14.928549 1.712663 -0.067087 1.362914 -489.308485 -49.252232 78.481058
12.133002 8.294397 15.747586 12.133002 8.294397 15.747586 1.388834 -0.065978 1.345814 -590.120063 52.946808 -135.481657
12.857518 8.269119 16.519172 12.857518 8.269119 16.519172 1.021949 -0.010317 1.206944 -632.830969 132.590223 -327.416418
13.357915 8.291744 17.174699 13.357915 8.291744 17.174699 0.647936 0.093981 0.961972 -613.879123 215.071518 -489.157622
13.641565 8.389368 17.658610 13.641565 8.389368 17.658610 0.306542 0.235635 0.642362 -524.102304 257.108113 -576.208668
13.741623 8.575723 17.938493 13.741623 8.575723 17.938493 0.044437 0.383374 0.287553 -349.579327 235.355318 -606.489941
13.718819 8.842571 18.004632 13.718819 8.842571 18.004632 -0.098019 0.496883 -0.062463 -125.274449 143.009193 -560.228463
13.647929 9.161649 17.870500 13.647929 9.161649 17.870500 -0.120833 0.558724 -0.377668 49.225919 63.126253 -490.455519
13.584289 9.508246 17.555617 13.584289 9.508246 17.555617 -0.091298 0.596600 -0.671941 49.225919 63.126253 -490.455519
