-7.944726 0.273063 9.904405 -7.944726 0.273063 9.904405 1.227888 1.604512 1.460660 374.617304 -246.042793 -457.149286
-7.140562 1.191482 10.698515 -7.140562 1.191482 10.698515 1.452659 1.456886 1.186371 374.617304 -246.042793 -457.149286
-6.211721 2.013761 11.319329 -6.211721 2.013761 11.319329 1.626500 1.271437 0.868476 204.855119 -372.121811 -602.499286
-5.213943 2.701762 11.723882 -5.213943 2.701762 11.723882 1.674433 1.008766 0.466559 -45.079188 -503.445379 -737.223898
-4.232322 3.212932 11.868361 -4.232322 3.212932 11.868361 1.572764 0.689351 0.010447 -293.816590 -561.273760 -783.151981
-3.352987 3.526630 11.735381 -3.352987 3.526630 11.735381 1.339291 0.358172 -0.450851 -484.428664 -542.656458 -754.505569
-2.644033 3.647978 11.335404 -2.644033 3.647978 11.335404 1.011518 0.053194 -0.871831 -608.147921 -473.935209 -648.763418
-2.151711 3.602705 10.706232 -2.151711 3.602705 10.706232 0.621019 -0.190575 -1.207566 -693.516018 -338.629694 -470.352103
-1.904025 3.436594 9.910174 -1.904025 3.436594 9.910174 0.204447 -0.347811 -1.424052 -695.057611 -185.490449 -251.268271
-1.901212 3.204708 9.024277 -1.901212 3.204708 9.024277 -0.186311 -0.408163 -1.506002 -607.466241 -15.679847 -21.897942
-2.113519 2.967468 8.130644 -2.113519 2.967468 8.130644 -0.506676 -0.365172 -1.449590 -460.417788 158.983110 209.939734
-2.489172 2.784318 7.310435 -2.489172 2.784318 7.310435 -0.726788 -0.233098 -1.264850 -273.288871 281.262066 405.858567
-2.962047 2.700893 6.632999 -2.962047 2.700893 6.632999 -0.828814 -0.035308 -0.979236 -66.798707 378.038567 546.188996
-3.458254 2.749707 6.148565 -3.458254 2.749707 6.148565 -0.803365 0.201270 -0.627555 151.629735 410.553527 626.079802
-3.901533 2.942016 5.885480 -3.901533 2.942016 5.885480 -0.655156 0.435841 -0.248139 342.399858 371.351959 638.639196
-4.224126 3.266386 5.847174 -4.224126 3.266386 5.847174 -0.405372 0.638761 0.113157 490.211414 305.047719 565.683044
-4.374815 3.698373 6.010181 -4.374815 3.698373 6.010181 -0.089762 0.790896 0.419016 561.822944 202.066083 453.847232
-4.326148 4.201257 6.334252 -4.326148 4.201257 6.334252 0.254313 0.872011 0.646166 585.092633 68.319759 303.319068
-4.070405 4.729276 6.764845 -4.070405 4.729276 6.764845 0.594557 0.875575 0.769641 549.057077 -56.439143 108.263775
-3.619677 5.237180 7.236215 -3.619677 5.237180 7.236215 0.899813 0.805305 0.785084 468.459925 -177.796974 -56.787044
-3.002979 5.684276 7.688842 -3.002979 5.684276 7.688842 1.143324 0.678207 0.710005 343.246554 -245.860338 -193.476112
-2.263455 6.046187 8.073433 -2.263455 6.046187 8.073433 1.307996 0.526898 0.560988 205.657958 -258.505517 -303.248006
-1.449599 6.316062 8.351408 -1.449599 6.316062 8.351408 1.391594 0.373134 0.358874 73.001147 -254.040296 -370.465751
-0.607958 6.497212 8.499560 -0.607958 6.497212 8.499560 1.403116 0.235690 0.134152 -34.591964 -204.105901 -378.605227
0.223205 6.607572 8.514700 0.223205 6.607572 8.514700 1.359961 0.141654 -0.079024 -109.257571 -109.348822 -331.983220
1.017866 6.679763 8.412351 1.017866 6.679763 8.412351 1.286160 0.110452 -0.254101 -136.748382 5.341745 -251.607935
1.765058 6.753072 8.219163 1.765058 6.753072 8.219163 1.204665 0.144042 -0.382255 -134.900801 106.628190 -175.571932
2.465791 6.862680 7.963683 2.465791 6.862680 7.963683 1.134802 0.227963 -0.460217 -97.976206 173.107755 -84.299901
3.132704 7.033484 7.677801 3.132704 7.033484 7.677801 1.094357 0.346163 -0.483686 -36.839954 220.889834 6.068467
3.786600 7.281386 7.391013 3.786600 7.281386 7.391013 1.091819 0.480919 -0.468389 28.379644 228.298134 44.922836
4.450211 7.607669 7.118881 4.450211 7.607669 7.118881 1.125904 0.601085 -0.437359 85.236073 172.256192 58.509614
5.142789 7.993812 6.866351 5.142789 7.993812 6.866351 1.185512 0.676867 -0.405484 113.459151 80.348716 47.740041
5.873926 8.408083 6.628343 5.873926 8.408083 6.628343 1.250623 0.693519 -0.393392 103.576583 -24.841864 -7.433878
6.640810 8.812058 6.386998 6.640810 8.812058 6.386998 1.302098 0.640293 -0.417709 68.005877 -152.578510 -73.622428
7.430214 9.160451 6.120045 7.430214 9.160451 6.120045 1.322424 0.507151 -0.477258 -0.251691 -291.227619 -124.874659
8.218289 9.407085 5.808831 8.218289 9.407085 5.808831 1.295605 0.306237 -0.564093 -89.146170 -378.484681 -164.573928
8.979606 9.522700 5.440752 8.979606 9.522700 5.440752 1.242117 0.079146 -0.662837 -89.146170 -378.484681 -164.573928
