-4.602046 -3.557124 -1.329175 -4.602046 -3.557124 -1.329175 1.051334 0.333916 -1.382712 193.788905 -365.686055 -153.514511
-3.936364 -3.422598 -2.186434 -3.936364 -3.422598 -2.186434 1.167608 0.114504 -1.474821 193.788905 -365.686055 -153.514511
-3.203583 -3.415878 -3.089416 -3.203583 -3.415878 -3.089416 1.270552 -0.085701 -1.519213 149.359755 -301.662692 5.539514
-2.419654 -3.513947 -3.985727 -2.419654 -3.513947 -3.985727 1.333729 -0.228444 -1.444788 61.230340 -174.149281 242.545360
-1.612794 -3.674237 -4.796365 -1.612794 -3.674237 -4.796365 1.348474 -0.292320 -1.236380 -12.080264 -38.770055 452.147656
-0.806648 -3.847643 -5.446976 -0.806648 -3.847643 -5.446976 1.337404 -0.270756 -0.915941 -24.819693 110.650873 615.980204
-0.008488 -3.985042 -5.879073 -0.008488 -3.985042 -5.879073 1.323439 -0.178681 -0.513397 -21.732219 196.266860 725.834366
0.781787 -4.052553 -6.054281 0.781787 -4.052553 -6.054281 1.311017 -0.039073 -0.066992 -19.672474 269.092909 762.183568
1.569674 -4.026597 -5.959373 1.569674 -4.026597 -5.959373 1.323300 0.127195 0.379864 60.614458 285.132446 727.336045
2.379959 -3.899512 -5.607729 2.379959 -3.899512 -5.607729 1.386640 0.295496 0.780291 150.517576 275.870464 607.419308
3.242479 -3.677008 -5.040484 3.242479 -3.677008 -5.040484 1.494169 0.438769 1.093419 207.913740 201.707725 436.342581
4.180665 -3.383281 -4.318801 4.180665 -3.383281 -4.318801 1.640214 0.530583 1.290672 278.901871 104.338499 221.164506
5.216555 -3.051822 -3.518630 5.216555 -3.051822 -3.518630 1.815354 0.564827 1.353166 304.898909 9.807551 -12.850260
6.359313 -2.718301 -2.724128 6.359313 -2.718301 -2.724128 1.991614 0.535008 1.270032 282.634650 -109.203617 -264.263624
7.601733 -2.421131 -2.018780 7.601733 -2.421131 -2.018780 2.144079 0.448597 1.065956 225.583582 -178.833660 -415.988220
8.928785 -2.184163 -1.454084 8.928785 -2.184163 -1.454084 2.279430 0.341297 0.816363 225.583582 -178.833660 -415.988220
