11.007702 0.547377 -5.988152 11.007702 0.547377 -5.988152 -0.744866 -1.167733 -0.554450 125.138647 163.102574 204.203788
10.583308 -0.123904 -6.284065 10.583308 -0.123904 -6.284065 -0.669783 -1.069871 -0.431927 125.138647 163.102574 204.203788
10.213799 -0.727645 -6.508056 10.213799 -0.727645 -6.508056 -0.545517 -0.927897 -0.317359 289.080453 310.144835 177.690262
9.949212 -1.219379 -6.670164 9.949212 -1.219379 -6.670164 -0.318629 -0.695919 -0.229129 467.213668 463.115253 116.411941
9.846907 -1.548508 -6.790781 9.846907 -1.548508 -6.790781 -0.014428 -0.392742 -0.179754 546.787642 547.472404 48.170707
9.937157 -1.684438 -6.892630 9.937157 -1.684438 -6.892630 0.316069 -0.058404 -0.164186 554.868915 566.987513 3.720065
10.223906 -1.620482 -6.992552 10.223906 -1.620482 -6.992552 0.635146 0.266492 -0.172356 508.721998 515.999658 -30.952128
10.690099 -1.374283 -7.101580 10.690099 -1.374283 -7.101580 0.908059 0.543211 -0.191142 400.989538 406.398349 -31.667071
11.299109 -0.983736 -7.219864 11.299109 -0.983736 -7.219864 1.108632 0.744395 -0.199634 267.584695 264.212975 3.358669
12.003319 -0.500361 -7.334434 12.003319 -0.500361 -7.334434 1.223514 0.848822 -0.174588 115.356221 83.878936 80.128401
12.748370 0.011510 -7.419634 12.748370 0.011510 -7.419634 1.243620 0.836543 -0.100863 -48.336158 -124.808159 165.621768
13.478356 0.480438 -7.444606 13.478356 0.480438 -7.444606 1.177191 0.708999 0.027181 -173.093549 -300.339166 261.192773
14.148775 0.843957 -7.376298 14.148775 0.843957 -7.376298 1.049639 0.489698 0.208822 -252.080424 -430.664483 344.276940
14.729854 1.055554 -7.184476 14.729854 1.055554 -7.184476 0.881742 0.207788 0.438179 -307.575722 -509.034078 420.246668
15.203453 1.087092 -6.845053 15.203453 1.087092 -6.845053 0.696787 -0.105175 0.694686 -308.941218 -534.176419 434.776466
15.568244 0.930444 -6.351068 15.568244 0.930444 -6.351068 0.523062 -0.412642 0.950116 -270.143269 -490.713461 416.656627
15.837410 0.601365 -5.711868 15.837410 0.601365 -5.711868 0.380753 -0.672896 1.170775 -204.218011 -376.801273 318.872844
16.034416 0.138936 -4.960467 16.034416 0.138936 -4.960467 0.284788 -0.853314 1.319792 -115.664396 -224.590151 177.849700
16.187344 -0.405863 -4.144765 16.187344 -0.405863 -4.144765 0.229759 -0.949990 1.385571 -67.766706 -97.664328 41.416068
16.313001 -0.993436 -3.305967 16.313001 -0.993436 -3.305967 0.189099 -1.008588 1.410421 -67.766706 -97.664328 41.416068
