-1.536985 -1.019620 -0.658276 -1.536985 -1.019620 -0.658276 1.389397 -0.599156 0.699046 665.662104 571.847715 -368.791483
-0.583528 -1.276181 -0.305231 -0.583528 -1.276181 -0.305231 1.788794 -0.256048 0.477771 665.662104 571.847715 -368.791483
0.605847 -1.328689 -0.091525 0.605847 -1.328689 -0.091525 2.169590 0.077999 0.223628 603.656672 541.640794 -478.349647
2.008351 -1.188692 -0.050384 2.008351 -1.188692 -0.050384 2.492243 0.381495 -0.098048 471.854693 470.012009 -593.903455
3.576497 -0.882931 -0.219138 3.576497 -0.882931 -0.219138 2.714687 0.624817 -0.469503 269.625856 341.061808 -644.280370
5.241087 -0.457459 -0.614176 5.241087 -0.457459 -0.614176 2.812687 0.775405 -0.842903 57.039957 160.899017 -600.387055
6.924220 0.025478 -1.221771 6.924220 0.025478 -1.221771 2.773179 0.815604 -1.172052 -188.734819 -26.903542 -496.776301
8.540127 0.499654 -2.005295 8.540127 0.499654 -2.005295 2.589800 0.747746 -1.424483 -422.525867 -199.288041 -344.660192
10.008666 0.902589 -2.909304 10.008666 0.902589 -2.909304 2.289853 0.578968 -1.567681 -577.300075 -363.307199 -132.666175
11.270699 1.179072 -3.859470 11.270699 1.179072 -3.859470 1.903649 0.333473 -1.575668 -710.043765 -455.008207 106.041958
12.280936 1.294081 -4.772079 12.280936 1.294081 -4.772079 1.456898 0.044603 -1.443519 -779.126537 -507.891637 334.454202
13.017702 1.231355 -5.565981 13.017702 1.231355 -5.565981 1.003772 -0.250469 -1.182807 -731.292925 -475.680330 534.585256
13.494079 0.999873 -6.170081 13.494079 0.999873 -6.170081 0.593727 -0.513769 -0.815262 -635.524629 -401.989379 690.566298
13.744777 0.625651 -6.530503 13.744777 0.625651 -6.530503 0.256693 -0.722972 -0.378757 -487.923474 -295.353300 764.450342
13.823085 0.148507 -6.619802 13.823085 0.148507 -6.619802 0.024532 -0.851173 0.081682 -285.945716 -131.983408 770.346265
13.799834 -0.376515 -6.435989 13.799834 -0.376515 -6.435989 -0.079536 -0.883164 0.524600 -60.946961 25.346588 706.047271
13.753709 -0.892827 -6.002282 13.753709 -0.892827 -6.002282 -0.053266 -0.822835 0.907518 148.511437 175.750092 570.347090
13.758580 -1.349400 -5.366725 13.758580 -1.349400 -5.366725 0.086333 -0.689923 1.191645 316.821656 267.289716 376.740568
13.875493 -1.711208 -4.596959 13.875493 -1.711208 -4.596959 0.316855 -0.509377 1.352520 451.582784 334.532480 159.511800
14.149227 -1.955200 -3.771072 14.149227 -1.955200 -3.771072 0.599481 -0.301565 1.376539 490.503507 358.171898 -79.449101
14.597999 -2.074519 -2.969816 14.597999 -2.074519 -2.969816 0.897750 -0.100917 1.277036 503.728207 310.657234 -252.227734
15.227320 -2.079151 -2.248995 15.227320 -2.079151 -2.248995 1.199987 0.085478 1.125700 503.728207 310.657234 -252.227734
