-2.399353 -4.839872 -7.739563 -2.399353 -4.839872 -7.739563 0.448410 -0.710759 0.100168 292.435062 291.597060 111.686180
-2.077669 -5.213840 -7.659359 -2.077669 -5.213840 -7.659359 0.623871 -0.535801 0.167180 292.435062 291.597060 111.686180
-1.647491 -5.477704 -7.540173 -1.647491 -5.477704 -7.540173 0.815418 -0.335200 0.228061 346.055378 377.071914 91.252780
-1.095768 -5.608276 -7.389140 -1.095768 -5.608276 -7.389140 1.023960 -0.095581 0.271668 349.085234 421.658099 54.103765
-0.421907 -5.592520 -7.218765 -0.421907 -5.592520 -7.218765 1.216659 0.143448 0.292310 293.243280 375.107514 14.701774
0.356300 -5.443229 -7.045065 0.356300 -5.443229 -7.045065 1.369746 0.347024 0.279466 217.048194 303.477586 -57.513763
1.213190 -5.185220 -6.891446 1.213190 -5.185220 -6.891446 1.479844 0.504953 0.226420 149.945796 222.952922 -119.309209
2.122062 -4.850653 -6.779867 2.122062 -4.850653 -6.779867 1.539684 0.596044 0.140845 49.520939 80.682943 -165.937620
3.051004 -4.485605 -6.724409 3.051004 -4.485605 -6.724409 1.550488 0.608950 0.045382 -13.509567 -37.664095 -152.272856
3.976039 -4.132735 -6.722001 3.976039 -4.132735 -6.722001 1.528252 0.557747 -0.033045 -60.608389 -133.010119 -109.151016
4.882991 -3.825614 -6.758450 4.882991 -3.825614 -6.758450 1.496434 0.460015 -0.083407 -45.452846 -192.765346 -58.723979
5.773878 -3.585101 -6.811918 5.773878 -3.585101 -6.811918 1.475204 0.340366 -0.082912 -25.314188 -206.062337 60.375779
6.657258 -3.416677 -6.841089 6.657258 -3.416677 -6.841089 1.474088 0.223203 0.001860 21.594727 -184.481841 222.197319
7.549806 -3.312052 -6.793389 7.549806 -3.312052 -6.793389 1.508082 0.132067 0.168119 91.718743 -119.305856 331.997463
8.474933 -3.248932 -6.624861 8.474933 -3.248932 -6.624861 1.581955 0.087256 0.406802 154.523068 -30.062590 463.615559
9.454862 -3.195557 -6.291678 9.454862 -3.195557 -6.291678 1.689382 0.101379 0.713226 203.569318 77.138172 557.796627
10.505530 -3.114179 -5.761701 10.505530 -3.114179 -5.761701 1.813503 0.180992 1.056093 210.165356 188.238451 585.092206
11.629731 -2.968053 -5.023723 11.629731 -2.968053 -5.023723 1.930950 0.312173 1.402176 181.324894 249.033156 568.517605
12.820939 -2.735923 -4.080085 12.820939 -2.735923 -4.080085 2.039745 0.461593 1.743286 181.324894 249.033156 568.517605
