5.024824 -1.065590 3.497533 5.024824 -1.065590 3.497533 0.918023 0.869060 -0.653531 107.730002 451.762183 719.944558
5.595030 -0.462837 3.235004 5.595030 -0.462837 3.235004 0.982661 1.140117 -0.221564 107.730002 451.762183 719.944558
6.202926 0.294214 3.230426 6.202926 0.294214 3.230426 1.041842 1.369493 0.204255 89.541171 312.822880 699.450189
6.840987 1.160780 3.473626 6.840987 1.160780 3.473626 1.079756 1.499996 0.597653 36.837354 122.187731 611.876824
7.490507 2.072432 3.932572 7.490507 2.072432 3.932572 1.077040 1.521616 0.915860 -45.891359 -50.121746 448.815860
8.125383 2.964965 4.550748 8.125383 2.964965 4.550748 1.034070 1.434467 1.124516 -97.340180 -240.373943 246.702532
8.727302 3.771726 5.255809 8.727302 3.771726 5.255809 0.970652 1.236987 1.202263 -114.052741 -417.891812 12.453874
9.288087 4.432292 5.966622 9.288087 4.432292 5.966622 0.896839 0.954223 1.145802 -131.992563 -524.654536 -200.656629
9.804201 4.907757 6.606163 9.804201 4.907757 6.606163 0.826491 0.626275 0.966300 -102.499074 -568.505496 -397.684240
10.286102 5.181966 7.105523 10.286102 5.181966 7.105523 0.787273 0.289044 0.683505 -28.229021 -555.598519 -544.966548
10.759189 5.259449 7.412075 10.759189 5.259449 7.412075 0.799358 -0.023994 0.329241 68.514758 -487.861990 -635.910494
11.257248 5.165072 7.495200 11.257248 5.165072 7.495200 0.871020 -0.277537 -0.052087 170.357761 -357.281807 -635.184633
11.816859 4.944120 7.352570 11.816859 4.944120 7.352570 1.004907 -0.442502 -0.418417 275.933241 -192.600784 -585.916060
12.473984 4.655200 7.001835 12.473984 4.655200 7.001835 1.193035 -0.501814 -0.741067 351.156930 -5.104290 -489.583284
13.255710 4.363074 6.478712 13.255710 4.363074 6.478712 1.417212 -0.455472 -0.986605 396.101518 159.577176 -328.876864
14.176729 4.126658 5.837796 14.176729 4.126658 5.837796 1.651842 -0.319012 -1.132709 385.999051 295.288613 -158.134612
15.233397 3.994562 5.139259 15.233397 3.994562 5.139259 1.863851 -0.111039 -1.179824 320.696445 397.953893 1.084365
16.402973 4.001372 4.439700 16.402973 4.001372 4.439700 2.023972 0.136742 -1.138478 213.040528 427.983936 136.735384
17.645763 4.158899 3.787437 17.645763 4.158899 3.787437 2.102095 0.385755 -1.025376 47.367947 402.060017 240.269212
18.903139 4.457993 3.219043 18.903139 4.457993 3.219043 2.068481 0.603342 -0.863299 -159.411843 323.228974 299.987404
20.104023 4.871822 2.755365 20.104023 4.871822 2.755365 1.915277 0.765494 -0.681790 -351.270042 217.278460 305.044486
21.179999 5.362861 2.399829 21.179999 5.362861 2.399829 1.654711 0.859023 -0.505614 -517.282714 94.484121 282.208139
22.071581 5.886619 2.143212 22.071581 5.886619 2.143212 1.303673 0.872394 -0.356519 -652.845387 -49.913238 214.776333
22.730685 6.393563 1.962866 22.730685 6.393563 1.962866 0.884028 0.804910 -0.253124 -745.968188 -175.034551 129.872221
23.126236 6.840367 1.830407 23.126236 6.840367 1.830407 0.433485 0.676708 -0.195006 -755.842719 -252.305653 63.853634
23.254919 7.198515 1.721055 23.254919 7.198515 1.721055 0.003198 0.513015 -0.175906 -678.448824 -293.335494 -0.185152
23.142628 7.454153 1.613541 23.142628 7.454153 1.613541 -0.364312 0.340159 -0.185705 -546.584489 -282.852418 -32.477214
22.837598 7.610484 1.496967 22.837598 7.610484 1.496967 -0.632553 0.186192 -0.201714 -347.552537 -230.370443 -20.887890
22.408458 7.685743 1.374192 22.408458 7.685743 1.374192 -0.776326 0.073025 -0.204180 -131.691075 -146.852626 12.668969
21.933302 7.709637 1.256962 21.933302 7.709637 1.256962 -0.783621 0.017476 -0.181596 107.375564 -38.313220 62.611492
21.496437 7.719204 1.164467 21.496437 7.719204 1.164467 -0.649293 0.024375 -0.118065 340.385460 61.309899 149.157727
21.178445 7.750034 1.124599 21.178445 7.750034 1.124599 -0.393492 0.087011 -0.007959 512.282420 147.477851 217.862955
21.041437 7.831559 1.161645 21.041437 7.831559 1.161645 -0.051737 0.189359 0.135789 626.901971 193.681804 261.295887
21.126649 7.981083 1.292398 21.126649 7.981083 1.292398 0.341462 0.310796 0.303800 683.761753 211.110444 298.741957
21.452688 8.203899 1.527160 21.452688 8.203899 1.527160 0.742141 0.429155 0.476584 651.834973 183.416370 277.203762
22.009042 8.489498 1.858087 22.009042 8.489498 1.858087 1.101942 0.514661 0.618306 547.502076 101.606181 195.201080
22.759510 8.809457 2.258851 22.759510 8.809457 2.258851 1.384204 0.539988 0.708648 393.369787 -17.184241 105.940086
23.649398 9.123381 2.694398 23.649398 9.123381 2.694398 1.563019 0.494803 0.728657 202.680648 -133.431564 -39.244557
24.609942 9.388649 3.114271 24.609942 9.388649 3.114271 1.615881 0.376764 0.653827 -26.473068 -260.032983 -210.186008
25.565416 9.563102 3.461275 25.565416 9.563102 3.461275 1.553550 0.196746 0.490421 -181.298016 -340.026121 -334.502278
26.464912 9.619945 3.695317 26.464912 9.619945 3.695317 1.444771 -0.007270 0.289720 -181.298016 -340.026121 -334.502278
