-7.867547 -4.232585 1.081221 -7.867547 -4.232585 1.081221 -0.054832 0.369783 0.889192 336.838399 401.461050 71.854286
-7.839815 -3.938452 1.627670 -7.839815 -3.938452 1.627670 0.147271 0.610660 0.932304 336.838399 401.461050 71.854286
-7.695030 -3.504799 2.203600 -7.695030 -3.504799 2.203600 0.328334 0.826510 0.993484 266.704635 318.038373 132.079265
-7.455961 -2.959527 2.828210 -7.455961 -2.959527 2.828210 0.458666 0.977926 1.096455 167.737005 186.684586 211.157421
-7.156417 -2.347984 3.527334 -7.156417 -2.347984 3.527334 0.530067 1.045858 1.239365 70.264927 39.755637 265.208373
-6.829461 -1.721430 4.319622 -6.829461 -1.721430 4.319622 0.553564 1.029124 1.403147 8.058410 -95.536529 280.732015
-6.496812 -1.127203 5.210067 -6.496812 -1.127203 5.210067 0.553701 0.941550 1.561711 -7.600142 -196.376855 247.813642
-6.167205 -0.601791 6.187410 -6.167205 -0.601791 6.187410 0.542912 0.802870 1.688946 -28.365125 -265.889503 176.304993
-5.844251 -0.168661 7.225175 -5.844251 -0.168661 7.225175 0.537456 0.639678 1.758044 10.179527 -278.083751 54.019776
-5.516180 0.166910 8.281094 -5.516180 0.166910 8.281094 0.562389 0.481921 1.747299 72.930397 -247.774516 -89.835383
-5.162018 0.416364 9.303549 -5.162018 0.416364 9.303549 0.624155 0.357762 1.644629 132.955131 -166.087946 -252.400151
-4.760475 0.606144 10.234899 -4.760475 0.606144 10.234899 0.719517 0.283204 1.443214 184.920060 -82.440015 -418.981113
-4.292139 0.768088 11.017407 -4.292139 0.768088 11.017407 0.847169 0.268043 1.151805 240.587151 31.905123 -552.382980
-3.740768 0.940802 11.604541 -3.740768 0.940802 11.604541 0.990339 0.317911 0.797776 236.645092 134.321368 -627.711880
-3.105566 1.158887 11.968469 -3.105566 1.158887 11.968469 1.124342 0.414305 0.412398 210.030906 186.990041 -656.881800
-2.398356 1.444269 12.099978 -2.398356 1.444269 12.099978 1.224355 0.542204 0.029812 123.345200 239.341425 -618.406981
-1.647487 1.810810 12.014378 -1.647487 1.810810 12.014378 1.268632 0.676494 -0.302099 24.245417 208.291333 -487.961821
-0.889788 2.250712 11.754296 -0.889788 2.250712 11.754296 1.243959 0.784039 -0.549826 -106.486987 150.193797 -337.793805
-0.171067 2.743723 11.376222 -0.171067 2.743723 11.376222 1.137631 0.851913 -0.689381 -247.940797 76.052951 -127.389707
0.459988 3.261114 10.954334 0.459988 3.261114 10.954334 0.954395 0.860317 -0.692462 -362.845234 -48.042424 117.116970
0.961051 3.760740 10.573433 0.961051 3.760740 10.573433 0.705375 0.791907 -0.554714 -467.220940 -179.988313 342.043891
1.298727 4.198112 10.311611 1.298727 4.198112 10.311611 0.417797 0.657042 -0.302293 -491.372594 -269.562348 499.360007
1.460959 4.543816 10.220120 1.460959 4.543816 10.220120 0.122974 0.495305 -0.002677 -491.372594 -269.562348 499.360007
