-7.930083 -5.605294 5.745610 -7.930083 -5.605294 5.745610 0.550646 -0.868595 1.087364 128.906982 450.161333 286.658702
-7.576492 -6.045422 6.449627 -7.576492 -6.045422 6.449627 0.627990 -0.598498 1.259359 128.906982 450.161333 286.658702
-7.175410 -6.318466 7.246551 -7.175410 -6.318466 7.246551 0.710758 -0.303269 1.379903 146.984741 533.938183 115.152087
-6.722552 -6.403415 8.080156 -6.722552 -6.403415 8.080156 0.798683 0.021611 1.373678 146.098051 548.993801 -135.900486
-6.220560 -6.293545 8.866457 -6.220560 -6.293545 8.866457 0.868764 0.341429 1.224919 87.505962 517.064930 -359.963565
-5.689469 -6.000888 9.526634 -5.689469 -6.000888 9.526634 0.891674 0.625305 0.959033 -11.136981 429.190599 -526.322373
-5.162479 -5.557589 10.001563 -5.162479 -5.557589 10.001563 0.854945 0.837127 0.614476 -111.295338 276.882632 -622.199996
-4.675539 -5.015293 10.255344 -4.675539 -5.015293 10.255344 0.758198 0.954164 0.226611 -211.192651 113.240931 -670.684306
-4.265088 -4.431692 10.272234 -4.265088 -4.431692 10.272234 0.599213 0.975699 -0.167566 -318.759614 -41.458437 -643.237984
-3.967327 -3.862746 10.061105 -3.967327 -3.862746 10.061105 0.386008 0.905772 -0.527543 -391.923169 -191.631618 -556.685297
-3.806702 -3.359619 9.653485 -3.806702 -3.359619 9.653485 0.148689 0.761579 -0.816008 -399.140628 -289.013399 -404.864909
-3.787175 -2.958158 9.100743 -3.787175 -2.958158 9.100743 -0.080003 0.570856 -1.010235 -363.165179 -346.730219 -242.557895
-3.896048 -2.678113 8.460297 -3.896048 -2.678113 8.460297 -0.275407 0.362531 -1.108994 -288.181012 -347.683637 -86.641471
-4.104375 -2.519559 7.788712 -4.104375 -2.519559 7.788712 -0.404366 0.172012 -1.113943 -141.683821 -287.381100 70.146751
-4.361774 -2.462843 7.140862 -4.361774 -2.462843 7.140862 -0.435757 0.025769 -1.032411 37.049532 -200.095449 201.625765
-4.604620 -2.477393 6.561980 -4.604620 -2.477393 6.561980 -0.353833 -0.064261 -0.890073 236.029414 -100.003223 272.835898
-4.762796 -2.526545 6.078907 -4.762796 -2.526545 6.078907 -0.154024 -0.087235 -0.717070 430.000463 23.421979 303.838876
-4.767553 -2.567405 5.702532 -4.767553 -2.567405 5.702532 0.155263 -0.036855 -0.538888 600.956405 144.510050 290.101686
-4.559756 -2.559241 5.427632 -4.559756 -2.559241 5.427632 0.548175 0.071178 -0.383756 708.748293 215.600697 227.005500
-4.100674 -2.476329 5.234373 -4.100674 -2.476329 5.234373 0.986435 0.207525 -0.266882 752.119094 238.888337 162.572734
-3.374392 -2.308243 5.098811 -3.374392 -2.308243 5.098811 1.432906 0.353712 -0.192822 736.117351 248.404302 84.295975
-2.388505 -2.054293 4.993088 -2.388505 -2.054293 4.993088 1.842786 0.487802 -0.168258 630.149858 198.559646 -2.417607
-1.179130 -1.731737 4.889331 -1.179130 -1.731737 4.889331 2.172260 0.577609 -0.181542 468.097754 100.799563 -41.862929
0.196481 -1.373352 4.772740 0.196481 -1.373352 4.772740 2.393102 0.606469 -0.207311 268.043543 -4.601332 -44.033834
1.665358 -1.016637 4.641057 1.665358 -1.016637 4.641057 2.477770 0.572019 -0.230584 14.180383 -110.232578 -33.541176
3.140761 -0.698278 4.499273 3.140761 -0.698278 4.499273 2.417219 0.480828 -0.237689 -216.015705 -193.737080 9.857534
4.539748 -0.447851 4.363894 4.539748 -0.447851 4.363894 2.225306 0.348601 -0.204475 -423.694686 -247.019439 100.854205
5.789965 -0.283628 4.262309 5.789965 -0.283628 4.262309 1.927579 0.198018 -0.129227 -568.728328 -254.924607 149.973702
6.844141 -0.210704 4.211768 6.844141 -0.210704 4.211768 1.586342 0.045063 -0.039243 -568.728328 -254.924607 149.973702
