-7.730200 -5.450922 -1.817894 -7.730200 -5.450922 -1.817894 0.318764 -0.291697 0.185226 593.581007 397.771084 -602.240890
-7.432097 -5.554342 -1.815162 -7.432097 -5.554342 -1.815162 0.674913 -0.053034 -0.176119 593.581007 397.771084 -602.240890
-6.922431 -5.518458 -2.028995 -6.922431 -5.518458 -2.028995 1.020434 0.166158 -0.536252 558.155937 332.869165 -598.204385
-6.218259 -5.364323 -2.456183 -6.218259 -5.364323 -2.456183 1.312542 0.338497 -0.883973 415.536979 241.594387 -560.865684
-5.366401 -5.124782 -3.081292 -5.366401 -5.124782 -3.081292 1.509549 0.448233 -1.189343 241.154050 124.191860 -457.031365
-4.429483 -4.841116 -3.866316 -4.429483 -4.841116 -3.866316 1.593142 0.484604 -1.409323 37.488609 -2.954489 -276.237132
-3.481515 -4.556704 -4.748286 -3.481515 -4.556704 -4.748286 1.542312 0.453738 -1.508334 -206.920444 -99.930902 -53.798239
-2.605361 -4.307182 -5.649341 -2.605361 -4.307182 -5.649341 1.358222 0.370112 -1.472470 -406.713852 -178.822238 173.345369
-1.872956 -4.119147 -6.488334 -1.872956 -4.119147 -6.488334 1.067594 0.253598 -1.302027 -562.047603 -209.558563 394.797415
-1.339939 -4.003543 -7.187033 -1.339939 -4.003543 -7.187033 0.698512 0.133691 -1.007881 -668.222993 -190.130705 585.689725
-1.043146 -3.954561 -7.678475 -1.043146 -3.954561 -7.678475 0.287403 0.034566 -0.617154 -702.141044 -140.286275 716.730917
-0.995524 -3.954258 -7.915373 -0.995524 -3.954258 -7.915373 -0.126052 -0.025531 -0.165201 -676.042597 -60.039242 789.781309
-1.185122 -3.973655 -7.874010 -1.185122 -3.973655 -7.874010 -0.493074 -0.027912 0.300280 -547.364697 52.103809 761.819973
-1.567985 -3.974721 -7.561401 -1.567985 -3.974721 -7.561401 -0.763956 0.034862 0.733938 -355.575891 157.144211 683.708278
-2.078345 -3.920502 -7.007420 -2.078345 -3.920502 -7.007420 -0.917216 0.154229 1.096920 -155.288945 240.743322 526.232039
-2.642315 -3.782067 -6.267052 -2.642315 -3.782067 -6.267052 -0.938834 0.311493 1.350126 83.227830 283.470925 317.786592
-3.177215 -3.543635 -5.412626 -3.177215 -3.543635 -5.412626 -0.821800 0.484134 1.476545 306.885701 291.998552 103.611754
-3.603426 -3.202822 -4.521098 -3.603426 -3.202822 -4.521098 -0.579517 0.648195 1.473467 500.724804 254.872869 -113.874197
-3.854103 -2.773195 -3.669763 -3.854103 -2.773195 -3.669763 -0.244572 0.775286 1.343903 615.756301 168.762782 -318.005839
-3.885660 -2.284819 -2.928237 -3.885660 -2.284819 -2.928237 0.146636 0.840677 1.115228 688.270571 49.205748 -444.242085
-3.673869 -1.780160 -2.344640 -3.673869 -1.780160 -2.344640 0.559203 0.827184 0.820799 686.953583 -94.181518 -537.188803
-3.219536 -1.308680 -1.950124 -3.219536 -1.308680 -1.950124 0.947173 0.731283 0.492137 606.281152 -225.486499 -558.350022
-2.549078 -0.916776 -1.751917 -2.549078 -0.916776 -1.751917 1.276059 0.564600 0.174267 490.003146 -330.125759 -501.217370
-1.705123 -0.642574 -1.731119 -1.705123 -0.642574 -1.731119 1.520656 0.340848 -0.094180 325.320016 -415.714959 -393.606703
-0.743810 -0.513922 -1.850842 -0.743810 -0.513922 -1.850842 1.667657 0.086281 -0.292169 164.685477 -432.840429 -266.356592
0.276402 -0.536885 -2.064619 0.276402 -0.536885 -2.064619 1.716341 -0.157523 -0.404641 -2.407156 -379.839097 -108.550819
1.296987 -0.694674 -2.318748 1.296987 -0.694674 -2.318748 1.670964 -0.359950 -0.428796 -148.849335 -294.917742 28.036253
2.267291 -0.954362 -2.561875 2.267291 -0.954362 -2.561875 1.554248 -0.490064 -0.366458 -240.203788 -138.795994 179.755289
3.155367 -1.264569 -2.745608 3.155367 -1.264569 -2.745608 1.403947 -0.529268 -0.239675 -260.797460 8.116517 242.856772
3.950792 -1.580669 -2.845699 3.950792 -1.580669 -2.845699 1.247469 -0.524398 -0.093961 -260.797460 8.116517 242.856772
