2.424202 6.306940 -7.779611 2.424202 6.306940 -7.779611 2.439972 0.642161 1.582717 307.857610 -457.155395 519.817148
3.943599 6.609948 -6.736414 3.943599 6.609948 -6.736414 2.624686 0.367868 1.894607 307.857610 -457.155395 519.817148
5.562782 6.746053 -5.515281 5.562782 6.746053 -5.515281 2.754184 0.081936 2.160504 123.802198 -495.950599 366.506165
7.221837 6.706133 -4.167195 7.221837 6.706133 -4.167195 2.749764 -0.214689 2.309468 -138.535714 -492.799383 130.040830
8.832634 6.493309 -2.772114 8.832634 6.493309 -2.772114 2.596020 -0.486904 2.317459 -373.945121 -414.582514 -103.406341
10.311476 6.134143 -1.413395 10.311476 6.134143 -1.413395 2.314351 -0.697646 2.189697 -564.950643 -287.891414 -322.467175
11.590488 5.673850 -0.169799 11.590488 5.673850 -0.169799 1.935847 -0.819807 1.935329 -696.731137 -119.312061 -525.425457
12.622471 5.171593 0.889174 12.622471 5.171593 0.889174 1.497239 -0.835878 1.581833 -765.293973 65.742565 -652.894644
13.383880 4.692220 1.716125 13.383880 4.692220 1.716125 1.042156 -0.744835 1.166960 -751.650637 237.734233 -730.013962
13.878641 4.298233 2.285779 13.878641 4.298233 2.285779 0.614987 -0.551585 0.733351 -672.245698 406.432483 -715.349488
14.136153 4.046419 2.602014 14.136153 4.046419 2.602014 0.259261 -0.277833 0.329079 -513.508313 506.073530 -632.226064
14.210637 3.973318 2.695009 14.210637 3.973318 2.695009 0.007953 0.038338 -0.003516 -324.183487 547.829482 -476.423948
14.169088 4.093326 2.618726 14.169088 4.093326 2.618726 -0.126399 0.359017 -0.231454 -123.657500 521.101702 -283.366959
14.083771 4.398325 2.441275 14.083771 4.398325 2.441275 -0.136687 0.650631 -0.339340 89.366223 450.941659 -76.253706
14.028114 4.861254 2.237418 14.028114 4.861254 2.237418 -0.031725 0.878101 -0.317727 260.504179 307.292251 148.295604
14.063945 5.432220 2.084033 14.063945 5.432220 2.084033 0.164455 1.006439 -0.175958 393.431907 120.503272 324.267779
14.237568 6.046537 2.045042 14.237568 6.046537 2.045042 0.421174 1.022555 0.059678 462.295195 -66.783628 461.185639
14.574454 6.637469 2.168495 14.574454 6.637469 2.168495 0.703397 0.929588 0.359556 478.450885 -243.106782 538.408136
15.079824 7.142477 2.481977 15.079824 7.142477 2.481977 0.976516 0.738796 0.686777 431.944859 -392.867944 552.328998
15.737849 7.508914 2.990636 15.737849 7.508914 2.990636 1.207514 0.472454 1.004038 338.046963 -494.936976 505.208253
16.515919 7.701119 3.677903 16.515919 7.701119 3.677903 1.373906 0.164597 1.276697 216.593701 -531.255378 403.652982
17.371231 7.705698 4.508776 17.371231 7.705698 4.508776 1.463772 -0.146923 1.479876 82.958938 -507.143377 273.611850
18.257009 7.530736 5.437926 18.257009 7.530736 5.437926 1.476460 -0.428818 1.603914 -40.665615 -432.504766 139.849474
19.129754 7.203128 6.417498 19.129754 7.203128 6.417498 1.423003 -0.650656 1.648075 -137.521537 -306.955785 7.353245
19.955199 6.767147 7.400345 19.955199 6.767147 7.400345 1.322477 -0.786506 1.615881 -197.567477 -145.878658 -114.667723
20.712029 6.277405 8.344324 20.712029 6.277405 8.344324 1.198466 -0.831935 1.522533 -215.801925 -5.552007 -196.492553
21.393338 5.786030 9.221238 21.393338 5.786030 9.221238 1.074351 -0.791340 1.398451 -197.913962 140.867906 -217.113795
22.004698 5.344208 10.021327 22.004698 5.344208 10.021327 0.967473 -0.668687 1.268678 -158.347706 267.977053 -215.462340
22.560309 4.994105 10.745881 22.560309 4.994105 10.745881 0.890617 -0.493536 1.150055 -97.839294 315.859047 -179.947671
23.080855 4.755184 11.407546 23.080855 4.755184 11.407546 0.850846 -0.302287 1.062199 -34.730779 321.636597 -112.904346
23.587974 4.629578 12.028076 23.587974 4.629578 12.028076 0.844324 -0.119946 1.012119 12.993453 286.168803 -54.029879
24.097851 4.604982 12.628649 24.097851 4.604982 12.628649 0.856839 0.031061 0.994836 28.722708 217.188713 -3.579917
24.616343 4.655449 13.227212 24.616343 4.655449 13.227212 0.870162 0.125051 1.004216 15.687939 96.110978 34.846716
25.138671 4.741662 13.836077 25.138671 4.741662 13.836077 0.866610 0.152131 1.025439 -27.528298 -5.845722 35.895223
25.648671 4.825497 14.454853 25.648671 4.825497 14.454853 0.825037 0.116669 1.032234 -111.048597 -112.359142 -13.244302
26.117620 4.870247 15.067871 26.117620 4.870247 15.067871 0.727983 0.024118 1.004596 -212.465396 -196.144802 -78.883696
26.511014 4.847435 15.651611 26.511014 4.847435 15.651611 0.574747 -0.103455 0.933174 -298.320913 -229.099579 -159.189456
26.796747 4.744767 16.177114 26.796747 4.744767 16.177114 0.368667 -0.237700 0.808920 -388.614277 -218.383245 -254.988451
26.944452 4.565570 16.611900 26.944452 4.565570 16.611900 0.117776 -0.355070 0.632588 -447.687397 -172.850304 -332.786826
26.934372 4.326517 16.928195 26.934372 4.326517 16.928195 -0.151648 -0.433268 0.416137 -450.392520 -87.810813 -388.714794
26.766350 4.057751 17.107393 26.766350 4.057751 17.107393 -0.401697 -0.450953 0.180329 -383.104297 28.863034 -397.314059
26.461176 3.797891 17.146094 26.461176 3.797891 17.146094 -0.607542 -0.406054 -0.047958 -303.045759 120.799416 -363.640633
26.042103 3.576002 17.051864 26.042103 3.576002 17.051864 -0.789369 -0.333574 -0.266142 -303.045759 120.799416 -363.640633
