9.695352 4.808884 5.735629 9.695352 4.808884 5.735629 1.259846 0.581789 0.684479 -88.407177 -228.307976 510.345783
10.435346 5.116861 6.238178 10.435346 5.116861 6.238178 1.206802 0.444804 0.990686 -88.407177 -228.307976 510.345783
11.135815 5.340634 6.918108 11.135815 5.340634 6.918108 1.115259 0.297746 1.265172 -216.734974 -261.884135 404.607516
11.754691 5.473299 7.738651 11.754691 5.473299 7.738651 0.928885 0.146401 1.450992 -404.512472 -242.600864 214.792713
12.231121 5.520869 8.635826 12.231121 5.520869 8.635826 0.645732 0.017829 1.519453 -539.331512 -185.970830 13.410738
12.516429 5.505589 9.541381 12.516429 5.505589 9.541381 0.296878 -0.056266 1.484842 -623.514601 -61.014508 -128.782511
12.579962 5.466147 10.400498 12.579962 5.466147 10.400498 -0.089038 -0.066375 1.364541 -662.870276 27.318835 -272.220469
12.409908 5.437123 11.165403 12.409908 5.437123 11.165403 -0.473330 -0.020563 1.177109 -618.103622 125.388166 -352.551236
12.020492 5.451738 11.804559 12.020492 5.451738 11.804559 -0.814994 0.076583 0.947325 -520.776160 198.432697 -413.395307
11.437756 5.533406 12.298543 11.437756 5.533406 12.298543 -1.127459 0.195643 0.699288 -520.776160 198.432697 -413.395307
