1.512388 -4.978965 6.815967 1.512388 -4.978965 6.815967 2.922911 -0.496590 0.928571 -298.514771 319.862036 305.611154
3.212402 -5.219344 7.428119 3.212402 -5.219344 7.428119 2.743802 -0.304672 1.111937 -298.514771 319.862036 305.611154
4.795335 -5.343275 8.140967 4.795335 -5.343275 8.140967 2.516613 -0.106271 1.248683 -458.783801 341.476560 150.206478
6.212101 -5.346390 8.905727 6.212101 -5.346390 8.905727 2.188242 0.094522 1.281371 -635.785724 327.833654 -41.244325
7.404146 -5.233857 9.658526 7.404146 -5.233857 9.658526 1.774476 0.275272 1.213622 -743.433151 274.666267 -184.586009
8.334918 -5.026068 10.346551 8.334918 -5.026068 10.346551 1.327935 0.406002 1.068259 -745.037541 161.099745 -299.957496
9.002780 -4.760540 10.929316 9.002780 -4.760540 10.929316 0.906952 0.467303 0.867294 -658.238239 43.237445 -369.926061
9.435568 -4.477834 11.381523 9.435568 -4.477834 11.381523 0.547508 0.465955 0.637423 -539.908221 -47.732449 -396.312203
9.676980 -4.211995 11.694164 9.676980 -4.211995 11.694164 0.274017 0.411603 0.407254 -371.728569 -133.440252 -370.915234
9.787579 -3.992181 11.875932 9.787579 -3.992181 11.875932 0.116477 0.315898 0.205604 -153.405144 -185.575546 -301.253519
9.841559 -3.836855 11.950546 9.841559 -3.836855 11.950546 0.082970 0.200504 0.052240 41.713460 -199.072522 -209.958170
9.909737 -3.750402 11.949402 9.909737 -3.750402 11.949402 0.162433 0.090981 -0.047215 223.162908 -166.004930 -121.558190
10.055934 -3.720950 11.902572 10.055934 -3.720950 11.902572 0.339175 0.015100 -0.103252 365.977242 -86.930742 -65.233828
10.329661 -3.720811 11.832291 10.329661 -3.720811 11.832291 0.580490 -0.003424 -0.125330 438.408980 25.184492 -8.357855
10.758444 -3.711962 11.758004 10.758444 -3.711962 11.758004 0.851414 0.043537 -0.118269 464.668114 131.350991 31.894244
11.351215 -3.656021 11.691039 11.351215 -3.656021 11.691039 1.121627 0.153227 -0.107856 436.044335 234.282138 2.815666
12.097903 -3.517198 11.623972 12.097903 -3.517198 11.623972 1.359373 0.317374 -0.120466 356.439644 312.874549 -44.850061
12.971079 -3.269075 11.540405 12.971079 -3.269075 11.540405 1.540201 0.512010 -0.163452 246.321432 335.913692 -98.435680
13.931682 -2.901203 11.420072 13.931682 -2.901203 11.420072 1.648716 0.714563 -0.245227 115.394509 339.262105 -174.146903
14.933943 -2.416548 11.239078 14.933943 -2.416548 11.239078 1.679255 0.892370 -0.362272 -13.596453 253.427861 -216.005435
15.933905 -1.842152 10.980918 15.933905 -1.842152 10.980918 1.645383 1.011213 -0.501456 -99.311507 142.714615 -247.939032
16.903259 -1.209736 10.635416 16.903259 -1.209736 10.635416 1.585796 1.096841 -0.650219 -99.311507 142.714615 -247.939032
