-6.350346 1.907453 -5.220084 -6.350346 1.907453 -5.220084 -0.705602 -0.483547 0.669554 -3.176957 395.249859 457.954710
-6.774279 1.688470 -4.735920 -6.774279 1.688470 -4.735920 -0.707508 -0.246397 0.944327 -3.176957 395.249859 457.954710
-7.191345 1.609438 -4.097859 -7.191345 1.609438 -4.097859 -0.669358 -0.020942 1.164264 130.343719 356.266371 275.168113
-7.559314 1.655545 -3.364027 -7.559314 1.655545 -3.364027 -0.540231 0.165537 1.258084 300.081300 265.331047 37.564107
-7.823144 1.794896 -2.616761 -7.823144 1.794896 -2.616761 -0.328713 0.286081 1.208890 404.979448 136.481045 -201.542562
-7.945832 1.983065 -1.940068 -7.945832 1.983065 -1.940068 -0.077510 0.327738 1.026149 432.362354 2.374413 -407.595215
-7.915197 2.173125 -1.407733 -7.915197 2.173125 -1.407733 0.178488 0.294113 0.731659 420.964830 -114.457324 -574.035570
-7.734698 2.323752 -1.078100 -7.734698 2.323752 -1.078100 0.419230 0.199248 0.357054 381.506911 -201.759752 -674.650072
-7.419277 2.403483 -0.986426 -7.419277 2.403483 -0.986426 0.624196 0.060689 -0.053343 301.716174 -260.101241 -693.337893
-6.996725 2.392648 -1.140227 -6.996725 2.392648 -1.140227 0.773853 -0.097522 -0.454317 197.137664 -267.270835 -643.242939
-6.502292 2.289349 -1.521370 -6.502292 2.289349 -1.521370 0.865317 -0.241271 -0.804108 107.745117 -211.892384 -522.728376
-5.968424 2.110372 -2.088239 -5.968424 2.110372 -2.088239 0.906381 -0.348771 -1.069309 29.134859 -146.440099 -361.273313
-5.422203 1.881246 -2.782377 -5.422203 1.881246 -2.782377 0.909602 -0.404154 -1.223692 -18.400307 -38.171039 -153.336358
-4.880066 1.638369 -3.531479 -4.880066 1.638369 -3.531479 0.896999 -0.394627 -1.252126 -23.609048 69.928736 58.555397
-4.344566 1.419631 -4.261271 -4.344566 1.419631 -4.261271 0.890588 -0.325414 -1.162274 2.240541 160.781955 240.950010
-3.807014 1.256336 -4.907154 -3.807014 1.256336 -4.907154 0.905910 -0.213883 -0.977151 48.830035 210.986820 376.127674
-3.251026 1.168646 -5.419293 -3.251026 1.168646 -5.419293 0.953469 -0.073978 -0.719231 109.701068 255.365262 483.607403
-2.655848 1.168942 -5.761186 -2.655848 1.168942 -5.761186 1.036044 0.072826 -0.416086 165.548368 233.981700 526.872982
-2.001213 1.249406 -5.917455 -2.001213 1.249406 -5.917455 1.151425 0.186469 -0.107236 219.054870 144.828097 502.630006
-1.269925 1.382004 -5.895460 -1.269925 1.382004 -5.895460 1.287872 0.246607 0.173659 235.769422 55.630662 433.685384
-0.456868 1.533144 -5.719066 -0.456868 1.533144 -5.719066 1.418812 0.245793 0.404544 200.697459 -58.343695 335.932146
0.426456 1.661600 -5.422963 0.426456 1.661600 -5.422963 1.518788 0.168198 0.570645 132.554968 -200.305173 217.736374
1.356049 1.720397 -5.048744 1.356049 1.720397 -5.048744 1.570622 0.017681 0.664486 40.225578 -301.420200 95.068213
2.298023 1.672853 -4.638502 2.298023 1.672853 -4.638502 1.556556 -0.182655 0.693715 -87.113690 -366.365114 2.360745
3.207620 1.495097 -4.225427 3.207620 1.495097 -4.225427 1.461011 -0.413563 0.677238 -231.367155 -403.328541 -57.283911
4.035385 1.176689 -3.831379 4.035385 1.176689 -3.831379 1.286212 -0.643915 0.632951 -351.298155 -364.513093 -90.338536
4.738694 0.730050 -3.467690 4.738694 0.730050 -3.467690 1.049509 -0.836011 0.579640 -437.711281 -275.804913 -87.365523
5.286801 0.185735 -3.132623 5.286801 0.185735 -3.132623 0.772831 -0.966810 0.542265 -484.549873 -160.192986 -37.219157
5.663594 -0.412473 -2.810939 5.663594 -0.412473 -2.810939 0.483670 -1.009363 0.535060 -479.319653 18.348635 13.202819
5.871376 -1.004488 -2.483386 5.871376 -1.004488 -2.483386 0.215369 -0.946853 0.563683 -415.016183 190.018271 82.208322
5.934243 -1.529628 -2.127478 5.934243 -1.529628 -2.127478 0.008099 -0.788997 0.627511 -275.884413 336.168233 130.550970
5.902306 -1.933763 -1.727371 5.902306 -1.933763 -1.727371 -0.093113 -0.543531 0.706351 -61.488446 482.052140 132.248892
5.844878 -2.169046 -1.278987 5.844878 -2.169046 -1.278987 -0.082471 -0.233967 0.789541 96.963205 549.828819 145.050945
5.812849 -2.210457 -0.779153 5.812849 -2.210457 -0.779153 -0.024293 0.095930 0.876571 96.963205 549.828819 145.050945
