1.549000 -3.125744 -8.901592 1.549000 -3.125744 -8.901592 0.224096 -1.017242 0.343303 84.924614 98.857175 433.536702
1.698744 -3.718296 -8.617574 1.698744 -3.718296 -8.617574 0.275050 -0.957928 0.603425 84.924614 98.857175 433.536702
1.877812 -4.266878 -8.181358 1.877812 -4.266878 -8.181358 0.319759 -0.856710 0.844165 64.105297 238.535706 368.930883
2.078433 -4.727780 -7.615906 2.078433 -4.727780 -7.615906 0.344357 -0.662653 1.028254 17.888084 408.320698 244.698871
2.283351 -5.045267 -6.962029 2.283351 -5.045267 -6.962029 0.330510 -0.384626 1.139467 -64.047533 518.438868 126.010305
2.464051 -5.180370 -6.260271 2.464051 -5.180370 -6.260271 0.261694 -0.061792 1.192051 -165.338871 557.671280 49.269705
2.585091 -5.117086 -5.540975 2.585091 -5.117086 -5.540975 0.131411 0.272703 1.197601 -268.935354 557.313168 -30.767465
2.611235 -4.857664 -4.830481 2.611235 -4.857664 -4.830481 -0.051422 0.584512 1.166497 -340.509323 482.051749 -72.913600
2.515029 -4.428261 -4.143886 2.515029 -4.428261 -4.143886 -0.276032 0.833371 1.121853 -408.190889 347.477947 -75.900554
2.276641 -3.876419 -3.482357 2.276641 -3.876419 -3.482357 -0.517418 0.988225 1.086712 -396.430034 168.701996 -41.236570
1.898025 -3.264866 -2.833719 1.898025 -3.264866 -2.833719 -0.739313 1.030705 1.082136 -343.217835 -27.102175 25.984035
1.398619 -2.662100 -2.177738 1.398619 -2.662100 -2.177738 -0.915440 0.960550 1.107839 -243.873924 -206.746844 59.694387
0.813986 -2.132325 -1.498199 0.813986 -2.132325 -1.498199 -1.019123 0.789797 1.164108 -101.735868 -362.432983 127.867265
0.195738 -1.731673 -0.775111 0.195738 -1.731673 -0.775111 -1.022470 0.532399 1.248864 90.579429 -495.560284 154.651754
-0.388654 -1.503212 0.001662 -0.388654 -1.503212 0.001662 -0.904193 0.226174 1.339739 303.677877 -525.188503 148.266513
-0.867168 -1.461042 0.829532 -0.867168 -1.461042 0.829532 -0.675289 -0.083940 1.415396 459.333844 -508.523779 103.923132
-1.189662 -1.602940 1.697476 -1.189662 -1.602940 1.697476 -0.399689 -0.389054 1.477750 459.333844 -508.523779 103.923132
