-3.535400 -0.290111 -2.324608 -3.535400 -0.290111 -2.324608 1.937033 1.179549 -0.192551 396.183572 289.587921 -591.134810
-2.301867 0.469744 -2.546543 -2.301867 0.469744 -2.546543 2.174744 1.353302 -0.547232 396.183572 289.587921 -591.134810
-0.931529 1.325128 -2.974365 -0.931529 1.325128 -2.974365 2.383348 1.483442 -0.867306 299.166372 144.214239 -475.777620
0.542570 2.228972 -3.569223 0.542570 2.228972 -3.569223 2.514048 1.509073 -1.096947 136.497376 -58.779174 -289.691976
2.063953 3.112124 -4.266979 2.063953 3.112124 -4.266979 2.537867 1.415246 -1.207982 -57.099155 -253.977358 -80.425568
3.565274 3.905570 -4.995313 3.565274 3.905570 -4.995313 2.448002 1.212933 -1.201579 -242.452443 -420.397838 101.769054
4.979196 4.551398 -5.688336 4.979196 4.551398 -5.688336 2.246341 0.929395 -1.092487 -429.749474 -524.729005 261.869269
6.239949 5.011746 -6.289190 6.239949 5.011746 -6.289190 1.940011 0.600365 -0.897855 -591.349158 -572.038548 386.904069
7.291524 5.268852 -6.753787 7.291524 5.268852 -6.753787 1.555257 0.256411 -0.643346 -691.166855 -574.473645 461.458723
8.099265 5.324117 -7.055093 8.099265 5.324117 -7.055093 1.135539 -0.064153 -0.358274 -707.890775 -494.073397 488.783957
8.656143 5.204785 -7.185143 8.656143 5.204785 -7.185143 0.725680 -0.320132 -0.080340 -658.305893 -359.189425 437.661882
8.979674 4.958193 -7.159855 8.979674 4.958193 -7.159855 0.363785 -0.484939 0.155821 -548.013464 -190.168259 349.540319
9.109876 4.643737 -7.008594 9.109876 4.643737 -7.008594 0.087847 -0.545354 0.339803 -371.777200 -11.213916 263.733838
9.108452 4.325459 -6.763360 9.108452 4.325459 -6.763360 -0.071285 -0.497321 0.467442 -158.664304 171.324440 161.729301
9.051926 4.066507 -6.460295 9.051926 4.066507 -6.460295 -0.092458 -0.351514 0.531925 88.089369 314.696135 53.214317
9.026129 3.917394 -6.135775 9.026129 3.917394 -6.135775 0.029505 -0.136945 0.542783 318.451747 400.534477 -17.021028
9.111723 3.910169 -5.815355 9.111723 3.910169 -5.815355 0.273425 0.117605 0.521642 494.615175 447.966904 -53.448974
9.373351 4.060374 -5.512100 9.373351 4.060374 -5.512100 0.612906 0.381423 0.489025 636.987938 431.426787 -55.273356
9.859901 4.362485 -5.226385 9.859901 4.362485 -5.226385 1.015842 0.618284 0.467105 706.134169 358.107877 -17.793451
10.595082 4.791278 -4.946941 10.595082 4.791278 -4.946941 1.432379 0.799962 0.468347 682.320279 247.487568 21.931590
11.572372 5.307043 -4.657887 11.572372 5.307043 -4.657887 1.816997 0.904657 0.501994 599.742085 101.493883 90.227075
12.761804 5.859668 -4.336470 12.761804 5.859668 -4.336470 2.133242 0.923359 0.576029 454.407362 -39.153876 156.555196
14.111756 6.398971 -3.961582 14.111756 6.398971 -3.961582 2.346953 0.861547 0.675415 257.960693 -166.884723 174.730903
15.554726 6.879934 -3.524948 15.554726 6.879934 -3.524948 2.443554 0.731787 0.779923 64.045095 -265.650945 173.628669
17.019702 7.268641 -3.027445 17.019702 7.268641 -3.027445 2.418558 0.559654 0.875583 -147.365900 -308.123904 145.237989
18.434492 7.549033 -2.479899 18.434492 7.549033 -2.479899 2.281045 0.375090 0.942992 -311.011319 -307.088265 79.458704
19.739523 7.721499 -1.906780 19.739523 7.721499 -1.906780 2.056368 0.204275 0.955771 -437.910691 -262.297550 -36.862455
20.889341 7.801674 -1.347724 20.889341 7.801674 -1.347724 1.767723 0.071018 0.894799 -524.240573 -181.892608 -166.375142
21.855735 7.817707 -0.847437 21.855735 7.817707 -0.847437 1.453799 -0.007303 0.761750 -522.171458 -79.175581 -277.124209
22.636642 7.805513 -0.445789 22.636642 7.805513 -0.445789 1.153588 -0.022612 0.567877 -478.532233 28.146237 -369.116230
23.246946 7.802517 -0.175309 23.246946 7.802517 -0.175309 0.887901 0.021795 0.327381 -407.091108 119.875875 -432.538723
23.714264 7.840827 -0.057907 23.714264 7.840827 -0.057907 0.682917 0.112002 0.062010 -276.190336 180.812723 -452.032595
24.081575 7.941787 -0.099244 24.081575 7.941787 -0.099244 0.553575 0.226553 -0.195093 -154.950392 201.025856 -404.976231
24.391568 8.112974 -0.282341 24.391568 8.112974 -0.282341 0.489302 0.342516 -0.403808 -59.291997 185.517883 -290.741173
24.679680 8.347251 -0.567591 24.679680 8.347251 -0.567591 0.479743 0.430698 -0.531409 27.430280 108.419951 -134.593261
24.975707 8.619305 -0.899722 24.975707 8.619305 -0.899722 0.512422 0.466349 -0.557463 81.496732 10.416275 47.744136
25.298730 8.894724 -1.212619 25.298730 8.894724 -1.212619 0.565821 0.441274 -0.463878 96.499851 -93.999510 264.208022
25.653834 9.134804 -1.431388 25.653834 9.134804 -1.431388 0.614929 0.346054 -0.245354 67.195018 -223.399007 464.203080
26.031730 9.296433 -1.486157 26.031730 9.296433 -1.486157 0.639462 0.183055 0.077605 14.581221 -319.931117 612.327109
26.418031 9.348678 -1.329375 26.418031 9.348678 -1.329375 0.648211 -0.008904 0.445001 14.581221 -319.931117 612.327109
