-9.649542 -6.606304 -5.861385 -9.649542 -6.606304 -5.861385 0.591266 -0.321377 1.308131 -21.467459 571.302110 213.339416
-9.298646 -6.696296 -5.038106 -9.298646 -6.696296 -5.038106 0.578385 0.021404 1.436135 -21.467459 571.302110 213.339416
-8.951895 -6.579961 -4.140900 -8.951895 -6.579961 -4.140900 0.583428 0.367473 1.549755 38.277549 582.260998 165.396623
-8.587964 -6.257700 -3.189055 -8.587964 -6.257700 -3.189055 0.641311 0.701679 1.610099 154.663919 531.759019 35.749651
-8.168875 -5.747296 -2.224600 -8.168875 -5.747296 -2.224600 0.766429 0.989137 1.591352 262.395393 426.434024 -98.241928
-7.656484 -5.086217 -1.296341 -7.656484 -5.086217 -1.296341 0.950375 1.199190 1.488061 350.759005 273.742057 -246.060066
-7.017940 -4.329026 -0.455490 -7.017940 -4.329026 -0.455490 1.186742 1.305452 1.301950 437.132653 80.463636 -374.308264
-6.224535 -3.543000 0.251343 -6.224535 -3.543000 0.251343 1.462402 1.295085 1.042560 481.733870 -115.017672 -490.325847
-5.260927 -2.796531 0.784601 -5.260927 -2.796531 0.784601 1.748713 1.176679 0.728264 472.634749 -279.670247 -557.329365
-4.130241 -2.149669 1.121950 -4.130241 -2.149669 1.121950 2.014215 0.964856 0.397417 412.370229 -426.405289 -545.493821
-2.855146 -1.652139 1.266022 -2.855146 -1.652139 1.266022 2.223337 0.685856 0.089178 284.705637 -503.596259 -481.968443
-1.479958 -1.332150 1.240201 -1.479958 -1.332150 1.240201 2.343853 0.379310 -0.162871 117.014975 -518.223996 -358.195003
-0.063407 -1.195357 1.088672 -0.063407 -1.195357 1.088672 2.359944 0.080815 -0.324446 -63.380484 -476.759546 -180.388734
1.328643 -1.226365 0.873677 1.328643 -1.226365 0.873677 2.259377 -0.173644 -0.371968 -271.841467 -371.437393 21.982837
2.625425 -1.388487 0.668682 2.625425 -1.388487 0.668682 2.046707 -0.351886 -0.287630 -437.057893 -222.701543 259.142888
3.765443 -1.630179 0.554926 3.765443 -1.630179 0.554926 1.737792 -0.437881 -0.071265 -592.659733 -63.947141 462.075287
4.696446 -1.894414 0.604386 4.696446 -1.894414 0.604386 1.357226 -0.426227 0.251208 -675.894940 102.793113 612.833996
5.389494 -2.123288 0.871087 5.389494 -2.123288 0.871087 0.953559 -0.322757 0.647235 -669.659780 242.106735 707.254834
5.844243 -2.266808 1.389304 5.844243 -2.266808 1.389304 0.567525 -0.144720 1.084439 -617.122163 351.348973 750.092661
6.081615 -2.287674 2.171982 6.081615 -2.287674 2.171982 0.236946 0.079705 1.519487 -484.806467 396.733647 700.067521
6.148198 -2.167838 3.202384 6.148198 -2.167838 3.202384 0.004465 0.320754 1.903013 -290.130542 406.765593 578.353901
6.112589 -1.906349 4.436759 6.112589 -1.906349 4.436759 -0.099934 0.543905 2.192345 -57.864903 337.069049 386.085605
6.055856 -1.524278 5.808382 6.055856 -1.524278 5.808382 -0.066443 0.721423 2.357595 169.500745 254.656700 164.745701
6.059936 -1.053439 7.238849 6.059936 -1.053439 7.238849 0.102438 0.834954 2.387726 393.434947 123.782263 -64.307180
6.202312 -0.537279 8.646252 6.202312 -0.537279 8.646252 0.388975 0.873757 2.280853 561.690101 5.561166 -291.937193
6.544713 -0.018756 9.951255 6.544713 -0.018756 9.951255 0.765545 0.843433 2.050891 693.543212 -106.641115 -474.602236
7.131086 0.463387 11.088224 7.131086 0.463387 11.088224 1.192711 0.755839 1.725441 730.341891 -185.339025 -610.230864
7.976348 0.881019 12.010460 7.976348 0.881019 12.010460 1.621788 0.632081 1.343366 699.916367 -227.189832 -663.353710
9.069288 1.219846 12.697004 9.069288 1.219846 12.697004 2.011144 0.498130 0.944999 597.936240 -219.312682 -664.536521
10.374151 1.482134 13.148389 10.374151 1.482134 13.148389 2.322650 0.380978 0.566287 440.416068 -171.195091 -597.837104
11.835410 1.684755 13.388584 11.835410 1.684755 13.388584 2.528871 0.302509 0.247755 246.986716 -90.367569 -463.936715
13.384324 1.855818 13.463836 13.384324 1.855818 13.463836 2.612729 0.277405 0.019930 32.541060 6.688386 -295.477978
14.946596 2.030474 13.433087 14.946596 2.030474 13.433087 2.576142 0.316463 -0.104962 -154.499216 123.506534 -120.830319
16.454566 2.246909 13.357361 16.454566 2.246909 13.357361 2.433916 0.412197 -0.132457 -319.585001 195.606123 29.181833
17.849518 2.533066 13.292636 17.849518 2.533066 13.292636 2.202804 0.547708 -0.067463 -450.790111 256.097706 187.462920
19.087744 2.908346 13.289886 19.087744 2.908346 13.289886 1.920759 0.704156 0.064939 -489.357836 265.394590 253.879445
20.152115 3.378611 13.374548 20.152115 3.378611 13.374548 1.627145 0.863393 0.217267 -489.357836 265.394590 253.879445
