8.575194 -4.988673 -8.665242 8.575194 -4.988673 -8.665242 0.658798 0.660204 -0.442562 67.333137 196.794956 683.171512
8.982592 -4.557127 -8.807808 8.982592 -4.557127 -8.807808 0.699197 0.778281 -0.032660 67.333137 196.794956 683.171512
9.409687 -4.062233 -8.704420 9.409687 -4.062233 -8.704420 0.716879 0.858870 0.377311 -8.394532 71.832348 683.395365
9.832986 -3.544882 -8.358278 9.832986 -3.544882 -8.358278 0.685254 0.847463 0.771071 -97.021388 -109.855092 629.138791
10.225832 -3.066674 -7.789943 10.225832 -3.066674 -7.789943 0.622830 0.729073 1.110791 -111.059361 -284.777855 503.260566
10.580158 -2.688330 -7.045033 10.580158 -2.688330 -7.045033 0.559285 0.519005 1.351988 -100.756855 -415.449085 300.732151
10.899096 -2.456120 -6.193503 10.899096 -2.456120 -6.193503 0.506349 0.247676 1.463455 -75.698119 -488.979940 70.821896
11.192795 -2.397155 -5.315597 11.192795 -2.397155 -5.315597 0.478506 -0.053831 1.441377 -17.110041 -516.042996 -144.415388
11.481336 -2.520233 -4.489780 11.481336 -2.520233 -4.489780 0.490825 -0.352915 1.289652 58.173238 -480.903781 -361.331729
11.789402 -2.812904 -3.792531 11.789402 -2.812904 -3.792531 0.541226 -0.613257 1.015341 109.829570 -386.904166 -553.038417
12.136095 -3.240839 -3.289482 12.136095 -3.240839 -3.289482 0.618066 -0.797087 0.650476 146.303072 -225.861221 -663.180933
12.533246 -3.748706 -3.021461 12.533246 -3.748706 -3.021461 0.705734 -0.877405 0.238107 145.923461 -41.865934 -711.381770
12.980171 -4.271436 -3.003879 12.980171 -4.271436 -3.003879 0.779381 -0.846279 -0.174887 99.567720 145.618924 -665.264697
13.461217 -4.742576 -3.221962 13.461217 -4.742576 -3.221962 0.816594 -0.706831 -0.541062 24.473414 319.208615 -555.319245
13.948627 -5.099840 -3.636878 13.948627 -5.099840 -3.636878 0.796525 -0.468420 -0.825862 -91.369879 475.495252 -394.014307
14.402396 -5.289880 -4.191506 14.402396 -5.289880 -4.191506 0.703203 -0.156008 -1.003208 -219.703162 565.876128 -197.136966
14.776374 -5.280057 -4.815180 14.776374 -5.280057 -4.815180 0.529398 0.191367 -1.052815 -359.645721 592.042722 31.779119
15.023022 -5.061467 -5.428601 15.023022 -5.061467 -5.428601 0.282339 0.532602 -0.971007 -463.882978 545.404964 240.915030
15.104941 -4.649888 -5.957277 15.104941 -4.649888 -5.957277 -0.015923 0.829071 -0.773641 -530.323609 442.826874 416.971837
14.998212 -4.080893 -6.339320 14.998212 -4.080893 -6.339320 -0.342699 1.053982 -0.488026 -558.930044 306.875609 535.076494
14.693908 -3.403777 -6.531986 14.693908 -3.403777 -6.531986 -0.668447 1.185557 -0.147799 -526.896492 131.705856 599.015422
14.204537 -2.679718 -6.512561 14.204537 -2.679718 -6.512561 -0.951892 1.209669 0.213016 -417.920500 -51.331132 603.699187
13.567848 -1.972655 -6.280388 13.567848 -1.972655 -6.280388 -1.154287 1.131376 0.553726 -256.731406 -209.646612 532.001150
12.840290 -1.338794 -5.858399 12.840290 -1.338794 -5.858399 -1.252193 0.969450 0.842892 -69.619918 -330.106874 431.888008
12.089860 -0.820814 -5.283288 12.089860 -0.820814 -5.283288 -1.226878 0.750029 1.060206 154.002815 -401.293471 292.489052
11.394586 -0.444342 -4.603255 11.394586 -0.444342 -4.603255 -1.068818 0.502692 1.192008 372.863959 -423.165820 146.850821
10.830295 -0.216431 -3.869084 10.830295 -0.216431 -3.869084 -0.795676 0.261122 1.242781 537.607718 -382.064811 22.394468
10.457563 -0.122058 -3.126111 10.457563 -0.122058 -3.126111 -0.433590 0.064239 1.222585 669.345406 -274.213054 -89.714548
10.321612 -0.126376 -2.412373 10.321612 -0.126376 -2.412373 -0.013378 -0.067805 1.150435 731.361001 -165.934848 -150.787009
10.444594 -0.189239 -1.750601 10.444594 -0.189239 -1.750601 0.422260 -0.128925 1.053227 720.766907 -37.796215 -173.236855
10.822071 -0.264941 -1.148951 10.822071 -0.264941 -1.148951 0.826633 -0.109320 0.953767 627.143367 103.145030 -158.299759
11.421490 -0.305721 -0.602213 11.421490 -0.305721 -0.602213 1.155685 -0.016205 0.873644 469.695510 207.237761 -108.775686
12.186521 -0.275070 -0.093577 12.186521 -0.275070 -0.093577 1.372877 0.123494 0.828529 254.277935 258.427179 -41.608770
13.042262 -0.153521 0.399385 13.042262 -0.153521 0.399385 1.456670 0.283229 0.820234 25.032009 274.020804 13.961704
13.906979 0.064478 0.896890 13.906979 0.064478 0.896890 1.402735 0.441330 0.842867 -204.814555 252.983784 61.480283
14.700023 0.371043 1.415926 14.700023 0.371043 1.415926 1.221197 0.574270 0.891005 -400.311679 190.148060 98.978785
15.351459 0.743403 1.967395 15.351459 0.743403 1.967395 0.934877 0.656216 0.945638 -554.087266 83.007223 83.131910
15.806414 1.146163 2.546982 15.806414 1.146163 2.546982 0.571250 0.676463 0.981723 -658.003281 -15.518772 37.152929
16.030492 1.542665 3.138819 16.030492 1.542665 3.138819 0.175287 0.634239 0.984589 -661.874457 -125.228680 -27.599280
16.019891 1.896200 3.718854 16.019891 1.896200 3.718854 -0.205017 0.536767 0.939274 -605.805418 -199.678096 -123.452028
15.793826 2.180925 4.254678 15.793826 2.180925 4.254678 -0.538548 0.409995 0.837611 -505.965731 -222.893233 -215.425870
15.390214 2.387338 4.714975 15.390214 2.387338 4.714975 -0.789174 0.278947 0.690892 -329.453343 -213.934882 -273.637123
14.868572 2.518724 5.076713 14.868572 2.518724 5.076713 -0.931024 0.163214 0.508995 -143.379908 -171.840651 -332.686855
14.294477 2.591274 5.321668 14.294477 2.591274 5.321668 -0.965411 0.087877 0.306592 28.758205 -79.283870 -341.987808
13.730131 2.637075 5.447902 13.730131 2.637075 5.447902 -0.899538 0.077033 0.120581 190.815985 43.138249 -278.048085
13.233464 2.699046 5.477262 13.233464 2.699046 5.477262 -0.741501 0.142851 -0.010946 335.976437 176.255179 -160.377480
12.852881 2.822475 5.448870 12.852881 2.822475 5.448870 -0.520711 0.278562 -0.071955 399.990262 276.114292 -42.984579
12.612452 3.039312 5.397960 12.612452 3.039312 5.397960 -0.280716 0.444230 -0.097746 399.990262 276.114292 -42.984579
