5.713031 -3.907665 -6.257063 5.713031 -3.907665 -6.257063 0.496076 -1.088616 0.285648 -421.811293 215.176760 281.027865
5.934751 -4.522102 -6.035090 5.934751 -4.522102 -6.035090 0.242989 -0.959510 0.454264 -421.811293 215.176760 281.027865
6.013652 -5.051726 -5.713937 6.013652 -5.051726 -5.713937 0.035067 -0.793653 0.612926 -271.262078 337.679248 247.842985
5.999769 -5.457373 -5.304540 5.999769 -5.457373 -5.304540 -0.058167 -0.542230 0.746781 -39.520477 500.399766 198.340935
5.971960 -5.687727 -4.826136 5.971960 -5.687727 -4.826136 -0.010856 -0.217431 0.838959 197.223531 582.261416 108.919599
6.012490 -5.713357 -4.307770 6.012490 -5.713357 -4.307770 0.165198 0.132033 0.881234 389.624754 582.619176 31.997498
6.191909 -5.532079 -3.775299 6.191909 -5.532079 -3.775299 0.449811 0.467539 0.890289 559.085300 535.732624 -1.813832
6.569711 -5.161765 -3.242904 6.569711 -5.161765 -3.242904 0.821662 0.755771 0.881941 680.417892 425.041728 -26.012291
7.188355 -4.641872 -2.718170 7.188355 -4.641872 -2.718170 1.245771 0.960411 0.867594 733.278566 257.093271 -21.813225
8.064165 -4.030874 -2.198242 8.064165 -4.030874 -2.198242 1.667524 1.057042 0.870997 672.564041 65.008527 33.156396
9.179490 -3.395968 -1.665135 9.179490 -3.395968 -1.665135 2.039807 1.040941 0.913593 568.378946 -118.678466 108.830396
10.495951 -2.802547 -1.093447 10.495951 -2.802547 -1.093447 2.332182 0.920829 0.998607 406.205660 -281.693102 174.550150
11.954685 -2.308823 -0.458354 11.954685 -2.308823 -0.458354 2.507445 0.711467 1.125886 178.003604 -416.180184 249.715496
13.477009 -1.961892 0.264951 13.477009 -1.961892 0.264951 2.543326 0.436575 1.289836 -58.399282 -500.129163 296.784313
14.980017 -1.790369 1.093058 14.980017 -1.790369 1.093058 2.445911 0.134503 1.471828 -266.317544 -506.777142 309.854557
16.387909 -1.797802 2.029690 16.387909 -1.797802 2.029690 2.227530 -0.154135 1.646545 -461.618599 -455.347808 272.536581
17.632646 -1.965947 3.062161 17.632646 -1.965947 3.062161 1.907114 -0.395852 1.787506 -606.436775 -350.377060 197.330569
18.663923 -2.257516 4.162789 18.663923 -2.257516 4.162789 1.524090 -0.561027 1.868928 -670.309911 -200.204419 74.077496
19.458462 -2.619694 5.286982 19.458462 -2.619694 5.286982 1.125608 -0.628775 1.860885 -657.962645 -25.622494 -100.886901
20.018808 -2.993217 6.375890 20.018808 -2.993217 6.375890 0.747902 -0.602380 1.753038 -601.057674 113.605678 -258.604062
20.359359 -3.334196 7.381164 20.359359 -3.334196 7.381164 0.387267 -0.534216 1.597875 -601.057674 113.605678 -258.604062
