8.097818 3.501417 1.588273 8.097818 3.501417 1.588273 0.627104 0.246030 0.815286 175.982948 -84.424005 -82.313462
8.505758 3.633839 2.062628 8.505758 3.633839 2.062628 0.732694 0.195376 0.765898 175.982948 -84.424005 -82.313462
8.976031 3.730128 2.508948 8.976031 3.730128 2.508948 0.833184 0.116023 0.724496 158.983201 -180.084396 -55.694394
9.499890 3.760686 2.935915 9.499890 3.760686 2.935915 0.905233 -0.025231 0.702550 81.179236 -290.762296 -17.458296
10.053516 3.689449 3.359465 10.053516 3.689449 3.359465 0.933311 -0.218495 0.717890 12.414943 -353.452490 68.590495
10.612691 3.494388 3.808145 10.612691 3.494388 3.808145 0.925529 -0.432278 0.787042 -38.353788 -359.156703 161.915904
11.157883 3.172271 4.314525 11.157883 3.172271 4.314525 0.886405 -0.638283 0.909242 -92.060627 -327.527747 245.419315
11.672481 2.735137 4.908487 11.672481 2.735137 4.908487 0.827797 -0.810843 1.077703 -103.298341 -247.671176 316.115530
12.152620 2.212088 5.613826 12.152620 2.212088 5.613826 0.776095 -0.919258 1.276456 -69.042827 -113.713578 346.397629
12.608364 1.649461 6.441101 12.608364 1.649461 6.441101 0.747243 -0.940506 1.479543 -27.130585 42.889562 330.556456
13.056587 1.102725 7.384708 13.056587 1.102725 7.384708 0.754764 -0.865535 1.659779 52.202040 207.013951 270.231259
13.524368 0.629116 8.423367 13.524368 0.629116 8.423367 0.813720 -0.699079 1.792669 144.316596 347.836410 172.736349
14.043918 0.278480 9.519945 14.043918 0.278480 9.519945 0.927015 -0.459372 1.845732 233.333766 451.189370 4.137990
14.644369 0.087340 10.617237 14.644369 0.087340 10.617237 1.078224 -0.172314 1.793757 270.697710 505.670278 -177.387656
15.341667 0.075436 11.651143 15.341667 0.075436 11.651143 1.248831 0.133405 1.635231 297.991145 513.393305 -351.031761
16.142870 0.244201 12.558992 16.142870 0.244201 12.558992 1.418954 0.422997 1.374094 269.084240 451.911171 -519.423504
17.037800 0.571232 13.282463 17.037800 0.571232 13.282463 1.556019 0.653588 1.024992 187.800195 316.728095 -644.250473
17.998164 1.010107 13.778322 17.998164 1.010107 13.778322 1.633442 0.792181 0.622587 70.275293 145.246103 -697.100997
18.981099 1.501079 14.026684 18.981099 1.501079 14.026684 1.626710 0.826925 0.205767 -92.712436 -29.432318 -692.299356
19.930093 1.980597 14.029195 19.930093 1.980597 14.029195 1.519360 0.752571 -0.191288 -265.122017 -218.413495 -631.216456
20.783097 2.382890 13.810367 20.783097 2.382890 13.810367 1.305840 0.571849 -0.522202 -446.612399 -383.992108 -471.830999
21.478456 2.649362 13.424264 21.478456 2.649362 13.424264 0.999098 0.303856 -0.744558 -575.859127 -509.317478 -269.354278
21.968756 2.736286 12.941384 21.968756 2.736286 12.941384 0.626061 -0.020299 -0.844476 -667.598038 -571.201400 -63.704970
22.221947 2.622986 12.437730 22.221947 2.622986 12.437730 0.214111 -0.354540 -0.810207 -705.569910 -542.934490 177.933218
22.225514 2.316718 11.997287 22.225514 2.316718 11.997287 -0.198714 -0.659376 -0.635185 -670.514142 -473.185216 405.475589
21.992803 1.842420 11.698690 21.992803 1.842420 11.698690 -0.564973 -0.910783 -0.344258 -550.348626 -364.837652 564.278618
21.564479 1.241037 11.599762 21.564479 1.241037 11.599762 -0.846570 -1.075901 0.024596 -388.305977 -185.556389 665.236023
20.999762 0.573543 11.736790 20.999762 0.573543 11.736790 -1.013952 -1.129999 0.436377 -169.636827 5.229235 707.367251
20.374331 -0.093220 12.122667 20.374331 -0.093220 12.122667 -1.048360 -1.075388 0.844419 54.943531 176.806349 652.774291
19.768994 -0.697856 12.739418 19.768994 -0.697856 12.739418 -0.946446 -0.925441 1.199084 284.772519 323.018264 529.440713
19.264307 -1.187766 13.544368 19.264307 -1.187766 13.544368 -0.715975 -0.695578 1.467750 483.461455 443.191983 366.112734
18.930710 -1.522604 14.478663 18.930710 -1.522604 14.478663 -0.381072 -0.415989 1.626140 632.883080 488.770244 161.855007
18.820412 -1.685506 15.469991 18.820412 -1.685506 15.469991 0.020788 -0.129165 1.655804 706.649753 467.312529 -62.976451
18.959580 -1.682253 16.440078 18.959580 -1.682253 16.440078 0.442267 0.134403 1.557718 698.279550 411.245346 -263.974979
19.345272 -1.534609 17.317173 19.345272 -1.534609 17.317173 0.834447 0.346041 1.349231 608.989256 294.216453 -430.981968
19.947942 -1.281841 18.042167 19.947942 -1.281841 18.042167 1.161754 0.483491 1.055805 482.034172 163.949588 -547.105704
20.720265 -0.971282 18.574724 20.720265 -0.971282 18.574724 1.393499 0.536626 0.715305 290.447753 13.166796 -587.894916
21.594510 -0.654305 18.898745 21.594510 -0.654305 18.898745 1.497094 0.507686 0.365863 54.869517 -109.632491 -576.911067
22.490038 -0.375661 19.018371 22.490038 -0.375661 19.018371 1.466991 0.410735 0.039476 -155.212827 -213.540388 -511.045669
23.331395 -0.171165 18.957098 23.331395 -0.171165 18.957098 1.319365 0.265072 -0.232002 -336.873861 -272.000542 -393.880914
24.053017 -0.061089 18.754806 24.053017 -0.061089 18.754806 1.070444 0.101838 -0.429294 -492.863185 -272.115355 -263.757888
24.602017 -0.046370 18.457982 24.602017 -0.046370 18.457982 0.751967 -0.048445 -0.546407 -568.725127 -228.826181 -126.618667
24.949286 -0.111944 18.114635 24.949286 -0.111944 18.114635 0.403031 -0.162332 -0.585932 -594.396265 -150.797731 -5.132664
25.084113 -0.236487 17.762152 25.084113 -0.236487 17.762152 0.046393 -0.252811 -0.589012 -594.396265 -150.797731 -5.132664
