11.022587 5.339336 -2.397576 11.022587 5.339336 -2.397576 1.340757 0.282919 0.357617 -715.924980 -375.889617 25.400162
11.698175 5.441427 -2.178434 11.698175 5.441427 -2.178434 0.911202 0.057385 0.372857 -715.924980 -375.889617 25.400162
12.115584 5.409445 -1.943335 12.115584 5.409445 -1.943335 0.479416 -0.161916 0.422162 -723.362428 -355.113106 138.948925
12.274635 5.253589 -1.656098 12.274635 5.253589 -1.656098 0.053431 -0.348914 0.550173 -696.588507 -268.213679 287.755751
12.187226 5.003359 -1.267278 12.187226 5.003359 -1.267278 -0.334926 -0.472856 0.757429 -597.932163 -144.928556 403.096646
11.888687 4.702728 -0.735777 11.888687 4.702728 -0.735777 -0.643464 -0.513967 1.021719 -430.530765 7.893197 477.870436
11.435940 4.405679 -0.034228 11.435940 4.405679 -0.034228 -0.847647 -0.459680 1.320946 -250.076514 173.064628 519.553134
10.893658 4.169676 0.850529 10.893658 4.169676 0.850529 -0.941098 -0.312571 1.626024 -61.426970 317.296614 497.373733
10.329078 4.046286 1.910898 10.329078 4.046286 1.910898 -0.922273 -0.086999 1.900588 124.174947 434.609852 417.838755
9.806912 4.076322 3.118061 9.806912 4.076322 3.118061 -0.803535 0.193798 2.109287 271.617791 501.382782 277.824538
9.379341 4.282906 4.422368 9.379341 4.282906 4.422368 -0.612271 0.494905 2.219615 365.929051 502.305279 89.936200
9.079834 4.665417 5.757920 9.079834 4.665417 5.757920 -0.382773 0.772055 2.211547 399.065881 421.527138 -116.828230
8.921101 5.197248 7.051156 8.921101 5.197248 7.051156 -0.147837 0.988589 2.078136 384.054065 300.252937 -327.877595
8.898053 5.835843 8.227743 8.898053 5.835843 8.227743 0.065215 1.125720 1.825025 326.119212 156.852819 -515.824322
8.990700 6.528131 9.221289 8.990700 6.528131 9.221289 0.234973 1.162945 1.472428 239.739144 -32.771829 -659.498091
9.168269 7.207375 9.980484 9.168269 7.207375 9.980484 0.345976 1.080161 1.048964 130.273047 -243.174208 -752.049605
9.394030 7.802222 10.474800 9.394030 7.802222 10.474800 0.397771 0.886868 0.599266 42.375189 -401.135100 -746.944624
9.635099 8.255574 10.704569 9.635099 8.255574 10.704569 0.397091 0.613363 0.174398 -44.641531 -510.549709 -669.281498
9.862211 8.527318 10.696268 9.862211 8.527318 10.696268 0.354769 0.285163 -0.189518 -96.430047 -583.448665 -543.772375
10.057615 8.592485 10.496495 10.057615 8.592485 10.496495 0.296412 -0.069460 -0.456692 -98.095840 -598.627811 -346.808633
10.218633 8.447450 10.174546 10.218633 8.447450 10.174546 0.241696 -0.406665 -0.592322 -84.288582 -525.389768 -105.288159
10.351672 8.117019 9.813774 10.351672 8.117019 9.813774 0.207089 -0.681210 -0.587629 -31.068788 -389.759067 120.929883
10.474300 7.646948 9.495729 10.474300 7.646948 9.495729 0.208283 -0.871006 -0.451246 35.048483 -242.893561 333.680145
10.608748 7.092254 9.295474 10.608748 7.092254 9.295474 0.245160 -0.958591 -0.198886 87.874800 -49.058716 507.519473
10.774513 6.519093 9.274330 10.774513 6.519093 9.274330 0.312140 -0.933906 0.139794 135.393770 131.341973 621.415346
10.987603 5.991349 9.472139 10.987603 5.991349 9.472139 0.400555 -0.810310 0.523031 159.320080 280.644810 656.041102
11.254721 5.562287 9.902616 11.254721 5.562287 9.902616 0.486681 -0.608884 0.909510 127.767825 390.776334 632.222269
11.566005 5.270407 10.555534 11.566005 5.270407 10.555534 0.544730 -0.358863 1.255906 65.727237 442.625024 522.431589
11.899727 5.134175 11.393496 11.899727 5.134175 11.393496 0.559432 -0.096220 1.521265 -16.720037 432.852393 362.096335
12.225340 5.150594 12.361526 12.225340 5.150594 12.361526 0.514217 0.144681 1.688993 -133.995744 370.151426 196.998840
12.502132 5.297361 13.399140 12.502132 5.297361 13.399140 0.395724 0.333427 1.750982 -260.979250 259.001662 9.631072
12.685579 5.537168 14.439777 12.685579 5.537168 14.439777 0.204080 0.454481 1.698333 -377.835165 144.513027 -185.129024
12.734945 5.827167 15.417942 12.734945 5.827167 15.417942 -0.047978 0.497676 1.549698 -462.359635 -0.529278 -310.322302
12.621582 6.116612 16.286168 12.621582 6.116612 16.286168 -0.332152 0.452034 1.334827 -484.886477 -151.612001 -405.912867
12.336486 6.355988 17.010998 12.336486 6.355988 17.010998 -0.615708 0.338292 1.076270 -460.300867 -227.528635 -455.944439
11.889992 6.513959 17.576768 11.889992 6.513959 17.576768 -0.862963 0.181533 0.813094 -363.879907 -295.000043 -421.307172
11.314198 6.569028 17.991329 11.314198 6.569028 17.991329 -1.043880 0.000776 0.573011 -239.177604 -307.522455 -378.972072
10.644818 6.514140 18.266920 10.644818 6.514140 18.266920 -1.187386 -0.183737 0.345627 -239.177604 -307.522455 -378.972072
