-8.847484 3.911013 -0.205649 -8.847484 3.911013 -0.205649 1.269301 0.144744 -1.178837 392.453349 -329.839164 -307.953633
-8.015262 3.938489 -0.968383 -8.015262 3.938489 -0.968383 1.504773 -0.053159 -1.363609 392.453349 -329.839164 -307.953633
-7.052345 3.844639 -1.833188 -7.052345 3.844639 -1.833188 1.687303 -0.263981 -1.504422 215.977669 -372.898534 -161.421149
-6.016496 3.619562 -2.750553 -6.016496 3.619562 -2.750553 1.739844 -0.485553 -1.529554 -40.840142 -365.674974 77.645143
-4.993851 3.265103 -3.641484 -4.993851 3.265103 -3.641484 1.645788 -0.691487 -1.418840 -272.680593 -320.773086 291.404654
-4.066502 2.798703 -4.429144 -4.066502 2.798703 -4.429144 1.426976 -0.852792 -1.188040 -456.691811 -216.909825 477.927536
-3.301564 2.255219 -5.045951 -3.301564 2.255219 -5.045951 1.107747 -0.946765 -0.851332 -607.405284 -96.332754 644.430610
-2.749955 1.680760 -5.435309 -2.749955 1.680760 -5.435309 0.724771 -0.949865 -0.437454 -669.179974 85.999898 735.164019
-2.434859 1.136149 -5.563770 -2.434859 1.136149 -5.563770 0.326693 -0.849128 0.012049 -657.747677 249.788362 763.180532
-2.353227 0.679436 -5.422834 -2.353227 0.679436 -5.422834 -0.047902 -0.660244 0.451628 -590.903605 379.823791 702.083129
-2.479096 0.357609 -5.032791 -2.479096 0.357609 -5.032791 -0.356270 -0.402591 0.836334 -436.988631 479.021971 580.268182
-2.760353 0.204261 -4.437657 -2.760353 0.204261 -4.437657 -0.562647 -0.105266 1.128920 -250.933793 512.061985 395.019017
-3.131522 0.233148 -3.703266 -3.131522 0.233148 -3.703266 -0.655273 0.201349 1.295610 -57.820426 509.988004 160.613502
-3.523313 0.441279 -2.910338 -3.523313 0.441279 -2.910338 -0.631062 0.484957 1.325236 138.524450 435.370754 -61.858282
-3.867041 0.801228 -2.139280 -3.867041 0.801228 -2.139280 -0.498074 0.699221 1.223376 304.767082 278.841427 -277.674577
-4.103404 1.260241 -1.466528 -4.103404 1.260241 -1.466528 -0.277099 0.812968 1.000308 431.816709 100.316995 -465.886469
-4.187263 1.755795 -0.958396 -4.187263 1.755795 -0.958396 0.005361 0.821740 0.679812 509.718446 -71.078599 -602.433760
-4.091981 2.225106 -0.661528 -4.091981 2.225106 -0.661528 0.312771 0.724402 0.305448 514.979184 -253.381691 -645.446390
-3.814543 2.604098 -0.592881 -3.814543 2.604098 -0.592881 0.607156 0.522170 -0.074031 466.305103 -420.724233 -619.482012
-3.370683 2.835329 -0.744955 -3.370683 2.835329 -0.744955 0.865095 0.238030 -0.426463 393.490329 -526.408836 -555.292410
-2.780798 2.883393 -1.100785 -2.780798 2.883393 -1.100785 1.101189 -0.077815 -0.759638 393.490329 -526.408836 -555.292410
