9.838762 4.030836 -6.339247 9.838762 4.030836 -6.339247 -0.949782 -0.252520 0.747842 225.958680 264.248477 -369.724343
9.309565 3.926888 -5.957092 9.309565 3.926888 -5.957092 -0.814207 -0.093971 0.526008 225.958680 264.248477 -369.724343
8.869834 3.921615 -5.713474 8.869834 3.921615 -5.713474 -0.638030 0.082304 0.276991 361.295609 323.334504 -460.331294
8.559322 4.029393 -5.635160 8.559322 4.029393 -5.635160 -0.384888 0.277280 -0.024311 482.512526 326.585542 -544.010310
8.418002 4.253196 -5.746897 8.418002 4.253196 -5.746897 -0.081579 0.466483 -0.346859 528.518543 304.092183 -531.148803
8.462762 4.582494 -6.045841 8.462762 4.582494 -6.045841 0.228403 0.622295 -0.641658 504.754141 215.281850 -451.514756
8.684978 4.985469 -6.503777 8.684978 4.985469 -6.503777 0.502847 0.705699 -0.870908 410.059704 62.730942 -312.650904
9.053638 5.411366 -7.072138 9.053638 5.411366 -7.072138 0.714587 0.699267 -1.006193 295.739685 -84.169538 -138.299112
9.527739 5.806920 -7.687971 9.527739 5.806920 -7.687971 0.852612 0.604489 -1.025291 164.343408 -231.759727 74.639057
10.060207 6.119060 -8.275857 10.060207 6.119060 -8.275857 0.907813 0.421250 -0.911239 19.658404 -379.033950 305.534681
10.601450 6.297135 -8.755321 10.601450 6.297135 -8.755321 0.884691 0.161583 -0.666502 -96.731650 -486.524306 510.256032
11.109018 6.303281 -9.054247 11.109018 6.303281 -9.054247 0.797479 -0.146478 -0.314705 -193.973419 -540.345462 662.398026
11.550447 6.118396 -9.117597 11.550447 6.118396 -9.117597 0.670380 -0.469367 0.113942 -229.689822 -535.951354 766.427112
11.910645 5.745794 -8.909566 11.910645 5.745794 -8.909566 0.529136 -0.763487 0.582339 -241.124268 -444.449937 794.895722
12.186168 5.215186 -8.420658 12.186168 5.215186 -8.420658 0.391677 -0.992732 1.041394 -217.070845 -319.699993 735.286676
12.386490 4.571746 -7.670579 12.386490 4.571746 -7.670579 0.283380 -1.135826 1.447020 -143.921712 -157.278820 616.800990
12.534598 3.873028 -6.702280 12.534598 3.873028 -6.702280 0.216957 -1.174753 1.762417 -77.486177 27.522363 434.520683
12.654255 3.185757 -5.580504 12.654255 3.185757 -5.580504 0.187615 -1.095108 1.953691 -20.320404 237.960696 203.062200
12.765865 2.580876 -4.387287 12.765865 2.580876 -4.387287 0.188915 -0.905576 1.997784 24.653694 393.811759 -56.087074
12.883965 2.114375 -3.209167 12.883965 2.114375 -3.209167 0.205275 -0.639498 1.911856 29.877331 493.116817 -230.339484
13.012508 1.819437 -2.103515 13.012508 1.819437 -2.103515 0.223201 -0.343628 1.773652 29.877331 493.116817 -230.339484
