-6.708975 3.680941 -0.692474 -6.708975 3.680941 -0.692474 0.728539 0.673519 -0.384642 -255.259293 -346.109201 223.856807
-6.317799 4.022753 -0.882965 -6.317799 4.022753 -0.882965 0.575383 0.465854 -0.250328 -255.259293 -346.109201 223.856807
-6.022228 4.244350 -0.997545 -6.022228 4.244350 -0.997545 0.403663 0.280112 -0.139400 -317.140376 -273.030098 145.901388
-5.841481 4.369298 -1.061455 -5.841481 4.369298 -1.061455 0.191555 0.146425 -0.084518 -389.888626 -172.592388 37.040076
-5.798274 4.432231 -1.109058 -5.798274 4.432231 -1.109058 -0.050110 0.073594 -0.080095 -415.659292 -70.178272 -22.296213
-5.900195 4.470850 -1.162376 -5.900195 4.470850 -1.162376 -0.284687 0.066958 -0.099709 -366.263175 48.059060 -43.083353
-6.131125 4.525594 -1.230419 -6.131125 4.525594 -1.230419 -0.475401 0.125387 -0.127872 -269.451401 146.702698 -50.795363
-6.455963 4.629639 -1.313478 -6.455963 4.629639 -1.313478 -0.592549 0.225442 -0.144313 -121.043675 186.813251 -4.005717
-6.820591 4.799977 -1.397917 -6.820591 4.799977 -1.397917 -0.601726 0.344759 -0.132371 90.454514 210.912890 43.810449
-7.154673 5.041640 -1.464784 -7.154673 5.041640 -1.464784 -0.494098 0.455523 -0.082736 268.307720 158.297606 121.639444
-7.402836 5.343447 -1.492531 -7.402836 5.343447 -1.492531 -0.333113 0.550501 -0.009753 268.307720 158.297606 121.639444
