-1.701853 -3.857964 -6.145415 -1.701853 -3.857964 -6.145415 1.666008 -0.761514 1.501365 576.632916 59.494784 -628.913384
-0.598454 -4.304163 -5.357800 -0.598454 -4.304163 -5.357800 2.011988 -0.725817 1.124017 576.632916 59.494784 -628.913384
0.703740 -4.719897 -4.798749 0.703740 -4.719897 -4.798749 2.314004 -0.644884 0.735894 430.089206 210.282307 -664.831052
2.157074 -5.057913 -4.475272 2.157074 -5.057913 -4.475272 2.509634 -0.463400 0.345050 222.010399 394.661734 -637.980813
3.691152 -5.258256 -4.376066 3.691152 -5.258256 -4.376066 2.584520 -0.193311 -0.002675 27.609558 505.635783 -521.104432
5.234818 -5.280278 -4.461399 5.234818 -5.280278 -4.461399 2.541010 0.124823 -0.264983 -172.642346 554.811381 -353.254028
6.718402 -5.106163 -4.673020 6.718402 -5.106163 -4.673020 2.387690 0.454482 -0.422167 -338.423831 544.053566 -170.691186
8.083458 -4.740429 -4.944607 8.083458 -4.740429 -4.944607 2.151427 0.756493 -0.462393 -449.120526 462.648924 36.604514
9.291335 -4.211150 -5.204351 9.291335 -4.211150 -5.204351 1.871264 0.994612 -0.384914 -484.756853 331.080016 221.658268
10.326799 -3.563853 -5.387593 10.326799 -3.563853 -5.387593 1.580221 1.147940 -0.212882 -485.384468 180.012171 351.782010
11.189877 -2.852249 -5.446200 11.189877 -2.852249 -5.446200 1.300561 1.208135 0.027196 -446.816268 20.638158 448.475476
11.896032 -2.133094 -5.346025 11.896032 -2.133094 -5.346025 1.063696 1.173317 0.311937 -342.734928 -136.698160 500.661461
12.480148 -1.461158 -5.070639 12.480148 -1.461158 -5.070639 0.896011 1.054056 0.602861 -216.215287 -260.837779 469.085325
12.985276 -0.880388 -4.628906 12.985276 -0.880388 -4.628906 0.798482 0.873990 0.862218 -108.881638 -339.380637 395.437962
13.450502 -0.418397 -4.045914 13.450502 -0.418397 -4.045914 0.761834 0.663788 1.071896 -13.277307 -361.293853 303.488964
13.909328 -0.083431 -3.354199 13.909328 -0.083431 -3.354199 0.774443 0.455642 1.223734 55.308296 -332.526619 202.638421
14.386455 0.134183 -2.590522 14.386455 0.134183 -2.590522 0.820155 0.276543 1.310129 97.062563 -264.469633 85.343941
14.896012 0.258750 -1.795003 14.896012 0.258750 -1.795003 0.878357 0.149090 1.331730 96.945193 -160.374998 -13.338212
15.437634 0.326895 -1.002312 15.437634 0.326895 -1.002312 0.922315 0.090658 1.303998 49.582306 -34.396082 -79.103760
15.996601 0.382427 -0.235185 15.996601 0.382427 -0.235185 0.935326 0.106664 1.251369 -6.212059 87.750100 -96.323902
16.553450 0.467176 0.499648 16.553450 0.467176 0.499648 0.915459 0.184089 1.200325 -60.012786 170.330776 -73.823493
17.088711 0.611279 1.208006 17.088711 0.611279 1.208006 0.863389 0.301238 1.163287 -113.554118 220.167681 -49.638443
17.584482 0.832604 1.901279 17.584482 0.832604 1.901279 0.786146 0.438097 1.154680 -143.922922 236.028677 20.950976
18.029846 1.135984 2.600993 18.029846 1.135984 2.600993 0.697706 0.569902 1.182923 -150.875421 203.319398 73.189789
18.424006 1.510458 3.326286 18.424006 1.510458 3.326286 0.620648 0.671570 1.238664 -105.984919 135.574391 112.613862
18.781689 1.931382 4.090864 18.781689 1.931382 4.090864 0.578917 0.720807 1.311780 -33.117135 28.548823 131.108225
19.129352 2.362536 4.900567 19.129352 2.362536 4.900567 0.590416 0.705594 1.385623 71.446647 -79.256809 115.033942
19.502756 2.766184 5.749888 19.502756 2.766184 5.749888 0.664750 0.630827 1.440846 176.331876 -169.967734 69.043386
19.939597 3.109297 6.620745 19.939597 3.109297 6.620745 0.801808 0.504901 1.451880 280.528795 -249.786176 -32.264506
20.475979 3.365045 7.479584 20.475979 3.365045 7.479584 0.994135 0.343877 1.400114 360.560570 -286.960541 -140.288810
21.139895 3.521002 8.287234 21.139895 3.521002 8.287234 1.223139 0.178118 1.280108 402.787631 -265.569066 -259.731730
21.945981 3.584107 9.002553 21.945981 3.584107 9.002553 1.463315 0.038961 1.094301 397.798627 -198.287496 -359.625065
22.890988 3.577573 9.589205 22.890988 3.577573 9.589205 1.679066 -0.051108 0.852543 321.370179 -101.941111 -446.233705
23.948961 3.536119 10.017928 23.948961 3.536119 10.017928 1.835324 -0.074469 0.572404 199.490051 24.068622 -487.564162
25.076206 3.503979 10.275424 25.076206 3.503979 10.275424 1.905729 -0.018983 0.288938 35.192311 160.886098 -457.321344
26.214440 3.529578 10.371251 26.214440 3.529578 10.371251 1.869158 0.117697 0.038454 -157.095760 294.713813 -377.625466
27.296162 3.659253 10.334360 27.296162 3.659253 10.334360 1.717424 0.324563 -0.148075 -348.681688 394.840014 -244.136650
28.252420 3.928007 10.211780 28.252420 3.928007 10.211780 1.451043 0.576192 -0.243508 -539.255963 443.924076 -73.974064
29.017768 4.352965 10.064392 29.017768 4.352965 10.064392 1.086434 0.839230 -0.227730 -676.107577 432.869143 126.566470
29.543665 4.930441 9.962626 29.543665 4.930441 9.962626 0.659445 1.079060 -0.091343 -747.188154 366.562975 328.056575
29.805205 5.636052 9.977216 29.805205 5.636052 9.977216 0.212970 1.259964 0.157221 -741.063032 236.451706 500.489544
29.802876 6.426660 10.168864 29.802876 6.426660 10.168864 -0.215268 1.362177 0.493649 -686.397777 104.258040 620.938750
29.550163 7.262733 10.576822 29.550163 7.262733 10.576822 -0.627107 1.424732 0.866212 -686.397777 104.258040 620.938750
