0.419794 3.742425 4.291507 0.419794 3.742425 4.291507 2.235783 0.597287 -0.093951 450.599939 75.709476 160.245796
1.842372 4.114425 4.263980 1.842372 4.114425 4.263980 2.506143 0.642712 0.002197 450.599939 75.709476 160.245796
3.416350 4.507955 4.299236 3.416350 4.507955 4.299236 2.722425 0.659509 0.123809 270.339594 -19.719476 245.129867
5.083185 4.892768 4.422287 5.083185 4.892768 4.422287 2.808221 0.610966 0.294101 15.648325 -142.092910 322.507916
6.756694 5.227389 4.657431 6.756694 5.227389 4.657431 2.746409 0.493800 0.490763 -221.688034 -248.458215 333.033599
8.352893 5.474762 5.009254 8.352893 5.474762 5.009254 2.554685 0.323800 0.677682 -417.391394 -318.208414 290.028707
9.800631 5.610468 5.463600 9.800631 5.610468 5.463600 2.254532 0.126393 0.829355 -583.120323 -339.814496 215.549966
11.041258 5.626025 5.995016 11.041258 5.626025 5.995016 1.869010 -0.073057 0.933707 -701.951860 -325.019517 132.289981
12.034843 5.526970 6.573746 12.034843 5.526970 6.573746 1.440488 -0.251655 0.986549 -726.456566 -270.308441 43.848092
12.771730 5.335170 7.168743 12.771730 5.335170 7.168743 1.021397 -0.374599 0.988729 -670.512932 -139.504930 -36.580258
13.270067 5.093584 7.753129 13.270067 5.093584 7.753129 0.650045 -0.416880 0.955450 -567.325703 -1.432021 -74.351520
13.567643 4.851606 8.312421 13.567643 4.851606 8.312421 0.357988 -0.375698 0.907865 -406.199985 138.707213 -84.262993
13.720141 4.660282 8.842772 13.720141 4.660282 8.842772 0.168372 -0.246840 0.861301 -225.853161 290.819053 -70.949544
13.791556 4.571651 9.349573 13.791556 4.571651 9.349573 0.088091 -0.036719 0.832687 -41.750021 409.584148 -24.431962
13.847180 4.625946 9.849273 13.847180 4.625946 9.849273 0.114462 0.222036 0.840455 129.654744 452.931362 50.326620
13.947569 4.841879 10.366381 13.947569 4.841879 10.366381 0.234126 0.499712 0.889530 269.223279 472.657430 113.254259
14.141450 5.223557 10.923237 14.141450 5.223557 10.923237 0.420384 0.767171 0.971246 351.637709 418.870846 159.134964
14.458116 5.752450 11.536050 14.458116 5.752450 11.536050 0.637073 0.984463 1.073832 370.659076 305.436394 182.817243
14.905862 6.388424 12.212056 14.905862 6.388424 12.212056 0.853386 1.119309 1.177519 350.383364 144.050999 162.806859
15.477043 7.074241 12.944114 15.477043 7.074241 12.944114 1.044019 1.147252 1.256408 285.059981 -50.907294 100.156180
16.149288 7.742610 13.710538 16.149288 7.742610 13.710538 1.187671 1.062612 1.289257 193.781960 -231.226396 9.340000
16.890343 8.329307 14.477468 16.890343 8.329307 14.477468 1.271799 0.877628 1.253337 86.643226 -385.388627 -129.072931
17.663323 8.778587 15.197138 17.663323 8.778587 15.197138 1.295309 0.606761 1.130396 -8.274722 -517.502051 -280.732190
18.434677 9.044817 15.817270 18.434677 9.044817 15.817270 1.268631 0.272877 0.924088 -80.651433 -595.441841 -406.960273
19.178991 9.101155 16.291722 19.178991 9.101155 16.291722 1.208502 -0.085429 0.646174 -119.779338 -598.914150 -519.418225
19.881930 8.946799 16.581079 19.881930 8.946799 16.581079 1.133625 -0.421249 0.310262 -129.810464 -520.484351 -600.291206
20.540354 8.607164 16.658144 20.540354 8.607164 16.658144 1.063811 -0.699530 -0.055115 -102.903622 -407.118820 -617.631721
21.163229 8.123702 16.517553 21.163229 8.123702 16.517553 1.017626 -0.896117 -0.407431 -51.045488 -248.172175 -556.752586
21.768014 7.553049 16.180209 21.768014 7.553049 16.180209 1.003984 -0.986579 -0.704835 5.569889 -53.368429 -434.594863
22.375389 6.962819 15.688621 22.375389 6.962819 15.688621 1.027236 -0.961981 -0.917893 71.936605 135.363217 -275.599495
23.007025 6.418643 15.100364 23.007025 6.418643 15.100364 1.082130 -0.837527 -1.022816 111.046289 279.483320 -74.144672
23.676112 5.974297 14.486950 23.676112 5.974297 14.486950 1.147858 -0.630519 -0.999196 108.045585 410.543414 152.879087
24.382897 5.674177 13.927541 24.382897 5.674177 13.927541 1.205797 -0.362727 -0.844514 85.085740 482.095971 362.726750
25.117660 5.542104 13.496632 25.117660 5.542104 13.496632 1.236695 -0.079539 -0.574335 17.905382 461.863539 537.871961
25.855771 5.574158 13.255944 25.855771 5.574158 13.255944 1.211794 0.180790 -0.216134 -100.907538 405.900265 656.128803
26.557514 5.750086 13.247265 26.557514 5.750086 13.247265 1.115395 0.396291 0.192039 -220.422010 312.437481 704.448302
27.180022 6.035316 13.487725 27.180022 6.035316 13.487725 0.947879 0.539834 0.606888 -337.966034 166.038709 678.381213
27.680951 6.379534 13.967240 27.680951 6.379534 13.967240 0.710278 0.591610 0.980283 -454.038105 6.546677 566.270181
28.020332 6.727759 14.647803 28.020332 6.727759 14.647803 0.412559 0.555944 1.272368 -538.357717 -125.430887 407.347407
28.168964 7.031834 15.471944 28.168964 7.031834 15.471944 0.079549 0.446113 1.453763 -571.674924 -240.674606 197.303238
28.116892 7.251472 16.363746 28.116892 7.251472 16.363746 -0.247952 0.278170 1.492295 -519.993967 -319.134543 -68.863063
27.879667 7.359425 17.235175 27.879667 7.359425 17.235175 -0.534228 0.079162 1.393213 -434.261938 -344.224296 -261.410543
27.480962 7.344962 18.024049 27.480962 7.344962 18.024049 -0.794786 -0.127372 1.236367 -434.261938 -344.224296 -261.410543
