7.562106 3.956369 -3.213396 7.562106 3.956369 -3.213396 0.824589 0.604462 -0.358447 -508.748767 -375.733714 17.443001
7.965285 4.251414 -3.425324 7.965285 4.251414 -3.425324 0.519339 0.379021 -0.347981 -508.748767 -375.733714 17.443001
8.187503 4.409772 -3.620253 8.187503 4.409772 -3.620253 0.225035 0.146469 -0.283913 -472.265896 -399.439987 196.117684
8.242074 4.426885 -3.742560 8.242074 4.426885 -3.742560 -0.035532 -0.087544 -0.102545 -396.291223 -380.604287 408.440432
8.155549 4.309312 -3.719499 8.155549 4.309312 -3.719499 -0.242673 -0.298596 0.197861 -294.177955 -322.901820 592.913015
7.964476 4.078726 -3.487534 7.964476 4.078726 -3.487534 -0.381769 -0.458868 0.586229 -169.476600 -211.339644 701.649157
7.711945 3.772735 -3.006904 7.711945 3.772735 -3.006904 -0.448270 -0.548814 1.020200 -52.192923 -88.478470 744.919524
7.439566 3.434473 -2.262569 7.439566 3.434473 -2.262569 -0.449697 -0.567139 1.457799 47.438093 27.395452 713.745105
7.180979 3.105543 -1.265803 7.180979 3.105543 -1.265803 -0.407776 -0.518591 1.854105 92.296767 134.428472 607.273447
6.954527 2.822687 -0.054134 6.954527 2.822687 -0.054134 -0.344396 -0.417427 2.167955 118.970239 202.786051 438.892352
6.768769 2.610312 1.313115 6.768769 2.610312 1.313115 -0.275689 -0.287858 2.368669 110.054408 229.111263 230.156624
6.620733 2.478046 2.761039 6.620733 2.478046 2.761039 -0.221817 -0.154348 2.433234 69.516245 215.920400 -14.941798
6.496181 2.420025 4.204143 6.496181 2.420025 4.204143 -0.199982 -0.046183 2.353534 3.268746 144.630954 -250.723005
6.373456 2.413034 5.559455 6.373456 2.413034 5.559455 -0.214643 0.014020 2.144708 -52.139944 56.045564 -445.364844
6.232740 2.425571 6.757290 6.232740 2.425571 6.757290 -0.258651 0.017834 1.833365 -94.552882 -43.330561 -592.444414
6.059708 2.422275 7.745394 6.059708 2.422275 7.745394 -0.319492 -0.039149 1.451523 -108.251253 -146.612875 -680.362577
5.850111 2.367622 8.492957 5.850111 2.367622 8.492957 -0.376524 -0.150984 1.038878 -81.854511 -226.172195 -695.122873
5.612850 2.234147 8.995294 5.612850 2.234147 8.995294 -0.408699 -0.297558 0.642467 -25.394252 -262.406031 -626.245795
5.367855 2.008123 9.275180 5.367855 2.008123 9.275180 -0.399962 -0.456282 0.302372 54.517662 -266.674586 -507.403857
5.144369 1.689666 9.374581 5.144369 1.689666 9.374581 -0.333859 -0.599721 0.044482 165.823286 -211.457393 -352.230348
4.980426 1.297329 9.349293 4.980426 1.297329 9.349293 -0.201741 -0.698803 -0.109735 274.570972 -118.813919 -161.824152
4.915357 0.864066 9.265048 4.915357 0.864066 9.265048 -0.004237 -0.733067 -0.153211 383.775085 4.598770 16.904016
4.985684 0.432993 9.185160 4.985684 0.432993 9.185160 0.244979 -0.690611 -0.098092 446.945655 136.920714 166.826253
5.214064 0.051290 9.164161 5.214064 0.051290 9.164161 0.517856 -0.568366 0.041141 462.643253 270.563446 297.281891
5.606218 -0.234144 9.245887 5.606218 -0.234144 9.245887 0.786266 -0.371608 0.237165 432.058109 385.295429 356.132065
6.150848 -0.384513 9.452985 6.150848 -0.384513 9.452985 1.021001 -0.124217 0.454322 350.393080 439.343332 367.724798
6.817719 -0.379998 9.789970 6.817719 -0.379998 9.789970 1.187234 0.139207 0.665959 203.714813 438.736219 337.732836
7.555710 -0.219899 10.245725 7.555710 -0.219899 10.245725 1.254377 0.390460 0.845538 20.096038 398.774612 260.863937
8.300553 0.079937 10.794381 8.300553 0.079937 10.794381 1.209430 0.598627 0.973943 -169.918750 295.114564 167.150569
8.983968 0.483238 11.402437 8.983968 0.483238 11.402437 1.049191 0.730715 1.042251 -364.210856 145.179512 60.542949
9.538502 0.936994 12.033527 9.538502 0.936994 12.033527 0.783549 0.763797 1.052784 -521.263474 -34.905844 -25.433717
9.908561 1.378284 12.657660 9.908561 1.378284 12.657660 0.439578 0.689327 1.022730 -625.304766 -213.327829 -74.744591
10.056815 1.744221 13.256050 10.056815 1.744221 13.256050 0.049704 0.515028 0.968912 -674.275936 -367.668900 -104.650702
9.966233 1.980226 13.818733 9.966233 1.980226 13.818733 -0.350038 0.260267 0.906985 -658.197651 -481.536727 -101.772247
9.644117 2.046204 14.346896 9.644117 2.046204 14.346896 -0.713041 -0.046180 0.857379 -551.814008 -539.952732 -63.580294
9.127681 1.921411 14.853485 9.127681 1.921411 14.853485 -0.990557 -0.369618 0.837259 -373.239013 -538.173579 -3.486095
8.478353 1.606813 15.358732 8.478353 1.606813 15.358732 -1.153551 -0.672302 0.852764 -170.073393 -470.773384 55.168729
7.770359 1.126108 15.883469 7.770359 1.126108 15.883469 -1.181848 -0.917687 0.901607 75.748703 -347.176975 107.642256
7.089757 0.524516 16.445423 7.089757 0.524516 16.445423 -1.062036 -1.068431 0.974266 323.626933 -155.300034 134.555272
6.521330 -0.134857 17.054424 6.521330 -0.134857 17.054424 -0.815151 -1.113414 1.056102 499.321454 5.355394 138.229134
6.122118 -0.801941 17.712966 6.122118 -0.801941 17.712966 -0.515558 -1.110201 1.139039 499.321454 5.355394 138.229134
