-9.697008 -3.617640 -7.709937 -9.697008 -3.617640 -7.709937 0.621714 1.161610 1.147810 -28.340873 -121.772362 -266.838846
-9.329081 -2.942593 -7.069282 -9.329081 -2.942593 -7.069282 0.604710 1.088547 0.987707 -28.340873 -121.772362 -266.838846
-8.972692 -2.317057 -6.529278 -8.972692 -2.317057 -6.529278 0.581027 0.987117 0.804659 -50.600775 -216.326106 -343.319909
-8.632875 -1.768372 -6.111199 -8.632875 -1.768372 -6.111199 0.552209 0.834088 0.584073 -45.460539 -293.771682 -391.967525
-8.306883 -1.322290 -5.829565 -8.306883 -1.322290 -5.829565 0.539178 0.650368 0.357618 2.022410 -318.627347 -362.882536
-7.978347 -0.988118 -5.676209 -7.978347 -0.988118 -5.676209 0.563721 0.465709 0.160407 79.789855 -296.902886 -294.488465
-7.620173 -0.757123 -5.628476 -7.620173 -0.757123 -5.628476 0.639491 0.312630 0.006199 172.774812 -213.362758 -219.535851
-7.198748 -0.601356 -5.657332 -7.198748 -0.601356 -5.657332 0.776308 0.217584 -0.090818 283.283176 -103.456437 -103.855512
-6.676128 -0.483025 -5.724005 -6.676128 -0.483025 -5.724005 0.975502 0.187526 -0.120574 380.697791 3.264875 4.670861
-6.017823 -0.364508 -5.791433 -6.017823 -0.364508 -5.791433 1.226307 0.216553 -0.097394 455.318602 93.490516 72.593839
-5.198495 -0.212650 -5.833349 -5.198495 -0.212650 -5.833349 1.507434 0.298137 -0.036569 481.770104 178.455573 130.156219
-4.208915 0.001435 -5.832166 -4.208915 0.001435 -5.832166 1.788502 0.420614 0.040007 455.122980 229.801119 125.098725
-3.058305 0.294661 -5.786241 -3.058305 0.294661 -5.786241 2.039510 0.555964 0.112079 381.570055 221.365472 115.140252
-1.774238 0.665611 -5.700778 -1.774238 0.665611 -5.700778 2.226840 0.676410 0.168620 242.864102 180.121811 73.328647
-0.404539 1.098143 -5.591305 -0.404539 1.098143 -5.591305 2.321957 0.755808 0.188122 74.191337 84.540192 -8.319953
0.990014 1.560766 -5.482521 0.990014 1.560766 -5.482521 2.306598 0.776134 0.170171 -125.385426 -16.787734 -51.516510
2.339622 2.016850 -5.392195 2.339622 2.016850 -5.392195 2.172455 0.733189 0.126743 -321.759700 -126.362162 -93.244180
3.575443 2.427521 -5.333913 3.575443 2.427521 -5.333913 1.930727 0.624882 0.065898 -484.000854 -234.662085 -109.572410
4.638926 2.756714 -5.312670 4.638926 2.756714 -5.312670 1.601159 0.466600 0.007293 -614.557465 -292.943326 -85.778795
5.485024 2.982389 -5.319943 5.485024 2.982389 -5.319943 1.212538 0.283057 -0.025217 -680.845817 -318.867219 -22.585872
6.091262 3.095599 -5.332799 6.091262 3.095599 -5.332799 0.810369 0.095598 -0.007076 -659.716603 -305.996606 83.054832
6.463694 3.102803 -5.315177 6.463694 3.102803 -5.315177 0.439337 -0.063376 0.077349 -577.058117 -223.918550 198.363141
6.632377 3.031077 -5.225491 6.632377 3.031077 -5.225491 0.137859 -0.164706 0.234218 -427.869085 -113.847052 324.533100
6.650247 2.920441 -5.019746 6.650247 2.920441 -5.019746 -0.058009 -0.189610 0.462932 -225.023598 30.835757 437.844149
6.590371 2.821710 -4.658706 6.590371 2.821710 -4.658706 -0.115856 -0.123690 0.747982 32.200030 188.894579 512.322871
6.538250 2.788262 -4.116285 6.538250 2.788262 -4.116285 -0.038553 0.023476 1.062447 225.476178 301.659743 535.895618
6.555703 2.856646 -3.382355 6.555703 2.856646 -3.382355 0.096733 0.204472 1.383985 225.476178 301.659743 535.895618
