9.224885 2.019875 -8.276071 9.224885 2.019875 -8.276071 0.193116 -0.837010 0.427047 -426.828263 387.587441 329.371696
9.263925 1.587435 -7.960556 9.263925 1.587435 -7.960556 -0.062981 -0.604458 0.624670 -426.828263 387.587441 329.371696
9.149273 1.299216 -7.528933 9.149273 1.299216 -7.528933 -0.319253 -0.348458 0.809964 -427.412157 465.744871 288.272818
8.882822 1.177520 -6.997385 8.882822 1.177520 -6.997385 -0.565524 -0.051288 0.951331 -393.491695 524.822194 182.952147
8.477714 1.239728 -6.402203 8.477714 1.239728 -6.402203 -0.776443 0.256169 1.018359 -309.571378 500.034836 40.472685
7.965072 1.478578 -5.792893 7.965072 1.478578 -5.792893 -0.917455 0.531900 0.997691 -160.468476 419.068139 -109.364157
7.396071 1.864205 -5.223891 7.396071 1.864205 -5.223891 -0.961955 0.738613 0.882435 12.135941 269.973616 -274.822600
6.831761 2.345016 -4.753099 6.831761 2.345016 -4.753099 -0.901284 0.845840 0.671540 190.099651 87.450680 -428.160058
6.336694 2.857799 -4.433446 6.336694 2.857799 -4.433446 -0.729794 0.845999 0.383628 381.534652 -86.920128 -531.548890
5.976616 3.338319 -4.302678 5.976616 3.338319 -4.302678 -0.455266 0.736675 0.046049 533.558232 -277.492542 -593.712162
5.805361 3.721065 -4.380153 5.805361 3.721065 -4.380153 -0.105809 0.523628 -0.301358 631.297735 -432.667003 -564.311688
5.857547 3.951706 -4.657735 5.857547 3.951706 -4.657735 0.283159 0.235753 -0.615904 665.263065 -526.916492 -484.174634
6.145540 3.995453 -5.105719 6.145540 3.995453 -5.105719 0.674064 -0.094696 -0.862859 637.752728 -574.577549 -339.009606
6.658146 3.836520 -5.673372 6.658146 3.836520 -5.673372 1.023576 -0.432898 -1.010842 527.288649 -552.764827 -154.266722
7.357266 3.483259 -6.294124 7.357266 3.483259 -6.294124 1.290263 -0.734683 -1.035801 361.667970 -453.184270 71.070919
8.183163 2.969076 -6.887818 8.183163 2.969076 -6.887818 1.440457 -0.965592 -0.918186 138.977777 -316.511175 320.976923
9.058738 2.342662 -7.368976 9.058738 2.342662 -7.368976 1.455265 -1.105931 -0.665711 -89.617491 -151.287570 520.606237
9.902529 1.663035 -7.665927 9.902529 1.663035 -7.665927 1.335314 -1.140887 -0.309514 -310.219833 34.770532 666.717875
10.635222 0.995678 -7.725628 10.635222 0.995678 -7.725628 1.085903 -1.065441 0.120505 -521.149108 216.714714 766.678610
11.185206 0.403074 -7.513653 11.185206 0.403074 -7.513653 0.734456 -0.897153 0.588860 -650.342314 344.243736 794.504631
11.504192 -0.068471 -7.020666 11.504192 -0.068471 -7.020666 0.321121 -0.666693 1.048867 -727.442301 423.958319 738.853312
11.565788 -0.390216 -6.266270 11.565788 -0.390216 -6.266270 -0.116026 -0.402526 1.452587 -729.714361 456.598653 606.877930
11.369424 -0.551180 -5.296925 11.369424 -0.551180 -5.296925 -0.530856 -0.136751 1.759491 -653.050462 429.315805 416.137186
10.942654 -0.560441 -4.178672 10.942654 -0.560441 -4.178672 -0.876220 0.098405 1.947442 -498.161885 354.539604 210.365432
10.338873 -0.444729 -2.986557 10.338873 -0.444729 -2.986557 -1.117018 0.275389 2.002582 -304.501027 235.404972 -26.565898
9.625822 -0.245352 -1.802524 9.625822 -0.245352 -1.802524 -1.239870 0.375486 1.922968 -105.004881 98.254121 -238.814832
8.875764 -0.010751 -0.701583 8.875764 -0.010751 -0.701583 -1.239047 0.392555 1.730414 107.748448 -41.358511 -403.031579
8.163176 0.210390 0.257515 8.163176 0.210390 0.257515 -1.117169 0.333000 1.455574 298.513610 -157.157245 -513.101770
7.554991 0.377754 1.035539 7.554991 0.377754 1.035539 -0.896144 0.217971 1.132901 438.235915 -226.274867 -562.473419
7.101564 0.465458 1.614398 7.101564 0.465458 1.614398 -0.606318 0.070461 0.797238 527.850146 -265.423387 -556.404492
6.834178 0.460583 1.997132 6.834178 0.460583 1.997132 -0.282646 -0.085673 0.486117 551.056205 -255.022769 -480.664959
6.761849 0.366713 2.210152 6.761849 0.366713 2.210152 0.038326 -0.221498 0.237064 518.851416 -197.729698 -349.512839
6.872455 0.204236 2.299003 6.872455 0.204236 2.299003 0.320721 -0.310071 0.074979 422.465909 -97.510863 -190.767859
7.134042 0.006868 2.318293 7.134042 0.006868 2.318293 0.539754 -0.337447 0.003721 307.643909 6.257482 -46.760736
7.506403 -0.188579 2.320568 7.506403 -0.188579 2.320568 0.690003 -0.304217 0.017965 193.185112 104.508662 94.242578
7.946700 -0.347402 2.354634 7.946700 -0.347402 2.354634 0.763524 -0.217035 0.106124 51.883657 186.097668 199.618253
8.407977 -0.440994 2.458403 8.407977 -0.440994 2.458403 0.763772 -0.089721 0.246712 -51.055258 238.282810 269.009554
8.853798 -0.450917 2.656102 8.853798 -0.450917 2.656102 0.716878 0.058345 0.414369 -105.260001 255.271111 289.847453
9.262480 -0.372713 2.956126 9.262480 -0.372713 2.956126 0.641232 0.197745 0.584427 -146.892701 209.393787 277.012475
9.621608 -0.221168 3.352923 9.621608 -0.221168 3.352923 0.557243 0.299415 0.732030 -133.070186 129.506547 214.997562
9.935024 -0.024506 3.826303 9.935024 -0.024506 3.826303 0.492517 0.345630 0.838341 -82.682003 24.542238 139.373056
10.218415 0.180103 4.350221 10.218415 0.180103 4.350221 0.456722 0.324422 0.901096 -36.636157 -95.233459 69.809751
10.490275 0.350414 4.899974 10.490275 0.350414 4.899974 0.456848 0.231279 0.925626 37.055045 -215.243788 11.955127
10.774360 0.445373 5.455108 10.774360 0.445373 5.455108 0.495616 0.076812 0.920832 92.173098 -299.646882 -27.932989
11.089614 0.434760 6.001687 11.089614 0.434760 6.001687 0.557383 -0.116795 0.899613 113.718191 -345.710280 -42.798536
11.444324 0.302125 6.536566 11.444324 0.302125 6.536566 0.624666 -0.325869 0.888009 110.555618 -351.202117 4.121044
11.836942 0.046916 7.073491 11.836942 0.046916 7.073491 0.680593 -0.518949 0.907367 75.868511 -292.397585 60.403889
12.253637 -0.309494 7.632804 12.253637 -0.309494 7.632804 0.699528 -0.656434 0.963711 -12.750757 -165.887784 127.409318
12.666022 -0.726260 8.238910 12.666022 -0.726260 8.238910 0.666697 -0.721191 1.064885 -96.686511 -49.967620 209.836383
13.048637 -1.167968 8.915611 13.048637 -1.167968 8.915611 0.608685 -0.751172 1.190786 -96.686511 -49.967620 209.836383
