9.017678 -0.829900 1.005314 9.017678 -0.829900 1.005314 0.806146 0.564710 1.291120 -57.688431 125.132257 12.031320
9.490982 -0.468550 1.782152 9.490982 -0.468550 1.782152 0.771533 0.639790 1.298339 -57.688431 125.132257 12.031320
9.944944 -0.071270 2.560104 9.944944 -0.071270 2.560104 0.744053 0.669281 1.289470 -33.910595 -26.827162 -41.596085
10.390508 0.314224 3.323192 10.390508 0.314224 3.323192 0.749887 0.596958 1.248983 53.355194 -214.249081 -93.359294
10.855099 0.625091 4.054394 10.855099 0.625091 4.054394 0.807175 0.424692 1.186050 137.604903 -359.970874 -116.417364
11.369151 0.808196 4.747117 11.369151 0.808196 4.747117 0.914628 0.174132 1.126440 220.573413 -475.229122 -82.283173
11.959510 0.823410 5.411649 11.959510 0.823410 5.411649 1.056366 -0.129625 1.094468 251.884697 -537.294188 -24.289810
12.639395 0.649164 6.067139 12.639395 0.649164 6.067139 1.211127 -0.450792 1.095801 263.984658 -533.264061 28.733182
13.412524 0.286420 6.733298 13.412524 0.286420 6.733298 1.364199 -0.752159 1.130572 246.256349 -471.293232 87.171466
14.269650 -0.241794 7.429993 14.269650 -0.241794 7.429993 1.483356 -0.995361 1.196178 150.932549 -339.377461 131.514688
15.178667 -0.890037 8.170693 15.178667 -0.890037 8.170693 1.533092 -1.148681 1.271688 14.857308 -171.691984 120.183798
16.092382 -1.598660 8.953057 16.092382 -1.598660 8.953057 1.497933 -1.194246 1.332393 -132.055126 19.809562 82.167475
16.957514 -2.299777 9.763729 16.957514 -2.299777 9.763729 1.369410 -1.123032 1.363920 -296.354992 217.571822 22.921596
17.716059 -2.925215 10.579753 17.716059 -2.925215 10.579753 1.142813 -0.946398 1.345405 -458.969104 371.207957 -84.635957
18.310764 -3.418066 11.364154 18.310764 -3.418066 11.364154 0.825588 -0.682824 1.256583 -598.448470 507.371032 -211.437611
18.694423 -3.732458 12.072808 18.694423 -3.732458 12.072808 0.446658 -0.358524 1.093538 -664.650612 573.629962 -332.047737
18.841393 -3.844826 12.662038 18.841393 -3.844826 12.662038 0.040928 -0.016882 0.858688 -687.783187 565.176227 -450.785061
18.746047 -3.757414 13.091847 18.746047 -3.757414 13.091847 -0.352251 0.301271 0.566904 -622.812211 495.334992 -521.829416
18.429251 -3.494875 13.336701 18.429251 -3.494875 13.336701 -0.692634 0.561553 0.247011 -511.797727 372.271948 -544.478360
17.932644 -3.099408 13.388777 17.932644 -3.099408 13.388777 -0.944229 0.742545 -0.070297 -326.852527 231.031607 -513.217367
17.320202 -2.622690 13.260424 17.320202 -2.622690 13.260424 -1.075699 0.829194 -0.347208 -111.379429 57.799920 -409.819334
16.668616 -2.125217 12.987138 16.668616 -2.125217 12.987138 -1.073119 0.811637 -0.549064 119.977171 -116.322335 -263.033678
16.060412 -1.668226 12.621905 16.060412 -1.668226 12.621905 -0.930771 0.696579 -0.649126 354.516685 -267.205709 -70.504153
15.576056 -1.303803 12.231676 15.576056 -1.303803 12.231676 -0.666594 0.509116 -0.631743 526.075031 -357.670607 128.446699
15.277989 -1.064808 11.887997 15.277989 -1.064808 11.887997 -0.314970 0.284047 -0.493446 646.002128 -392.559830 332.542282
15.209702 -0.964277 11.662518 15.209702 -0.964277 11.662518 0.094702 0.052329 -0.240265 719.573459 -379.833857 511.396696
15.394915 -0.997870 11.617720 15.394915 -0.997870 11.617720 0.520789 -0.158675 0.103119 700.715383 -323.512050 633.215429
15.827098 -1.145388 11.796681 15.827098 -1.145388 11.796681 0.909125 -0.323184 0.498605 593.738396 -224.851857 685.070536
16.469627 -1.371300 12.218299 16.469627 -1.371300 12.218299 1.216274 -0.415736 0.905356 430.091191 -83.655708 670.766847
17.265325 -1.627644 12.876257 17.265325 -1.627644 12.876257 1.416912 -0.425150 1.277850 238.703109 52.277935 570.877837
18.144408 -1.867190 13.735862 18.144408 -1.867190 13.735862 1.489983 -0.363112 1.571064 4.864780 154.514338 406.504128
19.026625 -2.052177 14.739330 19.026625 -2.052177 14.739330 1.429659 -0.245066 1.753260 -205.942757 238.972290 200.816023
19.836504 -2.154123 15.813119 19.836504 -2.154123 15.813119 1.251860 -0.091290 1.802177 -386.722229 273.616266 -37.760494
20.509317 -2.160494 16.872830 20.509317 -2.160494 16.872830 0.976360 0.068637 1.705533 -531.610553 259.473405 -284.383930
20.994935 -2.074656 17.834187 20.994935 -2.074656 17.834187 0.634856 0.214075 1.481030 -606.737048 225.318617 -463.960249
21.266636 -1.905654 18.639292 21.266636 -1.905654 18.639292 0.270813 0.349266 1.202654 -606.737048 225.318617 -463.960249
