13.083770 -1.178076 -9.708088 13.083770 -1.178076 -9.708088 0.303433 -0.296350 0.791457 -695.197213 -260.552868 367.253112
13.140694 -1.402786 -9.167109 13.140694 -1.402786 -9.167109 -0.113686 -0.452682 1.011809 -695.197213 -260.552868 367.253112
12.955315 -1.712735 -8.499190 12.955315 -1.712735 -8.499190 -0.490964 -0.566216 1.205802 -562.397649 -117.894951 279.391597
12.571238 -2.060832 -7.732434 12.571238 -2.060832 -7.732434 -0.769736 -0.572683 1.338355 -366.841837 96.339296 162.451176
12.056564 -2.375522 -6.910293 12.056564 -2.375522 -6.910293 -0.923849 -0.456988 1.385264 -146.867019 289.312128 -6.087914
11.489604 -2.589732 -6.090588 11.489604 -2.589732 -6.090588 -0.943039 -0.243866 1.329819 82.897427 421.094330 -178.728651
10.949782 -2.654073 -5.335517 10.949782 -2.654073 -5.335517 -0.837901 0.039695 1.169340 267.563183 524.108178 -356.201633
10.504331 -2.534629 -4.706325 10.504331 -2.534629 -4.706325 -0.631721 0.360599 0.914140 419.705896 545.570889 -494.466051
10.207491 -2.221678 -4.252453 10.207491 -2.221678 -4.252453 -0.346675 0.679885 0.589422 530.445278 518.717161 -587.927088
10.095762 -1.725873 -4.006854 10.095762 -1.725873 -4.006854 -0.024424 0.963642 0.225526 543.724920 427.140210 -625.057004
10.176600 -1.079532 -3.981589 10.176600 -1.079532 -3.981589 0.289917 1.176278 -0.137211 504.078783 281.645045 -584.066474
10.435974 -0.332403 -4.162240 10.435974 -0.332403 -4.162240 0.565815 1.298594 -0.453613 415.581550 126.075756 -470.608239
10.842485 0.459316 -4.508875 10.842485 0.459316 -4.508875 0.776249 1.323587 -0.684764 285.866431 -42.767577 -299.894777
11.351225 1.236858 -4.961155 11.351225 1.236858 -4.961155 0.905443 1.253366 -0.801906 144.780025 -191.299583 -90.577141
11.912265 1.947233 -5.444022 11.912265 1.947233 -5.444022 0.950875 1.102529 -0.783352 6.657871 -311.493000 152.423661
12.475892 2.548461 -5.874168 12.475892 2.548461 -5.874168 0.914391 0.894533 -0.629752 -128.270695 -381.826756 359.573995
12.995808 3.015819 -6.175302 12.995808 3.015819 -6.175302 0.809279 0.662270 -0.354039 -222.101113 -392.381782 559.470917
13.439260 3.345215 -6.277847 13.439260 3.345215 -6.277847 0.665330 0.440156 0.027515 -257.731361 -347.999660 712.375289
13.791529 3.551817 -6.129194 13.791529 3.551817 -6.129194 0.508006 0.257101 0.474521 -266.679482 -262.183995 777.643364
14.050751 3.665035 -5.704994 14.050751 3.665035 -5.704994 0.360101 0.130540 0.938664 -226.339108 -159.684151 769.502067
14.229525 3.722665 -5.008702 14.229525 3.722665 -5.008702 0.241571 0.074977 1.373280 -168.759779 -25.526303 679.215483
14.348103 3.769290 -4.071351 14.348103 3.769290 -4.071351 0.160374 0.090828 1.736432 -101.898951 78.361834 531.292791
14.430275 3.843673 -2.944580 14.430275 3.843673 -2.944580 0.120684 0.166753 2.001607 -30.400029 174.721772 352.622762
14.500405 3.977913 -1.694036 14.500405 3.977913 -1.694036 0.118402 0.285275 2.143717 22.794054 220.352139 121.079882
14.576122 4.188915 -0.399447 14.576122 4.188915 -0.399447 0.134943 0.418356 2.149187 32.343851 223.250243 -102.849335
14.662483 4.477875 0.860398 14.662483 4.477875 0.860398 0.152213 0.541114 2.031708 25.221436 185.944800 -288.747752
14.755533 4.831523 2.019133 14.755533 4.831523 2.019133 0.153260 0.630227 1.816885 -21.730437 111.096180 -427.326966
14.838779 5.222940 3.026698 14.838779 5.222940 3.026698 0.116226 0.663305 1.532252 -101.718745 -0.834315 -521.449913
14.885072 5.614515 3.851091 14.885072 5.614515 3.851091 0.029530 0.631516 1.213894 -187.265972 -105.128306 -539.744678
14.864603 5.969627 4.484740 14.864603 5.969627 4.484740 -0.105225 0.544063 0.902381 -261.917887 -186.381808 -498.631203
14.751866 6.258255 4.940998 14.751866 6.258255 4.940998 -0.274660 0.410927 0.626117 -302.863850 -257.405971 -422.248553
14.530498 6.456386 5.249049 14.530498 6.456386 5.249049 -0.466663 0.246024 0.414697 -337.149273 -292.270240 -282.485447
14.191233 6.552947 5.455193 14.191233 6.552947 5.455193 -0.661851 0.078437 0.286073 -313.475429 -266.353829 -146.259153
13.742922 6.556832 5.608830 13.742922 6.556832 5.608830 -0.823810 -0.057542 0.239918 -226.388351 -186.909072 -7.592896
13.215088 6.494656 5.757815 13.215088 6.494656 5.757815 -0.923634 -0.139724 0.267364 -106.357528 -87.032397 99.081271
12.651408 6.403049 5.940954 12.651408 6.403049 5.940954 -0.939228 -0.152476 0.351245 54.378057 44.526847 180.522354
12.107374 6.327824 6.187123 12.107374 6.327824 6.187123 -0.858028 -0.084527 0.474194 216.288774 181.970167 229.307623
11.641576 6.316450 6.512035 11.641576 6.316450 6.512035 -0.677821 0.057590 0.607379 384.400888 291.753790 214.640651
11.312905 6.408965 6.912154 11.312905 6.408965 6.912154 -0.403032 0.259871 0.721448 531.559862 382.516851 165.588440
11.173034 6.635575 7.371396 11.173034 6.635575 7.371396 -0.052758 0.498552 0.803635 636.022125 413.086799 108.371222
11.255864 7.009063 7.873084 11.255864 7.009063 7.873084 0.328855 0.746405 0.868658 636.022125 413.086799 108.371222
