-6.753286 0.449624 9.735748 -6.753286 0.449624 9.735748 0.932473 0.449761 0.960015 -618.696269 340.306922 -463.299248
-6.305168 0.780736 10.228364 -6.305168 0.780736 10.228364 0.561255 0.653945 0.682036 -618.696269 340.306922 -463.299248
-6.076550 1.233922 10.554949 -6.076550 1.233922 10.554949 0.206188 0.855948 0.407843 -564.859767 333.037352 -450.676966
-6.047671 1.803072 10.721588 -6.047671 1.803072 10.721588 -0.098524 1.033947 0.152714 -450.847102 260.291336 -399.751631
-6.178380 2.463598 10.745911 -6.178380 2.463598 10.745911 -0.321243 1.156649 -0.063889 -291.551753 148.717080 -322.259427
-6.411362 3.176846 10.655699 -6.411362 3.176846 10.655699 -0.434958 1.208326 -0.226603 -87.496314 23.539997 -220.120676
-6.673194 3.896101 10.487341 -6.673194 3.896101 10.487341 -0.412997 1.172562 -0.322551 160.698271 -142.755305 -99.705919
-6.878501 4.564245 10.280607 -6.878501 4.564245 10.280607 -0.248749 1.038419 -0.358653 386.795768 -304.387060 -20.633633
-6.947265 5.124646 10.064702 -6.947265 5.124646 10.064702 0.037640 0.816486 -0.356029 567.834495 -435.391051 29.380397
-6.813810 5.531849 9.858262 -6.813810 5.531849 9.858262 0.421645 0.533662 -0.328959 712.180668 -507.355288 60.850758
-6.428090 5.759822 9.671289 -6.428090 5.759822 9.671289 0.871653 0.224747 -0.295199 787.847596 -522.359272 51.683169
-5.764886 5.802026 9.500574 -5.764886 5.802026 9.500574 1.336360 -0.081764 -0.278680 761.174033 -499.345324 3.382275
-4.830337 5.669269 9.330274 -4.830337 5.669269 9.330274 1.771676 -0.350453 -0.295160 689.881076 -396.285856 -58.317365
-3.651608 5.396980 9.139267 -3.651608 5.396980 9.139267 2.143328 -0.541656 -0.347215 548.958280 -241.056136 -115.198881
-2.279799 5.038782 8.907990 -2.279799 5.038782 8.907990 2.407700 -0.635361 -0.427397 332.281912 -71.293202 -152.072715
-0.788390 4.656394 8.622601 -0.788390 4.656394 8.622601 2.541961 -0.619830 -0.526529 115.253980 123.063991 -178.370185
0.745177 4.317851 8.275746 0.745177 4.317851 8.275746 2.549337 -0.489975 -0.627705 -90.667879 309.784719 -158.881130
2.245897 4.087630 7.873772 2.245897 4.087630 7.873772 2.432126 -0.264090 -0.706800 -300.034727 443.165679 -104.769149
3.643126 4.013869 7.436237 3.643126 4.013869 7.436237 2.211902 0.026427 -0.742644 -434.043462 525.222946 -14.709828
4.887059 4.125854 6.995101 4.887059 4.125854 6.995101 1.926073 0.349504 -0.715979 -518.722639 551.699841 103.590532
5.948084 4.432138 6.592380 5.948084 4.432138 6.592380 1.608598 0.666901 -0.612724 -539.524782 506.293306 240.595280
6.818279 4.917604 6.274342 6.818279 4.917604 6.274342 1.295634 0.941642 -0.436920 -503.688391 409.508140 345.415364
7.509809 5.546656 6.079606 7.509809 5.546656 6.079606 1.017487 1.139122 -0.203463 -423.469357 248.760050 432.775426
8.052417 6.263930 6.039236 8.052417 6.263930 6.039236 0.805109 1.233499 0.075241 -284.458768 65.827338 496.237766
8.493518 7.005671 6.172578 8.493518 7.005671 6.172578 0.680623 1.221957 0.367361 -130.493324 -104.300709 477.495966
8.885578 7.709441 6.474315 8.885578 7.709441 6.474315 0.638202 1.106227 0.630713 -10.909253 -281.464281 400.343696
9.273852 8.314213 6.917525 9.273852 8.314213 6.917525 0.668243 0.895847 0.834520 111.044140 -419.803129 279.012130
9.699449 8.772952 7.458147 9.699449 8.772952 7.458147 0.758186 0.627943 0.950367 188.766173 -473.210609 107.145346
10.190435 9.063272 8.035854 10.190435 9.063272 8.035854 0.881924 0.337677 0.955660 223.695001 -494.340153 -89.499933
10.760146 9.178474 8.580182 10.760146 9.178474 8.580182 1.017603 0.048955 0.837168 228.567248 -468.068324 -305.474891
11.408994 9.129579 9.016873 11.408994 9.129579 9.016873 1.140462 -0.201962 0.600760 180.962444 -368.321078 -482.551823
12.122632 8.950770 9.282093 12.122632 8.950770 9.282093 1.232977 -0.379624 0.269348 127.421819 -223.886657 -622.153739
12.880842 8.691075 9.326086 12.880842 8.691075 9.326086 1.286870 -0.472060 -0.132086 52.222684 -84.231362 -715.960209
13.658103 8.399827 9.117033 13.658103 8.399827 9.117033 1.296896 -0.486856 -0.566308 -18.803247 34.911430 -731.445431
14.431327 8.122644 8.650106 14.431327 8.122644 8.650106 1.277970 -0.422677 -0.982585 -44.283020 179.017799 -656.146697
15.189383 7.905642 7.952355 15.189383 7.905642 7.952355 1.247623 -0.293362 -1.326738 -56.873786 252.032457 -491.029785
15.928753 7.775821 7.077464 15.928753 7.775821 7.077464 1.218663 -0.137992 -1.573672 -39.659008 265.867907 -332.081499
16.652812 7.740882 6.073486 16.652812 7.740882 6.073486 1.194868 0.021529 -1.772920 -39.659008 265.867907 -332.081499
