6.124727 -5.692572 4.386179 6.124727 -5.692572 4.386179 2.323100 0.743453 0.228014 -34.131094 458.032034 -355.267453
7.512443 -5.164054 4.459040 7.512443 -5.164054 4.459040 2.302621 1.018272 0.014854 -34.131094 458.032034 -355.267453
8.878472 -4.478661 4.408090 8.878472 -4.478661 4.408090 2.235139 1.253012 -0.177873 -190.807393 324.434499 -287.153755
10.173115 -3.680071 4.253796 10.173115 -3.680071 4.253796 2.060181 1.389597 -0.329579 -392.385887 130.848208 -218.532916
11.328731 -2.833532 4.022092 11.328731 -2.833532 4.022092 1.775433 1.414246 -0.433807 -556.775655 -48.686238 -128.893775
12.287831 -2.004250 3.744492 12.287831 -2.004250 3.744492 1.411662 1.332524 -0.481717 -655.792823 -223.719433 -30.808303
13.013225 -1.254595 3.453529 13.013225 -1.254595 3.453529 1.000384 1.150344 -0.482137 -715.134218 -383.548438 29.408464
13.486065 -0.638486 3.171053 13.486065 -0.638486 3.171053 0.577971 0.894920 -0.456930 -692.910344 -467.863803 54.614527
13.714025 -0.186798 2.906783 13.714025 -0.186798 2.906783 0.191735 0.608963 -0.423873 -594.544301 -485.324289 55.578064
13.731041 0.092711 2.659871 13.731041 0.092711 2.659871 -0.120028 0.325215 -0.403487 -444.664097 -460.503602 12.373394
13.591530 0.210011 2.417275 13.591530 0.210011 2.417275 -0.324101 0.074218 -0.409717 -235.580775 -376.154217 -33.140122
13.368469 0.194852 2.161139 13.368469 0.194852 2.161139 -0.396427 -0.111382 -0.451305 -5.504532 -242.512281 -105.485810
13.143957 0.093218 1.867897 13.143957 0.093218 1.867897 -0.328052 -0.212651 -0.531955 233.421870 -95.051938 -163.347252
13.000898 -0.042353 1.517171 13.000898 -0.042353 1.517171 -0.129220 -0.224040 -0.640718 429.351552 57.090880 -199.198349
13.010028 -0.158892 1.097381 13.010028 -0.158892 1.097381 0.175284 -0.151739 -0.757754 585.662327 183.911463 -190.918701
13.226512 -0.211206 0.610831 13.226512 -0.211206 0.610831 0.556154 -0.013269 -0.859964 683.902271 277.654245 -149.781466
13.683688 -0.165287 0.072310 13.683688 -0.165287 0.072310 0.968401 0.172839 -0.927743 690.253767 342.708279 -76.150874
14.384919 -0.000433 -0.490086 14.384919 -0.000433 -0.490086 1.362275 0.375777 -0.933648 622.661444 333.749549 56.467944
15.307224 0.281560 -1.031992 15.307224 0.281560 -1.031992 1.700178 0.558290 -0.859174 503.682054 274.629487 191.778404
16.407334 0.661154 -1.505256 16.407334 0.661154 -1.505256 1.949087 0.698998 -0.705505 326.014886 194.394498 320.452206
17.622004 1.108601 -1.862681 17.622004 1.108601 -1.862681 2.077375 0.780924 -0.472251 101.610568 78.694053 457.060780
18.873846 1.584928 -2.058643 18.873846 1.584928 -2.058643 2.073974 0.796178 -0.172424 -112.945718 -27.849595 542.364358
20.086184 2.051349 -2.062355 20.086184 2.051349 -2.062355 1.947625 0.748101 0.163575 -308.219712 -132.405516 577.632105
21.190047 2.472495 -1.861357 21.190047 2.472495 -1.861357 1.716530 0.649251 0.504548 -462.096331 -197.093763 558.944762
22.131691 2.824644 -1.463109 22.131691 2.824644 -1.463109 1.413789 0.521369 0.814465 -547.041595 -229.179584 474.110427
22.878546 3.097843 -0.897786 22.878546 3.097843 -0.897786 1.070814 0.392013 1.055451 -596.208215 -202.006595 329.176563
23.415081 3.299793 -0.217760 23.415081 3.299793 -0.217760 0.719911 0.286326 1.190473 -573.466085 -150.284830 120.897366
23.748994 3.449898 0.505658 23.748994 3.449898 0.505658 0.401781 0.222956 1.199873 -486.968576 -60.947733 -89.564959
23.909358 3.579300 1.197649 23.909358 3.579300 1.197649 0.144348 0.219383 1.087084 -371.141619 49.038725 -286.399244
23.936948 3.726662 1.786833 23.936948 3.726662 1.786833 -0.039404 0.283333 0.857668 -241.365257 164.124943 -478.320406
23.878498 3.930819 2.206256 23.878498 3.930819 2.206256 -0.141033 0.404881 0.525279 -97.396242 241.034931 -629.640915
23.783286 4.220527 2.403512 23.783286 4.220527 2.403512 -0.164773 0.566467 0.124611 18.261847 297.586057 -705.920326
23.692781 4.614684 2.351182 23.692781 4.614684 2.351182 -0.128458 0.748577 -0.299096 102.788260 309.448977 -706.436222
23.636083 5.116605 2.050009 23.636083 5.116605 2.050009 -0.057411 0.919616 -0.695741 134.035947 260.679328 -615.713239
23.626189 5.709416 1.530560 23.626189 5.709416 1.530560 0.025138 1.046618 -1.021047 141.127003 162.662689 -468.640400
23.665530 6.359311 0.845270 23.665530 6.359311 0.845270 0.104093 1.107440 -1.243764 122.056279 40.076269 -273.749912
23.746265 7.021876 0.063408 23.746265 7.021876 0.063408 0.158869 1.085922 -1.339659 60.530807 -111.802588 -45.900166
23.848818 7.644512 -0.734408 23.848818 7.644512 -0.734408 0.176867 0.974874 -1.295993 -0.537650 -258.359133 191.453806
23.950880 8.175433 -1.463833 23.950880 8.175433 -1.463833 0.156739 0.782365 -1.112575 -66.555674 -383.335699 419.939142
24.030781 8.570268 -2.047469 24.030781 8.570268 -2.047469 0.105991 0.524447 -0.819010 -102.604092 -476.392955 558.610333
24.075907 8.799185 -2.438325 24.075907 8.799185 -2.438325 0.044429 0.238611 -0.483844 -102.604092 -476.392955 558.610333
