5.083215 -3.192638 7.664193 5.083215 -3.192638 7.664193 0.957415 -0.369032 0.564653 195.429525 -367.022230 11.674321
5.692842 -3.480120 8.005086 5.692842 -3.480120 8.005086 1.074673 -0.589245 0.571658 195.429525 -367.022230 11.674321
6.363296 -3.892109 8.354538 6.363296 -3.892109 8.354538 1.144295 -0.771347 0.600441 36.645460 -239.985498 84.268119
7.045898 -4.385200 8.734231 7.045898 -4.385200 8.734231 1.113429 -0.850764 0.672305 -139.534424 -24.738009 155.280296
7.681400 -4.888375 9.168454 7.681400 -4.888375 9.168454 0.992512 -0.806922 0.779920 -263.521510 170.877904 203.435147
8.224954 -5.331716 9.674200 8.224954 -5.331716 9.674200 0.811803 -0.654128 0.907858 -338.839634 338.437046 223.026000
8.648141 -5.655291 10.256991 8.648141 -5.655291 10.256991 0.593981 -0.411151 1.031331 -387.235925 471.486460 188.548616
8.935720 -5.812555 10.907265 8.935720 -5.812555 10.907265 0.366102 -0.105462 1.132144 -372.358776 547.474736 147.497311
9.092470 -5.775556 11.606386 9.092470 -5.775556 11.606386 0.163251 0.231676 1.187066 -303.813294 576.320845 35.574891
9.140724 -5.536463 12.315038 9.140724 -5.536463 12.315038 0.005914 0.559218 1.158459 -220.641774 515.486228 -130.933534
9.109546 -5.114267 12.977342 9.109546 -5.114267 12.977342 -0.101524 0.837898 1.033881 -137.487355 413.445026 -284.325427
9.029332 -4.545386 13.538733 9.029332 -4.545386 13.538733 -0.156776 1.044573 0.824489 -46.683631 275.472318 -413.646657
8.930409 -3.880143 13.951446 8.930409 -3.880143 13.951446 -0.167060 1.154429 0.538683 12.403478 90.713040 -539.039344
8.834497 -3.181075 14.171982 8.834497 -3.181075 14.171982 -0.149160 1.159271 0.187024 47.263798 -74.570521 -633.156989
8.753289 -2.506756 14.169247 8.753289 -2.506756 14.169247 -0.121898 1.075423 -0.197776 43.608017 -204.924832 -649.511531
8.685797 -1.905297 13.936764 8.685797 -1.905297 13.936764 -0.106750 0.917924 -0.572013 6.884493 -320.069729 -597.945593
8.619893 -1.415489 13.492270 8.619893 -1.415489 13.492270 -0.118083 0.709214 -0.899056 -44.659976 -375.632885 -492.198251
8.537111 -1.057498 12.874946 8.537111 -1.057498 12.874946 -0.164346 0.484216 -1.140851 -109.550743 -374.359637 -313.785203
8.415648 -0.830513 12.146914 8.415648 -0.830513 12.146914 -0.245758 0.278803 -1.264321 -161.821385 -310.350221 -97.781255
8.236212 -0.714479 11.383874 8.236212 -0.714479 11.383874 -0.357115 0.115667 -1.257220 -209.369181 -233.434949 121.451370
7.983880 -0.679803 10.664009 7.983880 -0.679803 10.664009 -0.484620 0.012077 -1.121321 -215.646794 -111.866325 331.547699
7.657480 -0.683878 10.063263 7.657480 -0.683878 10.063263 -0.598068 -0.010970 -0.860553 -162.513063 35.042660 537.676727
7.273919 -0.679249 9.649933 7.273919 -0.679249 9.649933 -0.672913 0.034576 -0.506844 -86.971400 116.777498 641.354611
6.854517 -0.637483 9.461271 6.854517 -0.637483 9.461271 -0.725096 0.104642 -0.122031 -86.971400 116.777498 641.354611
