6.359201 -4.762240 2.413376 6.359201 -4.762240 2.413376 1.010085 -0.945369 -1.567672 -460.735780 236.821677 57.451590
6.882319 -5.286834 1.483114 6.882319 -5.286834 1.483114 0.733644 -0.803276 -1.533201 -460.735780 236.821677 57.451590
7.248065 -5.718773 0.584122 7.248065 -5.718773 0.584122 0.499662 -0.624194 -1.445789 -319.201437 360.118019 233.921486
7.501281 -6.019540 -0.228426 7.501281 -6.019540 -0.228426 0.362514 -0.363481 -1.241342 -137.959855 508.925483 447.571071
7.704325 -6.141860 -0.882291 7.704325 -6.141860 -0.882291 0.331582 -0.037316 -0.920911 34.853200 578.291551 620.531409
7.917418 -6.060611 -1.317385 7.917418 -6.060611 -1.317385 0.391846 0.307389 -0.519810 166.027726 570.723691 716.472790
8.188522 -5.777274 -1.499506 8.188522 -5.777274 -1.499506 0.522015 0.630690 -0.085926 267.868520 506.948631 729.805419
8.552523 -5.315280 -1.422166 8.552523 -5.315280 -1.422166 0.695615 0.896507 0.339612 310.799134 379.107887 688.653940
9.026019 -4.719045 -1.101814 9.026019 -4.719045 -1.101814 0.883010 1.074427 0.715942 313.848947 213.958698 565.779837
9.609349 -4.046892 -0.581723 9.609349 -4.046892 -0.581723 1.056478 1.147724 0.998836 264.379391 30.362415 377.199054
10.285907 -3.364651 0.072019 10.285907 -3.364651 0.072019 1.190515 1.106648 1.157880 182.410829 -167.282322 152.950659
11.028334 -2.741245 0.780588 11.028334 -2.741245 0.780588 1.276384 0.953918 1.181198 103.817425 -341.817272 -75.225110
11.807421 -2.237823 1.462828 11.807421 -2.237823 1.462828 1.311521 0.711820 1.071369 13.304781 -465.174460 -290.872468
12.593379 -1.897140 2.041610 12.593379 -1.897140 2.041610 1.302759 0.419329 0.838435 -42.509833 -509.797544 -485.573063
13.364530 -1.737748 2.449312 13.364530 -1.737748 2.449312 1.262987 0.111239 0.507310 -90.065042 -517.168841 -618.177073
14.105551 -1.761339 2.639510 14.105551 -1.761339 2.639510 1.206152 -0.185280 0.121827 -99.384049 -471.227603 -666.768006
14.813511 -1.949040 2.593427 14.813511 -1.949040 2.593427 1.157312 -0.426576 -0.274039 -63.416953 -333.093333 -652.783679
15.500082 -2.256446 2.316343 15.500082 -2.256446 2.316343 1.137260 -0.583952 -0.641507 -3.422877 -191.491681 -572.111455
16.185539 -2.630496 1.837166 16.185539 -2.630496 1.837166 1.153791 -0.644895 -0.941236 58.527902 -11.650898 -426.984848
16.892067 -3.009343 1.206384 16.892067 -3.009343 1.206384 1.207497 -0.600954 -1.143344 120.492976 158.118385 -246.706566
17.640999 -3.333183 0.487063 17.640999 -3.333183 0.487063 1.293519 -0.464726 -1.235905 166.244363 295.976684 -61.832071
18.447863 -3.552901 -0.255181 18.447863 -3.552901 -0.255181 1.397409 -0.257931 -1.220858 180.056263 393.338706 111.989517
19.317065 -3.634895 -0.957914 19.317065 -3.634895 -0.957914 1.497178 -0.012110 -1.105545 152.506864 426.067125 272.387953
20.238504 -3.565543 -1.566684 20.238504 -3.565543 -1.566684 1.567086 0.243162 -0.914478 80.520713 424.837732 364.502524
21.193249 -3.343175 -2.049760 21.193249 -3.343175 -2.049760 1.615398 0.498065 -0.695776 80.520713 424.837732 364.502524
