-2.787942 -5.736821 -3.022260 -2.787942 -5.736821 -3.022260 1.247448 -0.143737 0.733747 -289.170953 492.632484 279.435177
-2.091524 -5.734389 -2.531714 -2.091524 -5.734389 -2.531714 1.073946 0.151843 0.901408 -289.170953 492.632484 279.435177
-1.501461 -5.556385 -1.949350 -1.501461 -5.556385 -1.949350 0.889177 0.438545 1.025175 -326.725058 463.040731 133.120642
-1.025412 -5.215789 -1.323578 -1.025412 -5.215789 -1.323578 0.699906 0.686978 1.038572 -304.176806 365.071873 -88.463909
-0.656145 -4.745309 -0.729640 -0.656145 -4.745309 -0.729640 0.537776 0.868920 0.919089 -236.257664 241.400513 -309.811930
-0.369198 -4.188926 -0.245541 -0.369198 -4.188926 -0.245541 0.430059 0.971655 0.675259 -122.797819 101.049801 -502.954315
-0.123161 -3.596565 0.061624 -0.123161 -3.596565 0.061624 0.406909 0.988179 0.336192 45.629229 -45.972406 -627.268713
0.138846 -3.019381 0.145687 0.138846 -3.019381 0.145687 0.482530 0.923354 -0.063890 206.440499 -170.107729 -706.336990
0.475892 -2.500329 -0.020071 0.475892 -2.500329 -0.020071 0.658235 0.799583 -0.489109 379.245189 -242.464787 -711.062207
0.947303 -2.066325 -0.436824 0.947303 -2.066325 -0.436824 0.926809 0.643598 -0.892227 516.000588 -277.484374 -632.664121
1.601996 -1.729880 -1.076938 1.601996 -1.729880 -1.076938 1.265046 0.478274 -1.226315 611.457313 -273.597103 -480.961805
2.473995 -1.488139 -1.887579 2.473995 -1.488139 -1.887579 1.646468 0.334237 -1.456285 659.948127 -206.523980 -285.603132
3.579071 -1.319281 -2.799324 3.579071 -1.319281 -2.799324 2.034460 0.237770 -1.560477 633.357236 -115.033336 -61.704104
4.906788 -1.191755 -3.732267 4.906788 -1.191755 -3.732267 2.379656 0.196599 -1.525251 517.297076 -22.201934 179.124881
6.417798 -1.070964 -4.602059 6.417798 -1.070964 -4.602059 2.640547 0.217418 -1.352197 352.340837 91.597053 397.721484
8.053044 -0.918366 -5.331085 8.053044 -0.918366 -5.331085 2.789434 0.300676 -1.060054 143.948302 185.930725 576.086058
9.738857 -0.702486 -5.857060 9.738857 -0.702486 -5.857060 2.807014 0.422269 -0.682592 -85.347245 219.379511 682.120604
11.393474 -0.409083 -6.142558 11.393474 -0.409083 -6.142558 2.684659 0.556663 -0.266939 -322.504941 228.597954 703.390967
12.934448 -0.035632 -6.177227 12.934448 -0.035632 -6.177227 2.432303 0.685346 0.149515 -518.681356 200.346719 684.788660
14.291319 0.407020 -5.969762 14.291319 0.407020 -5.969762 2.075355 0.782464 0.532859 -671.143387 123.380112 593.024925
15.410995 0.891756 -5.552885 15.410995 0.891756 -5.552885 1.649011 0.821741 0.840757 -750.004455 7.542118 433.302313
16.264468 1.379417 -4.980723 16.264468 1.379417 -4.980723 1.194347 0.792562 1.049307 -765.543853 -104.804247 261.864676
16.847457 1.829518 -4.314963 16.847457 1.829518 -4.314963 0.755914 0.696820 1.151627 -695.898448 -214.334636 79.200719
17.184499 2.203935 -3.620635 17.184499 2.203935 -3.620635 0.382153 0.542742 1.144624 -549.972269 -299.259418 -102.543052
17.326869 2.472566 -2.959910 17.326869 2.472566 -2.959910 0.112536 0.347452 1.045138 -348.751218 -351.706838 -229.077647
17.343301 2.618061 -2.378460 17.343301 2.618061 -2.378460 -0.038289 0.138081 0.885697 -153.998798 -346.196846 -302.393329
17.305684 2.642834 -1.904545 17.305684 2.642834 -1.904545 -0.065307 -0.048438 0.688901 63.940127 -275.534123 -353.591011
17.290158 2.569858 -1.553481 17.290158 2.569858 -1.553481 0.033804 -0.185344 0.483592 266.429315 -180.820594 -330.774612
17.367745 2.435068 -1.318366 17.367745 2.435068 -1.318366 0.240396 -0.249017 0.307625 422.209576 -31.422704 -255.780848
17.593953 2.288872 -1.175898 17.593953 2.288872 -1.175898 0.523588 -0.223517 0.173822 521.764449 116.424652 -190.230257
18.002023 2.175718 -1.105847 18.002023 2.175718 -1.105847 0.836646 -0.153662 0.059684 521.764449 116.424652 -190.230257
