-8.072215 1.134148 3.533226 -8.072215 1.134148 3.533226 0.359777 0.942581 0.268960 423.522692 -274.175322 274.539771
-7.780115 1.650345 3.744019 -7.780115 1.650345 3.744019 0.613890 0.778076 0.433684 423.522692 -274.175322 274.539771
-7.342244 2.067771 4.059132 -7.342244 2.067771 4.059132 0.834518 0.613230 0.625835 311.902640 -275.309209 365.963896
-6.794772 2.388214 4.506350 -6.794772 2.388214 4.506350 0.974754 0.458347 0.874629 155.550743 -240.968599 463.349055
-6.190801 2.623779 5.116632 -6.190801 2.623779 5.116632 1.023678 0.333422 1.163148 7.530105 -175.447999 498.383357
-5.582249 2.798944 5.902855 -5.582249 2.798944 5.902855 0.993148 0.261616 1.455303 -109.295644 -63.904512 475.464079
-5.010405 2.949915 6.857318 -5.010405 2.949915 6.857318 0.905708 0.250795 1.719072 -182.173119 27.835367 403.768049
-4.501401 3.110953 7.952193 -4.501401 3.110953 7.952193 0.788258 0.295247 1.915096 -209.327714 120.337564 249.645572
-4.065056 3.314489 9.134572 -4.065056 3.314489 9.134572 0.668011 0.391085 2.006810 -191.494893 199.121661 56.066687
-3.696570 3.586412 10.336803 -3.696570 3.586412 10.336803 0.563853 0.517708 1.980713 -155.696538 222.954716 -143.057520
-3.382418 3.936098 11.487295 -3.382418 3.936098 11.487295 0.489763 0.646124 1.833951 -91.272822 205.097248 -346.147174
-3.100064 4.356747 12.513214 -3.100064 4.356747 12.513214 0.459627 0.749473 1.565540 -9.177776 139.401526 -548.556475
-2.822286 4.825420 13.345184 -2.822286 4.825420 13.345184 0.472387 0.802594 1.193335 51.708360 37.668487 -692.127852
-2.527420 5.307202 13.932415 -2.527420 5.307202 13.932415 0.514046 0.792423 0.757122 87.154740 -71.574129 -761.914660
-2.202979 5.762630 14.248798 -2.202979 5.762630 14.248798 0.567969 0.713766 0.296246 92.591206 -190.615786 -774.340142
-1.846869 6.149984 14.291660 -1.846869 6.149984 14.291660 0.616834 0.566426 -0.145879 70.290539 -300.516152 -699.409266
-1.467992 6.430787 14.087071 -1.467992 6.430787 14.087071 0.639628 0.361316 -0.521364 5.688760 -383.182686 -552.206553
-1.088066 6.577307 13.686413 -1.088066 6.577307 13.686413 0.618672 0.124924 -0.794902 -75.541068 -404.791942 -359.588125
-0.734726 6.581187 13.159123 -0.734726 6.581187 13.159123 0.552019 -0.109010 -0.938771 -146.635507 -374.987634 -119.976453
-0.433828 6.452873 12.587840 -0.433828 6.452873 12.587840 0.444439 -0.311056 -0.942876 -211.965820 -298.499066 106.294772
-0.208788 6.220252 12.053809 -0.208788 6.220252 12.053809 0.299912 -0.451443 -0.816291 -269.788950 -169.459383 315.654155
-0.077768 5.928240 11.632043 -0.077768 5.928240 11.632043 0.136215 -0.506334 -0.570943 -275.868789 -13.509241 502.172071
-0.042293 5.631830 11.385810 -0.042293 5.631830 11.385810 -0.012293 -0.465329 -0.239933 -219.155753 150.194302 601.195106
-0.083766 5.389308 11.352255 -0.083766 5.389308 11.352255 -0.117033 -0.327012 0.131735 -129.979611 310.862442 637.700597
-0.170006 5.256330 11.544849 -0.170006 5.256330 11.544849 -0.158143 -0.104127 0.508187 -7.054766 432.086873 617.137293
-0.255820 5.275565 11.953841 -0.255820 5.275565 11.953841 -0.110663 0.174802 0.843445 165.322036 497.676633 500.389934
-0.282535 5.470673 12.541747 -0.282535 5.470673 12.541747 0.038153 0.476633 1.102524 330.731871 508.427008 363.207735
-0.191367 5.845667 13.258126 -0.191367 5.845667 13.258126 0.280314 0.769172 1.267883 476.471353 466.700155 187.987247
0.070378 6.384293 14.040686 0.070378 6.384293 14.040686 0.605156 1.014781 1.320640 606.337455 351.998597 -12.128705
0.547103 7.046044 14.821068 0.547103 7.046044 14.821068 0.991415 1.173592 1.264266 681.190352 177.370982 -175.786635
1.264997 7.771342 15.539581 1.264997 7.771342 15.539581 1.402280 1.226092 1.116773 688.359321 -2.372133 -315.857402
2.225110 8.494776 16.147122 2.225110 8.494776 16.147122 1.789497 1.165698 0.898915 602.365279 -198.939969 -410.334510
3.399942 9.148555 16.611515 3.399942 9.148555 16.611515 2.114457 0.997182 0.647237 480.835436 -362.778736 -428.591135
4.755167 9.681564 16.922711 4.755167 9.681564 16.922711 2.402959 0.779515 0.390083 480.835436 -362.778736 -428.591135
