-9.122574 4.580387 -10.816976 -9.122574 4.580387 -10.816976 2.239679 1.256214 0.692415 0.905703 -359.734592 585.242696
-7.778603 5.269364 -10.296183 -7.778603 5.269364 -10.296183 2.240222 1.040374 1.043561 0.905703 -359.734592 585.242696
-6.444898 5.823908 -9.572076 -6.444898 5.823908 -9.572076 2.187813 0.799896 1.357843 -175.601463 -441.857528 462.363973
-5.177719 6.221392 -8.683959 -5.177719 6.221392 -8.683959 2.012946 0.520187 1.586190 -407.288643 -490.505095 298.793167
-4.052819 6.446509 -7.690745 -4.052819 6.446509 -7.690745 1.720791 0.232359 1.704048 -566.561337 -468.920536 94.067256
-3.128277 6.507711 -6.664726 -3.128277 6.507711 -6.664726 1.351097 -0.018031 1.693780 -665.754854 -365.714764 -128.293428
-2.439648 6.437161 -5.684501 -2.439648 6.437161 -5.684501 0.940678 -0.206977 1.552051 -702.306196 -264.104097 -344.138892
-1.998786 6.274313 -4.827013 -1.998786 6.274313 -4.827013 0.533650 -0.321054 1.286583 -654.455068 -116.152104 -540.754028
-1.789168 6.068795 -4.158512 -1.789168 6.068795 -4.158512 0.177126 -0.350635 0.931567 -533.958608 17.547254 -642.631684
-1.768514 5.868805 -3.718913 -1.768514 5.868805 -3.718913 -0.090796 -0.303944 0.527647 -359.113802 138.089359 -703.770305
-1.874126 5.717187 -3.528189 -1.874126 5.717187 -3.528189 -0.238732 -0.191630 0.109462 -134.005758 236.292582 -690.179681
-2.027336 5.646841 -3.580048 -2.027336 5.646841 -3.580048 -0.248386 -0.039361 -0.271168 101.824734 271.269073 -578.585929
-2.144875 5.670414 -3.837384 -2.144875 5.670414 -3.837384 -0.121471 0.115207 -0.570764 321.224422 243.958937 -420.066010
-2.148376 5.780482 -4.243220 -2.148376 5.780482 -4.243220 0.129074 0.246741 -0.761633 513.926467 194.486126 -216.165401
-1.970491 5.958329 -4.724927 -1.970491 5.958329 -4.724927 0.477100 0.337404 -0.820421 646.161006 107.723109 20.206597
-1.564493 6.174496 -5.199546 -1.564493 6.174496 -5.199546 0.881939 0.373712 -0.738315 703.303640 13.304018 253.479074
-0.909488 6.394145 -5.585418 -0.909488 6.394145 -5.585418 1.300157 0.346829 -0.528775 690.754869 -102.914057 444.989423
-0.010750 6.578690 -5.814796 -0.010750 6.578690 -5.814796 1.686148 0.259943 -0.222835 595.880811 -186.704820 574.808950
1.102549 6.698354 -5.840037 1.102549 6.698354 -5.840037 2.015437 0.134446 0.147022 501.751741 -231.618284 658.047464
2.402127 6.737331 -5.633375 2.402127 6.737331 -5.633375 2.316489 -0.004525 0.541850 501.751741 -231.618284 658.047464
