6.824770 -3.701429 5.698099 6.824770 -3.701429 5.698099 0.287630 -0.872711 0.050558 596.976107 -76.710069 688.325180
7.104804 -4.238864 5.852333 7.104804 -4.238864 5.852333 0.645816 -0.918737 0.463553 596.976107 -76.710069 688.325180
7.597942 -4.794390 6.252620 7.597942 -4.794390 6.252620 0.994970 -0.917145 0.867832 566.869637 82.015976 659.270645
8.292705 -5.318638 6.885404 8.292705 -5.318638 6.885404 1.313815 -0.811554 1.230474 495.947003 269.953984 549.535092
9.162590 -5.747332 7.712174 9.162590 -5.747332 7.712174 1.573009 -0.601352 1.508040 368.033022 430.720357 375.686386
10.163450 -6.023938 8.672552 10.163450 -6.023938 8.672552 1.747877 -0.309542 1.673104 214.860270 541.978683 174.526805
11.240726 -6.109567 9.695843 11.240726 -6.109567 9.695843 1.826168 0.028348 1.717890 46.111169 584.322182 -25.241953
12.334927 -5.988441 10.709871 12.334927 -5.988441 10.709871 1.804832 0.373635 1.641930 -117.232604 566.632917 -227.958047
13.389070 -5.666739 11.643555 13.389070 -5.666739 11.643555 1.696222 0.691250 1.452947 -244.798973 492.084188 -401.983709
14.357601 -5.171228 12.436873 14.357601 -5.171228 12.436873 1.523651 0.947428 1.181295 -330.437199 361.844067 -503.522660
15.210388 -4.548267 13.052264 15.210388 -4.548267 13.052264 1.315765 1.111395 0.865417 -362.518591 184.709964 -549.406555
15.935577 -3.860379 13.472879 15.935577 -3.860379 13.472879 1.103169 1.161240 0.537068 -346.132016 -18.557505 -545.088561
16.537813 -3.177439 13.700416 16.537813 -3.177439 13.700416 0.908682 1.097788 0.227073 -302.157827 -192.950111 -488.229295
17.032224 -2.562710 13.755402 17.032224 -2.562710 13.755402 0.745336 0.935954 -0.032747 -242.331394 -346.498151 -377.834827
17.441579 -2.070615 13.675227 17.441579 -2.070615 13.675227 0.628805 0.692517 -0.222032 -146.103639 -464.956145 -253.116118
17.797396 -1.741778 13.503696 17.797396 -1.741778 13.503696 0.565304 0.398634 -0.337654 -65.566039 -514.653518 -132.291808
18.127092 -1.594824 13.284130 18.127092 -1.594824 13.284130 0.537543 0.091896 -0.382835 -26.970971 -507.807777 -18.309703
18.446115 -1.626522 13.056160 18.446115 -1.626522 13.056160 0.528120 -0.189938 -0.368689 -4.437976 -431.640658 65.461722
18.762147 -1.810000 12.849491 18.762147 -1.810000 12.849491 0.525252 -0.408019 -0.315605 -5.122140 -295.294089 111.484664
19.073435 -2.098694 12.680754 19.073435 -2.098694 12.680754 0.507468 -0.538847 -0.245921 -54.157656 -140.800301 120.794425
19.363874 -2.437281 12.553117 19.363874 -2.437281 12.553117 0.453507 -0.572998 -0.182578 -125.714291 26.965846 90.351856
19.609559 -2.766847 12.457158 19.609559 -2.766847 12.457158 0.359127 -0.509926 -0.141748 -188.884246 183.271765 45.746009
19.787307 -3.033004 12.376422 19.787307 -3.033004 12.376422 0.227146 -0.365915 -0.133905 -251.052229 296.766227 -19.600896
19.876027 -3.194089 12.288655 19.876027 -3.194089 12.288655 0.064625 -0.162624 -0.165147 -290.686030 380.871413 -84.541206
19.862038 -3.220920 12.172651 19.862038 -3.220920 12.172651 -0.111990 0.076832 -0.224363 -298.031023 417.315170 -112.845855
19.743174 -3.101938 12.017292 19.743174 -3.101938 12.017292 -0.280929 0.316048 -0.294212 -265.098598 380.069621 -119.982388
19.532792 -2.847960 11.821129 19.532792 -2.847960 11.821129 -0.410521 0.523774 -0.356397 -166.874247 312.350750 -87.300008
19.263903 -2.484343 11.595251 19.263903 -2.484343 11.595251 -0.473340 0.676833 -0.390409 -42.522122 197.844688 -26.073807
18.980294 -2.050391 11.361899 18.980294 -2.050391 11.361899 -0.458611 0.756741 -0.378119 91.617571 68.517120 67.040748
18.730836 -1.590991 11.153325 18.730836 -1.590991 11.153325 -0.357551 0.762965 -0.306746 245.251172 -47.771511 170.868136
18.569346 -1.146719 11.005857 18.569346 -1.146719 11.005857 -0.165927 0.709760 -0.175109 393.494898 -129.578469 267.921358
18.547109 -0.748345 10.953750 18.547109 -0.748345 10.953750 0.102620 0.611226 0.009310 501.660980 -198.866080 346.807481
18.702365 -0.419029 11.024184 18.702365 -0.419029 11.024184 0.420544 0.483783 0.229506 558.085467 -225.944824 387.180770
19.055031 -0.167627 11.231181 19.055031 -0.167627 11.231181 0.754816 0.357231 0.459822 556.153802 -195.895240 380.538621
19.602969 0.015519 11.571568 19.602969 0.015519 11.571568 1.063211 0.260034 0.668128 471.830352 -128.094389 313.816753
20.317740 0.154613 12.021973 20.317740 0.154613 12.021973 1.305886 0.213830 0.821624 337.088037 -25.919514 197.833545
21.151543 0.284559 12.541311 21.151543 0.284559 12.541311 1.456116 0.229844 0.894090 163.676468 79.298374 43.721186
22.041094 0.442582 13.074242 22.041094 0.442582 13.074242 1.486419 0.306638 0.863361 -62.667391 176.683441 -146.151733
22.908508 0.662619 13.554547 22.908508 0.662619 13.554547 1.383035 0.433903 0.718650 -281.942741 247.532448 -336.217860
23.675804 0.969034 13.915443 23.675804 0.969034 13.915443 1.154991 0.590012 0.468046 -478.206749 272.830587 -499.128470
24.272339 1.371928 14.098759 24.272339 1.371928 14.098759 0.816153 0.752598 0.130227 -651.252894 269.123539 -626.934843
24.638919 1.868387 14.059784 24.638919 1.868387 14.059784 0.395971 0.896362 -0.267249 -749.352513 210.087697 -697.984153
24.740639 2.438281 13.774294 24.740639 2.438281 13.774294 -0.058537 0.993718 -0.683557 -765.674680 114.433786 -689.709180
24.570875 3.047072 13.244001 24.570875 3.047072 13.244001 -0.502040 1.022190 -1.077439 -712.667992 -19.527418 -623.232132
24.148572 3.648302 12.493648 24.148572 3.648302 12.493648 -0.893635 0.967627 -1.409920 -592.648107 -162.350577 -485.038961
23.517241 4.192049 11.572829 23.517241 4.192049 11.572829 -1.191592 0.832187 -1.638743 -400.542740 -289.115073 -277.703918
22.745202 4.634055 10.555051 22.745202 4.634055 10.555051 -1.356850 0.632392 -1.728090 -150.319206 -376.869064 -20.118220
21.915288 4.942702 9.525916 21.915288 4.942702 9.525916 -1.390774 0.391515 -1.683462 37.239887 -426.051475 168.878453
21.087526 5.100922 8.546237 21.087526 5.100922 8.546237 -1.368430 0.135885 -1.582135 37.239887 -426.051475 168.878453
