-2.762811 -3.122197 -0.486720 -2.762811 -3.122197 -0.486720 1.317248 0.134945 1.871427 -578.809651 -124.307910 -682.248430
-2.076648 -3.063605 0.513332 -2.076648 -3.063605 0.513332 0.969962 0.060361 1.462078 -578.809651 -124.307910 -682.248430
-1.597194 -3.052615 1.265336 -1.597194 -3.052615 1.265336 0.630989 -0.028476 1.040537 -551.102259 -171.815825 -722.889653
-1.311886 -3.102443 1.760399 -1.311886 -3.102443 1.760399 0.329892 -0.140641 0.611109 -452.552894 -202.065848 -708.536884
-1.186428 -3.223096 2.004996 -1.186428 -3.223096 2.004996 0.103272 -0.261364 0.213332 -302.846954 -200.345725 -617.385716
-1.167022 -3.412835 2.032262 -1.167022 -3.412835 2.032262 -0.018663 -0.365862 -0.105122 -103.603611 -147.978268 -444.128859
-1.182762 -3.652798 1.902314 -1.182762 -3.652798 1.902314 -0.010290 -0.423702 -0.306255 131.512807 -44.824373 -226.314702
-1.152074 -3.908109 1.690186 -1.152074 -3.908109 1.690186 0.134566 -0.415701 -0.380231 351.339582 71.496090 -20.271472
-0.997198 -4.138352 1.470947 -0.997198 -4.138352 1.470947 0.399847 -0.341261 -0.329654 532.932087 176.635494 188.863848
-0.652486 -4.304612 1.318600 -0.652486 -4.304612 1.318600 0.763984 -0.201771 -0.159086 680.857019 288.330909 379.695617
-0.067225 -4.368604 1.299509 -0.067225 -4.368604 1.299509 1.194081 -0.002914 0.108807 752.798931 374.528053 513.280565
0.784020 -4.301642 1.460712 0.784020 -4.301642 1.460712 1.642228 0.228279 0.434415 741.026041 396.114587 572.078849
1.898574 -4.095421 1.824638 1.898574 -4.095421 1.824638 2.066004 0.455710 0.779177 671.561089 361.989259 577.126485
3.250070 -3.760836 2.392858 3.250070 -3.760836 2.392858 2.424003 0.652912 1.109610 521.767416 295.351036 524.317049
4.784472 -3.325172 3.145430 4.784472 -3.325172 3.145430 2.667474 0.783885 1.386345 289.802851 141.225752 398.134316
6.425573 -2.836841 4.040566 6.425573 -2.836841 4.040566 2.783617 0.831517 1.583552 97.342480 17.546344 259.220795
8.113265 -2.334773 5.037357 8.113265 -2.334773 5.037357 2.842023 0.842045 1.739084 97.342480 17.546344 259.220795
