-3.806299 -4.857826 -9.785337 -3.806299 -4.857826 -9.785337 -1.463604 1.321397 0.302420 374.180131 -181.489476 139.409573
-4.617109 -4.097656 -9.578792 -4.617109 -4.097656 -9.578792 -1.239096 1.212504 0.386066 374.180131 -181.489476 139.409573
-5.284438 -3.409501 -9.326276 -5.284438 -3.409501 -9.326276 -0.970712 1.070212 0.448623 520.432513 -292.814649 69.112863
-5.763467 -2.827676 -9.048401 -5.763467 -2.827676 -9.048401 -0.609847 0.856546 0.471397 682.451326 -419.408047 6.801519
-6.002386 -2.392686 -8.764876 -6.002386 -2.392686 -8.764876 -0.179637 0.587681 0.472792 751.579617 -476.805951 -2.152539
-5.975634 -2.125161 -8.480365 -5.975634 -2.125161 -8.480365 0.267560 0.305306 0.477619 739.080178 -464.445226 18.242308
-5.687585 -2.020854 -8.188263 -5.687585 -2.020854 -8.188263 0.683398 0.050253 0.499799 647.044396 -385.730538 55.692072
-5.170191 -2.053402 -7.874245 -5.170191 -2.053402 -7.874245 1.026062 -0.147523 0.553783 495.170847 -273.524204 124.254779
-4.476386 -2.182899 -7.515189 -4.476386 -2.182899 -7.515189 1.268348 -0.270382 0.650436 312.447987 -136.004788 197.923702
-3.671246 -2.360006 -7.084419 -3.671246 -2.360006 -7.084419 1.395270 -0.303974 0.793604 110.623840 24.031449 279.300389
-2.825463 -2.529565 -6.555639 -2.825463 -2.529565 -6.555639 1.405188 -0.247053 0.972900 -77.561671 165.705874 318.353837
-2.006470 -2.642582 -5.914772 -2.006470 -2.642582 -5.914772 1.307855 -0.120695 1.163032 -246.883526 255.486281 315.419152
-1.273932 -2.665506 -5.162092 -1.273932 -2.665506 -5.162092 1.121046 0.050126 1.342709 -375.811669 313.917839 283.505520
-0.672299 -2.577193 -4.309682 -0.672299 -2.577193 -4.309682 0.878819 0.247135 1.491578 -431.612925 342.778237 212.722602
-0.222700 -2.369597 -3.384297 -0.222700 -2.369597 -3.384297 0.619839 0.440879 1.579952 -431.651874 303.033272 81.858939
0.074207 -2.055884 -2.431377 0.074207 -2.055884 -2.431377 0.374354 0.595899 1.580139 -386.634099 213.701586 -81.236993
0.234099 -1.665430 -1.506794 0.234099 -1.665430 -1.506794 0.166742 0.696359 1.487010 -305.405200 121.163513 -229.193709
0.286416 -1.232947 -0.664722 0.286416 -1.232947 -0.664722 0.019724 0.733349 1.305097 -184.653425 2.137026 -377.181265
0.272316 -0.799261 0.042217 0.272316 -0.799261 0.042217 -0.054552 0.701093 1.037660 -62.935516 -109.657541 -514.275847
0.234732 -0.402019 0.567974 0.234732 -0.402019 0.567974 -0.059935 0.616923 0.707744 44.993600 -170.907637 -585.442707
0.211990 -0.064544 0.887315 0.211990 -0.064544 0.887315 -0.007336 0.504798 0.356851 130.337390 -202.840929 -584.202524
0.233025 0.201769 1.000003 0.233025 0.201769 1.000003 0.080746 0.382820 0.024996 163.268216 -203.752593 -521.978561
0.311311 0.397571 0.928677 0.311311 0.397571 0.928677 0.180956 0.274498 -0.250026 170.763774 -157.323002 -394.762302
0.449846 0.539547 0.718049 0.449846 0.539547 0.718049 0.279536 0.208083 -0.434662 157.838031 -64.059605 -220.692770
0.642818 0.659064 0.430553 0.642818 0.659064 0.430553 0.358436 0.200637 -0.501944 105.163397 39.240128 -3.580264
0.872678 0.793142 0.142233 0.872678 0.793142 0.142233 0.400876 0.257340 -0.436640 36.301059 149.769071 221.261434
1.116187 0.980830 -0.067034 1.116187 0.980830 -0.067034 0.404905 0.378834 -0.239431 -22.871693 255.210512 436.102101
1.353384 1.257139 -0.121665 1.353384 1.257139 -0.121665 0.383036 0.547314 0.074874 -50.022641 306.390790 611.581315
1.573938 1.641929 0.040509 1.573938 1.641929 0.040509 0.351705 0.737404 0.477647 -54.413781 327.240694 730.995321
1.776594 2.142048 0.460514 1.776594 2.142048 0.460514 0.326190 0.927612 0.925433 -30.637170 306.789129 761.623380
1.971144 2.748491 1.151070 1.971144 2.748491 1.151070 0.329562 1.084957 1.373426 41.875543 217.691142 731.687928
2.181772 3.431274 2.099783 2.181772 3.431274 2.099783 0.381457 1.178694 1.777208 131.108112 94.766598 614.252711
2.441545 4.145770 3.264833 2.441545 4.145770 3.264833 0.496620 1.186661 2.086558 252.771116 -68.209866 416.911275
2.790984 4.837833 4.582317 2.790984 4.837833 4.582317 0.678120 1.107458 2.289232 352.228036 -195.799012 258.668999
3.261257 5.467064 6.002417 3.261257 5.467064 6.002417 0.889457 0.989979 2.444433 352.228036 -195.799012 258.668999
