-9.793094 -3.936967 -2.968499 -9.793094 -3.936967 -2.968499 -0.771415 -0.689162 -0.003593 350.440060 173.589360 239.746866
-10.192863 -4.319218 -2.927500 -10.192863 -4.319218 -2.927500 -0.561151 -0.585008 0.140255 350.440060 173.589360 239.746866
-10.457124 -4.629980 -2.806323 -10.457124 -4.629980 -2.806323 -0.304133 -0.435873 0.253455 506.284905 323.526989 137.586170
-10.537690 -4.823377 -2.636895 -10.537690 -4.823377 -2.636895 0.053553 -0.192296 0.298952 686.003178 488.397261 14.070535
-10.377313 -4.845402 -2.460256 -10.377313 -4.845402 -2.460256 0.488978 0.127952 0.281071 765.412410 579.098252 -73.672428
-9.946062 -4.663932 -2.307964 -9.946062 -4.663932 -2.307964 0.948673 0.477713 0.221418 766.905591 586.769833 -125.169529
-9.243017 -4.274605 -2.198056 -9.243017 -4.274605 -2.198056 1.387809 0.815177 0.144254 696.882349 538.111466 -132.044681
-8.292992 -3.694491 -2.134000 -8.292992 -3.694491 -2.134000 1.765442 1.108785 0.071388 561.892180 440.579548 -110.842355
-7.143198 -2.959336 -2.107861 -7.143198 -2.959336 -2.107861 2.049519 1.326033 0.021172 385.031749 283.581037 -56.545021
-5.856916 -2.123978 -2.101964 -5.856916 -2.123978 -2.101964 2.216864 1.439647 0.004105 172.784349 95.131604 -0.343107
-4.507901 -1.253792 -2.095711 -4.507901 -1.253792 -2.095711 2.259509 1.443099 0.023157 -30.633741 -83.624180 63.849517
-3.168023 -0.413396 -2.068055 -3.168023 -0.413396 -2.068055 2.189563 1.340873 0.072810 -202.518151 -257.129639 101.658708
-1.899736 0.336832 -2.005145 -1.899736 0.336832 -2.005145 2.023065 1.146534 0.138430 -352.476738 -390.666186 117.076140
-0.754452 0.949659 -1.902443 -0.754452 0.949659 -1.902443 1.786034 0.888263 0.201529 -437.625836 -470.236258 93.252949
0.237335 1.396497 -1.767654 0.237335 1.396497 -1.767654 1.518153 0.598738 0.242909 -455.312340 -494.846846 44.678798
1.068025 1.669453 -1.618904 1.068025 1.669453 -1.618904 1.253738 0.315757 0.244531 -426.071531 -448.423598 -39.270369
1.748116 1.784303 -1.486328 1.748116 1.784303 -1.486328 1.020802 0.077264 0.185600 -350.378791 -346.553082 -157.167237
2.304758 1.776198 -1.408887 2.304758 1.776198 -1.408887 0.846717 -0.091088 0.063153 -229.907049 -214.619192 -250.989623
2.778678 1.691151 -1.421291 2.778678 1.691151 -1.421291 0.745141 -0.178674 -0.113029 -108.677605 -77.334378 -336.281456
3.212485 1.579029 -1.552717 3.212485 1.579029 -1.552717 0.711355 -0.180066 -0.330187 -3.944711 72.692099 -387.581146
3.644358 1.491742 -1.820388 3.644358 1.491742 -1.820388 0.737840 -0.098106 -0.561708 92.230979 200.507659 -384.153260
4.107035 1.474076 -2.223269 4.107035 1.474076 -2.223269 0.810033 0.047732 -0.775739 148.412285 285.619116 -329.285429
4.620868 1.556798 -2.741702 4.620868 1.556798 -2.741702 0.904573 0.232458 -0.941904 166.719907 330.136693 -224.596412
5.192862 1.754207 -3.338619 5.192862 1.754207 -3.338619 1.000807 0.423087 -1.033399 154.059780 305.292823 -80.388274
5.818795 2.059514 -3.961648 5.818795 2.059514 -3.961648 1.081836 0.588773 -1.024226 116.035993 246.992271 110.965196
6.484554 2.451638 -4.544429 6.484554 2.451638 -4.544429 1.130313 0.708980 -0.898745 45.554584 153.698545 307.306310
7.166918 2.898609 -5.017629 7.166918 2.898609 -5.017629 1.137528 0.770785 -0.660701 -21.504743 52.317121 486.172292
7.842982 3.363694 -5.318013 7.842982 3.363694 -5.318013 1.111717 0.768162 -0.326370 -64.531967 -61.060790 628.263516
8.497184 3.807401 -5.394807 8.497184 3.807401 -5.394807 1.066933 0.700528 0.080290 -84.746584 -164.383599 727.272592
9.123007 4.194982 -5.214800 9.123007 4.194982 -5.214800 1.020675 0.586161 0.521273 -69.448287 -216.840612 742.668552
9.726889 4.507024 -4.772893 9.726889 4.507024 -4.772893 0.998895 0.452941 0.944190 -3.152119 -227.226275 667.054363
10.329064 4.739954 -4.092598 10.329064 4.739954 -4.092598 1.014030 0.326938 1.312979 53.603374 -192.784781 562.243237
10.947131 4.901415 -3.203607 10.947131 4.901415 -3.203607 1.046192 0.211267 1.650325 53.603374 -192.784781 562.243237
