-10.977328 -4.460144 -5.035697 -10.977328 -4.460144 -5.035697 0.792806 0.293181 0.399025 436.599636 -235.284000 378.770297
-10.423057 -4.326586 -4.728103 -10.423057 -4.326586 -4.728103 1.054766 0.152011 0.626287 436.599636 -235.284000 378.770297
-9.711815 -4.279261 -4.293758 -9.711815 -4.279261 -4.293758 1.315695 0.003187 0.805522 433.162664 -260.794585 218.679754
-8.848160 -4.323677 -3.783212 -8.848160 -4.323677 -3.783212 1.556939 -0.150215 0.876081 370.985188 -250.547955 16.515190
-7.854706 -4.455471 -3.264714 -7.854706 -4.455471 -3.264714 1.742095 -0.283374 0.835376 246.199475 -193.312147 -152.196982
-6.774620 -4.653102 -2.798692 -6.774620 -4.653102 -2.798692 1.842379 -0.363413 0.705015 88.080900 -73.486885 -282.341521
-5.664130 -4.876803 -2.430839 -5.664130 -4.876803 -2.430839 1.841268 -0.369636 0.513938 -91.782301 52.745216 -354.579959
-4.586974 -5.080715 -2.187777 -4.586974 -5.080715 -2.187777 1.730781 -0.296113 0.293809 -276.507952 192.330806 -379.185049
-3.607726 -5.215646 -2.078741 -3.607726 -5.215646 -2.078741 1.517630 -0.140126 0.071315 -433.994488 327.626589 -362.461236
-2.783051 -5.234936 -2.096937 -2.783051 -5.234936 -2.096937 1.218313 0.085512 -0.124871 -563.731150 424.497493 -291.490086
-2.158076 -5.103871 -2.218888 -2.158076 -5.103871 -2.218888 0.857366 0.356951 -0.272564 -639.425720 480.301987 -200.821219
-1.757983 -4.803398 -2.412114 -1.757983 -4.803398 -2.412114 0.477561 0.644374 -0.360758 -626.590365 477.772489 -93.159002
-1.579862 -4.334244 -2.639894 -1.579862 -4.334244 -2.639894 0.123462 0.913692 -0.389434 -553.739260 419.955471 -2.427910
-1.596548 -3.716830 -2.870056 -1.596548 -3.716830 -2.870056 -0.164233 1.133701 -0.371214 -405.244035 313.406963 63.159827
-1.756116 -2.990485 -3.078718 -1.756116 -2.990485 -3.078718 -0.347800 1.270300 -0.319832 -206.647379 141.923742 108.115168
-1.987776 -2.214022 -3.250365 -1.987776 -2.214022 -3.250365 -0.400703 1.299135 -0.251003 30.306324 -45.808706 121.314019
-2.209556 -1.452918 -3.381294 -2.209556 -1.452918 -3.381294 -0.316588 1.220995 -0.189034 250.074979 -214.656338 85.251216
-2.341574 -0.768236 -3.482579 -2.341574 -0.768236 -3.482579 -0.101936 1.045818 -0.153931 465.434098 -369.266875 31.758088
-2.308905 -0.214692 -3.572636 -2.308905 -0.214692 -3.572636 0.227588 0.786864 -0.151952 632.979149 -493.912534 -25.160216
-2.051697 0.165065 -3.672151 -2.051697 0.165065 -3.672151 0.640967 0.473230 -0.186122 744.949153 -551.536573 -88.742553
-1.530456 0.350332 -3.802053 -1.530456 0.350332 -3.802053 1.100788 0.145338 -0.250643 787.787521 -541.435201 -126.324991
-0.731909 0.344149 -3.974957 -0.731909 0.344149 -3.974957 1.554823 -0.159160 -0.325339 725.661551 -473.557661 -122.664007
0.324141 0.171784 -4.189919 0.324141 0.171784 -4.189919 1.952908 -0.401441 -0.387331 601.288529 -334.047681 -83.975263
1.595158 -0.118887 -4.433279 1.595158 -0.118887 -4.433279 2.268884 -0.550254 -0.416946 451.964730 -161.992534 -14.742182
3.025223 -0.467469 -4.680282 3.025223 -0.467469 -4.680282 2.476964 -0.593809 -0.396698 241.637861 16.806253 82.236685
4.540244 -0.808697 -4.894912 4.540244 -0.808697 -4.894912 2.548687 -0.523560 -0.304426 -2.561057 217.357891 225.336230
6.058840 -1.074302 -5.029824 6.058840 -1.074302 -5.029824 2.496375 -0.346114 -0.133308 -171.812836 374.129277 345.059000
7.525739 -1.214627 -5.047698 7.525739 -1.214627 -5.047698 2.393288 -0.121636 0.073728 -171.812836 374.129277 345.059000
