-7.445834 -4.352894 3.861932 -7.445834 -4.352894 3.861932 -0.718874 0.524119 1.894912 759.443261 -125.401374 -79.538320
-7.740458 -4.060995 4.984562 -7.740458 -4.060995 4.984562 -0.263208 0.448878 1.847189 759.443261 -125.401374 -79.538320
-7.762137 -3.820104 6.069246 -7.762137 -3.820104 6.069246 0.190189 0.344322 1.752903 751.881156 -223.119640 -234.748866
-7.515041 -3.659542 7.068253 -7.515041 -3.659542 7.068253 0.629538 0.181100 1.559653 712.614957 -320.953522 -409.416176
-7.016792 -3.610285 7.922516 -7.016792 -3.610285 7.922516 1.018386 -0.019625 1.274833 583.545715 -348.130003 -539.985513
-6.312306 -3.683360 8.584244 -6.312306 -3.683360 8.584244 1.310592 -0.221688 0.920970 390.473113 -325.410996 -639.556664
-5.466994 -3.870777 9.020638 -5.466994 -3.870777 9.020638 1.488237 -0.396088 0.531898 201.676804 -255.924719 -657.349921
-4.551438 -4.147408 9.223201 -4.551438 -4.147408 9.223201 1.540803 -0.514198 0.146222 -26.456783 -137.774623 -628.236908
-3.643623 -4.471681 9.204035 -3.643623 -4.471681 9.204035 1.465406 -0.551637 -0.199803 -224.866548 12.979589 -525.180413
-2.812928 -4.790623 9.000400 -2.812928 -4.790623 9.000400 1.290124 -0.495332 -0.461014 -359.406360 174.700911 -345.521820
-2.109871 -5.047360 8.674727 -2.109871 -5.047360 8.674727 1.042862 -0.345430 -0.602681 -464.798857 324.973279 -126.701699
-1.570510 -5.188077 8.303767 -1.570510 -5.188077 8.303767 0.750520 -0.110216 -0.611427 -509.676642 459.072545 97.549153
-1.209133 -5.167045 7.967032 -1.209133 -5.167045 7.967032 0.458746 0.187873 -0.490086 -462.901425 534.557633 306.918982
-1.013247 -4.957180 7.740172 -1.013247 -4.957180 7.740172 0.200810 0.513210 -0.246205 -396.886156 549.900117 506.017316
-0.957230 -4.552713 7.691677 -0.957230 -4.552713 7.691677 -0.002470 0.830946 0.098133 -280.715066 509.220113 641.776010
-0.999959 -3.969816 7.870015 -0.999959 -3.969816 7.870015 -0.124489 1.099826 0.502892 -126.013192 387.046513 707.423165
-1.090861 -3.248482 8.298295 -1.090861 -3.248482 8.298295 -0.167728 1.290903 0.923387 -18.117677 249.876662 694.226535
-1.194759 -2.428963 8.977288 -1.194759 -2.428963 8.977288 -0.178599 1.440829 1.339923 -18.117677 249.876662 694.226535
