-4.024501 -0.829910 -8.706990 -4.024501 -0.829910 -8.706990 0.532760 1.194843 -1.061899 280.741626 -95.903612 176.762688
-3.654312 -0.130267 -9.312312 -3.654312 -0.130267 -9.312312 0.701205 1.137300 -0.955842 280.741626 -95.903612 176.762688
-3.181914 0.528345 -9.844818 -3.181914 0.528345 -9.844818 0.875354 1.047234 -0.803872 299.753354 -204.317914 329.801401
-2.604055 1.114820 -10.255550 -2.604055 1.114820 -10.255550 1.048663 0.899200 -0.544859 277.945049 -289.129538 533.574763
-1.927585 1.600995 -10.477751 -1.927585 1.600995 -10.477751 1.201640 0.719214 -0.181357 231.978846 -310.822645 678.101410
-1.169507 1.977820 -10.460608 -1.169507 1.977820 -10.460608 1.317513 0.538944 0.244998 154.264041 -290.077633 743.081806
-0.356169 2.251990 -10.180036 -0.356169 2.251990 -10.180036 1.385387 0.379987 0.689940 71.980325 -239.777633 740.057461
0.484365 2.442703 -9.637659 0.484365 2.442703 -9.637659 1.410300 0.265521 1.109985 11.064048 -141.778199 660.090939
1.330065 2.583712 -8.860644 1.330065 2.583712 -8.860644 1.404583 0.216538 1.467078 -30.119767 -21.497871 530.220416
2.166510 2.715366 -7.896804 2.166510 2.715366 -7.896804 1.382093 0.231642 1.725980 -44.846432 71.843792 332.785095
2.989878 2.872739 -6.815657 2.989878 2.872739 -6.815657 1.366107 0.302030 1.853937 -8.441366 162.782407 93.739617
3.810561 3.086325 -5.700602 3.810561 3.086325 -5.700602 1.373734 0.415039 1.839283 33.866278 213.915890 -142.586495
4.645374 3.373520 -4.634979 4.645374 3.373520 -4.634979 1.416438 0.541718 1.692324 108.480340 208.348345 -347.277790
5.519676 3.733357 -3.693219 5.519676 3.733357 -3.693219 1.506088 0.653246 1.428333 190.352820 163.411500 -532.691191
6.461013 4.149841 -2.938976 6.461013 4.149841 -2.938976 1.637399 0.726905 1.074356 247.348355 82.118596 -647.233245
7.489481 4.594338 -2.413241 7.489481 4.594338 -2.413241 1.793340 0.744037 0.674137 272.455739 -25.012609 -686.830145
8.614417 5.030364 -2.130354 8.614417 5.030364 -2.130354 1.956261 0.699562 0.272209 270.614662 -123.239042 -652.930581
9.833661 5.421301 -2.077474 9.833661 5.421301 -2.077474 2.102514 0.592533 -0.084136 216.895220 -233.522270 -534.883592
11.128109 5.729488 -2.215117 11.128109 5.729488 -2.215117 2.202145 0.425926 -0.359481 115.207142 -321.835557 -382.933793
12.462167 5.925554 -2.487848 12.462167 5.925554 -2.487848 2.231438 0.225029 -0.529811 -17.563945 -347.818937 -184.833483
13.788270 5.998247 -2.826827 13.788270 5.998247 -2.826827 2.172909 0.017751 -0.579825 -177.532005 -343.108834 18.120963
15.049936 5.951222 -3.160079 15.049936 5.951222 -3.160079 2.015770 -0.167694 -0.512044 -346.263021 -275.041718 207.814651
16.188679 5.807710 -3.419940 16.188679 5.807710 -3.419940 1.766056 -0.299663 -0.337559 -486.119614 -164.854193 373.803588
17.154632 5.606998 -3.549110 17.154632 5.606998 -3.549110 1.443486 -0.354777 -0.082876 -589.112534 -18.858705 475.137357
17.911905 5.400258 -3.510343 17.911905 5.400258 -3.510343 1.076130 -0.318489 0.217046 -635.406999 139.817759 524.604738
18.443766 5.242542 -3.286332 18.443766 5.242542 -3.286332 0.697666 -0.193546 0.528583 -626.139573 276.660353 513.849812
18.754356 5.183183 -2.880722 18.754356 5.183183 -2.880722 0.345461 0.007295 0.816729 -547.877890 392.806674 446.636781
18.871983 5.263037 -2.316243 18.871983 5.263037 -2.316243 0.061574 0.266841 1.054949 -398.411168 472.347443 347.431145
18.848812 5.508629 -1.627488 18.848812 5.508629 -1.627488 -0.119478 0.552575 1.229647 -205.095761 480.098990 234.897438
18.753722 5.923532 -0.855471 18.753722 5.923532 -0.855471 -0.174969 0.825332 1.330319 20.124371 429.090901 100.675197
18.665830 6.490403 -0.045122 18.665830 6.490403 -0.045122 -0.095557 1.054964 1.360905 244.583820 336.349917 1.276135
18.664863 7.174548 0.767704 18.664863 7.174548 0.767704 0.112903 1.209895 1.341941 450.283869 180.087573 -64.489189
18.822684 7.921505 1.558386 18.822684 7.921505 1.558386 0.428211 1.260970 1.288875 600.739737 -9.839187 -112.395697
19.193422 8.665004 2.311361 19.193422 8.665004 2.311361 0.817049 1.198504 1.220841 695.387108 -198.378601 -114.384277
19.809891 9.337970 3.025366 19.809891 9.337970 3.025366 1.239631 1.027336 1.162660 713.219566 -372.182260 -79.554758
20.678044 9.879472 3.712006 20.678044 9.879472 3.712006 1.647538 0.764493 1.131744 646.471654 -503.961765 -23.496916
21.774765 10.242630 4.389783 21.774765 10.242630 4.389783 1.994591 0.437991 1.132448 510.372984 -584.377088 25.844913
23.050737 10.400355 5.077013 23.050737 10.400355 5.077013 2.237561 0.087956 1.163497 299.524438 -582.408261 77.651835
24.436938 10.350435 5.791271 24.436938 10.350435 5.791271 2.366030 -0.250789 1.221002 128.706675 -546.740495 114.028346
25.879723 10.101548 6.544397 25.879723 10.101548 6.544397 2.443254 -0.578833 1.289419 128.706675 -546.740495 114.028346
