5.828910 -1.983346 9.095936 5.828910 -1.983346 9.095936 -0.659468 -0.604009 0.803656 -156.964438 136.371868 -12.365221
5.404976 -2.321204 9.575904 5.404976 -2.321204 9.575904 -0.753647 -0.522186 0.796237 -156.964438 136.371868 -12.365221
4.931684 -2.601412 10.049539 4.931684 -2.601412 10.049539 -0.812073 -0.397579 0.779412 -37.790004 278.984688 -43.717046
4.447669 -2.781131 10.503950 4.447669 -2.781131 10.503950 -0.784595 -0.187133 0.726346 129.385027 422.502403 -133.168488
4.010633 -2.812811 10.909853 4.010633 -2.812811 10.909853 -0.654803 0.089119 0.616776 303.254843 498.339209 -232.065265
3.681311 -2.668405 11.234224 3.681311 -2.668405 11.234224 -0.427983 0.394287 0.457920 452.812563 518.884873 -297.454920
3.511879 -2.341809 11.451338 3.511879 -2.341809 11.451338 -0.127037 0.688744 0.258965 550.340070 462.640687 -365.728610
3.537744 -1.851871 11.538398 3.537744 -1.851871 11.538398 0.218294 0.933409 0.027089 600.763478 352.907881 -407.190958
3.777672 -1.236264 11.482579 3.777672 -1.236264 11.482579 0.582820 1.105345 -0.211112 614.322487 220.211647 -386.812209
4.232996 -0.542048 11.291684 4.232996 -0.542048 11.291684 0.926685 1.194325 -0.416209 531.893590 76.389979 -296.844869
4.875121 0.178598 10.995412 4.875121 0.178598 10.995412 1.197688 1.191662 -0.559890 371.449911 -85.267811 -182.090437
5.648508 0.870472 10.634601 5.648508 0.870472 10.634601 1.360121 1.101628 -0.629646 169.992135 -214.844407 -50.432362
6.483571 1.488355 10.258957 6.483571 1.488355 10.258957 1.404077 0.950614 -0.603802 -23.472349 -288.537060 136.581440
7.307659 2.004444 9.932444 7.307659 2.004444 9.932444 1.319328 0.765775 -0.465932 -259.022076 -327.592637 322.984872
8.039494 2.405249 9.719029 8.039494 2.405249 9.719029 1.098229 0.570755 -0.232108 -477.975578 -322.473956 456.428168
8.603411 2.693143 9.669021 8.603411 2.693143 9.669021 0.766518 0.394701 0.077245 -627.728670 -264.373352 574.748594
8.944971 2.888076 9.821759 8.944971 2.888076 9.821759 0.363086 0.264578 0.436779 -717.042405 -169.369313 623.697412
9.032108 3.023278 10.194208 9.032108 3.023278 10.194208 -0.075376 0.197665 0.801573 -744.499998 -53.673481 592.283581
8.855879 3.139185 10.776588 8.855879 3.139185 10.776588 -0.507042 0.200307 1.131069 -694.385514 62.478576 506.036244
8.435268 3.275546 11.536205 8.435268 3.275546 11.536205 -0.880653 0.262447 1.384136 -550.985781 144.654776 337.518518
7.819374 3.462052 12.415437 7.819374 3.462052 12.415437 -1.152872 0.364242 1.526635 -356.409610 194.664441 137.478808
7.075758 3.716822 13.342452 7.075758 3.716822 13.342452 -1.305412 0.486969 1.540564 -152.055330 214.423563 -91.049688
6.278760 4.045532 14.237220 6.278760 4.045532 14.237220 -1.328548 0.605283 1.420025 74.933810 179.957516 -310.744800
5.508095 4.437278 15.019992 5.508095 4.437278 15.019992 -1.218713 0.694177 1.167034 291.182266 116.356123 -532.560768
4.839800 4.868066 15.615536 4.839800 4.868066 15.615536 -0.991402 0.730680 0.803422 466.521557 5.319421 -679.478702
4.335343 5.301604 15.969915 4.335343 5.301604 15.969915 -0.679436 0.704732 0.368894 573.364122 -91.811036 -768.945999
4.030887 5.707917 16.052841 4.030887 5.707917 16.052841 -0.335418 0.649646 -0.092473 573.364122 -91.811036 -768.945999
