5.792509 -0.324500 3.539081 5.792509 -0.324500 3.539081 1.301621 1.152467 -0.666835 207.312014 51.522255 -629.378377
6.610797 0.376254 3.025692 6.610797 0.376254 3.025692 1.426008 1.183381 -1.044462 207.312014 51.522255 -629.378377
7.492934 1.088849 2.294412 7.492934 1.088849 2.294412 1.496476 1.180759 -1.378661 27.580611 -60.259813 -484.619016
8.382043 1.777792 1.391395 8.382043 1.777792 1.391395 1.444316 1.101274 -1.612378 -201.445236 -204.689925 -294.436087
9.201829 2.395380 0.384132 9.201829 2.395380 0.384132 1.270735 0.946795 -1.723227 -377.158142 -310.241163 -75.060259
9.888355 2.905966 -0.649274 9.888355 2.905966 -0.649274 1.004307 0.752411 -1.698063 -510.937367 -337.704219 158.939330
10.395262 3.297335 -1.625278 10.395262 3.297335 -1.625278 0.679203 0.553338 -1.531574 -572.740622 -325.874850 396.023922
10.700406 3.573859 -2.461886 10.700406 3.573859 -2.461886 0.339136 0.373706 -1.238700 -560.816233 -272.895973 580.223254
10.805996 3.754719 -3.093567 10.805996 3.754719 -3.093567 0.017921 0.238753 -0.855076 -509.900364 -176.947749 698.523263
10.730778 3.872184 -3.477391 10.730778 3.872184 -3.477391 -0.258961 0.162905 -0.418523 -413.039396 -75.879367 756.652721
10.509391 3.963159 -3.594713 10.509391 3.963159 -3.594713 -0.465101 0.151829 0.023441 -274.093175 38.958286 716.560266
10.189559 4.067328 -3.457575 10.189559 4.067328 -3.457575 -0.586730 0.205496 0.423838 -131.337256 139.933362 618.097906
9.820868 4.218945 -3.100698 9.820868 4.218945 -3.100698 -0.630599 0.305116 0.751280 -14.893080 192.131938 473.374656
9.446566 4.436926 -2.576402 9.446566 4.436926 -2.576402 -0.605840 0.422035 0.976905 97.422665 197.596694 278.707384
9.105056 4.724688 -1.953394 9.105056 4.724688 -1.953394 -0.525099 0.535460 1.077622 171.714687 180.487974 57.017072
8.821901 5.074510 -1.308578 8.821901 5.074510 -1.308578 -0.417093 0.624046 1.051731 188.305931 114.797564 -143.322228
8.604446 5.463405 -0.713162 8.604446 5.463405 -0.713162 -0.309580 0.661944 0.916614 170.068101 11.530566 -307.066650
8.446805 5.855980 -0.225936 8.446805 5.855980 -0.225936 -0.220065 0.635528 0.695020 128.316546 -99.584837 -431.580705
8.334334 6.212912 0.109751 8.334334 6.212912 0.109751 -0.160722 0.543477 0.417872 69.493439 -207.249759 -492.245680
8.246447 6.497241 0.271721 8.246447 6.497241 0.271721 -0.138836 0.396868 0.121780 3.460290 -281.448861 -494.726328
8.161044 6.681364 0.259778 8.161044 6.681364 0.259778 -0.150384 0.211311 -0.154859 -41.955476 -337.073884 -427.403735
8.062438 6.747532 0.095091 8.062438 6.747532 0.095091 -0.179674 0.009340 -0.385496 -55.675693 -336.163765 -341.385834
7.945088 6.696394 -0.189760 7.945088 6.696394 -0.189760 -0.210700 -0.173517 -0.550848 -47.744021 -273.357587 -209.787105
7.812332 6.548934 -0.549515 7.812332 6.548934 -0.549515 -0.228058 -0.308259 -0.634146 -10.116546 -175.784232 -67.875740
7.678329 6.339918 -0.935337 7.678329 6.339918 -0.935337 -0.210861 -0.375829 -0.640453 67.437873 -49.449652 46.853511
7.570019 6.115109 -1.304962 7.570019 6.115109 -1.304962 -0.140061 -0.357551 -0.581272 168.564384 110.377691 150.416889
7.521457 5.928456 -1.624938 7.521457 5.928456 -1.624938 -0.013258 -0.251272 -0.482464 254.111814 243.884222 178.943787
7.559242 5.821592 -1.882207 7.559242 5.821592 -1.882207 0.139209 -0.104942 -0.375097 254.111814 243.884222 178.943787
