-3.116721 -2.526499 -7.511315 -3.116721 -2.526499 -7.511315 1.010553 -0.532757 -0.322233 731.848758 378.017382 163.255865
-2.378656 -2.778111 -7.675268 -2.378656 -2.778111 -7.675268 1.449663 -0.305947 -0.224279 731.848758 378.017382 163.255865
-1.382311 -2.887507 -7.775299 -1.382311 -2.887507 -7.775299 1.862849 -0.048494 -0.100571 645.438746 480.158708 249.102994
-0.156494 -2.826430 -7.787345 -0.156494 -2.826430 -7.787345 2.209753 0.258327 0.066179 510.909801 542.578013 306.730395
1.250789 -2.574819 -7.693355 1.250789 -2.574819 -7.693355 2.463636 0.578628 0.245578 335.365477 525.090515 291.267899
2.776783 -2.137705 -7.495881 2.776783 -2.137705 -7.495881 2.602090 0.870786 0.408833 126.148256 448.771855 252.916183
4.348353 -1.541997 -7.208775 4.348353 -1.541997 -7.208775 2.615823 1.102336 0.541988 -80.373028 323.059226 190.932336
5.892964 -0.831368 -6.854154 5.892964 -0.831368 -6.854154 2.515525 1.251556 0.631849 -253.952791 174.340928 108.605933
7.346707 -0.059590 -6.459174 7.346707 -0.059590 -6.459174 2.313849 1.303476 0.678619 -418.301166 -1.272631 47.293906
8.655449 0.713179 -6.045798 8.655449 0.713179 -6.045798 2.041505 1.257274 0.695453 -489.512671 -152.735694 8.818184
9.791337 1.432883 -5.628346 9.791337 1.432883 -5.628346 1.743284 1.129793 0.693706 -504.556763 -272.198382 -14.640525
10.747146 2.056782 -5.214065 10.747146 2.056782 -5.214065 1.443843 0.941568 0.688386 -493.579916 -355.218861 -3.094518
11.529427 2.556136 -4.798059 11.529427 2.556136 -4.798059 1.171797 0.720203 0.704187 -413.238272 -382.666125 55.767060
12.165575 2.920849 -4.361292 12.165575 2.920849 -4.361292 0.961115 0.497959 0.758730 -289.034643 -358.145429 126.041550
12.697485 3.160187 -3.878669 12.697485 3.160187 -3.878669 0.824028 0.308213 0.857844 -167.921819 -274.340739 204.337916
13.168179 3.302327 -3.322919 13.168179 3.302327 -3.322919 0.755789 0.176573 1.001760 -59.543093 -164.459679 275.382108
13.616558 3.385046 -2.669207 13.616558 3.385046 -2.669207 0.748182 0.109789 1.182428 34.188274 -58.155253 326.844901
14.075344 3.447306 -1.900384 14.075344 3.447306 -1.900384 0.787308 0.109168 1.381205 96.231274 56.085486 335.744502
14.566145 3.528894 -1.013635 14.566145 3.528894 -1.013635 0.850516 0.172780 1.570611 114.462164 155.953949 295.609389
15.096285 3.663786 -0.022678 15.096285 3.663786 -0.022678 0.915330 0.282116 1.724880 101.583753 208.500191 218.621073
15.660990 3.871305 1.043577 15.660990 3.871305 1.043577 0.962390 0.410811 1.815928 55.282363 220.483236 84.870626
16.244767 4.155618 2.139410 16.244767 4.155618 2.139410 0.977520 0.533795 1.821849 -4.849009 189.464093 -65.131434
16.827435 4.506022 3.210832 16.827435 4.506022 3.210832 0.959755 0.627594 1.732953 -54.368107 123.199272 -231.190450
17.389437 4.898447 4.199289 17.389437 4.898447 4.199289 0.906810 0.669973 1.545733 -122.114110 18.064628 -392.875368
17.910762 5.297026 5.048108 17.910762 5.297026 5.048108 0.829638 0.647529 1.270494 -135.125452 -92.879978 -524.586728
18.385413 5.663162 5.711138 18.385413 5.663162 5.711138 0.754515 0.563490 0.931535 -115.285813 -187.249411 -605.278774
18.819752 5.963141 6.159790 18.819752 5.963141 6.159790 0.697253 0.429086 0.561775 -75.588659 -260.764291 -627.255519
19.229564 6.171925 6.387054 19.229564 6.171925 6.387054 0.677233 0.263982 0.200950 8.856223 -289.583376 -575.492918
19.643302 6.279016 6.411229 19.643302 6.279016 6.411229 0.711565 0.094366 -0.108381 105.583595 -275.800126 -455.609367
20.096460 6.289139 6.274982 20.096460 6.289139 6.274982 0.810988 -0.055379 -0.327787 225.827003 -223.351767 -275.745543
20.628485 6.221733 6.041701 20.628485 6.221733 6.041701 0.970402 -0.159264 -0.428107 305.553308 -122.931380 -58.654945
21.269201 6.113116 5.788572 21.269201 6.113116 5.788572 1.171106 -0.187681 -0.391836 363.458147 28.207235 179.558094
22.038723 6.012625 5.596215 22.038723 6.012625 5.596215 1.396362 -0.135552 -0.231977 387.397375 145.555940 353.306279
22.946272 5.957494 5.520624 22.946272 5.957494 5.520624 1.628801 -0.048219 -0.019993 387.397375 145.555940 353.306279
