-4.814774 -3.001524 -7.449464 -4.814774 -3.001524 -7.449464 -0.377403 0.142552 0.298944 679.106961 404.525429 -36.390338
-4.918977 -2.843178 -7.276648 -4.918977 -2.843178 -7.276648 0.030061 0.385268 0.277110 679.106961 404.525429 -36.390338
-4.782642 -2.546571 -7.113258 -4.782642 -2.546571 -7.113258 0.417823 0.591142 0.273645 613.432184 281.721424 24.840824
-4.429292 -2.151434 -6.940616 -4.429292 -2.151434 -6.940616 0.747071 0.708886 0.308468 484.062736 110.759013 91.235925
-3.904158 -1.716853 -6.738559 -3.904158 -1.716853 -6.738559 0.986310 0.721903 0.365979 313.400322 -67.369822 100.466709
-3.267313 -1.305641 -6.502100 -3.267313 -1.305641 -6.502100 1.117585 0.632468 0.420194 124.181937 -230.745229 80.249723
-2.584609 -0.974053 -6.238496 -2.584609 -0.974053 -6.238496 1.141097 0.462227 0.453558 -45.806759 -336.725776 30.962623
-1.916819 -0.761267 -5.964430 -1.916819 -0.761267 -5.964430 1.070498 0.240492 0.453925 -189.525373 -402.391853 -29.736549
-1.315186 -0.690112 -5.701905 -1.315186 -0.690112 -5.701905 0.924027 -0.004489 0.413694 -298.711178 -414.208892 -104.368814
-0.817844 -0.764448 -5.475981 -0.817844 -0.764448 -5.475981 0.728271 -0.238442 0.333544 -353.808865 -365.635022 -162.798143
-0.444755 -0.967837 -5.305853 -0.444755 -0.967837 -5.305853 0.515048 -0.430369 0.232391 -356.931778 -274.121120 -174.376826
-0.196657 -1.267889 -5.197394 -0.196657 -1.267889 -5.197394 0.317470 -0.557289 0.129829 -301.664467 -148.945041 -167.496294
-0.055855 -1.620753 -5.145949 -0.055855 -1.620753 -5.145949 0.159572 -0.605059 0.047813 -224.661955 -10.289455 -105.892000
0.004581 -1.978745 -5.130585 0.004581 -1.978745 -5.130585 0.050437 -0.576753 0.012961 -139.121123 104.643794 -10.279497
0.015954 -2.299857 -5.117457 0.015954 -2.299857 -5.117457 -0.002274 -0.483449 0.042801 -36.581548 206.368308 109.743842
0.012755 -2.549105 -5.062875 0.012755 -2.549105 -5.062875 -0.000471 -0.341251 0.154386 42.592993 267.623356 262.206440
0.023011 -2.705218 -4.915464 0.023011 -2.705218 -4.915464 0.039442 -0.178351 0.349623 90.448984 275.378511 388.584672
0.064330 -2.764369 -4.628980 0.064330 -2.764369 -4.628980 0.100577 -0.021665 0.616597 113.334238 246.906156 501.328483
0.144063 -2.737442 -4.163813 0.144063 -2.737442 -4.163813 0.163513 0.103892 0.942241 96.452592 171.619728 584.151514
0.256559 -2.650146 -3.492401 0.256559 -2.650146 -3.492401 0.206519 0.177211 1.297332 46.901910 72.775532 599.483557
0.385643 -2.536655 -2.609536 0.385643 -2.536655 -2.609536 0.218310 0.191199 1.639818 -7.598929 -26.148327 542.138283
0.511143 -2.432260 -1.535545 0.511143 -2.432260 -1.535545 0.193161 0.147421 1.927677 -76.231498 -119.778477 417.391334
0.610351 -2.370038 -0.313307 0.610351 -2.370038 -0.313307 0.132588 0.052204 2.130618 -125.678893 -197.612711 259.078874
0.666564 -2.375821 0.999859 0.666564 -2.375821 0.999859 0.053592 -0.074037 2.226874 -137.640133 -223.190290 61.773407
0.674555 -2.459417 2.333261 0.674555 -2.459417 2.333261 -0.025936 -0.202952 2.194726 -127.455232 -206.524406 -168.931092
0.639688 -2.614701 3.606491 0.639688 -2.614701 3.606491 -0.084229 -0.308557 2.027376 -66.853172 -145.494394 -388.903450
0.583048 -2.819432 4.743248 0.583048 -2.819432 4.743248 -0.094684 -0.362891 1.745705 32.003176 -35.618565 -549.999932
0.539449 -3.036430 5.683716 0.539449 -3.036430 5.683716 -0.038228 -0.348525 1.375929 156.184836 83.506772 -682.588287
0.552343 -3.223544 6.383022 0.552343 -3.223544 6.383022 0.094068 -0.263573 0.949452 284.801256 199.665455 -738.999297
0.668184 -3.338767 6.821781 0.668184 -3.338767 6.821781 0.305630 -0.108865 0.516589 420.402999 316.028751 -703.878832
0.933278 -3.342444 7.010964 0.933278 -3.342444 7.010964 0.588089 0.104533 0.123902 521.126966 395.297745 -605.078004
1.383454 -3.206441 6.985950 1.383454 -3.206441 6.985950 0.918363 0.352359 -0.191351 579.789313 430.787158 -445.764920
2.038891 -2.919047 6.803841 2.038891 -2.919047 6.803841 1.266524 0.603017 -0.394116 580.746786 404.742178 -230.117449
2.899648 -2.489442 6.539683 2.899648 -2.489442 6.539683 1.596509 0.820568 -0.463521 519.202231 320.427520 -1.235064
3.944035 -1.946570 6.275234 3.944035 -1.946570 6.275234 1.873155 0.977097 -0.394831 402.952840 201.334835 230.202253
5.129812 -1.333101 6.090963 5.129812 -1.333101 6.090963 2.061691 1.052748 -0.200752 225.499452 50.835441 416.729995
6.395116 -0.702849 6.054644 6.395116 -0.702849 6.054644 2.135485 1.030515 0.094889 20.479800 -124.944923 568.738650
7.667716 -0.117205 6.218806 7.667716 -0.117205 6.218806 2.085888 0.904671 0.460408 -185.803872 -294.534855 649.656809
8.872935 0.365084 6.612045 8.872935 0.365084 6.612045 1.910062 0.690463 0.850485 -400.283392 -419.492211 650.602613
9.937354 0.698872 7.235990 9.937354 0.698872 7.235990 1.622057 0.413863 1.223572 -559.730459 -502.507457 593.019718
10.804226 0.855330 8.069999 10.804226 0.855330 8.069999 1.258164 0.105315 1.544994 -653.247239 -525.986933 478.386672
11.438448 0.826410 9.073096 11.438448 0.826410 9.073096 0.850753 -0.197432 1.781983 -704.789274 -483.169932 311.577540
11.824660 0.627177 10.187660 11.824660 0.627177 10.187660 0.440990 -0.456351 1.915378 -661.087677 -379.891735 133.071584
11.979329 0.295247 11.349865 11.979329 0.295247 11.349865 0.089696 -0.632984 1.940347 -509.892675 -208.887849 -49.840506
11.950153 -0.112855 12.496976 11.950153 -0.112855 12.496976 -0.172306 -0.711871 1.869813 -363.446213 -54.066528 -185.274699
11.781349 -0.549709 13.585514 11.781349 -0.549709 13.585514 -0.390373 -0.744311 1.758648 -363.446213 -54.066528 -185.274699
