-0.204006 -0.658048 1.789258 -0.204006 -0.658048 1.789258 0.417780 0.232468 -0.175874 52.541938 517.929601 259.571714
0.056120 -0.425340 1.730457 0.056120 -0.425340 1.730457 0.449305 0.543225 -0.020131 52.541938 517.929601 259.571714
0.342624 -0.007301 1.774560 0.342624 -0.007301 1.774560 0.518149 0.848369 0.182907 176.937011 499.215096 417.219957
0.692288 0.587692 1.968818 0.692288 0.587692 1.968818 0.658942 1.128464 0.480307 292.371951 434.436125 574.114717
1.142911 1.335165 2.365154 1.142911 1.335165 2.365154 0.847520 1.350105 0.848834 336.223457 304.366200 654.306569
1.710519 2.189309 2.992652 1.710519 2.189309 2.992652 1.042132 1.479197 1.243528 312.482611 125.940939 661.340661
2.389239 3.088397 3.854529 2.389239 3.088397 3.854529 1.215591 1.499268 1.623931 265.714838 -59.038537 606.668545
3.163279 3.964889 4.930401 3.163279 3.964889 4.930401 1.359305 1.401635 1.949498 213.330131 -266.403444 478.557318
4.012135 4.749012 6.175073 4.012135 4.749012 6.175073 1.461672 1.197266 2.180796 127.893014 -414.826358 292.436611
4.906380 5.386382 7.522475 4.906380 5.386382 7.522475 1.509510 0.916764 2.287684 31.569149 -520.180646 63.856452
5.813944 5.838605 8.892198 5.813944 5.838605 8.892198 1.509330 0.583641 2.254089 -32.170902 -590.228496 -175.839924
6.711727 6.083955 10.199785 6.711727 6.083955 10.199785 1.479908 0.236535 2.082507 -65.902715 -566.794162 -396.099511
7.587876 6.129095 11.366614 7.587876 6.129095 11.366614 1.440698 -0.077331 1.787962 -64.794792 -479.422749 -585.717241
8.443335 6.003321 12.326197 8.443335 6.003321 12.326197 1.415337 -0.330379 1.397704 -19.742588 -364.073375 -715.143399
9.292222 5.749152 13.032539 9.292222 5.749152 13.032539 1.419685 -0.500864 0.950846 34.233962 -204.209382 -774.385263
10.153483 5.424208 13.465199 10.153483 5.424208 13.465199 1.456665 -0.561728 0.493922 89.033049 1.328901 -748.693977
11.047894 5.096978 13.632695 11.047894 5.096978 13.632695 1.532016 -0.513093 0.074245 162.136365 160.790347 -650.229600
11.999322 4.826592 13.569374 11.999322 4.826592 13.569374 1.644466 -0.373985 -0.270026 212.699518 302.902957 -497.338375
13.024352 4.662559 13.329514 13.024352 4.662559 13.329514 1.772408 -0.163063 -0.510047 213.773323 400.168514 -302.731732
14.124455 4.638702 12.981423 14.124455 4.638702 12.981423 1.891567 0.086790 -0.629542 183.421910 432.674573 -95.587526
15.287788 4.767161 12.598820 15.287788 4.767161 12.598820 1.978504 0.338912 -0.625254 106.367348 407.734025 109.883466
16.487403 5.040314 12.253390 16.487403 5.040314 12.253390 2.009159 0.565619 -0.509607 -4.181979 347.954178 275.604423
17.684228 5.435986 12.005466 17.684228 5.435986 12.005466 1.967060 0.742739 -0.303091 -136.147475 242.447876 412.783722
18.830277 5.915769 11.901716 18.830277 5.915769 11.901716 1.836968 0.840701 -0.036400 -297.492379 84.091199 476.185447
19.870229 6.426689 11.965184 19.870229 6.426689 11.965184 1.615070 0.847969 0.247283 -442.169310 -59.865516 469.425053
20.753116 6.918467 12.195519 20.753116 6.918467 12.195519 1.316947 0.780910 0.516281 -551.575001 -163.665515 427.236104
21.439869 7.352395 12.576212 21.439869 7.352395 12.576212 0.965348 0.656925 0.742732 -620.419759 -249.616904 327.597660
21.907167 7.697602 13.073368 21.907167 7.697602 13.073368 0.591917 0.487067 0.902037 -624.351231 -316.576480 203.420620
22.154679 7.934287 13.643408 22.154679 7.934287 13.643408 0.241033 0.304264 0.985100 -545.263189 -292.764625 73.456922
22.209841 8.068007 14.240073 22.209841 8.068007 14.240073 -0.042675 0.147904 0.991086 -400.427201 -228.437423 -53.504696
22.119660 8.118774 14.820653 22.119660 8.118774 14.820653 -0.245429 0.026556 0.936777 -275.419467 -176.054834 -127.524564
21.922827 8.103018 15.359765 21.922827 8.103018 15.359765 -0.410680 -0.079077 0.860262 -275.419467 -176.054834 -127.524564
