-9.761301 1.303950 10.089367 -9.761301 1.303950 10.089367 0.716248 0.533953 0.325658 400.285516 100.880258 -74.961725
-9.259501 1.642480 10.271269 -9.259501 1.642480 10.271269 0.956419 0.594481 0.280681 400.285516 100.880258 -74.961725
-8.615046 2.009046 10.422421 -8.615046 2.009046 10.422421 1.189350 0.613602 0.216890 376.148644 -37.144008 -137.674196
-7.840589 2.360459 10.523535 -7.840589 2.360459 10.523535 1.380742 0.541005 0.113088 261.827705 -204.847347 -208.331994
-6.972772 2.639318 10.550549 -6.972772 2.639318 10.550549 1.499049 0.373737 -0.028607 132.526239 -352.711022 -263.986982
-6.058877 2.792538 10.484769 -6.058877 2.792538 10.484769 1.531621 0.124438 -0.192490 -23.952117 -478.288406 -282.290176
-5.155513 2.777417 10.320074 -5.155513 2.777417 10.320074 1.460765 -0.180992 -0.353806 -212.233826 -539.810698 -255.427233
-4.327405 2.572324 10.064413 -4.327405 2.572324 10.064413 1.282678 -0.501535 -0.494064 -381.388164 -528.666376 -212.101977
-3.633661 2.181267 9.736960 -3.633661 2.181267 9.736960 1.017781 -0.793618 -0.585507 -501.603984 -444.943109 -92.707639
-3.119641 1.631608 9.376736 -3.119641 1.631608 9.376736 0.685018 -1.027576 -0.602290 -607.605572 -334.915540 36.764229
-2.818000 0.954778 9.021980 -2.818000 0.954778 9.021980 0.320455 -1.228525 -0.580232 -607.605572 -334.915540 36.764229
