10.971462 -0.932352 1.991693 10.971462 -0.932352 1.991693 1.184357 1.044161 1.062514 -419.094770 374.227898 -107.331498
11.606639 -0.238494 2.609882 11.606639 -0.238494 2.609882 0.932900 1.268697 0.998115 -419.094770 374.227898 -107.331498
12.091395 0.581590 3.185950 12.091395 0.581590 3.185950 0.683704 1.450756 0.916313 -411.558738 232.635374 -165.342729
12.432063 1.482422 3.700511 12.432063 1.482422 3.700511 0.459401 1.532856 0.789783 -336.119463 41.030997 -256.423050
12.653621 2.396535 4.125539 12.653621 2.396535 4.125539 0.289824 1.492544 0.622500 -229.134712 -175.406796 -301.185201
12.791306 3.251024 4.444096 12.791306 3.251024 4.444096 0.177519 1.339983 0.438140 -145.217058 -333.129182 -313.351030
12.876056 3.987169 4.652891 12.876056 3.987169 4.652891 0.112279 1.100696 0.261701 -72.250680 -464.493845 -274.775984
12.935045 4.559669 4.764324 12.935045 4.559669 4.764324 0.092059 0.800456 0.116197 4.852978 -536.306443 -210.240156
12.992366 4.942151 4.804606 12.992366 4.942151 4.804606 0.101033 0.472394 0.032088 25.058070 -557.232598 -70.122715
13.057653 5.127776 4.820316 13.057653 5.127776 4.820316 0.116853 0.150507 0.035412 27.675580 -515.724842 81.201919
13.129266 5.132794 4.865298 13.129266 5.132794 4.865298 0.116056 -0.121209 0.129724 -30.330310 -389.993680 233.174150
13.190958 4.998724 4.994189 13.190958 4.998724 4.994189 0.085450 -0.310935 0.315056 -71.691683 -242.428009 384.597492
13.226100 4.778151 5.260967 13.226100 4.778151 5.260967 0.026319 -0.408266 0.588399 -125.410482 -82.009310 526.545820
13.214699 4.528216 5.713215 13.214699 4.528216 5.713215 -0.072023 -0.408537 0.926479 -202.397216 81.108651 600.387472
13.133229 4.306582 6.376783 13.133229 4.306582 6.376783 -0.202583 -0.315430 1.284764 -232.800341 229.246428 593.897205
12.971380 4.165034 7.250139 12.971380 4.165034 7.250139 -0.334239 -0.145657 1.619083 -206.052797 336.662652 520.497458
12.737254 4.140477 8.309086 12.737254 4.140477 8.309086 -0.440338 0.067536 1.900421 -147.610352 373.980493 417.298132
12.446482 4.248315 9.524452 12.446482 4.248315 9.524452 -0.528904 0.291924 2.150800 -147.610352 373.980493 417.298132
