-9.316376 2.014104 1.946450 -9.316376 2.014104 1.946450 0.337425 -0.207906 -0.039967 -95.755889 -161.287991 -46.392567
-9.131157 1.860328 1.914119 -9.131157 1.860328 1.914119 0.279971 -0.304679 -0.067803 -95.755889 -161.287991 -46.392567
-8.981276 1.652489 1.867684 -8.981276 1.652489 1.867684 0.218189 -0.381452 -0.082654 -110.186078 -94.624225 -3.111935
-8.868414 1.413101 1.821953 -8.868414 1.413101 1.821953 0.160989 -0.405648 -0.062411 -80.478047 13.971537 70.589151
-8.781217 1.179011 1.800623 -8.781217 1.179011 1.800623 0.138148 -0.363348 -0.003005 4.341124 127.027814 127.429824
-8.691532 0.987736 1.823612 -8.691532 0.987736 1.823612 0.170826 -0.267785 0.082727 104.584137 191.515983 158.343677
-8.563903 0.864162 1.901527 -8.563903 0.864162 1.901527 0.265117 -0.139753 0.176618 209.721294 235.257642 154.625445
-8.359354 0.822673 2.033242 -8.359354 0.822673 2.033242 0.429597 0.001484 0.258954 338.542681 235.532280 119.827974
-8.033009 0.862078 2.205187 -8.033009 0.862078 2.205187 0.670968 0.123395 0.305866 466.029243 170.836414 36.546973
-7.542623 0.961727 2.389385 -7.542623 0.961727 2.389385 0.970186 0.200207 0.298297 531.363589 85.203570 -61.777764
-6.863373 1.090238 2.549668 -6.863373 1.090238 2.549668 1.296464 0.216583 0.223351 556.229735 -30.615172 -188.040136
-5.987808 1.207235 2.641405 -5.987808 1.207235 2.641405 1.618032 0.161002 0.068398 515.661780 -154.655625 -328.472286
-4.928672 1.269239 2.617757 -4.928672 1.269239 2.617757 1.904919 0.034413 -0.156494 440.629729 -267.307499 -421.168246
-3.715884 1.236804 2.444280 -3.715884 1.236804 2.444280 2.121913 -0.150809 -0.428045 282.683114 -350.100001 -483.999560
-2.403920 1.081589 2.099364 -2.403920 1.081589 2.099364 2.231186 -0.369426 -0.723290 81.559097 -378.622804 -500.152704
-1.061744 0.792458 1.578345 -1.061744 0.792458 1.578345 2.224043 -0.593215 -1.008469 -105.367112 -367.340280 -450.441346
0.241067 0.374640 0.898100 0.241067 0.374640 0.898100 2.097578 -0.792459 -1.249157 -316.183558 -296.805897 -351.854679
1.431012 -0.147139 0.094602 1.431012 -0.147139 0.094602 1.849425 -0.934933 -1.413617 -510.993127 -178.107169 -196.343473
2.441800 -0.731071 -0.776617 2.441800 -0.731071 -0.776617 1.508387 -0.996362 -1.469962 -625.798652 -26.656007 8.527623
3.230560 -1.323474 -1.643921 3.230560 -1.323474 -1.643921 1.114763 -0.961296 -1.399151 -686.282117 143.542817 227.506508
3.776396 -1.864768 -2.430599 3.776396 -1.864768 -2.430599 0.705541 -0.826941 -1.203341 -677.792229 304.308211 425.195536
4.083197 -2.297571 -3.066255 4.083197 -2.297571 -3.066255 0.326258 -0.601426 -0.899156 -586.483105 447.407374 588.755449
4.182710 -2.573213 -3.492084 4.182710 -2.573213 -3.492084 0.020998 -0.309583 -0.507462 -431.052150 525.403291 716.889653
4.129490 -2.662435 -3.664601 4.129490 -2.662435 -3.664601 -0.178780 0.015437 -0.062727 -234.872000 557.995913 765.560740
3.994960 -2.554510 -3.566605 3.994960 -2.554510 -3.566605 -0.244632 0.341349 0.385766 15.363828 528.377562 729.414890
3.865052 -2.261347 -3.209549 3.865052 -2.261347 -3.209549 -0.164885 0.624605 0.794922 250.460268 415.809185 634.440689
3.822323 -1.820219 -2.628270 3.822323 -1.820219 -2.628270 0.040988 0.831687 1.126221 435.781365 274.463809 469.886407
3.935472 -1.282468 -1.881109 3.935472 -1.282468 -1.881109 0.353035 0.943040 1.342394 604.376215 96.713717 250.690227
4.262178 -0.710805 -1.044724 4.262178 -0.710805 -1.044724 0.746146 0.943219 1.421933 705.992717 -96.116959 14.441313
4.837555 -0.173197 -0.202578 4.837555 -0.173197 -0.202578 1.172798 0.830439 1.362531 716.182691 -279.816791 -212.449814
5.667588 0.265664 0.564931 5.667588 0.265664 0.564931 1.589710 0.617372 1.176218 673.524036 -430.408005 -408.590309
6.735904 0.553491 1.187479 6.735904 0.553491 1.187479 1.960103 0.333510 0.882883 561.117715 -515.796630 -569.194184
8.002282 0.659386 1.610729 8.002282 0.659386 1.610729 2.243348 0.017197 0.521239 383.032028 -538.582914 -636.285928
9.405786 0.574547 1.808813 9.405786 0.574547 1.808813 2.415917 -0.297018 0.138826 192.197645 -508.797319 -638.425076
10.878696 0.310833 1.779943 10.878696 0.310833 1.779943 2.475056 -0.571896 -0.230473 4.934504 -407.464431 -592.570103
12.354802 -0.096715 1.542393 12.354802 -0.096715 1.542393 2.428937 -0.771704 -0.549031 -158.666736 -258.561890 -469.289443
13.774826 -0.596625 1.138990 13.774826 -0.596625 1.138990 2.289850 -0.878577 -0.778171 -304.955396 -97.682583 -294.511104
15.089082 -1.129640 0.631523 15.089082 -1.129640 0.631523 2.083066 -0.878613 -0.892638 -384.324584 97.563667 -87.045924
16.268479 -1.629912 0.090334 16.268479 -1.629912 0.090334 1.846151 -0.773404 -0.894556 -405.390949 253.131519 80.652059
17.303200 -2.048391 -0.431882 17.303200 -2.048391 -0.431882 1.602917 -0.621525 -0.846165 -405.390949 253.131519 80.652059
