7.480898 -4.400176 2.956060 7.480898 -4.400176 2.956060 1.302808 0.321417 0.416132 -411.670057 -235.655493 510.436799
8.188482 -4.249744 3.297618 8.188482 -4.249744 3.297618 1.055806 0.180024 0.722394 -411.670057 -235.655493 510.436799
8.744207 -4.183362 3.814984 8.744207 -4.183362 3.814984 0.790510 0.042556 0.988913 -472.650916 -222.569589 377.961029
9.132949 -4.193185 4.464100 9.132949 -4.193185 4.464100 0.504488 -0.067454 1.154364 -480.756184 -144.130198 173.541226
9.351282 -4.252948 5.174904 9.351282 -4.252948 5.174904 0.226913 -0.120669 1.193232 -444.494820 -33.252358 -43.982528
9.411547 -4.325619 5.868953 9.411547 -4.325619 5.868953 -0.019148 -0.112042 1.096976 -375.706946 62.008312 -276.869718
9.338975 -4.375253 6.465031 9.338975 -4.375253 6.465031 -0.211856 -0.042688 0.869498 -266.652011 169.170593 -481.391083
9.171024 -4.366825 6.890554 9.171024 -4.366825 6.890554 -0.336047 0.076763 0.533040 -147.317854 228.998358 -640.134181
8.949432 -4.278101 7.089123 8.949432 -4.278101 7.089123 -0.391671 0.221394 0.118802 -38.098114 253.107404 -740.659829
8.712791 -4.100162 7.025740 8.712791 -4.100162 7.025740 -0.388432 0.370976 -0.332318 48.897142 245.499420 -763.073300
8.490733 -3.837017 6.692865 8.490733 -3.837017 6.692865 -0.348097 0.500123 -0.770819 85.551883 184.989299 -698.595053
8.298506 -3.509530 6.112374 8.298506 -3.509530 6.112374 -0.290607 0.581692 -1.151238 106.080150 86.907018 -569.471132
8.142092 -3.151763 5.329954 8.142092 -3.151763 5.329954 -0.232678 0.599381 -1.438783 87.018897 -27.942421 -389.009601
8.014309 -2.804559 4.409887 8.014309 -2.804559 4.409887 -0.199666 0.545640 -1.606066 23.021211 -151.196047 -168.602502
7.895666 -2.510984 3.429850 7.895666 -2.510984 3.429850 -0.200788 0.421950 -1.637473 -26.761971 -261.101654 63.912242
7.767210 -2.309129 2.470465 7.767210 -2.309129 2.470465 -0.232678 0.243709 -1.541153 -79.539839 -333.037134 257.155423
7.610785 -2.225051 1.602341 7.610785 -2.225051 1.602341 -0.292905 0.032880 -1.335457 -121.213980 -369.726736 428.497700
7.413209 -2.269727 0.886303 7.413209 -2.269727 0.886303 -0.365710 -0.178221 -1.037825 -121.471863 -333.941052 563.608779
7.173634 -2.432032 0.366866 7.173634 -2.432032 0.366866 -0.430010 -0.354898 -0.690619 -92.860621 -254.981890 593.743878
6.902845 -2.683803 0.058838 6.902845 -2.683803 0.058838 -0.466067 -0.472565 -0.337026 -27.329284 -137.241709 584.899780
6.625096 -2.982745 -0.042560 6.625096 -2.982745 -0.042560 -0.448414 -0.508411 -0.008407 86.172815 17.752625 510.499221
6.378211 -3.274157 0.036353 6.378211 -3.274157 0.036353 -0.363447 -0.445561 0.258228 197.049021 191.748376 378.283839
6.201814 -3.497360 0.251325 6.201814 -3.497360 0.251325 -0.214203 -0.282415 0.444917 300.433929 352.071185 244.011090
6.133475 -3.596744 0.553654 6.133475 -3.596744 0.553654 -0.003420 -0.037713 0.548611 402.174489 463.604215 101.636799
6.207526 -3.531348 0.892192 6.207526 -3.531348 0.892192 0.256438 0.263323 0.564976 464.018819 539.847546 -47.087676
6.446391 -3.275026 1.216413 6.446391 -3.275026 1.216413 0.542246 0.593011 0.505280 488.673684 559.114064 -151.899057
6.856735 -2.822200 1.488312 6.856735 -2.822200 1.488312 0.820625 0.910373 0.394503 439.256437 498.759375 -217.356245
7.422164 -2.192059 1.685280 7.422164 -2.192059 1.685280 1.054121 1.180329 0.261039 339.063861 401.092739 -227.525447
8.106489 -1.421247 1.802415 8.106489 -1.421247 1.802415 1.211662 1.373072 0.131857 186.072870 241.384268 -203.079954
8.856476 -0.566180 1.847467 8.856476 -0.566180 1.847467 1.270792 1.456776 0.022470 11.028716 37.628682 -161.545598
9.607935 0.304051 1.836602 9.607935 0.304051 1.836602 1.212400 1.426314 -0.050801 -205.670140 -139.167514 -82.688838
10.285809 1.123876 1.795600 10.285809 1.123876 1.795600 1.026269 1.288248 -0.078604 -414.766762 -321.054504 -9.989879
10.820222 1.830908 1.750158 10.820222 1.830908 1.750158 0.743958 1.054984 -0.067000 -526.269625 -456.492686 48.670189
11.171868 2.381730 1.718719 11.171868 2.381730 1.718719 0.428196 0.781088 -0.037798 -526.269625 -456.492686 48.670189
