9.394264 -1.055107 -8.464263 9.394264 -1.055107 -8.464263 1.280843 -0.279465 -0.432745 -18.707921 506.787167 112.533658
10.159403 -1.131565 -8.703654 10.159403 -1.131565 -8.703654 1.269619 0.024607 -0.365225 -18.707921 506.787167 112.533658
10.909742 -1.022732 -8.897626 10.909742 -1.022732 -8.897626 1.218070 0.342918 -0.273168 -153.120935 554.248733 194.323495
11.602147 -0.716585 -9.019270 11.602147 -0.716585 -9.019270 1.071824 0.678623 -0.120183 -334.364718 564.770354 315.624902
12.176004 -0.212975 -9.028618 12.176004 -0.212975 -9.028618 0.825944 0.991373 0.098943 -485.236539 477.729775 414.796141
12.576899 0.460242 -8.890138 12.576899 0.460242 -8.890138 0.498160 1.240016 0.370072 -607.376860 351.080572 488.968479
12.762150 1.258017 -8.579756 12.762150 1.258017 -8.579756 0.112147 1.403522 0.665078 -679.331496 193.938365 494.382468
12.707473 2.122820 -8.094604 12.707473 2.122820 -8.094604 -0.293882 1.458789 0.947287 -674.099977 -9.716313 446.315991
12.414863 2.986223 -7.450687 12.414863 2.986223 -7.450687 -0.673053 1.402349 1.191117 -589.802837 -178.416082 366.450665
11.912996 3.786256 -6.679761 11.912996 3.786256 -6.679761 -0.986287 1.248992 1.362462 -454.311461 -332.775237 204.698551
11.250901 4.469349 -5.836100 11.250901 4.469349 -5.836100 -1.201610 1.017315 1.431973 -263.432121 -439.481129 27.004400
10.495908 4.997339 -4.983830 10.495908 4.997339 -4.983830 -1.292713 0.737166 1.389301 -40.242327 -494.348935 -169.244427
9.726703 5.351683 -4.192530 9.726703 5.351683 -4.192530 -1.248528 0.445694 1.228674 187.526223 -477.223649 -366.178537
9.024457 5.536761 -3.530339 9.024457 5.536761 -3.530339 -1.070432 0.177167 0.963457 406.125762 -417.866491 -517.878715
8.466320 5.575209 -3.052192 8.466320 5.575209 -3.052192 -0.771660 -0.036732 0.619188 589.780511 -295.131207 -629.684446
8.115929 5.508535 -2.796712 8.115929 5.508535 -2.796712 -0.385568 -0.171366 0.227929 697.192548 -153.646296 -674.512205
8.011564 5.385717 -2.778869 8.011564 5.385717 -2.778869 0.040153 -0.225265 -0.164288 721.877934 -26.019751 -632.878342
8.163956 5.254621 -2.984696 8.163956 5.254621 -2.984696 0.465089 -0.197143 -0.510692 694.573754 119.761918 -521.799362
8.561448 5.164001 -3.374942 8.561448 5.164001 -3.374942 0.848911 -0.094743 -0.773309 584.835888 221.570204 -353.590442
9.165284 5.150505 -3.890013 9.165284 5.150505 -3.890013 1.145906 0.055537 -0.922659 405.145451 279.363740 -144.245557
9.912961 5.234465 -4.455151 9.912961 5.234465 -4.455151 1.325031 0.224915 -0.937098 191.937747 285.230503 96.115875
10.728626 5.417473 -4.984747 10.728626 5.417473 -4.984747 1.370684 0.379642 -0.802621 -39.761316 230.526647 352.143605
11.533294 5.682646 -5.393480 11.533294 5.682646 -5.393480 1.293899 0.497421 -0.544065 -216.187248 162.067621 509.709387
12.270720 6.010270 -5.628171 12.270720 6.010270 -5.628171 1.164187 0.594661 -0.238239 -216.187248 162.067621 509.709387
