-6.347556 4.053849 7.088055 -6.347556 4.053849 7.088055 0.921819 0.724775 -0.203760 471.802150 216.763150 -183.889649
-5.709540 4.527731 6.932699 -5.709540 4.527731 6.932699 1.204901 0.854833 -0.314093 471.802150 216.763150 -183.889649
-4.897397 5.073840 6.708928 -4.897397 5.073840 6.708928 1.509375 0.955846 -0.435503 543.110482 119.945829 -220.808342
-3.893172 5.659685 6.406077 -3.893172 5.659685 6.406077 1.839443 0.981553 -0.577006 557.118551 -34.257164 -250.870036
-2.692649 6.232584 6.014877 -2.692649 6.232584 6.014877 2.156590 0.911664 -0.726726 500.037417 -198.705841 -248.195934
-1.315586 6.735272 5.537291 -1.315586 6.735272 5.537291 2.422124 0.749728 -0.860019 385.075957 -341.078364 -196.114587
0.197619 7.116922 4.992707 0.197619 7.116922 4.992707 2.606255 0.511116 -0.944046 228.694095 -454.296187 -83.973741
1.789921 7.337746 4.418873 1.789921 7.337746 4.418873 2.680392 0.218177 -0.955887 18.428439 -522.168820 44.504525
3.388424 7.374556 3.862120 3.388424 7.374556 3.862120 2.626202 -0.095655 -0.885346 -199.060575 -523.937116 190.632040
4.915569 7.225548 3.373248 4.915569 7.225548 3.373248 2.443038 -0.396549 -0.730857 -411.487290 -479.040752 324.329131
6.297038 6.908781 3.001149 6.297038 6.908781 3.001149 2.144716 -0.647021 -0.496080 -582.917267 -355.867138 458.263195
7.472483 6.465981 2.790836 7.472483 6.465981 2.790836 1.762668 -0.813198 -0.196885 -690.577426 -198.056059 539.052480
8.402608 5.952899 2.771162 8.402608 5.952899 2.771162 1.332464 -0.879598 0.133686 -743.436307 -23.277414 562.848945
9.070290 5.432212 2.950967 9.070290 5.432212 2.950967 0.896514 -0.837257 0.462799 -709.731421 164.415523 534.195086
9.486665 4.970616 3.318732 9.486665 4.970616 3.318732 0.501766 -0.682795 0.752967 -606.095026 350.456068 433.033455
9.689179 4.631147 3.838373 9.689179 4.631147 3.838373 0.190868 -0.436889 0.962361 -430.231404 469.230841 264.945150
9.739365 4.457489 4.451634 9.739365 4.457489 4.451634 -0.001739 -0.135281 1.062100 -211.790098 536.130662 67.517091
9.713222 4.473197 5.087960 9.713222 4.473197 5.087960 -0.063698 0.188262 1.037178 5.260257 542.343999 -150.590111
9.689359 4.680819 5.670283 9.689359 4.680819 5.670283 0.006501 0.498880 0.882437 228.736105 493.048536 -365.210486
9.746909 5.061244 6.123417 9.746909 5.061244 6.123417 0.206126 0.756456 0.610358 436.679533 365.538566 -541.722275
9.958056 5.570855 6.383774 9.958056 5.570855 6.383774 0.512480 0.925479 0.243584 584.500699 197.871266 -680.857682
10.374949 6.151541 6.403604 10.374949 6.151541 6.403604 0.884154 0.993112 -0.183760 654.412692 27.574126 -743.622200
11.022745 6.740852 6.161423 11.022745 6.740852 6.161423 1.274348 0.952059 -0.620296 646.234212 -164.418382 -711.497146
11.899849 7.273141 5.665629 11.899849 7.273141 5.665629 1.642956 0.806651 -1.024926 582.459621 -320.276290 -637.269827
12.983785 7.691882 4.945486 12.983785 7.691882 4.945486 1.959026 0.576487 -1.359681 471.107290 -446.935026 -478.580931
14.232945 7.954038 4.056347 14.232945 7.954038 4.056347 2.186415 0.291888 -1.582759 286.856491 -501.728030 -265.011093
15.585422 8.038971 3.072970 15.585422 8.038971 3.072970 2.303496 -0.008595 -1.671866 103.412882 -499.883443 -32.010600
16.976074 7.947380 2.078197 16.976074 7.947380 2.078197 2.315244 -0.290800 -1.620528 -64.252782 -440.800954 203.136553
18.343499 7.699637 1.154543 18.343499 7.699637 1.154543 2.225916 -0.524874 -1.438157 -233.509180 -339.445349 404.766382
19.630713 7.331996 0.373787 19.630713 7.331996 0.373787 2.054288 -0.686624 -1.148898 -338.583039 -199.720749 559.431209
20.797883 6.893336 -0.208954 20.797883 6.893336 -0.208954 1.828852 -0.760133 -0.783740 -412.870782 -45.308489 657.762277
21.820311 6.437082 -0.560063 21.820311 6.437082 -0.560063 1.578295 -0.747410 -0.385392 -422.318269 87.719289 670.061417
22.694073 6.011824 -0.673548 22.694073 6.011824 -0.673548 1.338918 -0.657790 0.002343 -375.606263 211.013881 622.388858
23.433455 5.659322 -0.565615 23.433455 5.659322 -0.565615 1.131753 -0.510232 0.348263 -314.944669 280.844850 530.678148
24.061230 5.404360 -0.269928 24.061230 5.404360 -0.269928 0.969857 -0.338599 0.622705 -224.706415 291.266782 384.128841
24.608330 5.252300 0.161508 24.608330 5.252300 0.161508 0.863195 -0.170485 0.796529 -130.832787 269.113038 195.286110
25.107964 5.195158 0.664919 25.107964 5.195158 0.664919 0.811027 -0.025474 0.865410 -43.061357 214.256153 34.317500
25.589991 5.212032 1.181855 25.589991 5.212032 1.181855 0.800999 0.071043 0.843567 9.634909 107.465255 -107.127542
26.073177 5.267287 1.661548 26.073177 5.267287 1.661548 0.811043 0.101949 0.743469 23.845513 -4.443287 -226.532747
26.563370 5.321280 2.062370 26.563370 5.321280 2.062370 0.821724 0.067400 0.585130 11.755219 -110.718731 -301.266051
27.055952 5.337828 2.359415 27.055952 5.337828 2.359415 0.815938 -0.018845 0.405344 -31.039471 -176.766889 -298.019942
27.536534 5.291798 2.550277 27.536534 5.291798 2.550277 0.780344 -0.139431 0.233030 -87.609312 -225.185218 -276.361082
27.984669 5.167460 2.644778 27.984669 5.167460 2.644778 0.706271 -0.275274 0.089353 -159.301255 -227.623892 -202.560324
28.376268 4.964627 2.666030 28.376268 4.964627 2.666030 0.593244 -0.395332 -0.011675 -217.454740 -172.571333 -134.201536
28.693072 4.696365 2.634869 28.693072 4.696365 2.634869 0.462771 -0.498875 -0.092196 -217.454740 -172.571333 -134.201536
