-3.511163 -0.923204 3.356086 -3.511163 -0.923204 3.356086 0.381808 -0.547005 -1.377777 133.020217 -350.507189 -333.653489
-3.258135 -1.314499 2.469363 -3.258135 -1.314499 2.469363 0.461620 -0.757310 -1.577969 133.020217 -350.507189 -333.653489
-2.963187 -1.824581 1.474177 -2.963187 -1.824581 1.474177 0.511589 -0.930642 -1.719896 33.543021 -227.268386 -139.437488
-2.655577 -2.411639 0.432693 -2.655577 -2.411639 0.432693 0.504810 -1.005821 -1.725796 -56.140633 -23.328415 119.772330
-2.364655 -3.009240 -0.567576 -2.364655 -3.009240 -0.567576 0.461832 -0.969366 -1.585683 -87.120567 144.847050 347.270155
-2.104579 -3.556390 -1.445452 -2.104579 -3.556390 -1.445452 0.402850 -0.840472 -1.322196 -109.484607 284.798464 531.018541
-1.880631 -4.002807 -2.135148 -1.880631 -4.002807 -2.135148 0.346889 -0.636579 -0.963393 -77.054505 394.844240 664.992682
-1.682920 -4.310763 -2.589484 -1.682920 -4.310763 -2.589484 0.317894 -0.385077 -0.544390 -19.592441 443.497745 731.684365
-1.492294 -4.462903 -2.785614 -1.492294 -4.462903 -2.785614 0.323216 -0.123596 -0.111376 37.330732 428.105452 711.694444
-1.288756 -4.463243 -2.729494 -1.288756 -4.463243 -2.729494 0.360060 0.117063 0.289846 85.482454 374.089714 625.711598
-1.054395 -4.331424 -2.452075 -1.054395 -4.331424 -2.452075 0.426039 0.312743 0.619690 134.449410 278.177833 473.769504
-0.773944 -4.101301 -2.005884 -0.773944 -4.101301 -2.005884 0.509845 0.441675 0.849441 144.901580 151.593767 292.069056
-0.443169 -3.817328 -1.455339 -0.443169 -3.817328 -1.455339 0.590712 0.491037 0.966223 124.654551 12.948229 97.202409
-0.070906 -3.527440 -0.870345 -0.070906 -3.527440 -0.870345 0.642496 0.463479 0.963361 47.958614 -104.807450 -106.741870
0.318140 -3.273573 -0.321812 0.318140 -3.273573 -0.321812 0.645852 0.373819 0.847968 -36.769947 -194.061033 -277.900884
0.692290 -3.086191 0.130369 0.692290 -3.086191 0.130369 0.590076 0.247491 0.648336 -149.150656 -227.031032 -387.539995
1.012679 -2.978107 0.446397 1.012679 -2.978107 0.446397 0.466541 0.113549 0.399730 -262.633885 -219.443759 -441.148156
1.240439 -2.947302 0.605686 1.240439 -2.947302 0.605686 0.284508 -0.007238 0.129330 -344.141251 -183.178399 -460.183643
1.345444 -2.979577 0.603880 1.345444 -2.979577 0.603880 0.059249 -0.091946 -0.129634 -406.720579 -99.181204 -403.028504
1.307414 -3.046562 0.459394 1.307414 -3.046562 0.459394 -0.186629 -0.121283 -0.342251 -412.875643 1.390144 -305.695259
1.123548 -3.112715 0.205875 1.123548 -3.112715 0.205875 -0.422210 -0.088613 -0.491388 -372.394457 107.509767 -191.430478
0.809572 -3.141263 -0.116664 0.809572 -3.141263 -0.116664 -0.613738 0.002235 -0.572486 -266.031950 195.315740 -78.893149
0.403464 -3.100819 -0.467817 0.403464 -3.100819 -0.467817 -0.723255 0.139155 -0.587128 -99.023104 261.084580 30.084862
-0.037594 -2.969545 -0.809740 -0.037594 -2.969545 -0.809740 -0.729074 0.299732 -0.544384 79.625229 274.174260 112.394306
-0.448879 -2.742975 -1.113441 -0.448879 -2.742975 -1.113441 -0.622165 0.451136 -0.463452 276.737601 230.506411 157.379736
-0.760517 -2.434597 -1.362654 -0.760517 -2.434597 -1.362654 -0.396878 0.570464 -0.366377 474.219744 167.250300 166.202863
-0.904528 -2.068858 -1.554448 -0.904528 -2.068858 -1.554448 -0.068567 0.637593 -0.276074 620.152424 56.514075 134.806955
-0.827653 -1.684409 -1.699299 -0.827653 -1.684409 -1.699299 0.335464 0.630104 -0.212548 726.615063 -81.475798 76.948834
-0.493470 -1.327391 -1.815324 -0.493470 -1.327391 -1.815324 0.782000 0.549326 -0.178115 761.839583 -187.784998 37.826630
0.112861 -1.031597 -1.915384 0.112861 -1.031597 -1.915384 1.239104 0.436655 -0.155419 761.839583 -187.784998 37.826630
