7.536199 3.572839 -6.897140 7.536199 3.572839 -6.897140 0.067174 -0.354808 -0.024067 579.885891 222.912500 287.710625
7.680883 3.400079 -6.859792 7.680883 3.400079 -6.859792 0.415106 -0.221060 0.148559 579.885891 222.912500 287.710625
8.035542 3.311872 -6.712365 8.035542 3.311872 -6.712365 0.769119 -0.065790 0.353704 600.158360 294.655622 396.103119
8.603181 3.327627 -6.420372 8.603181 3.327627 -6.420372 1.119907 0.121958 0.633726 569.133704 331.169179 537.306120
9.371162 3.459922 -5.938761 9.371162 3.459922 -5.938761 1.429354 0.318213 0.979410 462.356573 323.016176 614.973643
10.301477 3.704080 -5.239610 10.301477 3.704080 -5.239610 1.654159 0.487454 1.352443 286.993849 241.117663 628.468898
11.335932 4.032712 -4.318806 11.335932 4.032712 -4.318806 1.777862 0.595920 1.710592 125.350319 120.437018 565.361337
12.413841 4.403439 -3.199393 12.413841 4.403439 -3.199393 1.796215 0.625664 2.006276 -64.173054 -21.290903 420.250508
13.471577 4.766374 -1.928717 13.471577 4.766374 -1.928717 1.715503 0.569735 2.214752 -204.866534 -165.138328 274.672169
14.464003 5.078490 -0.550424 14.464003 5.078490 -0.550424 1.592583 0.470652 2.379556 -204.866534 -165.138328 274.672169
