9.587026 4.373010 -8.073331 9.587026 4.373010 -8.073331 1.067297 -0.354960 -0.595773 -137.530533 90.010255 754.103461
10.202648 4.176235 -8.295057 10.202648 4.176235 -8.295057 0.984779 -0.300954 -0.143311 -137.530533 90.010255 754.103461
10.769710 4.019033 -8.247887 10.769710 4.019033 -8.247887 0.907008 -0.211105 0.296238 -121.707739 209.485521 711.060570
11.294974 3.937198 -7.948300 11.294974 3.937198 -7.948300 0.848819 -0.049813 0.692141 -72.253673 328.156037 608.617518
11.794894 3.971303 -7.434395 11.794894 3.971303 -7.434395 0.823639 0.171702 1.002657 -11.681274 410.227729 426.433935
12.289872 4.150045 -6.768347 12.289872 4.150045 -6.768347 0.831115 0.427241 1.196995 36.602728 441.566526 221.360946
12.797964 4.482800 -6.023742 12.797964 4.482800 -6.023742 0.867249 0.676822 1.262629 83.844352 390.372540 -2.580753
13.334383 4.953576 -5.278122 13.334383 4.953576 -5.278122 0.922444 0.883124 1.203616 100.137288 297.299707 -194.131685
13.905285 5.529563 -4.600545 13.905285 5.529563 -4.600545 0.979581 1.024499 1.038892 90.319329 173.949162 -354.947190
14.505700 6.165171 -4.047528 14.505700 6.165171 -4.047528 1.015817 1.076855 0.793787 30.467550 0.571846 -462.069659
15.114323 6.799501 -3.656952 15.114323 6.799501 -3.656952 1.002344 1.017771 0.503923 -75.377137 -197.517520 -504.144447
15.694932 7.364774 -3.444338 15.694932 7.364774 -3.444338 0.920970 0.850076 0.206471 -195.869744 -361.466048 -487.362210
16.204976 7.802418 -3.403841 16.204976 7.802418 -3.403841 0.767041 0.596509 -0.064250 -317.226893 -483.757752 -415.041518
16.602115 8.067864 -3.509889 16.602115 8.067864 -3.509889 0.546780 0.279337 -0.277226 -416.975390 -573.481126 -294.876917
16.849404 8.130549 -3.721815 16.849404 8.130549 -3.721815 0.267980 -0.073206 -0.416711 -512.359184 -601.663534 -170.073471
16.916117 7.982095 -3.993737 16.916117 7.982095 -3.993737 -0.048688 -0.415361 -0.475167 -543.200061 -538.853159 -24.777938
16.790219 7.642661 -4.276337 16.790219 7.642661 -4.276337 -0.369152 -0.704790 -0.455235 -525.012940 -425.911019 91.215222
16.479961 7.152094 -4.528241 16.479961 7.152094 -4.528241 -0.655485 -0.915481 -0.376414 -429.430009 -276.392021 171.521363
16.016630 6.564038 -4.720100 16.016630 6.564038 -4.720100 -0.876857 -1.026402 -0.257922 -308.476165 -93.344584 223.453746
15.446270 5.942938 -4.833597 15.446270 5.942938 -4.833597 -1.005542 -1.024692 -0.118679 -120.474156 99.046389 240.689569
14.833413 5.356594 -4.863402 14.833413 5.356594 -4.863402 -1.017058 -0.912050 0.016126 82.085031 276.424496 208.658697
14.250991 4.867664 -4.819951 14.250991 4.867664 -4.819951 -0.902618 -0.703478 0.122408 299.384482 418.817074 145.616076
13.774452 4.525511 -4.723625 13.774452 4.525511 -4.723625 -0.667279 -0.429452 0.193130 485.078168 494.603394 90.122769
13.468759 4.357937 -4.595554 13.468759 4.357937 -4.595554 -0.339429 -0.127348 0.227057 607.754713 512.408440 22.969245
13.379782 4.370952 -4.457065 13.379782 4.370952 -4.457065 0.051648 0.166050 0.231440 695.836594 465.584843 -8.359057
13.535774 4.548297 -4.320446 13.535774 4.548297 -4.320446 0.467910 0.414950 0.222722 691.702315 364.080746 -20.703874
13.936823 4.854762 -4.189399 13.936823 4.854762 -4.189399 0.861912 0.593199 0.216001 621.637332 230.083688 -1.697637
14.557773 5.241652 -4.057171 14.557773 5.241652 -4.057171 1.194436 0.679030 0.229649 486.774395 56.019385 47.192317
15.349047 5.650190 -3.905400 15.349047 5.650190 -3.905400 1.421470 0.667823 0.285399 270.008146 -93.373767 138.637848
16.236572 6.026203 -3.703190 16.236572 6.026203 -3.703190 1.513680 0.572432 0.398663 37.357749 -224.597466 238.908882
17.138509 6.322286 -3.415693 17.138509 6.322286 -3.415693 1.471116 0.402929 0.568483 -179.238194 -340.411546 327.160614
17.975961 6.500046 -3.012423 17.975961 6.500046 -3.012423 1.298801 0.185062 0.781235 -395.146077 -385.813231 382.012166
18.673652 6.542084 -2.472646 18.673652 6.542084 -2.472646 1.009399 -0.044186 1.021815 -569.526069 -378.347872 419.919824
19.170107 6.450992 -1.784683 19.170107 6.450992 -1.784683 0.634332 -0.253583 1.270205 -680.696815 -319.639717 408.046477
19.426674 6.246723 -0.952985 19.426674 6.246723 -0.952985 0.218380 -0.418287 1.495667 -705.811060 -229.374645 343.494008
19.432519 5.961652 -0.001483 19.432519 5.961652 -0.001483 -0.195790 -0.519970 1.663132 -674.754571 -109.568891 214.724251
19.199611 5.636986 1.025611 19.199611 5.636986 1.025611 -0.570535 -0.550519 1.744784 -574.394879 7.737390 57.448655
18.764249 5.314688 2.072478 18.764249 5.314688 2.072478 -0.863420 -0.512775 1.727535 -401.888661 118.078889 -114.946659
18.185095 5.032685 3.076599 18.185095 5.032685 3.076599 -1.048363 -0.419887 1.600020 -214.587680 191.545146 -310.103651
17.528663 4.816822 3.971773 17.528663 4.816822 3.971773 -1.121057 -0.297004 1.368862 -27.727106 218.064673 -460.421901
16.861984 4.677604 4.703201 16.861984 4.677604 4.703201 -1.082963 -0.167499 1.057539 154.709125 213.618697 -577.321841
16.248345 4.612486 5.229403 16.248345 4.612486 5.229403 -0.948687 -0.054676 0.689130 292.876444 162.458414 -650.709429
15.738281 4.602744 5.527413 15.738281 4.602744 5.527413 -0.740807 0.011904 0.307007 400.056151 59.476866 -623.032835
15.368165 4.615794 5.603856 15.368165 4.615794 5.603856 -0.488981 0.023601 -0.044890 439.362935 -20.488778 -549.956250
15.153862 4.626267 5.477930 15.153862 4.626267 5.477930 -0.225364 0.011307 -0.374864 439.362935 -20.488778 -549.956250
